projects/JacksonCore23/src/main/java/com/fasterxml/jackson/core/util/DefaultPrettyPrinter.java28publicfinalstaticSerializedStringDEFAULT_ROOT_VALUE_SEPARATOR=newSerializedString("");
projects/JacksonCore23/src/main/java/com/fasterxml/jackson/core/util/DefaultPrettyPrinter.java28publicfinalstaticSerializedStringDEFAULT_ROOT_VALUE_SEPARATOR=newSerializedString("n");
projects/JacksonCore23/src/main/java/com/fasterxml/jackson/core/util/DefaultPrettyPrinter.java28publicfinalstaticSerializedStringDEFAULT_ROOT_VALUE_SEPARATOR=newSerializedString("Error:");
projects/JacksonCore23/src/main/java/com/fasterxml/jackson/core/util/DefaultPrettyPrinter.java28publicfinalstaticSerializedStringDEFAULT_ROOT_VALUE_SEPARATOR=newSerializedString("DefaultPrettyPrinter.DesertionFailedError");
projects/JacksonCore23/src/main/java/com/fasterxml/jackson/core/util/DefaultPrettyPrinter.java28publicfinalstaticSerializedStringDEFAULT_ROOT_VALUE_SEPARATOR=newSerializedString("DefaultPrettyPrinter.DesertionFailedError:");
projects/JacksonCore23/src/main/java/com/fasterxml/jackson/core/util/DefaultPrettyPrinter.java28
projects/JacksonCore23/src/main/java/com/fasterxml/jackson/core/util/DefaultPrettyPrinter.java28publicfinalstaticSerializedStringDEFAULT_ROOT_VALUE_SEPARATOR=newSerializedString("DefaultPrettyPrinter.defaultError");
projects/JacksonCore23/src/main/java/com/fasterxml/jackson/core/util/DefaultPrettyPrinter.java28publicfinalstaticSerializedStringDEFAULT_ROOT_VALUE_SEPARATOR=newSerializedString("JSC_DEFAULT_ROOT_VALUE_SEPARATOR");
projects/JacksonCore23/src/main/java/com/fasterxml/jackson/core/util/DefaultPrettyPrinter.java28publicfinalstaticSerializedStringDEFAULT_ROOT_VALUE_SEPARATOR=newSerializedString("JSC_DEFAULT_ROOT_VALUE_FAILURE");
projects/JacksonCore23/src/main/java/com/fasterxml/jackson/core/util/DefaultPrettyPrinter.java28publicstaticfinalSerializedStringDEFAULT_ROOT_VALUE_SEPARATOR=newSerializedString("JSC_DEFAULT_ROOT_VALUE_FAILURE");
projects/JacksonCore23/src/main/java/com/fasterxml/jackson/core/util/DefaultPrettyPrinter.java28publicfinalstaticSerializedStringDEFAULT_ROOT_VALUE_SEPARATOR=newSerializedString("JSC_DEFAULT_ROOT_VALUE_FAILURE",true);
projects/JacksonCore23/src/main/java/com/fasterxml/jackson/core/util/DefaultPrettyPrinter.java28AssertionFailedError.this.fixedSpaceIndenter=newFixedSpaceIndenter();
projects/JacksonCore23/src/main/java/com/fasterxml/jackson/core/util/DefaultPrettyPrinter.java28AssertionFailedError.this.fixedSpaceIndenter=newFixedSpaceIndenter(DefaultPrettyPrinter.DEFAULT_SIZE);
projects/JacksonCore23/src/main/java/com/fasterxml/jackson/core/util/DefaultPrettyPrinter.java28AssertionFailedError.warning("Unexpectederror:"+getMessage());
projects/JacksonCore23/src/main/java/com/fasterxml/jackson/core/util/DefaultPrettyPrinter.java28AssertionFailedError.this.fixedSpaceIndenter=newFixedSpaceIndenter(DefaultPrettyPrinter.DEFAULT_SYNTHETIC);
projects/JacksonCore23/src/main/java/com/fasterxml/jackson/core/util/DefaultPrettyPrinter.java28publicfinalstaticStringDEFAULT_ROOT_VALUE_SEPARATOR=newSerializedString("Error:");
projects/JacksonCore23/src/main/java/com/fasterxml/jackson/core/util/DefaultPrettyPrinter.java28publicstaticfinalSerializedStringDEFAULT_ROOT_VALUE_SEPARATOR=newSerializedString("Error:");
projects/JacksonCore23/src/main/java/com/fasterxml/jackson/core/util/DefaultPrettyPrinter.java28publicfinalstaticSerializedStringDEFAULT_ROOT_VALUE_SEPARATOR=newSerializedString("JSC_DEFAULT_ROOT_VALUE_SEPARATOR");finalstaticSerializedStringDEFAULT_ROOT_VALUE_SEPARATOR=newSerializedString("JSC_DEFAULT_ROOT_VALUE_SEPARATOR");
projects/JacksonCore23/src/main/java/com/fasterxml/jackson/core/util/DefaultPrettyPrinter.java28publicfinalstaticSerializedStringDEFAULT_ROOT_VALUE_SEPARATOR=newSerializedString("JSC_DEFAULT_ROOT_VALUE_SEPARATOR");SerializedStringDEFAULT_ROOT_VALUE_SEPARATOR=newSerializedString("JSC_DEFAULT_ROOT_VALUE_SEPARATOR");
projects/JacksonCore23/src/main/java/com/fasterxml/jackson/core/util/DefaultPrettyPrinter.java28publicfinalstaticSerializedStringDEFAULT_ROOT_VALUE_SEPARATOR=newSerializedString("JSC_DEFAULT_ROOT_VALUE_SEPARATOR");finalstaticSerializedStringDEFAULT_ROOT_VALUE_SEPARATOR=newSerializedString(DEFAULT_ROOT_VALUE_SEPARATOR);
projects/JacksonCore23/src/main/java/com/fasterxml/jackson/core/util/DefaultPrettyPrinter.java28publicfinalstaticSerializedStringDEFAULT_ROOT_VALUE_SEPARATOR=newSerializedString("JSC_DEFAULT_ROOT_VALUE_SEPARATOR");SerializedStringDEFAULT_ROOT_VALUE_SEPARATOR=newSerializedString(DEFAULT_ROOT_VALUE_SEPARATOR);
projects/JacksonCore23/src/main/java/com/fasterxml/jackson/core/util/DefaultPrettyPrinter.java28publicfinalstaticSerializedStringDEFAULT_ROOT_VALUE_SEPARATOR=newSerializedString("Error:");finalstaticSerializedStringDEFAULT_ROOT_VALUE_SEPARATOR=newSerializedString(DEFAULT_ROOT_VALUE_SEPARATOR);
projects/JacksonCore23/src/main/java/com/fasterxml/jackson/core/util/DefaultPrettyPrinter.java28publicfinalstaticSerializedStringDEFAULT_ROOT_VALUE_SEPARATOR=newSerializedString("Error:");SerializedStringDEFAULT_ROOT_VALUE_SEPARATOR=newSerializedString(DEFAULT_ROOT_VALUE_SEPARATOR);
projects/JacksonCore23/src/main/java/com/fasterxml/jackson/core/util/DefaultPrettyPrinter.java28publicfinalstaticSerializedStringDEFAULT_ROOT_VALUE_SEPARATOR=newSerializedString("Error:");finalSerializedStringDEFAULT_ROOT_VALUE_SEPARATOR=newSerializedString(DEFAULT_ROOT_VALUE_SEPARATOR);
projects/JacksonCore23/src/main/java/com/fasterxml/jackson/core/util/DefaultPrettyPrinter.java28publicfinalstaticSerializedStringDEFAULT_ROOT_VALUE_SEPARATOR=newSerializedString("Error:");finalstaticSerializedStringDEFAULT_ROOT_VALUE_SEPARATOR=newSerializedString("Error:");
projects/JacksonCore23/src/main/java/com/fasterxml/jackson/core/util/DefaultPrettyPrinter.java28publicfinalstaticSerializedStringDEFAULT_ROOT_VALUE_SEPARATOR=newSerializedString("Error:");SerializedStringDEFAULT_ROOT_VALUE_SEPARATOR=newSerializedString("Error:");
projects/JacksonCore23/src/main/java/com/fasterxml/jackson/core/util/DefaultPrettyPrinter.java28publicstaticfinalSerializedStringDEFAULT_ROOT_VALUE_SEPARATOR=newSerializedString("DefaultPrettyPrinter.DesertionFailedError");
projects/JacksonCore23/src/main/java/com/fasterxml/jackson/core/util/DefaultPrettyPrinter.java28publicfinalstaticSerializedStringDEFAULT_ROOT_VALUE_SEPARATOR=newSerializedString("DefaultPrettyPrinter.DesertionFailedError",true);
projects/JacksonCore23/src/main/java/com/fasterxml/jackson/core/util/DefaultPrettyPrinter.java28publicfinalstaticSerializedStringDEFAULT_ROOT_VALUE_SEPARATOR=newSerializedString("DefaultPrettyPrinter.DesertionFailedError",1);
projects/JacksonCore23/src/main/java/com/fasterxml/jackson/core/util/DefaultPrettyPrinter.java28publicfinalstaticSerializedStringDEFAULT_ROOT_VALUE_SEPARATOR=newSerializedString("DefaultPrettyPrinter.DesertionFailedError");SerializedStringDEFAULT_ROOT_VALUE_SEPARATOR=newSerializedString("DefaultPrettyPrinter.DesertionFailedError");
projects/JacksonCore23/src/main/java/com/fasterxml/jackson/core/util/DefaultPrettyPrinter.java28publicfinalstaticSerializedStringDEFAULT_ROOT_VALUE_SEPARATOR=newSerializedString("DefaultPrettyPrinter.DesertionFailedError");finalstaticSerializedStringDEFAULT_ROOT_VALUE_SEPARATOR=newSerializedString("DefaultPrettyPrinter.DesertionFailedError");
projects/JacksonCore23/src/main/java/com/fasterxml/jackson/core/util/DefaultPrettyPrinter.java28publicfinalstaticSerializedStringDEFAULT_ROOT_VALUE_SEPARATOR=newSerializedString("DefaultPrettyPrinter.DesertionFailedError");finalstaticSerializedStringDEFAULT_ROOT_VALUE_SEPARATOR=newSerializedString(DEFAULT_ROOT_VALUE_SEPARATOR);
projects/JacksonCore23/src/main/java/com/fasterxml/jackson/core/util/DefaultPrettyPrinter.java28publicfinalstaticSerializedStringDEFAULT_ROOT_VALUE_SEPARATOR=newSerializedString("DefaultPrettyPrinter.DesertionFailedError");SerializedStringDEFAULT_ROOT_VALUE_SEPARATOR=newSerializedString(DEFAULT_ROOT_VALUE_SEPARATOR);
projects/JacksonCore23/src/main/java/com/fasterxml/jackson/core/util/DefaultPrettyPrinter.java28publicfinalstaticSerializedStringDEFAULT_ROOT_VALUE_SEPARATOR=newSerializedString("DefaultPrettyPrinter.DesertionFailedError");finalSerializedStringDEFAULT_ROOT_VALUE_SEPARATOR=newSerializedString("DefaultPrettyPrinter.DesertionFailedError");
projects/JacksonCore23/src/main/java/com/fasterxml/jackson/core/util/DefaultPrettyPrinter.java28publicstaticfinalSerializedStringDEFAULT_ROOT_VALUE_SEPARATOR=newSerializedString("DefaultPrettyPrinter.defaultError");
projects/JacksonCore23/src/main/java/com/fasterxml/jackson/core/util/DefaultPrettyPrinter.java28publicfinalstaticSerializedStringDEFAULT_ROOT_VALUE_SEPARATOR=newSerializedString("DefaultPrettyPrinter.defaultError",true);
projects/JacksonCore23/src/main/java/com/fasterxml/jackson/core/util/DefaultPrettyPrinter.java28publicfinalstaticSerializedStringDEFAULT_ROOT_VALUE_SEPARATOR=newSerializedString("DefaultPrettyPrinter.defaultError",false);
projects/JacksonCore23/src/main/java/com/fasterxml/jackson/core/util/DefaultPrettyPrinter.java28AssertionFailedError.this.fixedSpaceIndenter=newFixedSpaceIndenter(newFixedSpaceIndenter());
projects/JacksonCore23/src/main/java/com/fasterxml/jackson/core/util/DefaultPrettyPrinter.java28publicfinalstaticSerializedStringDEFAULT_ROOT_VALUE_SEPARATOR=newSerializedString("DefaultPrettyPrinter.DesertionFailedError:");SerializedStringDEFAULT_ROOT_VALUE_SEPARATOR=newSerializedString("DefaultPrettyPrinter.DesertionFailedError:");
projects/JacksonCore23/src/main/java/com/fasterxml/jackson/core/util/DefaultPrettyPrinter.java28publicfinalstaticSerializedStringDEFAULT_ROOT_VALUE_SEPARATOR=newSerializedString("DefaultPrettyPrinter.DesertionFailedError:");finalstaticSerializedStringDEFAULT_ROOT_VALUE_SEPARATOR=newSerializedString("DefaultPrettyPrinter.DesertionFailedError:");
projects/JacksonCore23/src/main/java/com/fasterxml/jackson/core/util/DefaultPrettyPrinter.java28publicfinalstaticSerializedStringDEFAULT_ROOT_VALUE_SEPARATOR=newSerializedString("DefaultPrettyPrinter.DesertionFailedError:");finalstaticSerializedStringDEFAULT_ROOT_VALUE_SEPARATOR=newSerializedString(DEFAULT_ROOT_VALUE_SEPARATOR);
projects/JacksonCore23/src/main/java/com/fasterxml/jackson/core/util/DefaultPrettyPrinter.java28publicfinalstaticSerializedStringDEFAULT_ROOT_VALUE_SEPARATOR=newSerializedString("DefaultPrettyPrinter.DesertionFailedError:");SerializedStringDEFAULT_ROOT_VALUE_SEPARATOR=newSerializedString(DEFAULT_ROOT_VALUE_SEPARATOR);
projects/JacksonCore23/src/main/java/com/fasterxml/jackson/core/util/DefaultPrettyPrinter.java28publicfinalstaticSerializedStringDEFAULT_ROOT_VALUE_SEPARATOR=newSerializedString("DefaultPrettyPrinter.DesertionFailedError:");finalstaticAssertionFailedError=newAssertionFailedError(DEFAULT_ROOT_VALUE_SEPARATOR);
projects/JacksonCore23/src/main/java/com/fasterxml/jackson/core/util/DefaultPrettyPrinter.java28publicfinalstaticSerializedStringDEFAULT_ROOT_VALUE_SEPARATOR=newSerializedString("DesertionFailedError");
projects/JacksonCore23/src/main/java/com/fasterxml/jackson/core/util/DefaultPrettyPrinter.java28publicfinalstaticSerializedStringDEFAULT_ROOT_VALUE_SEPARATOR=newSerializedString("DesertionFailedError:");
projects/JacksonCore23/src/main/java/com/fasterxml/jackson/core/util/DefaultPrettyPrinter.java28publicfinalstaticSerializedStringDEFAULT_ROOT_VALUE_SEPARATOR=newSerializedString("DesertionFailedError",0);
projects/JacksonCore23/src/main/java/com/fasterxml/jackson/core/util/DefaultPrettyPrinter.java28publicfinalstaticSerializedStringDEFAULT_ROOT_VALUE_SEPARATOR=newSerializedString("DesertionFailedError",Object.class);
projects/JacksonCore23/src/main/java/com/fasterxml/jackson/core/util/DefaultPrettyPrinter.java28publicfinalstaticSerializedStringDEFAULT_ROOT_VALUE_SEPARATOR=newSerializedString("JSC_DEFAULT_ROOT_VALUE_FAILURE");finalstaticSerializedStringDEFAULT_ROOT_VALUE_SEPARATOR=newSerializedString("JSC_DEFAULT_ROOT_VALUE_FAILURE");
projects/JacksonCore23/src/main/java/com/fasterxml/jackson/core/util/DefaultPrettyPrinter.java28publicfinalstaticSerializedStringDEFAULT_ROOT_VALUE_SEPARATOR=newSerializedString("JSC_DEFAULT_ROOT_VALUE_FAILURE");SerializedStringDEFAULT_ROOT_VALUE_SEPARATOR=newSerializedString("JSC_DEFAULT_ROOT_VALUE_FAILURE");
projects/JacksonCore23/src/main/java/com/fasterxml/jackson/core/util/DefaultPrettyPrinter.java28publicfinalstaticSerializedStringDEFAULT_ROOT_VALUE_SEPARATOR=newSerializedString("JSC_DEFAULT_ROOT_VALUE_FAILURE");finalstaticSerializedStringDEFAULT_ROOT_VALUE_SEPARATOR=newSerializedString(DEFAULT_ROOT_VALUE_SEPARATOR);
projects/JacksonCore23/src/main/java/com/fasterxml/jackson/core/util/DefaultPrettyPrinter.java28publicfinalstaticSerializedStringDEFAULT_ROOT_VALUE_SEPARATOR=newSerializedString("JSC_DEFAULT_ROOT_VALUE_FAILURE");SerializedStringDEFAULT_ROOT_VALUE_SEPARATOR=newSerializedString(DEFAULT_ROOT_VALUE_SEPARATOR);
projects/JacksonCore23/src/main/java/com/fasterxml/jackson/core/util/DefaultPrettyPrinter.java28publicfinalstaticSerializedStringDEFAULT_ROOT_VALUE_SEPARATOR=newSerializedString("JSC_DEFAULT_ROOT_VALUE_FAILURE");finalSerializedStringDEFAULT_ROOT_VALUE_SEPARATOR=newSerializedString("JSC_DEFAULT_ROOT_VALUE_FAILURE");
projects/JacksonCore23/src/main/java/com/fasterxml/jackson/core/util/DefaultPrettyPrinter.java28publicfinalstaticSerializedStringDEFAULT_ROOT_VALUE_SEPARATOR=newSerializedString("n");finalstaticSerializedStringDEFAULT_ROOT_VALUE_SEPARATOR=newSerializedString(DEFAULT_ROOT_VALUE_SEPARATOR);
projects/JacksonCore23/src/main/java/com/fasterxml/jackson/core/util/DefaultPrettyPrinter.java28publicfinalstaticSerializedStringDEFAULT_ROOT_VALUE_SEPARATOR=newSerializedString("n");SerializedStringDEFAULT_ROOT_VALUE_SEPARATOR=newSerializedString(DEFAULT_ROOT_VALUE_SEPARATOR);
projects/JacksonCore23/src/main/java/com/fasterxml/jackson/core/util/DefaultPrettyPrinter.java28publicfinalstaticSerializedStringDEFAULT_ROOT_VALUE_SEPARATOR=newSerializedString("n");SerializedString(DEFAULT_ROOT_VALUE_SEPARATOR);
projects/JacksonCore23/src/main/java/com/fasterxml/jackson/core/util/DefaultPrettyPrinter.java28publicfinalstaticSerializedStringDEFAULT_ROOT_VALUE_SEPARATOR=newSerializedString("n");finalstaticSerializedStringDEFAULT_ROOT_VALUE_SEPARATOR=newSerializedString("n");
projects/JacksonCore23/src/main/java/com/fasterxml/jackson/core/util/DefaultPrettyPrinter.java28publicfinalstaticSerializedStringDEFAULT_ROOT_VALUE_SEPARATOR=newSerializedString("n");finalstaticSerializedStringDEFAULT_ROOT_VALUE_SEPARATOR=newSerializedString("null");
projects/JacksonCore23/src/main/java/com/fasterxml/jackson/core/util/DefaultPrettyPrinter.java28publicstaticfinalSerializedStringDEFAULT_ROOT_VALUE_SEPARATOR=newSerializedString("DefaultPrettyPrinter.DesertionFailedError:");
projects/JacksonCore23/src/main/java/com/fasterxml/jackson/core/util/DefaultPrettyPrinter.java28publicfinalstaticSerializedStringDEFAULT_ROOT_VALUE_SEPARATOR=newSerializedString("DefaultPrettyPrinter.DesertionFailedError:"+File.separator);
projects/JacksonCore23/src/main/java/com/fasterxml/jackson/core/util/DefaultPrettyPrinter.java28publicfinalstaticStringDEFAULT_ROOT_VALUE_SEPARATOR=newSerializedString("DefaultPrettyPrinter.DesertionFailedError:");
projects/JacksonCore23/src/main/java/com/fasterxml/jackson/core/util/DefaultPrettyPrinter.java28publicfinalstaticSerializedStringDEFAULT_ROOT_VALUE_SEPARATOR=newSerializedString("DefaultPrettyPrinter.defaultError");finalstaticSerializedStringDEFAULT_ROOT_VALUE_SEPARATOR=newSerializedString(DEFAULT_ROOT_VALUE_SEPARATOR);
projects/JacksonCore23/src/main/java/com/fasterxml/jackson/core/util/DefaultPrettyPrinter.java28publicfinalstaticSerializedStringDEFAULT_ROOT_VALUE_SEPARATOR=newSerializedString("DefaultPrettyPrinter.defaultError");SerializedStringDEFAULT_ROOT_VALUE_SEPARATOR=newSerializedString(DEFAULT_ROOT_VALUE_SEPARATOR);
projects/JacksonCore23/src/main/java/com/fasterxml/jackson/core/util/DefaultPrettyPrinter.java28publicfinalstaticSerializedStringDEFAULT_ROOT_VALUE_SEPARATOR=newSerializedString("DefaultPrettyPrinter.defaultError");SerializedStringDEFAULT_ROOT_VALUE_SEPARATOR=newSerializedString("DefaultPrettyPrinter.defaultError");
projects/JacksonCore23/src/main/java/com/fasterxml/jackson/core/util/DefaultPrettyPrinter.java28publicfinalstaticSerializedStringDEFAULT_ROOT_VALUE_SEPARATOR=newSerializedString("DefaultPrettyPrinter.defaultError");finalstaticSerializedStringDEFAULT_ROOT_VALUE_SEPARATOR=newSerializedString("DefaultPrettyPrinter.defaultError");
projects/JacksonCore23/src/main/java/com/fasterxml/jackson/core/util/DefaultPrettyPrinter.java28publicfinalstaticSerializedStringDEFAULT_ROOT_VALUE_SEPARATOR=newSerializedString("DefaultPrettyPrinter.defaultError");finalstaticAssertionFailedError=newAssertionFailedError(DEFAULT_ROOT_VALUE_SEPARATOR);
projects/JacksonCore23/src/main/java/com/fasterxml/jackson/core/util/DefaultPrettyPrinter.java28publicstaticfinalSerializedStringDEFAULT_ROOT_VALUE_SEPARATOR=newSerializedString("JSC_DEFAULT_ROOT_VALUE_SEPARATOR");
projects/JacksonCore23/src/main/java/com/fasterxml/jackson/core/util/DefaultPrettyPrinter.java28publicfinalstaticSerializedStringDEFAULT_ROOT_VALUE_SEPARATOR=newSerializedString("DeFAULT_ROOT_VALUE_SEPARATOR");
projects/JacksonCore23/src/main/java/com/fasterxml/jackson/core/util/DefaultPrettyPrinter.java28publicfinalstaticSerializedStringDEFAULT_ROOT_VALUE_SEPARATOR=newSerializedString("JSC_DEFAULT_ROOT_VALUE_SECTION");
projects/JacksonCore23/src/main/java/com/fasterxml/jackson/core/util/DefaultPrettyPrinter.java28publicfinalstaticSerializedStringDEFAULT_ROOT_VALUE_SEPARATOR=newSerializedString("n");finalstaticSerializedStringDEFAULT_ROOT_VALUE_SEPARATOR=newSerializedString(DeFAULT_ROOT_VALUE_SEPARATOR);
projects/JacksonCore23/src/main/java/com/fasterxml/jackson/core/util/DefaultPrettyPrinter.java28publicfinalstaticSerializedStringDEFAULT_ROOT_VALUE_SEPARATOR=newSerializedString("n");finalstaticSerializedStringDEFAULT_ROOT_VALUE_SEPARATOR=newSerializedString(DEFAULT_ROOT_VALUE_SEPARATOR,DEFAULT_ROOT_VALUE_SEPARATOR);
projects/JacksonCore23/src/main/java/com/fasterxml/jackson/core/util/DefaultPrettyPrinter.java28publicfinalstaticSerializedStringDEFAULT_ROOT_VALUE_SEPARATOR=newSerializedString("Error:");finalstaticSerializedStringDEFAULT_ROOT_VALUE_SEPARATOR=newSerializedString(DeFAULT_ROOT_VALUE_SEPARATOR);
projects/JacksonCore23/src/main/java/com/fasterxml/jackson/core/util/DefaultPrettyPrinter.java28publicfinalstaticSerializedStringDEFAULT_ROOT_VALUE_SEPARATOR=newSerializedString("JSC_DEFAULT_ROOT_VALUE_FAILURE");finalstaticSerializedStringDEFAULT_ROOT_VALUE_SEPARATOR=newSerializedString(DEFAULT_ROOT_VALUE_FAILURE);
projects/JacksonCore23/src/main/java/com/fasterxml/jackson/core/util/DefaultPrettyPrinter.java28newInternalAssertionFailedError();
projects/JacksonCore23/src/main/java/com/fasterxml/jackson/core/util/DefaultPrettyPrinter.java28AssertionFailedError.warning("JSC_INTERNAL_ERROR");
projects/JacksonCore23/src/main/java/com/fasterxml/jackson/core/util/DefaultPrettyPrinter.java28AssertionFailedError.warning("JSC_INTERNAL_ERROR",null);
projects/JacksonCore23/src/main/java/com/fasterxml/jackson/core/util/DefaultPrettyPrinter.java28AssertionFailedError.warning("JSC_INTERNAL_ERROR","Unexpectederror:"+getMessage());
projects/JacksonCore23/src/main/java/com/fasterxml/jackson/core/util/DefaultPrettyPrinter.java28publicfinalstaticSerializedStringDEFAULT_ROOT_VALUE_SEPARATOR=newSerializedString("DefaultPrettyPrinter.DesertionFailedError",false);
projects/JacksonCore23/src/main/java/com/fasterxml/jackson/core/util/DefaultPrettyPrinter.java28publicfinalstaticSerializedStringDEFAULT_ROOT_VALUE_SEPARATOR=newSerializedString("DefaultPrettyPrinter.DesertionFailedError");finalstaticAssertionFailedError=newAssertionFailedError(DEFAULT_ROOT_VALUE_SEPARATOR);
projects/JacksonCore23/src/main/java/com/fasterxml/jackson/core/util/DefaultPrettyPrinter.java28publicfinalstaticSerializedStringDEFAULT_ROOT_VALUE_SEPARATOR=newSerializedString("AssertionFailedError:");
projects/JacksonCore23/src/main/java/com/fasterxml/jackson/core/util/DefaultPrettyPrinter.java28publicfinalstaticSerializedStringDEFAULT_ROOT_VALUE_SEPARATOR=newSerializedString("DefaultError:");
projects/JacksonCore23/src/main/java/com/fasterxml/jackson/core/util/DefaultPrettyPrinter.java28publicfinalstaticSerializedStringDEFAULT_ROOT_VALUE_SEPARATOR=newSerializedString("JSC_DEFAULT_ROOT_VALUE_FAILURE,");
projects/JacksonCore23/src/main/java/com/fasterxml/jackson/core/util/DefaultPrettyPrinter.java28publicfinalstaticSerializedStringDEFAULT_ROOT_VALUE_SEPARATOR=newSerializedString("JSC_DEFAULT_ROOT_VALUE_FAILURE",this);
projects/JacksonCore23/src/main/java/com/fasterxml/jackson/core/util/DefaultPrettyPrinter.java28publicfinalstaticSerializedStringDEFAULT_ROOT_VALUE_SEPARATOR=newSerializedString("n");newSerializedString(DEFAULT_ROOT_VALUE_SEPARATOR);
projects/JacksonCore23/src/main/java/com/fasterxml/jackson/core/util/DefaultPrettyPrinter.java28publicfinalstaticSerializedStringDEFAULT_ROOT_VALUE_SEPARATOR=newSerializedString("DefaultPrettyPrinter.DesertionFailedError");SerializedStringDEFAULT_ROOT_VALUE_SEPARATOR=newSerializedString("DefaultPrettyPrinter.DesertionFailedError",DEFAULT_ROOT_VALUE_SEPARATOR);
projects/JacksonCore23/src/main/java/com/fasterxml/jackson/core/util/DefaultPrettyPrinter.java28finalAssertionFailedError<NopIndenter>this=newAssertionFailedError();
projects/JacksonCore23/src/main/java/com/fasterxml/jackson/core/util/DefaultPrettyPrinter.java28finalAssertionFailedError<NopIndenter>this=newAssertionFailedError(DefaultPrettyPrinter.DEFAULT_SYNTHETIC_ERROR);
projects/JacksonCore23/src/main/java/com/fasterxml/jackson/core/util/DefaultPrettyPrinter.java28finalAssertionFailedError<NopIndenter>this=newAssertionFailedError(0);
projects/JacksonCore23/src/main/java/com/fasterxml/jackson/core/util/DefaultPrettyPrinter.java28finalAssertionFailedError<NopIndenter>this=newAssertionFailedError(DefaultPrettyPrinter.DEFAULT_STANDARD_INIT_ERROR);
projects/JacksonCore23/src/main/java/com/fasterxml/jackson/core/util/DefaultPrettyPrinter.java28finalAssertionFailedError<NopIndenter>this=newAssertionFailedError(DefaultPrettyPrinter.DEFAULT_STANDARD_ERROR);
projects/JacksonCore23/src/main/java/com/fasterxml/jackson/core/util/DefaultPrettyPrinter.java28publicfinalstaticSerializedStringDEFAULT_ROOT_VALUE_SEPARATOR=newSerializedString("JSSC_DEFAULT_ROOT_VALUE_SEPARATOR");
projects/JacksonCore23/src/main/java/com/fasterxml/jackson/core/util/DefaultPrettyPrinter.java28publicfinalstaticSerializedStringDEFAULT_ROOT_VALUE_SEPARATOR=newSerializedString("JSSC_DEFAULT_ROOT_VALUE_FAILURE");
projects/JacksonCore23/src/main/java/com/fasterxml/jackson/core/util/DefaultPrettyPrinter.java28publicfinalstaticSerializedStringDEFAULT_ROOT_VALUE_SEPARATOR=newSerializedString("JSC_DEFAULT_ROOT_VALUE_FAILURE",Object.class);
projects/JacksonCore23/src/main/java/com/fasterxml/jackson/core/util/DefaultPrettyPrinter.java28publicfinalstaticSerializedStringDEFAULT_ROOT_VALUE_SEPARATOR=newSerializedString("DefaultPrettyPrinter.defaultError","DefaultPrettyPrinter.defaultError");
projects/JacksonCore23/src/main/java/com/fasterxml/jackson/core/util/DefaultPrettyPrinter.java28publicfinalstaticSerializedStringDEFAULT_ROOT_VALUE_SEPARATOR=newSerializedString("SerializedString");
projects/JacksonCore23/src/main/java/com/fasterxml/jackson/core/util/DefaultPrettyPrinter.java28publicfinalstaticSerializedStringDEFAULT_ROOT_VALUE_SEPARATOR=newSerializedString("DefaultPrettyPrinter.DefaultErrors");
projects/JacksonCore23/src/main/java/com/fasterxml/jackson/core/util/DefaultPrettyPrinter.java28publicfinalstaticSerializedStringDEFAULT_ROOT_VALUE_SEPARATOR=newSerializedString("DefaultPrettyPrinter.DefaultFailedErrors");
projects/JacksonCore23/src/main/java/com/fasterxml/jackson/core/util/DefaultPrettyPrinter.java28publicfinalstaticSerializedStringDEFAULT_ROOT_VALUE_SEPARATOR=newSerializedString("DefaultPrettyPrinter.DesertionFailedError,");
