projects/Math71/src/main/java/org/apache/commons/math/ode/nonstiff/RungeKuttaIntegrator.java186loop=false;
projects/Math71/src/main/java/org/apache/commons/math/ode/nonstiff/RungeKuttaIntegrator.java186loop=true;
projects/Math71/src/main/java/org/apache/commons/math/ode/nonstiff/RungeKuttaIntegrator.java186Looperloop=true;
projects/Math71/src/main/java/org/apache/commons/math/ode/nonstiff/RungeKuttaIntegrator.java186loop="";
projects/Math71/src/main/java/org/apache/commons/math/ode/nonstiff/RungeKuttaIntegrator.java186
projects/Math71/src/main/java/org/apache/commons/math/ode/nonstiff/RungeKuttaIntegrator.java186stepSize=stepSize;
projects/Math71/src/main/java/org/apache/commons/math/ode/nonstiff/RungeKuttaIntegrator.java186if(stepSize==stepSize){loop=false;}else{stepSize=dt;}
projects/Math71/src/main/java/org/apache/commons/math/ode/nonstiff/RungeKuttaIntegrator.java186stepSize=dt.doubleValue();
projects/Math71/src/main/java/org/apache/commons/math/ode/nonstiff/RungeKuttaIntegrator.java186stepSize=dt;
projects/Math71/src/main/java/org/apache/commons/math/ode/nonstiff/RungeKuttaIntegrator.java186t0=stepSize;
projects/Math71/src/main/java/org/apache/commons/math/ode/nonstiff/RungeKuttaIntegrator.java186loop=null;
projects/Math71/src/main/java/org/apache/commons/math/ode/nonstiff/RungeKuttaIntegrator.java186if(stepSize>dt.length){for(inti=0;i<stepSize;i++){StepHandlerhandler=getStepHandler();stepDotK=handler.getStepHandler(stepSize);}
projects/Math71/src/main/java/org/apache/commons/math/ode/nonstiff/RungeKuttaIntegrator.java186if(stepSize>dt.length){for(inti=0;i<stepSize;i++){StepHandlerhandler=getStepHandler();stepDotK=handler.getStepHandler(stepSize,y
projects/Math71/src/main/java/org/apache/commons/math/ode/nonstiff/RungeKuttaIntegrator.java186if(stepSize>dt.length){for(inti=0;i<stepSize;i++){StepHandlerhandler=getStepHandler();stepDotK=handler.getStepHandler(stepSize);step
projects/Math71/src/main/java/org/apache/commons/math/ode/nonstiff/RungeKuttaIntegrator.java186Looploop=true;
projects/Math71/src/main/java/org/apache/commons/math/ode/nonstiff/RungeKuttaIntegrator.java186StepHandlerhandler=getStepHandler();stepDotK=handler.getStepHandler(stepSize);
projects/Math71/src/main/java/org/apache/commons/math/ode/nonstiff/RungeKuttaIntegrator.java186StepHandlerhandler=getStepHandler();stepDotK=handler.getStepHandler(dt);
projects/Math71/src/main/java/org/apache/commons/math/ode/nonstiff/RungeKuttaIntegrator.java186StepHandlerhandler=getStepHandler();stepDotK=handler.getStepHandler(step);
projects/Math71/src/main/java/org/apache/commons/math/ode/nonstiff/RungeKuttaIntegrator.java186stepHandler=getStepHandler();stepDotK=handler.getStepHandler(stepHandler);
projects/Math71/src/main/java/org/apache/commons/math/ode/nonstiff/RungeKuttaIntegrator.java186Looploop=false;
projects/Math71/src/main/java/org/apache/commons/math/ode/nonstiff/RungeKuttaIntegrator.java186Looploop=null;
projects/Math71/src/main/java/org/apache/commons/math/ode/nonstiff/RungeKuttaIntegrator.java186Looploop=newLoop(stepSize,stepSize);
projects/Math71/src/main/java/org/apache/commons/math/ode/nonstiff/RungeKuttaIntegrator.java186Looploop=newLoop(stepSize);
projects/Math71/src/main/java/org/apache/commons/math/ode/nonstiff/RungeKuttaIntegrator.java186stepSize-=stepSize;
projects/Math71/src/main/java/org/apache/commons/math/ode/nonstiff/RungeKuttaIntegrator.java186stepSize=dt.length;
projects/Math71/src/main/java/org/apache/commons/math/ode/nonstiff/RungeKuttaIntegrator.java186stepSize=t0;
projects/Math71/src/main/java/org/apache/commons/math/ode/nonstiff/RungeKuttaIntegrator.java186loop=stepSize;
projects/Math71/src/main/java/org/apache/commons/math/ode/nonstiff/RungeKuttaIntegrator.java186loop=t0;
projects/Math71/src/main/java/org/apache/commons/math/ode/nonstiff/RungeKuttaIntegrator.java186loop=newdouble[stepSize][stepSize];
projects/Math71/src/main/java/org/apache/commons/math/ode/nonstiff/RungeKuttaIntegrator.java186loop=dt;
projects/Math71/src/main/java/org/apache/commons/math/ode/nonstiff/RungeKuttaIntegrator.java186loop=newdouble[stepSize][1];
projects/Math71/src/main/java/org/apache/commons/math/ode/nonstiff/RungeKuttaIntegrator.java186t0=dt;
projects/Math71/src/main/java/org/apache/commons/math/ode/nonstiff/RungeKuttaIntegrator.java186t0=stepSize+1;
projects/Math71/src/main/java/org/apache/commons/math/ode/nonstiff/RungeKuttaIntegrator.java186t0=stepSize-1;
projects/Math71/src/main/java/org/apache/commons/math/ode/nonstiff/RungeKuttaIntegrator.java186AssertionFailedError.make(t0,k,stepSize,dt.length)){for(inti=0;i<stepSize;i++){StepHandlerhandler=getStepHandler();
projects/Math71/src/main/java/org/apache/commons/math/ode/nonstiff/RungeKuttaIntegrator.java186AssertionFailedError.make(t0,j,k,stepSize,dt.length)){for(inti=0;i<stepSize;i++){StepHandlerhandler=getStepHandler();
projects/Math71/src/main/java/org/apache/commons/math/ode/nonstiff/RungeKuttaIntegrator.java186AssertionFailedError.make(t0,k,stepSize,dt.length)){for(inti=0;i<stepSize;i++){StepHandlerhandler=getStepHandler();stepDotK=handler.get
projects/Math71/src/main/java/org/apache/commons/math/ode/nonstiff/RungeKuttaIntegrator.java186intstepSize=dt.length;
projects/Math71/src/main/java/org/apache/commons/math/ode/nonstiff/RungeKuttaIntegrator.java186phaseSize=stepSize;
projects/Math71/src/main/java/org/apache/commons/math/ode/nonstiff/RungeKuttaIntegrator.java186stepSize=dt.doubleValue()+1;
projects/Math71/src/main/java/org/apache/commons/math/ode/nonstiff/RungeKuttaIntegrator.java186stepSize=t.doubleValue();
projects/Math71/src/main/java/org/apache/commons/math/ode/nonstiff/RungeKuttaIntegrator.java186stepSize=t0.doubleValue();
projects/Math71/src/main/java/org/apache/commons/math/ode/nonstiff/RungeKuttaIntegrator.java186Looperloop=newLooper(stepSize,stepSize);
projects/Math71/src/main/java/org/apache/commons/math/ode/nonstiff/RungeKuttaIntegrator.java186Looperloop=newLooper(stackSize,stepSize);
projects/Math71/src/main/java/org/apache/commons/math/ode/nonstiff/RungeKuttaIntegrator.java186Looperloop=newLooper().append(stepSize,stepSize);
projects/Math71/src/main/java/org/apache/commons/math/ode/nonstiff/RungeKuttaIntegrator.java186stepSize=Math.max(stepSize,dt.length);
projects/Math71/src/main/java/org/apache/commons/math/ode/nonstiff/RungeKuttaIntegrator.java186stepSize=Math.max(stepSize,dt);
projects/Math71/src/main/java/org/apache/commons/math/ode/nonstiff/RungeKuttaIntegrator.java186stepSize=dt+1;
projects/Math71/src/main/java/org/apache/commons/math/ode/nonstiff/RungeKuttaIntegrator.java186stepSize=t;
projects/Math71/src/main/java/org/apache/commons/math/ode/nonstiff/RungeKuttaIntegrator.java186stepSize=1;
projects/Math71/src/main/java/org/apache/commons/math/ode/nonstiff/RungeKuttaIntegrator.java186Looperloop=false;
projects/Math71/src/main/java/org/apache/commons/math/ode/nonstiff/RungeKuttaIntegrator.java186Looperloop=null;
projects/Math71/src/main/java/org/apache/commons/math/ode/nonstiff/RungeKuttaIntegrator.java186Looperloop=newLooper();
projects/Math71/src/main/java/org/apache/commons/math/ode/nonstiff/RungeKuttaIntegrator.java186for(inti=0;i<stepSize;i++){StepHandlerhandler=getStepHandler();stepDotK=handler.getStepHandler(stepSize);}
projects/Math71/src/main/java/org/apache/commons/math/ode/nonstiff/RungeKuttaIntegrator.java186for(inti=0;i<stepSize;i++){StepHandlerhandler=getStepHandler();stepDotk=handler.getStepHandler(stepSize);}
projects/Math71/src/main/java/org/apache/commons/math/ode/nonstiff/RungeKuttaIntegrator.java186for(inti=0;i<stepSize;i++){StepHandlerhandler=getStepHandler();stepDotK=handler.getStepHandler(dt);}
projects/Math71/src/main/java/org/apache/commons/math/ode/nonstiff/RungeKuttaIntegrator.java186for(inti=0;i<stepSize;i++){StepHandlerhandler=getStepHandler();stepDotK=handler.getStepHandler(stepsize);}
projects/Math71/src/main/java/org/apache/commons/math/ode/nonstiff/RungeKuttaIntegrator.java186IntegerstepSize=dt.getIntValue();
projects/Math71/src/main/java/org/apache/commons/math/ode/nonstiff/RungeKuttaIntegrator.java186AssertionFailedErrort0=prototype.getErrorHandler();
projects/Math71/src/main/java/org/apache/commons/math/ode/nonstiff/RungeKuttaIntegrator.java186AssertionFailedErrort0=prototype.interpolator();
projects/Math71/src/main/java/org/apache/commons/math/ode/nonstiff/RungeKuttaIntegrator.java186loop=newDouble(stepSize);
projects/Math71/src/main/java/org/apache/commons/math/ode/nonstiff/RungeKuttaIntegrator.java186IntegerstepSize=dt.getValue();
projects/Math71/src/main/java/org/apache/commons/math/ode/nonstiff/RungeKuttaIntegrator.java186IntegerstepSize=dt.get(i);
projects/Math71/src/main/java/org/apache/commons/math/ode/nonstiff/RungeKuttaIntegrator.java186StepHandlerhandler=getStepHandler();
projects/Math71/src/main/java/org/apache/commons/math/ode/nonstiff/RungeKuttaIntegrator.java186loop=t0+stepSize;
projects/Math71/src/main/java/org/apache/commons/math/ode/nonstiff/RungeKuttaIntegrator.java186loop='n';
projects/Math71/src/main/java/org/apache/commons/math/ode/nonstiff/RungeKuttaIntegrator.java186stepSize=Math.min(stepSize,stepSize);
projects/Math71/src/main/java/org/apache/commons/math/ode/nonstiff/RungeKuttaIntegrator.java186stepSize=Math.max(stepSize,stepSize);
projects/Math71/src/main/java/org/apache/commons/math/ode/nonstiff/RungeKuttaIntegrator.java186StepHandlerhandler=newStepHandler(this,stepSize);
projects/Math71/src/main/java/org/apache/commons/math/ode/nonstiff/RungeKuttaIntegrator.java186LoopManager.checkState(this.stepSize==stepSize);
projects/Math71/src/main/java/org/apache/commons/math/ode/nonstiff/RungeKuttaIntegrator.java186LoopManager.checkState(this.stepSize!=stepSize);
projects/Math71/src/main/java/org/apache/commons/math/ode/nonstiff/RungeKuttaIntegrator.java186LoopManager.checkAndStart(this,stepSize);
projects/Math71/src/main/java/org/apache/commons/math/ode/nonstiff/RungeKuttaIntegrator.java186stepSize=y0;
projects/Math71/src/main/java/org/apache/commons/math/ode/nonstiff/RungeKuttaIntegrator.java186t0=y0;
projects/Math71/src/main/java/org/apache/commons/math/ode/nonstiff/RungeKuttaIntegrator.java186Looploop=newBigInteger(stepSize);
projects/Math71/src/main/java/org/apache/commons/math/ode/nonstiff/RungeKuttaIntegrator.java186luate(t0,y0,stepSize)){loop=false;}else{stepSize=dt;}
projects/Math71/src/main/java/org/apache/commons/math/ode/nonstiff/RungeKuttaIntegrator.java186luate(t0,stepSize){loop=false;}else{stepSize=dt;}
projects/Math71/src/main/java/org/apache/commons/math/ode/nonstiff/RungeKuttaIntegrator.java186luate(t0,y0,k)){loop=false;}else{stepSize=dt;}
projects/Math71/src/main/java/org/apache/commons/math/ode/nonstiff/RungeKuttaIntegrator.java186luate(t0,y0,stepSize){loop=false;}else{stepSize=dt;}
projects/Math71/src/main/java/org/apache/commons/math/ode/nonstiff/RungeKuttaIntegrator.java186Looperloop=newLooper(stepSize);
projects/Math71/src/main/java/org/apache/commons/math/ode/nonstiff/RungeKuttaIntegrator.java186if(stepSize>dt.length){for(inti=0;i<stepSize;i++){StepHandlerhandler=getStepHandler();if(handler!=null){continue
projects/Math71/src/main/java/org/apache/commons/math/ode/nonstiff/RungeKuttaIntegrator.java186if(stepSize>dt.length){for(inti=0;i<stepSize;i++){StepHandlerhandler=getStepHandler();if(handler!=null){return
projects/Math71/src/main/java/org/apache/commons/math/ode/nonstiff/RungeKuttaIntegrator.java186AssertionFailedError.show(t0,dt,k,stepSize);
projects/Math71/src/main/java/org/apache/commons/math/ode/nonstiff/RungeKuttaIntegrator.java186AssertionFailedError.show(t0,k,stepSize,dt.length);
projects/Math71/src/main/java/org/apache/commons/math/ode/nonstiff/RungeKuttaIntegrator.java186t0=st.next();
projects/Math71/src/main/java/org/apache/commons/math/ode/nonstiff/RungeKuttaIntegrator.java186loop=rki;
projects/Math71/src/main/java/org/apache/commons/math/ode/nonstiff/RungeKuttaIntegrator.java186loop=newStepHandler();
projects/Math71/src/main/java/org/apache/commons/math/ode/nonstiff/RungeKuttaIntegrator.java186loop=stepSize+stepSize;
projects/Math71/src/main/java/org/apache/commons/math/ode/nonstiff/RungeKuttaIntegrator.java186step
projects/Math71/src/main/java/org/apache/commons/math/ode/nonstiff/RungeKuttaIntegrator.java186StepHandlerhandler=getStepHandler();stepDotk=handler.getStepHandler(stepSize);
