bugid	buggy	buggy_class	suspiciousness	buggy_line	endbuggycode	original_failing_test_number	action	patch	original_buggy	execution_result	diagnosis	previous_bug_id	new_failing_test_number	this_action
1	[BUG]  [BUGGY]      int  numerator  =  Math.abs(denominator);  int  numerator  =  Math.abs(denominator);  [CE]  variable  numerator  is  already  defined  in  method  reduce()  [FE]    AssertionFailedError    [CONTEXT]    public  Fraction  reduce()  {    [BUGGY]      int  numerator  =  Math.abs(denominator);  int  numerator  =  Math.abs(denominator);  [BUGGY]    int  gcd  =  greatestCommonDivisor(Math.abs(numerator),  denominator);  if  (gcd  ==  1)  {  return  this;  }  return  Fraction.getFraction(numerator  /  gcd,  denominator  /  gcd);  }  [CLASS]  Fraction  [METHOD]  reduce  [RETURN_TYPE]  Fraction  [VARIABLES]  Fraction  FOUR_FIFTHS  ONE  ONE_FIFTH  ONE_HALF  ONE_QUARTER  ONE_THIRD  THREE_FIFTHS  THREE_QUARTERS  TWO_FIFTHS  TWO_QUARTERS  TWO_THIRDS  ZERO  String  str  toProperString  toString  boolean  long  numeratorValue  serialVersionUID  int  a1  a2  denom  denom0  denom1  denom2  denominator  gcd  hashCode  i  numer  numer0  numer1  numer2  numerator  pos  sign  whole  wholeNumber  	projects/Lang49/src/java/org/apache/commons/lang/math/Fraction.java	1.0	466	466	1	replace	        int    numerator    =    Math.abs(denominator);    int  numerator  =  Math.abs(denominator);	  	non-compiled	[CE]  variable  numerator  is  already  defined  in  method  reduce()	14	None	add
2	[BUG]  [BUGGY]      int  numerator  =  Math.abs(denominator);  int  denominator  =  Math.abs(denominator);  [CE]  variable  denominator  might  not  have  been  initialized  [FE]      AssertionFailedError    [CONTEXT]    public  Fraction  reduce()  {    [BUGGY]      int  numerator  =  Math.abs(denominator);  int  denominator  =  Math.abs(denominator);  [BUGGY]    int  gcd  =  greatestCommonDivisor(Math.abs(numerator),  denominator);  if  (gcd  ==  1)  {  return  this;  }  return  Fraction.getFraction(numerator  /  gcd,  denominator  /  gcd);  }  [CLASS]  Fraction  [METHOD]  reduce  [RETURN_TYPE]  Fraction  [VARIABLES]  Fraction  FOUR_FIFTHS  ONE  ONE_FIFTH  ONE_HALF  ONE_QUARTER  ONE_THIRD  THREE_FIFTHS  THREE_QUARTERS  TWO_FIFTHS  TWO_QUARTERS  TWO_THIRDS  ZERO  String  str  toProperString  toString  boolean  long  numeratorValue  serialVersionUID  int  a1  a2  denom  denom0  denom1  denom2  denominator  gcd  hashCode  i  numer  numer0  numer1  numer2  numerator  pos  sign  whole  wholeNumber  	projects/Lang49/src/java/org/apache/commons/lang/math/Fraction.java	1.0	466	466	1	replace	        int    numerator    =    Math.abs(denominator);    int  denominator  =  Math.abs(denominator);	  	non-compiled	[CE]  variable  denominator  might  not  have  been  initialized	14	None	add
3	[BUG]  [BUGGY]  [FE]  AssertionFailedError  [FE]        AssertionFailedError    [CONTEXT]    public  Fraction  reduce()  {    [BUGGY]      int  numerator  =  Math.abs(denominator);  int  desominator  =  Math.abs(denominator);  [BUGGY]    int  gcd  =  greatestCommonDivisor(Math.abs(numerator),  denominator);  if  (gcd  ==  1)  {  return  this;  }  return  Fraction.getFraction(numerator  /  gcd,  denominator  /  gcd);  }  [CLASS]  Fraction  [METHOD]  reduce  [RETURN_TYPE]  Fraction  [VARIABLES]  Fraction  FOUR_FIFTHS  ONE  ONE_FIFTH  ONE_HALF  ONE_QUARTER  ONE_THIRD  THREE_FIFTHS  THREE_QUARTERS  TWO_FIFTHS  TWO_QUARTERS  TWO_THIRDS  ZERO  String  str  toProperString  toString  boolean  long  numeratorValue  serialVersionUID  int  a1  a2  denom  denom0  denom1  denom2  denominator  gcd  hashCode  i  numer  numer0  numer1  numer2  numerator  pos  sign  whole  wholeNumber  	projects/Lang49/src/java/org/apache/commons/lang/math/Fraction.java	1.0	466	466	1	add	        int    numerator    =    Math.abs(denominator);    int  desominator  =  Math.abs(denominator);	  	compilable	  [FE]  AssertionFailedError  	14	1	add
4	[BUG]  [BUGGY]      int  numerator  =  Math.abs(denominator);  int  desominator  =  Math.abs(denominator);  [FE]  AssertionFailedError  [FE]        AssertionFailedError    [CONTEXT]    public  Fraction  reduce()  {    [BUGGY]      int  numerator  =  Math.abs(denominator);  int  desominator  =  Math.abs(denominator);  [BUGGY]    int  gcd  =  greatestCommonDivisor(Math.abs(numerator),  denominator);  if  (gcd  ==  1)  {  return  this;  }  return  Fraction.getFraction(numerator  /  gcd,  denominator  /  gcd);  }  [CLASS]  Fraction  [METHOD]  reduce  [RETURN_TYPE]  Fraction  [VARIABLES]  Fraction  FOUR_FIFTHS  ONE  ONE_FIFTH  ONE_HALF  ONE_QUARTER  ONE_THIRD  THREE_FIFTHS  THREE_QUARTERS  TWO_FIFTHS  TWO_QUARTERS  TWO_THIRDS  ZERO  String  str  toProperString  toString  boolean  long  numeratorValue  serialVersionUID  int  a1  a2  denom  denom0  denom1  denom2  denominator  gcd  hashCode  i  numer  numer0  numer1  numer2  numerator  pos  sign  whole  wholeNumber  	projects/Lang49/src/java/org/apache/commons/lang/math/Fraction.java	1.0	466	466	1	replace	        int    numerator    =    Math.abs(denominator);    int  desominator  =  Math.abs(denominator);	  	compilable	  [FE]  AssertionFailedError  	14	1	add
5	[BUG]  [BUGGY]  [FE]  AssertionFailedError  [FE]          AssertionFailedError    [CONTEXT]    public  Fraction  reduce()  {    [BUGGY]      int  numerator  =  Math.abs(denominator);  int  nonmerator  =  Math.abs(denominator);  [BUGGY]    int  gcd  =  greatestCommonDivisor(Math.abs(numerator),  denominator);  if  (gcd  ==  1)  {  return  this;  }  return  Fraction.getFraction(numerator  /  gcd,  denominator  /  gcd);  }  [CLASS]  Fraction  [METHOD]  reduce  [RETURN_TYPE]  Fraction  [VARIABLES]  Fraction  FOUR_FIFTHS  ONE  ONE_FIFTH  ONE_HALF  ONE_QUARTER  ONE_THIRD  THREE_FIFTHS  THREE_QUARTERS  TWO_FIFTHS  TWO_QUARTERS  TWO_THIRDS  ZERO  String  str  toProperString  toString  boolean  long  numeratorValue  serialVersionUID  int  a1  a2  denom  denom0  denom1  denom2  denominator  gcd  hashCode  i  numer  numer0  numer1  numer2  numerator  pos  sign  whole  wholeNumber  	projects/Lang49/src/java/org/apache/commons/lang/math/Fraction.java	1.0	466	466	1	add	        int    numerator    =    Math.abs(denominator);    int  nonmerator  =  Math.abs(denominator);	  	compilable	  [FE]  AssertionFailedError  	14	1	add
6	[BUG]  [BUGGY]      int  numerator  =  Math.abs(denominator);  int  nonmerator  =  Math.abs(denominator);  [FE]  AssertionFailedError  [FE]          AssertionFailedError    [CONTEXT]    public  Fraction  reduce()  {    [BUGGY]      int  numerator  =  Math.abs(denominator);  int  nonmerator  =  Math.abs(denominator);  [BUGGY]    int  gcd  =  greatestCommonDivisor(Math.abs(numerator),  denominator);  if  (gcd  ==  1)  {  return  this;  }  return  Fraction.getFraction(numerator  /  gcd,  denominator  /  gcd);  }  [CLASS]  Fraction  [METHOD]  reduce  [RETURN_TYPE]  Fraction  [VARIABLES]  Fraction  FOUR_FIFTHS  ONE  ONE_FIFTH  ONE_HALF  ONE_QUARTER  ONE_THIRD  THREE_FIFTHS  THREE_QUARTERS  TWO_FIFTHS  TWO_QUARTERS  TWO_THIRDS  ZERO  String  str  toProperString  toString  boolean  long  numeratorValue  serialVersionUID  int  a1  a2  denom  denom0  denom1  denom2  denominator  gcd  hashCode  i  numer  numer0  numer1  numer2  numerator  pos  sign  whole  wholeNumber  	projects/Lang49/src/java/org/apache/commons/lang/math/Fraction.java	1.0	466	466	1	replace	        int    numerator    =    Math.abs(denominator);    int  nonmerator  =  Math.abs(denominator);	  	compilable	  [FE]  AssertionFailedError  	14	1	add
7	[BUG]  [BUGGY]  int  denominator  =  Math.min(numerator,  denominator);  [CE]  cannot  find  symbol  gcd  [FE]    AssertionFailedError    [CONTEXT]    public  Fraction  reduce()  {    [BUGGY]  int  denominator  =  Math.min(numerator,  denominator);  [BUGGY]    int  gcd  =  greatestCommonDivisor(Math.abs(numerator),  denominator);  if  (gcd  ==  1)  {  return  this;  }  return  Fraction.getFraction(numerator  /  gcd,  denominator  /  gcd);  }  [CLASS]  Fraction  [METHOD]  reduce  [RETURN_TYPE]  Fraction  [VARIABLES]  Fraction  FOUR_FIFTHS  ONE  ONE_FIFTH  ONE_HALF  ONE_QUARTER  ONE_THIRD  THREE_FIFTHS  THREE_QUARTERS  TWO_FIFTHS  TWO_QUARTERS  TWO_THIRDS  ZERO  String  str  toProperString  toString  boolean  long  numeratorValue  serialVersionUID  int  a1  a2  denom  denom0  denom1  denom2  denominator  gcd  hashCode  i  numer  numer0  numer1  numer2  numerator  pos  sign  whole  wholeNumber  	projects/Lang49/src/java/org/apache/commons/lang/math/Fraction.java	1.0	466	466	1	replace	int  denominator  =  Math.min(numerator,  denominator);	      int    denominator    =    Math.abs(numerator);    	non-compiled	[CE]  cannot  find  symbol  gcd	2	None	replace
8	[BUG]  [BUGGY]  int  denominator  =  Math.abs(numerator  +  1);  [CE]  cannot  find  symbol  gcd  [FE]      AssertionFailedError    [CONTEXT]    public  Fraction  reduce()  {    [BUGGY]  int  denominator  =  Math.abs(numerator  +  1);  [BUGGY]    int  gcd  =  greatestCommonDivisor(Math.abs(numerator),  denominator);  if  (gcd  ==  1)  {  return  this;  }  return  Fraction.getFraction(numerator  /  gcd,  denominator  /  gcd);  }  [CLASS]  Fraction  [METHOD]  reduce  [RETURN_TYPE]  Fraction  [VARIABLES]  Fraction  FOUR_FIFTHS  ONE  ONE_FIFTH  ONE_HALF  ONE_QUARTER  ONE_THIRD  THREE_FIFTHS  THREE_QUARTERS  TWO_FIFTHS  TWO_QUARTERS  TWO_THIRDS  ZERO  String  str  toProperString  toString  boolean  long  numeratorValue  serialVersionUID  int  a1  a2  denom  denom0  denom1  denom2  denominator  gcd  hashCode  i  numer  numer0  numer1  numer2  numerator  pos  sign  whole  wholeNumber  	projects/Lang49/src/java/org/apache/commons/lang/math/Fraction.java	1.0	466	466	1	replace	int  denominator  =  Math.abs(numerator  +  1);	      int    denominator    =    Math.abs(numerator);    	non-compiled	[CE]  cannot  find  symbol  gcd	2	None	replace
9	[BUG]  [BUGGY]  int  denominator  =  Math.abs(numerator  -  1);  [CE]  cannot  find  symbol  gcd  [FE]        AssertionFailedError    [CONTEXT]    public  Fraction  reduce()  {    [BUGGY]  int  denominator  =  Math.abs(numerator  -  1);  [BUGGY]    int  gcd  =  greatestCommonDivisor(Math.abs(numerator),  denominator);  if  (gcd  ==  1)  {  return  this;  }  return  Fraction.getFraction(numerator  /  gcd,  denominator  /  gcd);  }  [CLASS]  Fraction  [METHOD]  reduce  [RETURN_TYPE]  Fraction  [VARIABLES]  Fraction  FOUR_FIFTHS  ONE  ONE_FIFTH  ONE_HALF  ONE_QUARTER  ONE_THIRD  THREE_FIFTHS  THREE_QUARTERS  TWO_FIFTHS  TWO_QUARTERS  TWO_THIRDS  ZERO  String  str  toProperString  toString  boolean  long  numeratorValue  serialVersionUID  int  a1  a2  denom  denom0  denom1  denom2  denominator  gcd  hashCode  i  numer  numer0  numer1  numer2  numerator  pos  sign  whole  wholeNumber  	projects/Lang49/src/java/org/apache/commons/lang/math/Fraction.java	1.0	466	466	1	replace	int  denominator  =  Math.abs(numerator  -  1);	      int    denominator    =    Math.abs(numerator);    	non-compiled	[CE]  cannot  find  symbol  gcd	2	None	replace
10	[BUG]  [BUGGY]  int  gcd  =  greatestCommonDivisor(Math.abs(numerator  +  1),  denominator);  int  gcd  =  greatestCommonDivisor(Math.abs(numerator  +  1),  denominator);  [CE]  variable  gcd  is  already  defined  in  method  reduce()  [FE]    AssertionFailedError    [CONTEXT]    public  Fraction  reduce()  {    [BUGGY]  int  gcd  =  greatestCommonDivisor(Math.abs(numerator  +  1),  denominator);  int  gcd  =  greatestCommonDivisor(Math.abs(numerator  +  1),  denominator);  [BUGGY]    if  (gcd  ==  1)  {  return  this;  }  return  Fraction.getFraction(numerator  /  gcd,  denominator  /  gcd);  }  [CLASS]  Fraction  [METHOD]  reduce  [RETURN_TYPE]  Fraction  [VARIABLES]  Fraction  FOUR_FIFTHS  ONE  ONE_FIFTH  ONE_HALF  ONE_QUARTER  ONE_THIRD  THREE_FIFTHS  THREE_QUARTERS  TWO_FIFTHS  TWO_QUARTERS  TWO_THIRDS  ZERO  String  str  toProperString  toString  boolean  long  numeratorValue  serialVersionUID  int  a1  a2  denom  denom0  denom1  denom2  denominator  gcd  hashCode  i  numer  numer0  numer1  numer2  numerator  pos  sign  whole  wholeNumber  	projects/Lang49/src/java/org/apache/commons/lang/math/Fraction.java	1.0	466	466	1	replace	int    gcd    =    greatestCommonDivisor(Math.abs(numerator    +    1),    denominator);    int  gcd  =  greatestCommonDivisor(Math.abs(numerator  +  1),  denominator);	  	non-compiled	[CE]  variable  gcd  is  already  defined  in  method  reduce()	10	None	add
11	[BUG]  [BUGGY]  int  gcd  =  greatestCommonDivisor(Math.abs(numerator  +  1),  denominator);  int  gcd  =  greatestCommonDivisor(Math.abs(numerator  +  1),  desnominator);  [CE]  variable  gcd  is  already  defined  in  method  reduce()  [FE]      AssertionFailedError    [CONTEXT]    public  Fraction  reduce()  {    [BUGGY]  int  gcd  =  greatestCommonDivisor(Math.abs(numerator  +  1),  denominator);  int  gcd  =  greatestCommonDivisor(Math.abs(numerator  +  1),  desnominator);  [BUGGY]    if  (gcd  ==  1)  {  return  this;  }  return  Fraction.getFraction(numerator  /  gcd,  denominator  /  gcd);  }  [CLASS]  Fraction  [METHOD]  reduce  [RETURN_TYPE]  Fraction  [VARIABLES]  Fraction  FOUR_FIFTHS  ONE  ONE_FIFTH  ONE_HALF  ONE_QUARTER  ONE_THIRD  THREE_FIFTHS  THREE_QUARTERS  TWO_FIFTHS  TWO_QUARTERS  TWO_THIRDS  ZERO  String  str  toProperString  toString  boolean  long  numeratorValue  serialVersionUID  int  a1  a2  denom  denom0  denom1  denom2  denominator  gcd  hashCode  i  numer  numer0  numer1  numer2  numerator  pos  sign  whole  wholeNumber  	projects/Lang49/src/java/org/apache/commons/lang/math/Fraction.java	1.0	466	466	1	replace	int    gcd    =    greatestCommonDivisor(Math.abs(numerator    +    1),    denominator);    int  gcd  =  greatestCommonDivisor(Math.abs(numerator  +  1),  desnominator);	  	non-compiled	[CE]  variable  gcd  is  already  defined  in  method  reduce()	10	None	add
12	[BUG]  [BUGGY]  int  gcd  =  greatestCommonDivisor(Math.abs(numerator  +  1),  denominator);  Integer  gcd  =  greatestCommonDivisor(Math.abs(numerator  +  1),  denominator);  [CE]  variable  gcd  is  already  defined  in  method  reduce()  [FE]        AssertionFailedError    [CONTEXT]    public  Fraction  reduce()  {    [BUGGY]  int  gcd  =  greatestCommonDivisor(Math.abs(numerator  +  1),  denominator);  Integer  gcd  =  greatestCommonDivisor(Math.abs(numerator  +  1),  denominator);  [BUGGY]    if  (gcd  ==  1)  {  return  this;  }  return  Fraction.getFraction(numerator  /  gcd,  denominator  /  gcd);  }  [CLASS]  Fraction  [METHOD]  reduce  [RETURN_TYPE]  Fraction  [VARIABLES]  Fraction  FOUR_FIFTHS  ONE  ONE_FIFTH  ONE_HALF  ONE_QUARTER  ONE_THIRD  THREE_FIFTHS  THREE_QUARTERS  TWO_FIFTHS  TWO_QUARTERS  TWO_THIRDS  ZERO  String  str  toProperString  toString  boolean  long  numeratorValue  serialVersionUID  int  a1  a2  denom  denom0  denom1  denom2  denominator  gcd  hashCode  i  numer  numer0  numer1  numer2  numerator  pos  sign  whole  wholeNumber  	projects/Lang49/src/java/org/apache/commons/lang/math/Fraction.java	1.0	466	466	1	replace	int    gcd    =    greatestCommonDivisor(Math.abs(numerator    +    1),    denominator);    Integer  gcd  =  greatestCommonDivisor(Math.abs(numerator  +  1),  denominator);	  	non-compiled	[CE]  variable  gcd  is  already  defined  in  method  reduce()	10	None	add
13	[BUG]  [BUGGY]  int  gcd  =  greatestCommonDivisor(Math.abs(numerator  +  1),  denominator);  int  gcd  =  greatestCommonDivisor(Math.abs(numerator  +  2),  denominator);  [CE]  variable  gcd  is  already  defined  in  method  reduce()  [FE]          AssertionFailedError    [CONTEXT]    public  Fraction  reduce()  {    [BUGGY]  int  gcd  =  greatestCommonDivisor(Math.abs(numerator  +  1),  denominator);  int  gcd  =  greatestCommonDivisor(Math.abs(numerator  +  2),  denominator);  [BUGGY]    if  (gcd  ==  1)  {  return  this;  }  return  Fraction.getFraction(numerator  /  gcd,  denominator  /  gcd);  }  [CLASS]  Fraction  [METHOD]  reduce  [RETURN_TYPE]  Fraction  [VARIABLES]  Fraction  FOUR_FIFTHS  ONE  ONE_FIFTH  ONE_HALF  ONE_QUARTER  ONE_THIRD  THREE_FIFTHS  THREE_QUARTERS  TWO_FIFTHS  TWO_QUARTERS  TWO_THIRDS  ZERO  String  str  toProperString  toString  boolean  long  numeratorValue  serialVersionUID  int  a1  a2  denom  denom0  denom1  denom2  denominator  gcd  hashCode  i  numer  numer0  numer1  numer2  numerator  pos  sign  whole  wholeNumber  	projects/Lang49/src/java/org/apache/commons/lang/math/Fraction.java	1.0	466	466	1	replace	int    gcd    =    greatestCommonDivisor(Math.abs(numerator    +    1),    denominator);    int  gcd  =  greatestCommonDivisor(Math.abs(numerator  +  2),  denominator);	  	non-compiled	[CE]  variable  gcd  is  already  defined  in  method  reduce()	10	None	add
14	[BUG]  [BUGGY]  int  numerator  =  Math.abs(numerator  +  1);  [CE]  cannot  find  symbol  gcd  [FE]          AssertionFailedError    [CONTEXT]    public  Fraction  reduce()  {    [BUGGY]  int  numerator  =  Math.abs(numerator  +  1);  [BUGGY]    int  gcd  =  greatestCommonDivisor(Math.abs(numerator),  denominator);  if  (gcd  ==  1)  {  return  this;  }  return  Fraction.getFraction(numerator  /  gcd,  denominator  /  gcd);  }  [CLASS]  Fraction  [METHOD]  reduce  [RETURN_TYPE]  Fraction  [VARIABLES]  Fraction  FOUR_FIFTHS  ONE  ONE_FIFTH  ONE_HALF  ONE_QUARTER  ONE_THIRD  THREE_FIFTHS  THREE_QUARTERS  TWO_FIFTHS  TWO_QUARTERS  TWO_THIRDS  ZERO  String  str  toProperString  toString  boolean  long  numeratorValue  serialVersionUID  int  a1  a2  denom  denom0  denom1  denom2  denominator  gcd  hashCode  i  numer  numer0  numer1  numer2  numerator  pos  sign  whole  wholeNumber  	projects/Lang49/src/java/org/apache/commons/lang/math/Fraction.java	1.0	466	466	1	replace	int  numerator  =  Math.abs(numerator  +  1);	      int    numerator    =    Math.abs(numerator);    	non-compiled	[CE]  cannot  find  symbol  gcd	3	None	replace
15	[BUG]  [BUGGY]  int  numerator  =  Math.abs(numerator  -  denominator);  [CE]  cannot  find  symbol  gcd  [FE]            AssertionFailedError    [CONTEXT]    public  Fraction  reduce()  {    [BUGGY]  int  numerator  =  Math.abs(numerator  -  denominator);  [BUGGY]    int  gcd  =  greatestCommonDivisor(Math.abs(numerator),  denominator);  if  (gcd  ==  1)  {  return  this;  }  return  Fraction.getFraction(numerator  /  gcd,  denominator  /  gcd);  }  [CLASS]  Fraction  [METHOD]  reduce  [RETURN_TYPE]  Fraction  [VARIABLES]  Fraction  FOUR_FIFTHS  ONE  ONE_FIFTH  ONE_HALF  ONE_QUARTER  ONE_THIRD  THREE_FIFTHS  THREE_QUARTERS  TWO_FIFTHS  TWO_QUARTERS  TWO_THIRDS  ZERO  String  str  toProperString  toString  boolean  long  numeratorValue  serialVersionUID  int  a1  a2  denom  denom0  denom1  denom2  denominator  gcd  hashCode  i  numer  numer0  numer1  numer2  numerator  pos  sign  whole  wholeNumber  	projects/Lang49/src/java/org/apache/commons/lang/math/Fraction.java	1.0	466	466	1	replace	int  numerator  =  Math.abs(numerator  -  denominator);	      int    numerator    =    Math.abs(numerator);    	non-compiled	[CE]  cannot  find  symbol  gcd	3	None	replace
16	[BUG]  [BUGGY]      int  pos  =  Math.abs(numerator);  int  pos  =  Math.abs(numerator);  [CE]  variable  pos  is  already  defined  in  method  reduce()  [FE]    AssertionFailedError    [CONTEXT]    public  Fraction  reduce()  {    [BUGGY]      int  pos  =  Math.abs(numerator);  int  pos  =  Math.abs(numerator);  [BUGGY]    int  gcd  =  greatestCommonDivisor(Math.abs(numerator),  denominator);  if  (gcd  ==  1)  {  return  this;  }  return  Fraction.getFraction(numerator  /  gcd,  denominator  /  gcd);  }  [CLASS]  Fraction  [METHOD]  reduce  [RETURN_TYPE]  Fraction  [VARIABLES]  Fraction  FOUR_FIFTHS  ONE  ONE_FIFTH  ONE_HALF  ONE_QUARTER  ONE_THIRD  THREE_FIFTHS  THREE_QUARTERS  TWO_FIFTHS  TWO_QUARTERS  TWO_THIRDS  ZERO  String  str  toProperString  toString  boolean  long  numeratorValue  serialVersionUID  int  a1  a2  denom  denom0  denom1  denom2  denominator  gcd  hashCode  i  numer  numer0  numer1  numer2  numerator  pos  sign  whole  wholeNumber  	projects/Lang49/src/java/org/apache/commons/lang/math/Fraction.java	1.0	466	466	1	replace	        int    pos    =    Math.abs(numerator);    int  pos  =  Math.abs(numerator);	  	non-compiled	[CE]  variable  pos  is  already  defined  in  method  reduce()	5	None	add
17	[BUG]  [BUGGY]      int  pos  =  Math.abs(numerator);  int  pos  =  Math.abs(denominator);  [CE]  variable  pos  is  already  defined  in  method  reduce()  [FE]      AssertionFailedError    [CONTEXT]    public  Fraction  reduce()  {    [BUGGY]      int  pos  =  Math.abs(numerator);  int  pos  =  Math.abs(denominator);  [BUGGY]    int  gcd  =  greatestCommonDivisor(Math.abs(numerator),  denominator);  if  (gcd  ==  1)  {  return  this;  }  return  Fraction.getFraction(numerator  /  gcd,  denominator  /  gcd);  }  [CLASS]  Fraction  [METHOD]  reduce  [RETURN_TYPE]  Fraction  [VARIABLES]  Fraction  FOUR_FIFTHS  ONE  ONE_FIFTH  ONE_HALF  ONE_QUARTER  ONE_THIRD  THREE_FIFTHS  THREE_QUARTERS  TWO_FIFTHS  TWO_QUARTERS  TWO_THIRDS  ZERO  String  str  toProperString  toString  boolean  long  numeratorValue  serialVersionUID  int  a1  a2  denom  denom0  denom1  denom2  denominator  gcd  hashCode  i  numer  numer0  numer1  numer2  numerator  pos  sign  whole  wholeNumber  	projects/Lang49/src/java/org/apache/commons/lang/math/Fraction.java	1.0	466	466	1	replace	        int    pos    =    Math.abs(numerator);    int  pos  =  Math.abs(denominator);	  	non-compiled	[CE]  variable  pos  is  already  defined  in  method  reduce()	5	None	add
18	[BUG]  [BUGGY]      int  pos  =  Math.abs(numerator);  int  pos  =  Math.abs(numerator));  [CE]  ';'  expected  [FE]        AssertionFailedError    [CONTEXT]    public  Fraction  reduce()  {    [BUGGY]      int  pos  =  Math.abs(numerator);  int  pos  =  Math.abs(numerator));  [BUGGY]    int  gcd  =  greatestCommonDivisor(Math.abs(numerator),  denominator);  if  (gcd  ==  1)  {  return  this;  }  return  Fraction.getFraction(numerator  /  gcd,  denominator  /  gcd);  }  [CLASS]  Fraction  [METHOD]  reduce  [RETURN_TYPE]  Fraction  [VARIABLES]  Fraction  FOUR_FIFTHS  ONE  ONE_FIFTH  ONE_HALF  ONE_QUARTER  ONE_THIRD  THREE_FIFTHS  THREE_QUARTERS  TWO_FIFTHS  TWO_QUARTERS  TWO_THIRDS  ZERO  String  str  toProperString  toString  boolean  long  numeratorValue  serialVersionUID  int  a1  a2  denom  denom0  denom1  denom2  denominator  gcd  hashCode  i  numer  numer0  numer1  numer2  numerator  pos  sign  whole  wholeNumber  	projects/Lang49/src/java/org/apache/commons/lang/math/Fraction.java	1.0	466	466	1	replace	        int    pos    =    Math.abs(numerator);    int  pos  =  Math.abs(numerator));	  	non-compiled	[CE]  ';'  expected	5	None	add
19	[BUG]  [BUGGY]  int  numerator  =  greaterCommonDivisor(Math.abs(numerator),  denominator,  pos);  [CE]  cannot  find  symbol  pos  [FE]            AssertionFailedError    [CONTEXT]    public  Fraction  reduce()  {    [BUGGY]  int  numerator  =  greaterCommonDivisor(Math.abs(numerator),  denominator,  pos);  [BUGGY]    int  gcd  =  greatestCommonDivisor(Math.abs(numerator),  denominator);  if  (gcd  ==  1)  {  return  this;  }  return  Fraction.getFraction(numerator  /  gcd,  denominator  /  gcd);  }  [CLASS]  Fraction  [METHOD]  reduce  [RETURN_TYPE]  Fraction  [VARIABLES]  Fraction  FOUR_FIFTHS  ONE  ONE_FIFTH  ONE_HALF  ONE_QUARTER  ONE_THIRD  THREE_FIFTHS  THREE_QUARTERS  TWO_FIFTHS  TWO_QUARTERS  TWO_THIRDS  ZERO  String  str  toProperString  toString  boolean  long  numeratorValue  serialVersionUID  int  a1  a2  denom  denom0  denom1  denom2  denominator  gcd  hashCode  i  numer  numer0  numer1  numer2  numerator  pos  sign  whole  wholeNumber  	projects/Lang49/src/java/org/apache/commons/lang/math/Fraction.java	1.0	466	466	1	replace	int  numerator  =  greaterCommonDivisor(Math.abs(numerator),  denominator,  pos);	      int    numerator    =    greaterCommonDivisor(Math.abs(numerator),    denominator);    	non-compiled	[CE]  cannot  find  symbol  pos	20	None	replace
20	[BUG]  [BUGGY]  int  numerator  =  greaterCommonDivisor(Math.abs(numerator),  denominator,  numerator);  [CE]  cannot  find  symbol  [FE]              AssertionFailedError    [CONTEXT]    public  Fraction  reduce()  {    [BUGGY]  int  numerator  =  greaterCommonDivisor(Math.abs(numerator),  denominator,  numerator);  [BUGGY]    int  gcd  =  greatestCommonDivisor(Math.abs(numerator),  denominator);  if  (gcd  ==  1)  {  return  this;  }  return  Fraction.getFraction(numerator  /  gcd,  denominator  /  gcd);  }  [CLASS]  Fraction  [METHOD]  reduce  [RETURN_TYPE]  Fraction  [VARIABLES]  Fraction  FOUR_FIFTHS  ONE  ONE_FIFTH  ONE_HALF  ONE_QUARTER  ONE_THIRD  THREE_FIFTHS  THREE_QUARTERS  TWO_FIFTHS  TWO_QUARTERS  TWO_THIRDS  ZERO  String  str  toProperString  toString  boolean  long  numeratorValue  serialVersionUID  int  a1  a2  denom  denom0  denom1  denom2  denominator  gcd  hashCode  i  numer  numer0  numer1  numer2  numerator  pos  sign  whole  wholeNumber  	projects/Lang49/src/java/org/apache/commons/lang/math/Fraction.java	1.0	466	466	1	replace	int  numerator  =  greaterCommonDivisor(Math.abs(numerator),  denominator,  numerator);	      int    numerator    =    greaterCommonDivisor(Math.abs(numerator),    denominator);    	non-compiled	[CE]  cannot  find  symbol	20	None	replace
21	[BUG]  [BUGGY]  int  numerator  =  greaterCommonDivisor(Math.abs(numerator),  denominator,  denominator);  [CE]  cannot  find  symbol  [FE]                AssertionFailedError    [CONTEXT]    public  Fraction  reduce()  {    [BUGGY]  int  numerator  =  greaterCommonDivisor(Math.abs(numerator),  denominator,  denominator);  [BUGGY]    int  gcd  =  greatestCommonDivisor(Math.abs(numerator),  denominator);  if  (gcd  ==  1)  {  return  this;  }  return  Fraction.getFraction(numerator  /  gcd,  denominator  /  gcd);  }  [CLASS]  Fraction  [METHOD]  reduce  [RETURN_TYPE]  Fraction  [VARIABLES]  Fraction  FOUR_FIFTHS  ONE  ONE_FIFTH  ONE_HALF  ONE_QUARTER  ONE_THIRD  THREE_FIFTHS  THREE_QUARTERS  TWO_FIFTHS  TWO_QUARTERS  TWO_THIRDS  ZERO  String  str  toProperString  toString  boolean  long  numeratorValue  serialVersionUID  int  a1  a2  denom  denom0  denom1  denom2  denominator  gcd  hashCode  i  numer  numer0  numer1  numer2  numerator  pos  sign  whole  wholeNumber  	projects/Lang49/src/java/org/apache/commons/lang/math/Fraction.java	1.0	466	466	1	replace	int  numerator  =  greaterCommonDivisor(Math.abs(numerator),  denominator,  denominator);	      int    numerator    =    greaterCommonDivisor(Math.abs(numerator),    denominator);    	non-compiled	[CE]  cannot  find  symbol	20	None	replace
22	[BUG]  [BUGGY]  int  gcd  =  greatestCommonDivisor(Math.abs(numerator,  denominator));  [CE]  no  suitable  method  found  for  abs(int,int)  [FE]              AssertionFailedError    [CONTEXT]    public  Fraction  reduce()  {    [BUGGY]  int  gcd  =  greatestCommonDivisor(Math.abs(numerator,  denominator));  [BUGGY]    if  (gcd  ==  1)  {  return  this;  }  return  Fraction.getFraction(numerator  /  gcd,  denominator  /  gcd);  }  [CLASS]  Fraction  [METHOD]  reduce  [RETURN_TYPE]  Fraction  [VARIABLES]  Fraction  FOUR_FIFTHS  ONE  ONE_FIFTH  ONE_HALF  ONE_QUARTER  ONE_THIRD  THREE_FIFTHS  THREE_QUARTERS  TWO_FIFTHS  TWO_QUARTERS  TWO_THIRDS  ZERO  String  str  toProperString  toString  boolean  long  numeratorValue  serialVersionUID  int  a1  a2  denom  denom0  denom1  denom2  denominator  gcd  hashCode  i  numer  numer0  numer1  numer2  numerator  pos  sign  whole  wholeNumber  	projects/Lang49/src/java/org/apache/commons/lang/math/Fraction.java	1.0	466	466	1	replace	int  gcd  =  greatestCommonDivisor(Math.abs(numerator,  denominator));	  int    gcd    =    greatestCommonDivisor(Math.abs(numerator));    	non-compiled	[CE]  no  suitable  method  found  for  abs(int,int)	13	None	replace
23	[BUG]  [BUGGY]  int  gcd  =  greatestCommonDivisor(Math.abs(denominator));  [CE]  method  greatestCommonDivisor  in  class  Fraction  cannot  be  applied  to  given  types;  [FE]                AssertionFailedError    [CONTEXT]    public  Fraction  reduce()  {    [BUGGY]  int  gcd  =  greatestCommonDivisor(Math.abs(denominator));  [BUGGY]    if  (gcd  ==  1)  {  return  this;  }  return  Fraction.getFraction(numerator  /  gcd,  denominator  /  gcd);  }  [CLASS]  Fraction  [METHOD]  reduce  [RETURN_TYPE]  Fraction  [VARIABLES]  Fraction  FOUR_FIFTHS  ONE  ONE_FIFTH  ONE_HALF  ONE_QUARTER  ONE_THIRD  THREE_FIFTHS  THREE_QUARTERS  TWO_FIFTHS  TWO_QUARTERS  TWO_THIRDS  ZERO  String  str  toProperString  toString  boolean  long  numeratorValue  serialVersionUID  int  a1  a2  denom  denom0  denom1  denom2  denominator  gcd  hashCode  i  numer  numer0  numer1  numer2  numerator  pos  sign  whole  wholeNumber  	projects/Lang49/src/java/org/apache/commons/lang/math/Fraction.java	1.0	466	466	1	replace	int  gcd  =  greatestCommonDivisor(Math.abs(denominator));	  int    gcd    =    greatestCommonDivisor(Math.abs(numerator));    	non-compiled	[CE]  method  greatestCommonDivisor  in  class  Fraction  cannot  be  applied  to  given  types;	13	None	replace
24	[BUG]  [BUGGY]  float  gcd  =  greatestCommonDivisor(Math.abs(numerator));  [CE]  method  greatestCommonDivisor  in  class  Fraction  cannot  be  applied  to  given  types;  [FE]                  AssertionFailedError    [CONTEXT]    public  Fraction  reduce()  {    [BUGGY]  float  gcd  =  greatestCommonDivisor(Math.abs(numerator));  [BUGGY]    if  (gcd  ==  1)  {  return  this;  }  return  Fraction.getFraction(numerator  /  gcd,  denominator  /  gcd);  }  [CLASS]  Fraction  [METHOD]  reduce  [RETURN_TYPE]  Fraction  [VARIABLES]  Fraction  FOUR_FIFTHS  ONE  ONE_FIFTH  ONE_HALF  ONE_QUARTER  ONE_THIRD  THREE_FIFTHS  THREE_QUARTERS  TWO_FIFTHS  TWO_QUARTERS  TWO_THIRDS  ZERO  String  str  toProperString  toString  boolean  long  numeratorValue  serialVersionUID  int  a1  a2  denom  denom0  denom1  denom2  denominator  gcd  hashCode  i  numer  numer0  numer1  numer2  numerator  pos  sign  whole  wholeNumber  	projects/Lang49/src/java/org/apache/commons/lang/math/Fraction.java	1.0	466	466	1	replace	float  gcd  =  greatestCommonDivisor(Math.abs(numerator));	  int    gcd    =    greatestCommonDivisor(Math.abs(numerator));    	non-compiled	[CE]  method  greatestCommonDivisor  in  class  Fraction  cannot  be  applied  to  given  types;	13	None	replace
25	[BUG]  [BUGGY]      int  numerator  =  getNumerator();  int  numerator  =  getNumerator();  [CE]  variable  numerator  is  already  defined  in  method  reduce()  [FE]    AssertionFailedError    [CONTEXT]    public  Fraction  reduce()  {    [BUGGY]      int  numerator  =  getNumerator();  int  numerator  =  getNumerator();  [BUGGY]    int  gcd  =  greatestCommonDivisor(Math.abs(numerator),  denominator);  if  (gcd  ==  1)  {  return  this;  }  return  Fraction.getFraction(numerator  /  gcd,  denominator  /  gcd);  }  [CLASS]  Fraction  [METHOD]  reduce  [RETURN_TYPE]  Fraction  [VARIABLES]  Fraction  FOUR_FIFTHS  ONE  ONE_FIFTH  ONE_HALF  ONE_QUARTER  ONE_THIRD  THREE_FIFTHS  THREE_QUARTERS  TWO_FIFTHS  TWO_QUARTERS  TWO_THIRDS  ZERO  String  str  toProperString  toString  boolean  long  numeratorValue  serialVersionUID  int  a1  a2  denom  denom0  denom1  denom2  denominator  gcd  hashCode  i  numer  numer0  numer1  numer2  numerator  pos  sign  whole  wholeNumber  	projects/Lang49/src/java/org/apache/commons/lang/math/Fraction.java	1.0	466	466	1	replace	        int    numerator    =    getNumerator();    int  numerator  =  getNumerator();	  	non-compiled	[CE]  variable  numerator  is  already  defined  in  method  reduce()	16	None	add
26	[BUG]  [BUGGY]  [FE]  AssertionFailedError  [FE]      AssertionFailedError    [CONTEXT]    public  Fraction  reduce()  {    [BUGGY]      int  numerator  =  getNumerator();  int  denominator  =  getNumerator();  [BUGGY]    int  gcd  =  greatestCommonDivisor(Math.abs(numerator),  denominator);  if  (gcd  ==  1)  {  return  this;  }  return  Fraction.getFraction(numerator  /  gcd,  denominator  /  gcd);  }  [CLASS]  Fraction  [METHOD]  reduce  [RETURN_TYPE]  Fraction  [VARIABLES]  Fraction  FOUR_FIFTHS  ONE  ONE_FIFTH  ONE_HALF  ONE_QUARTER  ONE_THIRD  THREE_FIFTHS  THREE_QUARTERS  TWO_FIFTHS  TWO_QUARTERS  TWO_THIRDS  ZERO  String  str  toProperString  toString  boolean  long  numeratorValue  serialVersionUID  int  a1  a2  denom  denom0  denom1  denom2  denominator  gcd  hashCode  i  numer  numer0  numer1  numer2  numerator  pos  sign  whole  wholeNumber  	projects/Lang49/src/java/org/apache/commons/lang/math/Fraction.java	1.0	466	466	1	add	        int    numerator    =    getNumerator();    int  denominator  =  getNumerator();	  	compilable	  [FE]  AssertionFailedError  	16	1	add
27	[BUG]  [BUGGY]      int  numerator  =  getNumerator();  int  denominator  =  getNumerator();  [FE]  AssertionFailedError  [FE]      AssertionFailedError    [CONTEXT]    public  Fraction  reduce()  {    [BUGGY]      int  numerator  =  getNumerator();  int  denominator  =  getNumerator();  [BUGGY]    int  gcd  =  greatestCommonDivisor(Math.abs(numerator),  denominator);  if  (gcd  ==  1)  {  return  this;  }  return  Fraction.getFraction(numerator  /  gcd,  denominator  /  gcd);  }  [CLASS]  Fraction  [METHOD]  reduce  [RETURN_TYPE]  Fraction  [VARIABLES]  Fraction  FOUR_FIFTHS  ONE  ONE_FIFTH  ONE_HALF  ONE_QUARTER  ONE_THIRD  THREE_FIFTHS  THREE_QUARTERS  TWO_FIFTHS  TWO_QUARTERS  TWO_THIRDS  ZERO  String  str  toProperString  toString  boolean  long  numeratorValue  serialVersionUID  int  a1  a2  denom  denom0  denom1  denom2  denominator  gcd  hashCode  i  numer  numer0  numer1  numer2  numerator  pos  sign  whole  wholeNumber  	projects/Lang49/src/java/org/apache/commons/lang/math/Fraction.java	1.0	466	466	1	replace	        int    numerator    =    getNumerator();    int  denominator  =  getNumerator();	  	compilable	  [FE]  AssertionFailedError  	16	1	add
28	[BUG]  [BUGGY]      int  numerator  =  getNumerator();  Integer  numerator  =  getNumerator();  [CE]  variable  numerator  is  already  defined  in  method  reduce()  [FE]        AssertionFailedError    [CONTEXT]    public  Fraction  reduce()  {    [BUGGY]      int  numerator  =  getNumerator();  Integer  numerator  =  getNumerator();  [BUGGY]    int  gcd  =  greatestCommonDivisor(Math.abs(numerator),  denominator);  if  (gcd  ==  1)  {  return  this;  }  return  Fraction.getFraction(numerator  /  gcd,  denominator  /  gcd);  }  [CLASS]  Fraction  [METHOD]  reduce  [RETURN_TYPE]  Fraction  [VARIABLES]  Fraction  FOUR_FIFTHS  ONE  ONE_FIFTH  ONE_HALF  ONE_QUARTER  ONE_THIRD  THREE_FIFTHS  THREE_QUARTERS  TWO_FIFTHS  TWO_QUARTERS  TWO_THIRDS  ZERO  String  str  toProperString  toString  boolean  long  numeratorValue  serialVersionUID  int  a1  a2  denom  denom0  denom1  denom2  denominator  gcd  hashCode  i  numer  numer0  numer1  numer2  numerator  pos  sign  whole  wholeNumber  	projects/Lang49/src/java/org/apache/commons/lang/math/Fraction.java	1.0	466	466	1	replace	        int    numerator    =    getNumerator();    Integer  numerator  =  getNumerator();	  	non-compiled	[CE]  variable  numerator  is  already  defined  in  method  reduce()	16	None	add
29	[BUG]  [BUGGY]  [FE]  AssertionFailedError  [FE]        AssertionFailedError    [CONTEXT]    public  Fraction  reduce()  {    [BUGGY]  int  gcd  =  greatestCommonDivisor(Math.abs(numerator)/  denominator,  numerator);  [BUGGY]    if  (gcd  ==  1)  {  return  this;  }  return  Fraction.getFraction(numerator  /  gcd,  denominator  /  gcd);  }  [CLASS]  Fraction  [METHOD]  reduce  [RETURN_TYPE]  Fraction  [VARIABLES]  Fraction  FOUR_FIFTHS  ONE  ONE_FIFTH  ONE_HALF  ONE_QUARTER  ONE_THIRD  THREE_FIFTHS  THREE_QUARTERS  TWO_FIFTHS  TWO_QUARTERS  TWO_THIRDS  ZERO  String  str  toProperString  toString  boolean  long  numeratorValue  serialVersionUID  int  a1  a2  denom  denom0  denom1  denom2  denominator  gcd  hashCode  i  numer  numer0  numer1  numer2  numerator  pos  sign  whole  wholeNumber  	projects/Lang49/src/java/org/apache/commons/lang/math/Fraction.java	1.0	466	466	1	add	int  gcd  =  greatestCommonDivisor(Math.abs(numerator)/  denominator,  numerator);	  int    gcd    =    greatestCommonDivisor(Math.abs(numerator)/    denominator);    	compilable	  [FE]  AssertionFailedError  	9	1	replace
30	[BUG]  [BUGGY]  int  gcd  =  greatestCommonDivisor(Math.abs(numerator)/  denominator,  numerator);  [FE]  AssertionFailedError  [FE]        AssertionFailedError    [CONTEXT]    public  Fraction  reduce()  {    [BUGGY]  int  gcd  =  greatestCommonDivisor(Math.abs(numerator)/  denominator,  numerator);  [BUGGY]    if  (gcd  ==  1)  {  return  this;  }  return  Fraction.getFraction(numerator  /  gcd,  denominator  /  gcd);  }  [CLASS]  Fraction  [METHOD]  reduce  [RETURN_TYPE]  Fraction  [VARIABLES]  Fraction  FOUR_FIFTHS  ONE  ONE_FIFTH  ONE_HALF  ONE_QUARTER  ONE_THIRD  THREE_FIFTHS  THREE_QUARTERS  TWO_FIFTHS  TWO_QUARTERS  TWO_THIRDS  ZERO  String  str  toProperString  toString  boolean  long  numeratorValue  serialVersionUID  int  a1  a2  denom  denom0  denom1  denom2  denominator  gcd  hashCode  i  numer  numer0  numer1  numer2  numerator  pos  sign  whole  wholeNumber  	projects/Lang49/src/java/org/apache/commons/lang/math/Fraction.java	1.0	466	466	1	replace	int  gcd  =  greatestCommonDivisor(Math.abs(numerator)/  denominator,  numerator);	  int    gcd    =    greatestCommonDivisor(Math.abs(numerator)/    denominator);    	compilable	  [FE]  AssertionFailedError  	9	1	replace
31	[BUG]  [BUGGY]  [FE]  AssertionFailedError  [FE]          AssertionFailedError    [CONTEXT]    public  Fraction  reduce()  {    [BUGGY]  int  gcd  =  greatestCommonDivisor(Math.abs(numerator)/  denominator,  hashCode);  [BUGGY]    if  (gcd  ==  1)  {  return  this;  }  return  Fraction.getFraction(numerator  /  gcd,  denominator  /  gcd);  }  [CLASS]  Fraction  [METHOD]  reduce  [RETURN_TYPE]  Fraction  [VARIABLES]  Fraction  FOUR_FIFTHS  ONE  ONE_FIFTH  ONE_HALF  ONE_QUARTER  ONE_THIRD  THREE_FIFTHS  THREE_QUARTERS  TWO_FIFTHS  TWO_QUARTERS  TWO_THIRDS  ZERO  String  str  toProperString  toString  boolean  long  numeratorValue  serialVersionUID  int  a1  a2  denom  denom0  denom1  denom2  denominator  gcd  hashCode  i  numer  numer0  numer1  numer2  numerator  pos  sign  whole  wholeNumber  	projects/Lang49/src/java/org/apache/commons/lang/math/Fraction.java	1.0	466	466	1	add	int  gcd  =  greatestCommonDivisor(Math.abs(numerator)/  denominator,  hashCode);	  int    gcd    =    greatestCommonDivisor(Math.abs(numerator)/    denominator);    	compilable	  [FE]  AssertionFailedError  	9	1	replace
32	[BUG]  [BUGGY]  int  gcd  =  greatestCommonDivisor(Math.abs(numerator)/  denominator,  hashCode);  [FE]  AssertionFailedError  [FE]          AssertionFailedError    [CONTEXT]    public  Fraction  reduce()  {    [BUGGY]  int  gcd  =  greatestCommonDivisor(Math.abs(numerator)/  denominator,  hashCode);  [BUGGY]    if  (gcd  ==  1)  {  return  this;  }  return  Fraction.getFraction(numerator  /  gcd,  denominator  /  gcd);  }  [CLASS]  Fraction  [METHOD]  reduce  [RETURN_TYPE]  Fraction  [VARIABLES]  Fraction  FOUR_FIFTHS  ONE  ONE_FIFTH  ONE_HALF  ONE_QUARTER  ONE_THIRD  THREE_FIFTHS  THREE_QUARTERS  TWO_FIFTHS  TWO_QUARTERS  TWO_THIRDS  ZERO  String  str  toProperString  toString  boolean  long  numeratorValue  serialVersionUID  int  a1  a2  denom  denom0  denom1  denom2  denominator  gcd  hashCode  i  numer  numer0  numer1  numer2  numerator  pos  sign  whole  wholeNumber  	projects/Lang49/src/java/org/apache/commons/lang/math/Fraction.java	1.0	466	466	1	replace	int  gcd  =  greatestCommonDivisor(Math.abs(numerator)/  denominator,  hashCode);	  int    gcd    =    greatestCommonDivisor(Math.abs(numerator)/    denominator);    	compilable	  [FE]  AssertionFailedError  	9	1	replace
33	[BUG]  [BUGGY]  int  gcd  =  greatestCommonDivisor(Math.abs(numerator)/  denominator,  toProperString);  [CE]  method  greatestCommonDivisor  in  class  Fraction  cannot  be  applied  to  given  types;  [FE]            AssertionFailedError    [CONTEXT]    public  Fraction  reduce()  {    [BUGGY]  int  gcd  =  greatestCommonDivisor(Math.abs(numerator)/  denominator,  toProperString);  [BUGGY]    if  (gcd  ==  1)  {  return  this;  }  return  Fraction.getFraction(numerator  /  gcd,  denominator  /  gcd);  }  [CLASS]  Fraction  [METHOD]  reduce  [RETURN_TYPE]  Fraction  [VARIABLES]  Fraction  FOUR_FIFTHS  ONE  ONE_FIFTH  ONE_HALF  ONE_QUARTER  ONE_THIRD  THREE_FIFTHS  THREE_QUARTERS  TWO_FIFTHS  TWO_QUARTERS  TWO_THIRDS  ZERO  String  str  toProperString  toString  boolean  long  numeratorValue  serialVersionUID  int  a1  a2  denom  denom0  denom1  denom2  denominator  gcd  hashCode  i  numer  numer0  numer1  numer2  numerator  pos  sign  whole  wholeNumber  	projects/Lang49/src/java/org/apache/commons/lang/math/Fraction.java	1.0	466	466	1	replace	int  gcd  =  greatestCommonDivisor(Math.abs(numerator)/  denominator,  toProperString);	  int    gcd    =    greatestCommonDivisor(Math.abs(numerator)/    denominator);    	non-compiled	[CE]  method  greatestCommonDivisor  in  class  Fraction  cannot  be  applied  to  given  types;	9	None	replace
34	[BUG]  [BUGGY]  int  gcd  =  greatestCommonDivisor(Math.abs(numerator)/  denominator,  numeratorValue);  [CE]  cannot  find  symbol  numeratorValue  [FE]              AssertionFailedError    [CONTEXT]    public  Fraction  reduce()  {    [BUGGY]  int  gcd  =  greatestCommonDivisor(Math.abs(numerator)/  denominator,  numeratorValue);  [BUGGY]    if  (gcd  ==  1)  {  return  this;  }  return  Fraction.getFraction(numerator  /  gcd,  denominator  /  gcd);  }  [CLASS]  Fraction  [METHOD]  reduce  [RETURN_TYPE]  Fraction  [VARIABLES]  Fraction  FOUR_FIFTHS  ONE  ONE_FIFTH  ONE_HALF  ONE_QUARTER  ONE_THIRD  THREE_FIFTHS  THREE_QUARTERS  TWO_FIFTHS  TWO_QUARTERS  TWO_THIRDS  ZERO  String  str  toProperString  toString  boolean  long  numeratorValue  serialVersionUID  int  a1  a2  denom  denom0  denom1  denom2  denominator  gcd  hashCode  i  numer  numer0  numer1  numer2  numerator  pos  sign  whole  wholeNumber  	projects/Lang49/src/java/org/apache/commons/lang/math/Fraction.java	1.0	466	466	1	replace	int  gcd  =  greatestCommonDivisor(Math.abs(numerator)/  denominator,  numeratorValue);	  int    gcd    =    greatestCommonDivisor(Math.abs(numerator)/    denominator);    	non-compiled	[CE]  cannot  find  symbol  numeratorValue	9	None	replace
35	[BUG]  [BUGGY]  [FE]  AssertionFailedError  [FE]    AssertionFailedError    [CONTEXT]    public  Fraction  reduce()  {    [BUGGY]  int  gcd  =  greatestCommonDivisor(Math.abs(numerator  *  1),  denominator);  [BUGGY]    if  (gcd  ==  1)  {  return  this;  }  return  Fraction.getFraction(numerator  /  gcd,  denominator  /  gcd);  }  [CLASS]  Fraction  [METHOD]  reduce  [RETURN_TYPE]  Fraction  [VARIABLES]  Fraction  FOUR_FIFTHS  ONE  ONE_FIFTH  ONE_HALF  ONE_QUARTER  ONE_THIRD  THREE_FIFTHS  THREE_QUARTERS  TWO_FIFTHS  TWO_QUARTERS  TWO_THIRDS  ZERO  String  str  toProperString  toString  boolean  long  numeratorValue  serialVersionUID  int  a1  a2  denom  denom0  denom1  denom2  denominator  gcd  hashCode  i  numer  numer0  numer1  numer2  numerator  pos  sign  whole  wholeNumber  	projects/Lang49/src/java/org/apache/commons/lang/math/Fraction.java	1.0	466	466	1	add	int  gcd  =  greatestCommonDivisor(Math.abs(numerator  *  1),  denominator);	  int    gcd    =    greatestCommonDivisor(Math.abs(numerator    +    1),    denominator);    	compilable	  [FE]  AssertionFailedError  	11	1	replace
36	[BUG]  [BUGGY]  int  gcd  =  greatestCommonDivisor(Math.abs(numerator  *  1),  denominator);  [FE]  AssertionFailedError  [FE]    AssertionFailedError    [CONTEXT]    public  Fraction  reduce()  {    [BUGGY]  int  gcd  =  greatestCommonDivisor(Math.abs(numerator  *  1),  denominator);  [BUGGY]    if  (gcd  ==  1)  {  return  this;  }  return  Fraction.getFraction(numerator  /  gcd,  denominator  /  gcd);  }  [CLASS]  Fraction  [METHOD]  reduce  [RETURN_TYPE]  Fraction  [VARIABLES]  Fraction  FOUR_FIFTHS  ONE  ONE_FIFTH  ONE_HALF  ONE_QUARTER  ONE_THIRD  THREE_FIFTHS  THREE_QUARTERS  TWO_FIFTHS  TWO_QUARTERS  TWO_THIRDS  ZERO  String  str  toProperString  toString  boolean  long  numeratorValue  serialVersionUID  int  a1  a2  denom  denom0  denom1  denom2  denominator  gcd  hashCode  i  numer  numer0  numer1  numer2  numerator  pos  sign  whole  wholeNumber  	projects/Lang49/src/java/org/apache/commons/lang/math/Fraction.java	1.0	466	466	1	replace	int  gcd  =  greatestCommonDivisor(Math.abs(numerator  *  1),  denominator);	  int    gcd    =    greatestCommonDivisor(Math.abs(numerator    +    1),    denominator);    	compilable	  [FE]  AssertionFailedError  	11	1	replace
37	[BUG]  [BUGGY]  [FE]  AssertionFailedError  [FE]      AssertionFailedError    [CONTEXT]    public  Fraction  reduce()  {    [BUGGY]  int  gcd  =  greatestCommonDivisor(Math.abs(numerator  +  1),  denominator  *  denominator);  [BUGGY]    if  (gcd  ==  1)  {  return  this;  }  return  Fraction.getFraction(numerator  /  gcd,  denominator  /  gcd);  }  [CLASS]  Fraction  [METHOD]  reduce  [RETURN_TYPE]  Fraction  [VARIABLES]  Fraction  FOUR_FIFTHS  ONE  ONE_FIFTH  ONE_HALF  ONE_QUARTER  ONE_THIRD  THREE_FIFTHS  THREE_QUARTERS  TWO_FIFTHS  TWO_QUARTERS  TWO_THIRDS  ZERO  String  str  toProperString  toString  boolean  long  numeratorValue  serialVersionUID  int  a1  a2  denom  denom0  denom1  denom2  denominator  gcd  hashCode  i  numer  numer0  numer1  numer2  numerator  pos  sign  whole  wholeNumber  	projects/Lang49/src/java/org/apache/commons/lang/math/Fraction.java	1.0	466	466	1	add	int  gcd  =  greatestCommonDivisor(Math.abs(numerator  +  1),  denominator  *  denominator);	  int    gcd    =    greatestCommonDivisor(Math.abs(numerator    +    1),    denominator);    	compilable	  [FE]  AssertionFailedError  	11	1	replace
38	[BUG]  [BUGGY]  int  gcd  =  greatestCommonDivisor(Math.abs(numerator  +  1),  denominator  *  denominator);  [FE]  AssertionFailedError  [FE]      AssertionFailedError    [CONTEXT]    public  Fraction  reduce()  {    [BUGGY]  int  gcd  =  greatestCommonDivisor(Math.abs(numerator  +  1),  denominator  *  denominator);  [BUGGY]    if  (gcd  ==  1)  {  return  this;  }  return  Fraction.getFraction(numerator  /  gcd,  denominator  /  gcd);  }  [CLASS]  Fraction  [METHOD]  reduce  [RETURN_TYPE]  Fraction  [VARIABLES]  Fraction  FOUR_FIFTHS  ONE  ONE_FIFTH  ONE_HALF  ONE_QUARTER  ONE_THIRD  THREE_FIFTHS  THREE_QUARTERS  TWO_FIFTHS  TWO_QUARTERS  TWO_THIRDS  ZERO  String  str  toProperString  toString  boolean  long  numeratorValue  serialVersionUID  int  a1  a2  denom  denom0  denom1  denom2  denominator  gcd  hashCode  i  numer  numer0  numer1  numer2  numerator  pos  sign  whole  wholeNumber  	projects/Lang49/src/java/org/apache/commons/lang/math/Fraction.java	1.0	466	466	1	replace	int  gcd  =  greatestCommonDivisor(Math.abs(numerator  +  1),  denominator  *  denominator);	  int    gcd    =    greatestCommonDivisor(Math.abs(numerator    +    1),    denominator);    	compilable	  [FE]  AssertionFailedError  	11	1	replace
39	[BUG]  [BUGGY]  int  gcd  =  greatestCommonDivisor(Math.abs(numerator  +  1),  denominator,  numerator);  [CE]  method  greatestCommonDivisor  in  class  Fraction  cannot  be  applied  to  given  types;  [FE]        AssertionFailedError    [CONTEXT]    public  Fraction  reduce()  {    [BUGGY]  int  gcd  =  greatestCommonDivisor(Math.abs(numerator  +  1),  denominator,  numerator);  [BUGGY]    if  (gcd  ==  1)  {  return  this;  }  return  Fraction.getFraction(numerator  /  gcd,  denominator  /  gcd);  }  [CLASS]  Fraction  [METHOD]  reduce  [RETURN_TYPE]  Fraction  [VARIABLES]  Fraction  FOUR_FIFTHS  ONE  ONE_FIFTH  ONE_HALF  ONE_QUARTER  ONE_THIRD  THREE_FIFTHS  THREE_QUARTERS  TWO_FIFTHS  TWO_QUARTERS  TWO_THIRDS  ZERO  String  str  toProperString  toString  boolean  long  numeratorValue  serialVersionUID  int  a1  a2  denom  denom0  denom1  denom2  denominator  gcd  hashCode  i  numer  numer0  numer1  numer2  numerator  pos  sign  whole  wholeNumber  	projects/Lang49/src/java/org/apache/commons/lang/math/Fraction.java	1.0	466	466	1	replace	int  gcd  =  greatestCommonDivisor(Math.abs(numerator  +  1),  denominator,  numerator);	  int    gcd    =    greatestCommonDivisor(Math.abs(numerator    +    1),    denominator);    	non-compiled	[CE]  method  greatestCommonDivisor  in  class  Fraction  cannot  be  applied  to  given  types;	11	None	replace
40	[BUG]  [BUGGY]  int  numerator  =  Math.min(numerator,  denominator);  [CE]  cannot  find  symbol  gcd  [FE]    AssertionFailedError    [CONTEXT]    public  Fraction  reduce()  {    [BUGGY]  int  numerator  =  Math.min(numerator,  denominator);  [BUGGY]    int  gcd  =  greatestCommonDivisor(Math.abs(numerator),  denominator);  if  (gcd  ==  1)  {  return  this;  }  return  Fraction.getFraction(numerator  /  gcd,  denominator  /  gcd);  }  [CLASS]  Fraction  [METHOD]  reduce  [RETURN_TYPE]  Fraction  [VARIABLES]  Fraction  FOUR_FIFTHS  ONE  ONE_FIFTH  ONE_HALF  ONE_QUARTER  ONE_THIRD  THREE_FIFTHS  THREE_QUARTERS  TWO_FIFTHS  TWO_QUARTERS  TWO_THIRDS  ZERO  String  str  toProperString  toString  boolean  long  numeratorValue  serialVersionUID  int  a1  a2  denom  denom0  denom1  denom2  denominator  gcd  hashCode  i  numer  numer0  numer1  numer2  numerator  pos  sign  whole  wholeNumber  	projects/Lang49/src/java/org/apache/commons/lang/math/Fraction.java	1.0	466	466	1	replace	int  numerator  =  Math.min(numerator,  denominator);	      int    numerator    =    Math.abs(denominator);    	non-compiled	[CE]  cannot  find  symbol  gcd	15	None	replace
41	[BUG]  [BUGGY]  int  numerator  =  getNumber();  [CE]  cannot  find  symbol  [FE]    AssertionFailedError    [CONTEXT]    public  Fraction  reduce()  {    [BUGGY]  int  numerator  =  getNumber();  [BUGGY]    int  gcd  =  greatestCommonDivisor(Math.abs(numerator),  denominator);  if  (gcd  ==  1)  {  return  this;  }  return  Fraction.getFraction(numerator  /  gcd,  denominator  /  gcd);  }  [CLASS]  Fraction  [METHOD]  reduce  [RETURN_TYPE]  Fraction  [VARIABLES]  Fraction  FOUR_FIFTHS  ONE  ONE_FIFTH  ONE_HALF  ONE_QUARTER  ONE_THIRD  THREE_FIFTHS  THREE_QUARTERS  TWO_FIFTHS  TWO_QUARTERS  TWO_THIRDS  ZERO  String  str  toProperString  toString  boolean  long  numeratorValue  serialVersionUID  int  a1  a2  denom  denom0  denom1  denom2  denominator  gcd  hashCode  i  numer  numer0  numer1  numer2  numerator  pos  sign  whole  wholeNumber  	projects/Lang49/src/java/org/apache/commons/lang/math/Fraction.java	1.0	466	466	1	replace	int  numerator  =  getNumber();	      int    numerator    =    getNumerator();    	non-compiled	[CE]  cannot  find  symbol	17	None	replace
42	[BUG]  [BUGGY]  int  numerator  =  getDenominator();  [CE]  cannot  find  symbol  gcd  [FE]      AssertionFailedError    [CONTEXT]    public  Fraction  reduce()  {    [BUGGY]  int  numerator  =  getDenominator();  [BUGGY]    int  gcd  =  greatestCommonDivisor(Math.abs(numerator),  denominator);  if  (gcd  ==  1)  {  return  this;  }  return  Fraction.getFraction(numerator  /  gcd,  denominator  /  gcd);  }  [CLASS]  Fraction  [METHOD]  reduce  [RETURN_TYPE]  Fraction  [VARIABLES]  Fraction  FOUR_FIFTHS  ONE  ONE_FIFTH  ONE_HALF  ONE_QUARTER  ONE_THIRD  THREE_FIFTHS  THREE_QUARTERS  TWO_FIFTHS  TWO_QUARTERS  TWO_THIRDS  ZERO  String  str  toProperString  toString  boolean  long  numeratorValue  serialVersionUID  int  a1  a2  denom  denom0  denom1  denom2  denominator  gcd  hashCode  i  numer  numer0  numer1  numer2  numerator  pos  sign  whole  wholeNumber  	projects/Lang49/src/java/org/apache/commons/lang/math/Fraction.java	1.0	466	466	1	replace	int  numerator  =  getDenominator();	      int    numerator    =    getNumerator();    	non-compiled	[CE]  cannot  find  symbol  gcd	17	None	replace
43	[BUG]  [BUGGY]  int  numerator  =  getCommonDivisor();  [CE]  cannot  find  symbol  [FE]        AssertionFailedError    [CONTEXT]    public  Fraction  reduce()  {    [BUGGY]  int  numerator  =  getCommonDivisor();  [BUGGY]    int  gcd  =  greatestCommonDivisor(Math.abs(numerator),  denominator);  if  (gcd  ==  1)  {  return  this;  }  return  Fraction.getFraction(numerator  /  gcd,  denominator  /  gcd);  }  [CLASS]  Fraction  [METHOD]  reduce  [RETURN_TYPE]  Fraction  [VARIABLES]  Fraction  FOUR_FIFTHS  ONE  ONE_FIFTH  ONE_HALF  ONE_QUARTER  ONE_THIRD  THREE_FIFTHS  THREE_QUARTERS  TWO_FIFTHS  TWO_QUARTERS  TWO_THIRDS  ZERO  String  str  toProperString  toString  boolean  long  numeratorValue  serialVersionUID  int  a1  a2  denom  denom0  denom1  denom2  denominator  gcd  hashCode  i  numer  numer0  numer1  numer2  numerator  pos  sign  whole  wholeNumber  	projects/Lang49/src/java/org/apache/commons/lang/math/Fraction.java	1.0	466	466	1	replace	int  numerator  =  getCommonDivisor();	      int    numerator    =    getNumerator();    	non-compiled	[CE]  cannot  find  symbol	17	None	replace
44	[BUG]  [BUGGY]  int  pos  =  Math.min(numerator,  denominator);  [CE]  cannot  find  symbol  gcd  [FE]    AssertionFailedError    [CONTEXT]    public  Fraction  reduce()  {    [BUGGY]  int  pos  =  Math.min(numerator,  denominator);  [BUGGY]    int  gcd  =  greatestCommonDivisor(Math.abs(numerator),  denominator);  if  (gcd  ==  1)  {  return  this;  }  return  Fraction.getFraction(numerator  /  gcd,  denominator  /  gcd);  }  [CLASS]  Fraction  [METHOD]  reduce  [RETURN_TYPE]  Fraction  [VARIABLES]  Fraction  FOUR_FIFTHS  ONE  ONE_FIFTH  ONE_HALF  ONE_QUARTER  ONE_THIRD  THREE_FIFTHS  THREE_QUARTERS  TWO_FIFTHS  TWO_QUARTERS  TWO_THIRDS  ZERO  String  str  toProperString  toString  boolean  long  numeratorValue  serialVersionUID  int  a1  a2  denom  denom0  denom1  denom2  denominator  gcd  hashCode  i  numer  numer0  numer1  numer2  numerator  pos  sign  whole  wholeNumber  	projects/Lang49/src/java/org/apache/commons/lang/math/Fraction.java	1.0	466	466	1	replace	int  pos  =  Math.min(numerator,  denominator);	      int    pos    =    Math.abs(numerator);    	non-compiled	[CE]  cannot  find  symbol  gcd	6	None	replace
45	[BUG]  [BUGGY]  int  pos  =  Math.abs(numerator  +  1);  [CE]  cannot  find  symbol  gcd  [FE]      AssertionFailedError    [CONTEXT]    public  Fraction  reduce()  {    [BUGGY]  int  pos  =  Math.abs(numerator  +  1);  [BUGGY]    int  gcd  =  greatestCommonDivisor(Math.abs(numerator),  denominator);  if  (gcd  ==  1)  {  return  this;  }  return  Fraction.getFraction(numerator  /  gcd,  denominator  /  gcd);  }  [CLASS]  Fraction  [METHOD]  reduce  [RETURN_TYPE]  Fraction  [VARIABLES]  Fraction  FOUR_FIFTHS  ONE  ONE_FIFTH  ONE_HALF  ONE_QUARTER  ONE_THIRD  THREE_FIFTHS  THREE_QUARTERS  TWO_FIFTHS  TWO_QUARTERS  TWO_THIRDS  ZERO  String  str  toProperString  toString  boolean  long  numeratorValue  serialVersionUID  int  a1  a2  denom  denom0  denom1  denom2  denominator  gcd  hashCode  i  numer  numer0  numer1  numer2  numerator  pos  sign  whole  wholeNumber  	projects/Lang49/src/java/org/apache/commons/lang/math/Fraction.java	1.0	466	466	1	replace	int  pos  =  Math.abs(numerator  +  1);	      int    pos    =    Math.abs(numerator);    	non-compiled	[CE]  cannot  find  symbol  gcd	6	None	replace
46	[BUG]  [BUGGY]  int  pos  =  Math.max(numerator,  denominator);  [CE]  cannot  find  symbol  gcd  [FE]        AssertionFailedError    [CONTEXT]    public  Fraction  reduce()  {    [BUGGY]  int  pos  =  Math.max(numerator,  denominator);  [BUGGY]    int  gcd  =  greatestCommonDivisor(Math.abs(numerator),  denominator);  if  (gcd  ==  1)  {  return  this;  }  return  Fraction.getFraction(numerator  /  gcd,  denominator  /  gcd);  }  [CLASS]  Fraction  [METHOD]  reduce  [RETURN_TYPE]  Fraction  [VARIABLES]  Fraction  FOUR_FIFTHS  ONE  ONE_FIFTH  ONE_HALF  ONE_QUARTER  ONE_THIRD  THREE_FIFTHS  THREE_QUARTERS  TWO_FIFTHS  TWO_QUARTERS  TWO_THIRDS  ZERO  String  str  toProperString  toString  boolean  long  numeratorValue  serialVersionUID  int  a1  a2  denom  denom0  denom1  denom2  denominator  gcd  hashCode  i  numer  numer0  numer1  numer2  numerator  pos  sign  whole  wholeNumber  	projects/Lang49/src/java/org/apache/commons/lang/math/Fraction.java	1.0	466	466	1	replace	int  pos  =  Math.max(numerator,  denominator);	      int    pos    =    Math.abs(numerator);    	non-compiled	[CE]  cannot  find  symbol  gcd	6	None	replace
47	[BUG]  [BUGGY]  int  pos  =  Math.abs(numerator  -  1);  [CE]  cannot  find  symbol  gcd  [FE]          AssertionFailedError    [CONTEXT]    public  Fraction  reduce()  {    [BUGGY]  int  pos  =  Math.abs(numerator  -  1);  [BUGGY]    int  gcd  =  greatestCommonDivisor(Math.abs(numerator),  denominator);  if  (gcd  ==  1)  {  return  this;  }  return  Fraction.getFraction(numerator  /  gcd,  denominator  /  gcd);  }  [CLASS]  Fraction  [METHOD]  reduce  [RETURN_TYPE]  Fraction  [VARIABLES]  Fraction  FOUR_FIFTHS  ONE  ONE_FIFTH  ONE_HALF  ONE_QUARTER  ONE_THIRD  THREE_FIFTHS  THREE_QUARTERS  TWO_FIFTHS  TWO_QUARTERS  TWO_THIRDS  ZERO  String  str  toProperString  toString  boolean  long  numeratorValue  serialVersionUID  int  a1  a2  denom  denom0  denom1  denom2  denominator  gcd  hashCode  i  numer  numer0  numer1  numer2  numerator  pos  sign  whole  wholeNumber  	projects/Lang49/src/java/org/apache/commons/lang/math/Fraction.java	1.0	466	466	1	replace	int  pos  =  Math.abs(numerator  -  1);	      int    pos    =    Math.abs(numerator);    	non-compiled	[CE]  cannot  find  symbol  gcd	6	None	replace
48	[BUG]  [BUGGY]  float  numerator  =  greatestCommonDivisor(Math.abs(numerator));  [CE]  method  greatestCommonDivisor  in  class  Fraction  cannot  be  applied  to  given  types;  [FE]          AssertionFailedError    [CONTEXT]    public  Fraction  reduce()  {    [BUGGY]  float  numerator  =  greatestCommonDivisor(Math.abs(numerator));  [BUGGY]    int  gcd  =  greatestCommonDivisor(Math.abs(numerator),  denominator);  if  (gcd  ==  1)  {  return  this;  }  return  Fraction.getFraction(numerator  /  gcd,  denominator  /  gcd);  }  [CLASS]  Fraction  [METHOD]  reduce  [RETURN_TYPE]  Fraction  [VARIABLES]  Fraction  FOUR_FIFTHS  ONE  ONE_FIFTH  ONE_HALF  ONE_QUARTER  ONE_THIRD  THREE_FIFTHS  THREE_QUARTERS  TWO_FIFTHS  TWO_QUARTERS  TWO_THIRDS  ZERO  String  str  toProperString  toString  boolean  long  numeratorValue  serialVersionUID  int  a1  a2  denom  denom0  denom1  denom2  denominator  gcd  hashCode  i  numer  numer0  numer1  numer2  numerator  pos  sign  whole  wholeNumber  	projects/Lang49/src/java/org/apache/commons/lang/math/Fraction.java	1.0	466	466	1	replace	float  numerator  =  greatestCommonDivisor(Math.abs(numerator));	      int    numerator    =    greatestCommonDivisor(Math.abs(numerator));    	non-compiled	[CE]  method  greatestCommonDivisor  in  class  Fraction  cannot  be  applied  to  given  types;	19	None	replace
49	[BUG]  [BUGGY]  long  numerator  =  greatestCommonDivisor(Math.abs(numerator));  [CE]  method  greatestCommonDivisor  in  class  Fraction  cannot  be  applied  to  given  types;  [FE]            AssertionFailedError    [CONTEXT]    public  Fraction  reduce()  {    [BUGGY]  long  numerator  =  greatestCommonDivisor(Math.abs(numerator));  [BUGGY]    int  gcd  =  greatestCommonDivisor(Math.abs(numerator),  denominator);  if  (gcd  ==  1)  {  return  this;  }  return  Fraction.getFraction(numerator  /  gcd,  denominator  /  gcd);  }  [CLASS]  Fraction  [METHOD]  reduce  [RETURN_TYPE]  Fraction  [VARIABLES]  Fraction  FOUR_FIFTHS  ONE  ONE_FIFTH  ONE_HALF  ONE_QUARTER  ONE_THIRD  THREE_FIFTHS  THREE_QUARTERS  TWO_FIFTHS  TWO_QUARTERS  TWO_THIRDS  ZERO  String  str  toProperString  toString  boolean  long  numeratorValue  serialVersionUID  int  a1  a2  denom  denom0  denom1  denom2  denominator  gcd  hashCode  i  numer  numer0  numer1  numer2  numerator  pos  sign  whole  wholeNumber  	projects/Lang49/src/java/org/apache/commons/lang/math/Fraction.java	1.0	466	466	1	replace	long  numerator  =  greatestCommonDivisor(Math.abs(numerator));	      int    numerator    =    greatestCommonDivisor(Math.abs(numerator));    	non-compiled	[CE]  method  greatestCommonDivisor  in  class  Fraction  cannot  be  applied  to  given  types;	19	None	replace
50	[BUG]  [BUGGY]  int  numerator  =  greatestCommonDivisor(Math.abs(numerator,  denominator));  [CE]  no  suitable  method  found  for  abs(int,int)  [FE]              AssertionFailedError    [CONTEXT]    public  Fraction  reduce()  {    [BUGGY]  int  numerator  =  greatestCommonDivisor(Math.abs(numerator,  denominator));  [BUGGY]    int  gcd  =  greatestCommonDivisor(Math.abs(numerator),  denominator);  if  (gcd  ==  1)  {  return  this;  }  return  Fraction.getFraction(numerator  /  gcd,  denominator  /  gcd);  }  [CLASS]  Fraction  [METHOD]  reduce  [RETURN_TYPE]  Fraction  [VARIABLES]  Fraction  FOUR_FIFTHS  ONE  ONE_FIFTH  ONE_HALF  ONE_QUARTER  ONE_THIRD  THREE_FIFTHS  THREE_QUARTERS  TWO_FIFTHS  TWO_QUARTERS  TWO_THIRDS  ZERO  String  str  toProperString  toString  boolean  long  numeratorValue  serialVersionUID  int  a1  a2  denom  denom0  denom1  denom2  denominator  gcd  hashCode  i  numer  numer0  numer1  numer2  numerator  pos  sign  whole  wholeNumber  	projects/Lang49/src/java/org/apache/commons/lang/math/Fraction.java	1.0	466	466	1	replace	int  numerator  =  greatestCommonDivisor(Math.abs(numerator,  denominator));	      int    numerator    =    greatestCommonDivisor(Math.abs(numerator));    	non-compiled	[CE]  no  suitable  method  found  for  abs(int,int)	19	None	replace
51	[BUG]  [BUGGY]  int  denominator  =  Math.abs(denominator  -  1);  [CE]  cannot  find  symbol  gcd  [FE]            AssertionFailedError    [CONTEXT]    public  Fraction  reduce()  {    [BUGGY]  int  denominator  =  Math.abs(denominator  -  1);  [BUGGY]    int  gcd  =  greatestCommonDivisor(Math.abs(numerator),  denominator);  if  (gcd  ==  1)  {  return  this;  }  return  Fraction.getFraction(numerator  /  gcd,  denominator  /  gcd);  }  [CLASS]  Fraction  [METHOD]  reduce  [RETURN_TYPE]  Fraction  [VARIABLES]  Fraction  FOUR_FIFTHS  ONE  ONE_FIFTH  ONE_HALF  ONE_QUARTER  ONE_THIRD  THREE_FIFTHS  THREE_QUARTERS  TWO_FIFTHS  TWO_QUARTERS  TWO_THIRDS  ZERO  String  str  toProperString  toString  boolean  long  numeratorValue  serialVersionUID  int  a1  a2  denom  denom0  denom1  denom2  denominator  gcd  hashCode  i  numer  numer0  numer1  numer2  numerator  pos  sign  whole  wholeNumber  	projects/Lang49/src/java/org/apache/commons/lang/math/Fraction.java	1.0	466	466	1	replace	int  denominator  =  Math.abs(denominator  -  1);	      int    denominator    =    Math.abs(denominator);    	non-compiled	[CE]  cannot  find  symbol  gcd	4	None	replace
52	[BUG]  [BUGGY]  int  denominator  =  Math.abs(denominator  *  denominator);  [CE]  cannot  find  symbol  gcd  [FE]              AssertionFailedError    [CONTEXT]    public  Fraction  reduce()  {    [BUGGY]  int  denominator  =  Math.abs(denominator  *  denominator);  [BUGGY]    int  gcd  =  greatestCommonDivisor(Math.abs(numerator),  denominator);  if  (gcd  ==  1)  {  return  this;  }  return  Fraction.getFraction(numerator  /  gcd,  denominator  /  gcd);  }  [CLASS]  Fraction  [METHOD]  reduce  [RETURN_TYPE]  Fraction  [VARIABLES]  Fraction  FOUR_FIFTHS  ONE  ONE_FIFTH  ONE_HALF  ONE_QUARTER  ONE_THIRD  THREE_FIFTHS  THREE_QUARTERS  TWO_FIFTHS  TWO_QUARTERS  TWO_THIRDS  ZERO  String  str  toProperString  toString  boolean  long  numeratorValue  serialVersionUID  int  a1  a2  denom  denom0  denom1  denom2  denominator  gcd  hashCode  i  numer  numer0  numer1  numer2  numerator  pos  sign  whole  wholeNumber  	projects/Lang49/src/java/org/apache/commons/lang/math/Fraction.java	1.0	466	466	1	replace	int  denominator  =  Math.abs(denominator  *  denominator);	      int    denominator    =    Math.abs(denominator);    	non-compiled	[CE]  cannot  find  symbol  gcd	4	None	replace
53	[BUG]  [BUGGY]      int  a1  =  Math.abs(numerator);  int  a1  =  Math.abs(numerator);  [CE]  variable  a1  is  already  defined  in  method  reduce()  [FE]    AssertionFailedError    [CONTEXT]    public  Fraction  reduce()  {    [BUGGY]      int  a1  =  Math.abs(numerator);  int  a1  =  Math.abs(numerator);  [BUGGY]    int  gcd  =  greatestCommonDivisor(Math.abs(numerator),  denominator);  if  (gcd  ==  1)  {  return  this;  }  return  Fraction.getFraction(numerator  /  gcd,  denominator  /  gcd);  }  [CLASS]  Fraction  [METHOD]  reduce  [RETURN_TYPE]  Fraction  [VARIABLES]  Fraction  FOUR_FIFTHS  ONE  ONE_FIFTH  ONE_HALF  ONE_QUARTER  ONE_THIRD  THREE_FIFTHS  THREE_QUARTERS  TWO_FIFTHS  TWO_QUARTERS  TWO_THIRDS  ZERO  String  str  toProperString  toString  boolean  long  numeratorValue  serialVersionUID  int  a1  a2  denom  denom0  denom1  denom2  denominator  gcd  hashCode  i  numer  numer0  numer1  numer2  numerator  pos  sign  whole  wholeNumber  	projects/Lang49/src/java/org/apache/commons/lang/math/Fraction.java	1.0	466	466	1	replace	        int    a1    =    Math.abs(numerator);    int  a1  =  Math.abs(numerator);	  	non-compiled	[CE]  variable  a1  is  already  defined  in  method  reduce()	7	None	add
54	[BUG]  [BUGGY]  [FE]  AssertionFailedError  [FE]      AssertionFailedError    [CONTEXT]    public  Fraction  reduce()  {    [BUGGY]      int  a1  =  Math.abs(numerator);  int  a2  =  Math.abs(numerator);  [BUGGY]    int  gcd  =  greatestCommonDivisor(Math.abs(numerator),  denominator);  if  (gcd  ==  1)  {  return  this;  }  return  Fraction.getFraction(numerator  /  gcd,  denominator  /  gcd);  }  [CLASS]  Fraction  [METHOD]  reduce  [RETURN_TYPE]  Fraction  [VARIABLES]  Fraction  FOUR_FIFTHS  ONE  ONE_FIFTH  ONE_HALF  ONE_QUARTER  ONE_THIRD  THREE_FIFTHS  THREE_QUARTERS  TWO_FIFTHS  TWO_QUARTERS  TWO_THIRDS  ZERO  String  str  toProperString  toString  boolean  long  numeratorValue  serialVersionUID  int  a1  a2  denom  denom0  denom1  denom2  denominator  gcd  hashCode  i  numer  numer0  numer1  numer2  numerator  pos  sign  whole  wholeNumber  	projects/Lang49/src/java/org/apache/commons/lang/math/Fraction.java	1.0	466	466	1	add	        int    a1    =    Math.abs(numerator);    int  a2  =  Math.abs(numerator);	  	compilable	  [FE]  AssertionFailedError  	7	1	add
55	[BUG]  [BUGGY]      int  a1  =  Math.abs(numerator);  int  a2  =  Math.abs(numerator);  [FE]  AssertionFailedError  [FE]      AssertionFailedError    [CONTEXT]    public  Fraction  reduce()  {    [BUGGY]      int  a1  =  Math.abs(numerator);  int  a2  =  Math.abs(numerator);  [BUGGY]    int  gcd  =  greatestCommonDivisor(Math.abs(numerator),  denominator);  if  (gcd  ==  1)  {  return  this;  }  return  Fraction.getFraction(numerator  /  gcd,  denominator  /  gcd);  }  [CLASS]  Fraction  [METHOD]  reduce  [RETURN_TYPE]  Fraction  [VARIABLES]  Fraction  FOUR_FIFTHS  ONE  ONE_FIFTH  ONE_HALF  ONE_QUARTER  ONE_THIRD  THREE_FIFTHS  THREE_QUARTERS  TWO_FIFTHS  TWO_QUARTERS  TWO_THIRDS  ZERO  String  str  toProperString  toString  boolean  long  numeratorValue  serialVersionUID  int  a1  a2  denom  denom0  denom1  denom2  denominator  gcd  hashCode  i  numer  numer0  numer1  numer2  numerator  pos  sign  whole  wholeNumber  	projects/Lang49/src/java/org/apache/commons/lang/math/Fraction.java	1.0	466	466	1	replace	        int    a1    =    Math.abs(numerator);    int  a2  =  Math.abs(numerator);	  	compilable	  [FE]  AssertionFailedError  	7	1	add
56	[BUG]  [BUGGY]      int  a1  =  Math.abs(numerator);  int  a1  =  Math.abs(denominator);  [CE]  variable  a1  is  already  defined  in  method  reduce()  [FE]        AssertionFailedError    [CONTEXT]    public  Fraction  reduce()  {    [BUGGY]      int  a1  =  Math.abs(numerator);  int  a1  =  Math.abs(denominator);  [BUGGY]    int  gcd  =  greatestCommonDivisor(Math.abs(numerator),  denominator);  if  (gcd  ==  1)  {  return  this;  }  return  Fraction.getFraction(numerator  /  gcd,  denominator  /  gcd);  }  [CLASS]  Fraction  [METHOD]  reduce  [RETURN_TYPE]  Fraction  [VARIABLES]  Fraction  FOUR_FIFTHS  ONE  ONE_FIFTH  ONE_HALF  ONE_QUARTER  ONE_THIRD  THREE_FIFTHS  THREE_QUARTERS  TWO_FIFTHS  TWO_QUARTERS  TWO_THIRDS  ZERO  String  str  toProperString  toString  boolean  long  numeratorValue  serialVersionUID  int  a1  a2  denom  denom0  denom1  denom2  denominator  gcd  hashCode  i  numer  numer0  numer1  numer2  numerator  pos  sign  whole  wholeNumber  	projects/Lang49/src/java/org/apache/commons/lang/math/Fraction.java	1.0	466	466	1	replace	        int    a1    =    Math.abs(numerator);    int  a1  =  Math.abs(denominator);	  	non-compiled	[CE]  variable  a1  is  already  defined  in  method  reduce()	7	None	add
57	[BUG]  [BUGGY]  int  a1  =  Math.min(numerator,  denominator);  [CE]  cannot  find  symbol  gcd  [FE]    AssertionFailedError    [CONTEXT]    public  Fraction  reduce()  {    [BUGGY]  int  a1  =  Math.min(numerator,  denominator);  [BUGGY]    int  gcd  =  greatestCommonDivisor(Math.abs(numerator),  denominator);  if  (gcd  ==  1)  {  return  this;  }  return  Fraction.getFraction(numerator  /  gcd,  denominator  /  gcd);  }  [CLASS]  Fraction  [METHOD]  reduce  [RETURN_TYPE]  Fraction  [VARIABLES]  Fraction  FOUR_FIFTHS  ONE  ONE_FIFTH  ONE_HALF  ONE_QUARTER  ONE_THIRD  THREE_FIFTHS  THREE_QUARTERS  TWO_FIFTHS  TWO_QUARTERS  TWO_THIRDS  ZERO  String  str  toProperString  toString  boolean  long  numeratorValue  serialVersionUID  int  a1  a2  denom  denom0  denom1  denom2  denominator  gcd  hashCode  i  numer  numer0  numer1  numer2  numerator  pos  sign  whole  wholeNumber  	projects/Lang49/src/java/org/apache/commons/lang/math/Fraction.java	1.0	466	466	1	replace	int  a1  =  Math.min(numerator,  denominator);	      int    a1    =    Math.abs(numerator);    	non-compiled	[CE]  cannot  find  symbol  gcd	8	None	replace
58	[BUG]  [BUGGY]  int  a1  =  Math.abs(numerator  +  1);  [CE]  cannot  find  symbol  gcd  [FE]      AssertionFailedError    [CONTEXT]    public  Fraction  reduce()  {    [BUGGY]  int  a1  =  Math.abs(numerator  +  1);  [BUGGY]    int  gcd  =  greatestCommonDivisor(Math.abs(numerator),  denominator);  if  (gcd  ==  1)  {  return  this;  }  return  Fraction.getFraction(numerator  /  gcd,  denominator  /  gcd);  }  [CLASS]  Fraction  [METHOD]  reduce  [RETURN_TYPE]  Fraction  [VARIABLES]  Fraction  FOUR_FIFTHS  ONE  ONE_FIFTH  ONE_HALF  ONE_QUARTER  ONE_THIRD  THREE_FIFTHS  THREE_QUARTERS  TWO_FIFTHS  TWO_QUARTERS  TWO_THIRDS  ZERO  String  str  toProperString  toString  boolean  long  numeratorValue  serialVersionUID  int  a1  a2  denom  denom0  denom1  denom2  denominator  gcd  hashCode  i  numer  numer0  numer1  numer2  numerator  pos  sign  whole  wholeNumber  	projects/Lang49/src/java/org/apache/commons/lang/math/Fraction.java	1.0	466	466	1	replace	int  a1  =  Math.abs(numerator  +  1);	      int    a1    =    Math.abs(numerator);    	non-compiled	[CE]  cannot  find  symbol  gcd	8	None	replace
59	[BUG]  [BUGGY]  int  a1  =  Math.abs(numerator  +  1,  denominator);  [CE]  no  suitable  method  found  for  abs(int,int)  [FE]        AssertionFailedError    [CONTEXT]    public  Fraction  reduce()  {    [BUGGY]  int  a1  =  Math.abs(numerator  +  1,  denominator);  [BUGGY]    int  gcd  =  greatestCommonDivisor(Math.abs(numerator),  denominator);  if  (gcd  ==  1)  {  return  this;  }  return  Fraction.getFraction(numerator  /  gcd,  denominator  /  gcd);  }  [CLASS]  Fraction  [METHOD]  reduce  [RETURN_TYPE]  Fraction  [VARIABLES]  Fraction  FOUR_FIFTHS  ONE  ONE_FIFTH  ONE_HALF  ONE_QUARTER  ONE_THIRD  THREE_FIFTHS  THREE_QUARTERS  TWO_FIFTHS  TWO_QUARTERS  TWO_THIRDS  ZERO  String  str  toProperString  toString  boolean  long  numeratorValue  serialVersionUID  int  a1  a2  denom  denom0  denom1  denom2  denominator  gcd  hashCode  i  numer  numer0  numer1  numer2  numerator  pos  sign  whole  wholeNumber  	projects/Lang49/src/java/org/apache/commons/lang/math/Fraction.java	1.0	466	466	1	replace	int  a1  =  Math.abs(numerator  +  1,  denominator);	      int    a1    =    Math.abs(numerator);    	non-compiled	[CE]  no  suitable  method  found  for  abs(int,int)	8	None	replace
60	[BUG]  [BUGGY]  int  a1  =  Math.abs(numerator  -  1);  [CE]  cannot  find  symbol  gcd  [FE]          AssertionFailedError    [CONTEXT]    public  Fraction  reduce()  {    [BUGGY]  int  a1  =  Math.abs(numerator  -  1);  [BUGGY]    int  gcd  =  greatestCommonDivisor(Math.abs(numerator),  denominator);  if  (gcd  ==  1)  {  return  this;  }  return  Fraction.getFraction(numerator  /  gcd,  denominator  /  gcd);  }  [CLASS]  Fraction  [METHOD]  reduce  [RETURN_TYPE]  Fraction  [VARIABLES]  Fraction  FOUR_FIFTHS  ONE  ONE_FIFTH  ONE_HALF  ONE_QUARTER  ONE_THIRD  THREE_FIFTHS  THREE_QUARTERS  TWO_FIFTHS  TWO_QUARTERS  TWO_THIRDS  ZERO  String  str  toProperString  toString  boolean  long  numeratorValue  serialVersionUID  int  a1  a2  denom  denom0  denom1  denom2  denominator  gcd  hashCode  i  numer  numer0  numer1  numer2  numerator  pos  sign  whole  wholeNumber  	projects/Lang49/src/java/org/apache/commons/lang/math/Fraction.java	1.0	466	466	1	replace	int  a1  =  Math.abs(numerator  -  1);	      int    a1    =    Math.abs(numerator);    	non-compiled	[CE]  cannot  find  symbol  gcd	8	None	replace
61	[BUG]  [BUGGY]  int  numerator  =  greatestCommonDivisor(Math.abs(denominator),  denominator);  [CE]  cannot  find  symbol  gcd  [FE]        AssertionFailedError    [CONTEXT]    public  Fraction  reduce()  {    [BUGGY]  int  numerator  =  greatestCommonDivisor(Math.abs(denominator),  denominator);  [BUGGY]    int  gcd  =  greatestCommonDivisor(Math.abs(numerator),  denominator);  if  (gcd  ==  1)  {  return  this;  }  return  Fraction.getFraction(numerator  /  gcd,  denominator  /  gcd);  }  [CLASS]  Fraction  [METHOD]  reduce  [RETURN_TYPE]  Fraction  [VARIABLES]  Fraction  FOUR_FIFTHS  ONE  ONE_FIFTH  ONE_HALF  ONE_QUARTER  ONE_THIRD  THREE_FIFTHS  THREE_QUARTERS  TWO_FIFTHS  TWO_QUARTERS  TWO_THIRDS  ZERO  String  str  toProperString  toString  boolean  long  numeratorValue  serialVersionUID  int  a1  a2  denom  denom0  denom1  denom2  denominator  gcd  hashCode  i  numer  numer0  numer1  numer2  numerator  pos  sign  whole  wholeNumber  	projects/Lang49/src/java/org/apache/commons/lang/math/Fraction.java	1.0	466	466	1	replace	int  numerator  =  greatestCommonDivisor(Math.abs(denominator),  denominator);	      int    numerator    =    greatestCommonDivisor(Math.abs(numerator),    denominator);    	non-compiled	[CE]  cannot  find  symbol  gcd	18	None	replace
62	[BUG]  [BUGGY]  int  gcd  =  greatestCommonDivisor(Math.abs(numerator),  denominator,  numerator,  hashCode);  [CE]  method  greatestCommonDivisor  in  class  Fraction  cannot  be  applied  to  given  types;  [FE]            AssertionFailedError    [CONTEXT]    public  Fraction  reduce()  {    [BUGGY]  int  gcd  =  greatestCommonDivisor(Math.abs(numerator),  denominator,  numerator,  hashCode);  [BUGGY]    if  (gcd  ==  1)  {  return  this;  }  return  Fraction.getFraction(numerator  /  gcd,  denominator  /  gcd);  }  [CLASS]  Fraction  [METHOD]  reduce  [RETURN_TYPE]  Fraction  [VARIABLES]  Fraction  FOUR_FIFTHS  ONE  ONE_FIFTH  ONE_HALF  ONE_QUARTER  ONE_THIRD  THREE_FIFTHS  THREE_QUARTERS  TWO_FIFTHS  TWO_QUARTERS  TWO_THIRDS  ZERO  String  str  toProperString  toString  boolean  long  numeratorValue  serialVersionUID  int  a1  a2  denom  denom0  denom1  denom2  denominator  gcd  hashCode  i  numer  numer0  numer1  numer2  numerator  pos  sign  whole  wholeNumber  	projects/Lang49/src/java/org/apache/commons/lang/math/Fraction.java	1.0	466	466	1	replace	int  gcd  =  greatestCommonDivisor(Math.abs(numerator),  denominator,  numerator,  hashCode);	  int    gcd    =    greatestCommonDivisor(Math.abs(numerator),    denominator,    numerator);    	non-compiled	[CE]  method  greatestCommonDivisor  in  class  Fraction  cannot  be  applied  to  given  types;	12	None	replace
63	[BUG]  [BUGGY]  int  gcd  =  greatestCommonDivisor(Math.abs(numerator),  denominator,  numerator,  toProperString);  [CE]  method  greatestCommonDivisor  in  class  Fraction  cannot  be  applied  to  given  types;  [FE]              AssertionFailedError    [CONTEXT]    public  Fraction  reduce()  {    [BUGGY]  int  gcd  =  greatestCommonDivisor(Math.abs(numerator),  denominator,  numerator,  toProperString);  [BUGGY]    if  (gcd  ==  1)  {  return  this;  }  return  Fraction.getFraction(numerator  /  gcd,  denominator  /  gcd);  }  [CLASS]  Fraction  [METHOD]  reduce  [RETURN_TYPE]  Fraction  [VARIABLES]  Fraction  FOUR_FIFTHS  ONE  ONE_FIFTH  ONE_HALF  ONE_QUARTER  ONE_THIRD  THREE_FIFTHS  THREE_QUARTERS  TWO_FIFTHS  TWO_QUARTERS  TWO_THIRDS  ZERO  String  str  toProperString  toString  boolean  long  numeratorValue  serialVersionUID  int  a1  a2  denom  denom0  denom1  denom2  denominator  gcd  hashCode  i  numer  numer0  numer1  numer2  numerator  pos  sign  whole  wholeNumber  	projects/Lang49/src/java/org/apache/commons/lang/math/Fraction.java	1.0	466	466	1	replace	int  gcd  =  greatestCommonDivisor(Math.abs(numerator),  denominator,  numerator,  toProperString);	  int    gcd    =    greatestCommonDivisor(Math.abs(numerator),    denominator,    numerator);    	non-compiled	[CE]  method  greatestCommonDivisor  in  class  Fraction  cannot  be  applied  to  given  types;	12	None	replace
64	[BUG]  [BUGGY]  int  gcd  =  greatestCommonDivisor(Math.abs(numerator),  denominator,  numerator,  sign);  [CE]  cannot  find  symbol  sign  [FE]                AssertionFailedError    [CONTEXT]    public  Fraction  reduce()  {    [BUGGY]  int  gcd  =  greatestCommonDivisor(Math.abs(numerator),  denominator,  numerator,  sign);  [BUGGY]    if  (gcd  ==  1)  {  return  this;  }  return  Fraction.getFraction(numerator  /  gcd,  denominator  /  gcd);  }  [CLASS]  Fraction  [METHOD]  reduce  [RETURN_TYPE]  Fraction  [VARIABLES]  Fraction  FOUR_FIFTHS  ONE  ONE_FIFTH  ONE_HALF  ONE_QUARTER  ONE_THIRD  THREE_FIFTHS  THREE_QUARTERS  TWO_FIFTHS  TWO_QUARTERS  TWO_THIRDS  ZERO  String  str  toProperString  toString  boolean  long  numeratorValue  serialVersionUID  int  a1  a2  denom  denom0  denom1  denom2  denominator  gcd  hashCode  i  numer  numer0  numer1  numer2  numerator  pos  sign  whole  wholeNumber  	projects/Lang49/src/java/org/apache/commons/lang/math/Fraction.java	1.0	466	466	1	replace	int  gcd  =  greatestCommonDivisor(Math.abs(numerator),  denominator,  numerator,  sign);	  int    gcd    =    greatestCommonDivisor(Math.abs(numerator),    denominator,    numerator);    	non-compiled	[CE]  cannot  find  symbol  sign	12	None	replace
65	[BUG]  [BUGGY]  float  gcd  =  greatestCommonDivisor(Math.abs(numerator),  denominator,  numerator);  [CE]  method  greatestCommonDivisor  in  class  Fraction  cannot  be  applied  to  given  types;  [FE]                  AssertionFailedError    [CONTEXT]    public  Fraction  reduce()  {    [BUGGY]  float  gcd  =  greatestCommonDivisor(Math.abs(numerator),  denominator,  numerator);  [BUGGY]    if  (gcd  ==  1)  {  return  this;  }  return  Fraction.getFraction(numerator  /  gcd,  denominator  /  gcd);  }  [CLASS]  Fraction  [METHOD]  reduce  [RETURN_TYPE]  Fraction  [VARIABLES]  Fraction  FOUR_FIFTHS  ONE  ONE_FIFTH  ONE_HALF  ONE_QUARTER  ONE_THIRD  THREE_FIFTHS  THREE_QUARTERS  TWO_FIFTHS  TWO_QUARTERS  TWO_THIRDS  ZERO  String  str  toProperString  toString  boolean  long  numeratorValue  serialVersionUID  int  a1  a2  denom  denom0  denom1  denom2  denominator  gcd  hashCode  i  numer  numer0  numer1  numer2  numerator  pos  sign  whole  wholeNumber  	projects/Lang49/src/java/org/apache/commons/lang/math/Fraction.java	1.0	466	466	1	replace	float  gcd  =  greatestCommonDivisor(Math.abs(numerator),  denominator,  numerator);	  int    gcd    =    greatestCommonDivisor(Math.abs(numerator),    denominator,    numerator);    	non-compiled	[CE]  method  greatestCommonDivisor  in  class  Fraction  cannot  be  applied  to  given  types;	12	None	replace
66	[BUG]  [BUGGY]      int  denominator  =  Math.abs(numerator);  int  denominator  =  Math.abs(numerator);  [CE]  variable  denominator  is  already  defined  in  method  reduce()  [FE]    AssertionFailedError    [CONTEXT]    public  Fraction  reduce()  {    [BUGGY]      int  denominator  =  Math.abs(numerator);  int  denominator  =  Math.abs(numerator);  [BUGGY]    int  gcd  =  greatestCommonDivisor(Math.abs(numerator),  denominator);  if  (gcd  ==  1)  {  return  this;  }  return  Fraction.getFraction(numerator  /  gcd,  denominator  /  gcd);  }  [CLASS]  Fraction  [METHOD]  reduce  [RETURN_TYPE]  Fraction  [VARIABLES]  Fraction  FOUR_FIFTHS  ONE  ONE_FIFTH  ONE_HALF  ONE_QUARTER  ONE_THIRD  THREE_FIFTHS  THREE_QUARTERS  TWO_FIFTHS  TWO_QUARTERS  TWO_THIRDS  ZERO  String  str  toProperString  toString  boolean  long  numeratorValue  serialVersionUID  int  a1  a2  denom  denom0  denom1  denom2  denominator  gcd  hashCode  i  numer  numer0  numer1  numer2  numerator  pos  sign  whole  wholeNumber  	projects/Lang49/src/java/org/apache/commons/lang/math/Fraction.java	1.0	466	466	1	replace	        int    denominator    =    Math.abs(numerator);    int  denominator  =  Math.abs(numerator);	  	non-compiled	[CE]  variable  denominator  is  already  defined  in  method  reduce()	1	None	add
67	[BUG]  [BUGGY]      int  denominator  =  Math.abs(numerator);  int  denominator  =  Math.abs(denominator);  [CE]  variable  denominator  is  already  defined  in  method  reduce()  [FE]      AssertionFailedError    [CONTEXT]    public  Fraction  reduce()  {    [BUGGY]      int  denominator  =  Math.abs(numerator);  int  denominator  =  Math.abs(denominator);  [BUGGY]    int  gcd  =  greatestCommonDivisor(Math.abs(numerator),  denominator);  if  (gcd  ==  1)  {  return  this;  }  return  Fraction.getFraction(numerator  /  gcd,  denominator  /  gcd);  }  [CLASS]  Fraction  [METHOD]  reduce  [RETURN_TYPE]  Fraction  [VARIABLES]  Fraction  FOUR_FIFTHS  ONE  ONE_FIFTH  ONE_HALF  ONE_QUARTER  ONE_THIRD  THREE_FIFTHS  THREE_QUARTERS  TWO_FIFTHS  TWO_QUARTERS  TWO_THIRDS  ZERO  String  str  toProperString  toString  boolean  long  numeratorValue  serialVersionUID  int  a1  a2  denom  denom0  denom1  denom2  denominator  gcd  hashCode  i  numer  numer0  numer1  numer2  numerator  pos  sign  whole  wholeNumber  	projects/Lang49/src/java/org/apache/commons/lang/math/Fraction.java	1.0	466	466	1	replace	        int    denominator    =    Math.abs(numerator);    int  denominator  =  Math.abs(denominator);	  	non-compiled	[CE]  variable  denominator  is  already  defined  in  method  reduce()	1	None	add
68	[BUG]  [BUGGY]  [FE]  AssertionFailedError  [FE]        AssertionFailedError    [CONTEXT]    public  Fraction  reduce()  {    [BUGGY]      int  denominator  =  Math.abs(numerator);  int  desnominator  =  Math.abs(numerator);  [BUGGY]    int  gcd  =  greatestCommonDivisor(Math.abs(numerator),  denominator);  if  (gcd  ==  1)  {  return  this;  }  return  Fraction.getFraction(numerator  /  gcd,  denominator  /  gcd);  }  [CLASS]  Fraction  [METHOD]  reduce  [RETURN_TYPE]  Fraction  [VARIABLES]  Fraction  FOUR_FIFTHS  ONE  ONE_FIFTH  ONE_HALF  ONE_QUARTER  ONE_THIRD  THREE_FIFTHS  THREE_QUARTERS  TWO_FIFTHS  TWO_QUARTERS  TWO_THIRDS  ZERO  String  str  toProperString  toString  boolean  long  numeratorValue  serialVersionUID  int  a1  a2  denom  denom0  denom1  denom2  denominator  gcd  hashCode  i  numer  numer0  numer1  numer2  numerator  pos  sign  whole  wholeNumber  	projects/Lang49/src/java/org/apache/commons/lang/math/Fraction.java	1.0	466	466	1	add	        int    denominator    =    Math.abs(numerator);    int  desnominator  =  Math.abs(numerator);	  	compilable	  [FE]  AssertionFailedError  	1	1	add
69	[BUG]  [BUGGY]      int  denominator  =  Math.abs(numerator);  int  desnominator  =  Math.abs(numerator);  [FE]  AssertionFailedError  [FE]        AssertionFailedError    [CONTEXT]    public  Fraction  reduce()  {    [BUGGY]      int  denominator  =  Math.abs(numerator);  int  desnominator  =  Math.abs(numerator);  [BUGGY]    int  gcd  =  greatestCommonDivisor(Math.abs(numerator),  denominator);  if  (gcd  ==  1)  {  return  this;  }  return  Fraction.getFraction(numerator  /  gcd,  denominator  /  gcd);  }  [CLASS]  Fraction  [METHOD]  reduce  [RETURN_TYPE]  Fraction  [VARIABLES]  Fraction  FOUR_FIFTHS  ONE  ONE_FIFTH  ONE_HALF  ONE_QUARTER  ONE_THIRD  THREE_FIFTHS  THREE_QUARTERS  TWO_FIFTHS  TWO_QUARTERS  TWO_THIRDS  ZERO  String  str  toProperString  toString  boolean  long  numeratorValue  serialVersionUID  int  a1  a2  denom  denom0  denom1  denom2  denominator  gcd  hashCode  i  numer  numer0  numer1  numer2  numerator  pos  sign  whole  wholeNumber  	projects/Lang49/src/java/org/apache/commons/lang/math/Fraction.java	1.0	466	466	1	replace	        int    denominator    =    Math.abs(numerator);    int  desnominator  =  Math.abs(numerator);	  	compilable	  [FE]  AssertionFailedError  	1	1	add
70	[BUG]  [BUGGY]  int  gcd  =  greatestCommonDivisor(Math.abs(numerator)/  denominator,  numer);  [CE]  cannot  find  symbol  numer  [FE]        AssertionFailedError    [CONTEXT]    public  Fraction  reduce()  {    [BUGGY]  int  gcd  =  greatestCommonDivisor(Math.abs(numerator)/  denominator,  numer);  [BUGGY]    if  (gcd  ==  1)  {  return  this;  }  return  Fraction.getFraction(numerator  /  gcd,  denominator  /  gcd);  }  [CLASS]  Fraction  [METHOD]  reduce  [RETURN_TYPE]  Fraction  [VARIABLES]  Fraction  FOUR_FIFTHS  ONE  ONE_FIFTH  ONE_HALF  ONE_QUARTER  ONE_THIRD  THREE_FIFTHS  THREE_QUARTERS  TWO_FIFTHS  TWO_QUARTERS  TWO_THIRDS  ZERO  String  str  toProperString  toString  boolean  long  numeratorValue  serialVersionUID  int  a1  a2  denom  denom0  denom1  denom2  denominator  gcd  hashCode  i  numer  numer0  numer1  numer2  numerator  pos  sign  whole  wholeNumber  	projects/Lang49/src/java/org/apache/commons/lang/math/Fraction.java	1.0	466	466	1	replace	int  gcd  =  greatestCommonDivisor(Math.abs(numerator)/  denominator,  numer);	  int    gcd    =    greatestCommonDivisor(Math.abs(numerator)/    denominator);    	non-compiled	[CE]  cannot  find  symbol  numer	9	None	replace
71	[BUG]  [BUGGY]  int  numerator  =  greatestCommonDivisor(Math.abs(numerator),  denominator,  pos);  [CE]  cannot  find  symbol  pos  [FE]        AssertionFailedError    [CONTEXT]    public  Fraction  reduce()  {    [BUGGY]  int  numerator  =  greatestCommonDivisor(Math.abs(numerator),  denominator,  pos);  [BUGGY]    int  gcd  =  greatestCommonDivisor(Math.abs(numerator),  denominator);  if  (gcd  ==  1)  {  return  this;  }  return  Fraction.getFraction(numerator  /  gcd,  denominator  /  gcd);  }  [CLASS]  Fraction  [METHOD]  reduce  [RETURN_TYPE]  Fraction  [VARIABLES]  Fraction  FOUR_FIFTHS  ONE  ONE_FIFTH  ONE_HALF  ONE_QUARTER  ONE_THIRD  THREE_FIFTHS  THREE_QUARTERS  TWO_FIFTHS  TWO_QUARTERS  TWO_THIRDS  ZERO  String  str  toProperString  toString  boolean  long  numeratorValue  serialVersionUID  int  a1  a2  denom  denom0  denom1  denom2  denominator  gcd  hashCode  i  numer  numer0  numer1  numer2  numerator  pos  sign  whole  wholeNumber  	projects/Lang49/src/java/org/apache/commons/lang/math/Fraction.java	1.0	466	466	1	replace	int  numerator  =  greatestCommonDivisor(Math.abs(numerator),  denominator,  pos);	      int    numerator    =    greatestCommonDivisor(Math.abs(numerator),    denominator);    	non-compiled	[CE]  cannot  find  symbol  pos	18	None	replace
72	[BUG]  [BUGGY]      int  numerator  =  Math.abs(denominator);  Int  numerator  =  Math.abs(denominator);  [CE]  cannot  find  symbol  [FE]    AssertionFailedError    [CONTEXT]    public  Fraction  reduce()  {    [BUGGY]      int  numerator  =  Math.abs(denominator);  Int  numerator  =  Math.abs(denominator);  [BUGGY]    int  gcd  =  greatestCommonDivisor(Math.abs(numerator),  denominator);  if  (gcd  ==  1)  {  return  this;  }  return  Fraction.getFraction(numerator  /  gcd,  denominator  /  gcd);  }  [CLASS]  Fraction  [METHOD]  reduce  [RETURN_TYPE]  Fraction  [VARIABLES]  Fraction  FOUR_FIFTHS  ONE  ONE_FIFTH  ONE_HALF  ONE_QUARTER  ONE_THIRD  THREE_FIFTHS  THREE_QUARTERS  TWO_FIFTHS  TWO_QUARTERS  TWO_THIRDS  ZERO  String  str  toProperString  toString  boolean  long  numeratorValue  serialVersionUID  int  a1  a2  denom  denom0  denom1  denom2  denominator  gcd  hashCode  i  numer  numer0  numer1  numer2  numerator  pos  sign  whole  wholeNumber  	projects/Lang49/src/java/org/apache/commons/lang/math/Fraction.java	1.0	466	466	1	replace	        int    numerator    =    Math.abs(denominator);    Int  numerator  =  Math.abs(denominator);	  	non-compiled	[CE]  cannot  find  symbol	14	None	add
73	[BUG]  [BUGGY]  int  a1  =  Math.abs(denominator);  [CE]  cannot  find  symbol  gcd  [FE]    AssertionFailedError    [CONTEXT]    public  Fraction  reduce()  {    [BUGGY]  int  a1  =  Math.abs(denominator);  [BUGGY]    int  gcd  =  greatestCommonDivisor(Math.abs(numerator),  denominator);  if  (gcd  ==  1)  {  return  this;  }  return  Fraction.getFraction(numerator  /  gcd,  denominator  /  gcd);  }  [CLASS]  Fraction  [METHOD]  reduce  [RETURN_TYPE]  Fraction  [VARIABLES]  Fraction  FOUR_FIFTHS  ONE  ONE_FIFTH  ONE_HALF  ONE_QUARTER  ONE_THIRD  THREE_FIFTHS  THREE_QUARTERS  TWO_FIFTHS  TWO_QUARTERS  TWO_THIRDS  ZERO  String  str  toProperString  toString  boolean  long  numeratorValue  serialVersionUID  int  a1  a2  denom  denom0  denom1  denom2  denominator  gcd  hashCode  i  numer  numer0  numer1  numer2  numerator  pos  sign  whole  wholeNumber  	projects/Lang49/src/java/org/apache/commons/lang/math/Fraction.java	1.0	466	466	1	replace	int  a1  =  Math.abs(denominator);	      int    a1    =    Math.abs(numerator);    	non-compiled	[CE]  cannot  find  symbol  gcd	8	None	replace
74	[BUG]  [BUGGY]      int  numerator  =  getNumerator();  Int  numerator  =  getNumerator();  [CE]  cannot  find  symbol  [FE]    AssertionFailedError    [CONTEXT]    public  Fraction  reduce()  {    [BUGGY]      int  numerator  =  getNumerator();  Int  numerator  =  getNumerator();  [BUGGY]    int  gcd  =  greatestCommonDivisor(Math.abs(numerator),  denominator);  if  (gcd  ==  1)  {  return  this;  }  return  Fraction.getFraction(numerator  /  gcd,  denominator  /  gcd);  }  [CLASS]  Fraction  [METHOD]  reduce  [RETURN_TYPE]  Fraction  [VARIABLES]  Fraction  FOUR_FIFTHS  ONE  ONE_FIFTH  ONE_HALF  ONE_QUARTER  ONE_THIRD  THREE_FIFTHS  THREE_QUARTERS  TWO_FIFTHS  TWO_QUARTERS  TWO_THIRDS  ZERO  String  str  toProperString  toString  boolean  long  numeratorValue  serialVersionUID  int  a1  a2  denom  denom0  denom1  denom2  denominator  gcd  hashCode  i  numer  numer0  numer1  numer2  numerator  pos  sign  whole  wholeNumber  	projects/Lang49/src/java/org/apache/commons/lang/math/Fraction.java	1.0	466	466	1	replace	        int    numerator    =    getNumerator();    Int  numerator  =  getNumerator();	  	non-compiled	[CE]  cannot  find  symbol	16	None	add
75	[BUG]  [BUGGY]  int  denominator  =  Math.abs(denominator  +  1);  [CE]  cannot  find  symbol  gcd  [FE]            AssertionFailedError    [CONTEXT]    public  Fraction  reduce()  {    [BUGGY]  int  denominator  =  Math.abs(denominator  +  1);  [BUGGY]    int  gcd  =  greatestCommonDivisor(Math.abs(numerator),  denominator);  if  (gcd  ==  1)  {  return  this;  }  return  Fraction.getFraction(numerator  /  gcd,  denominator  /  gcd);  }  [CLASS]  Fraction  [METHOD]  reduce  [RETURN_TYPE]  Fraction  [VARIABLES]  Fraction  FOUR_FIFTHS  ONE  ONE_FIFTH  ONE_HALF  ONE_QUARTER  ONE_THIRD  THREE_FIFTHS  THREE_QUARTERS  TWO_FIFTHS  TWO_QUARTERS  TWO_THIRDS  ZERO  String  str  toProperString  toString  boolean  long  numeratorValue  serialVersionUID  int  a1  a2  denom  denom0  denom1  denom2  denominator  gcd  hashCode  i  numer  numer0  numer1  numer2  numerator  pos  sign  whole  wholeNumber  	projects/Lang49/src/java/org/apache/commons/lang/math/Fraction.java	1.0	466	466	1	replace	int  denominator  =  Math.abs(denominator  +  1);	      int    denominator    =    Math.abs(denominator);    	non-compiled	[CE]  cannot  find  symbol  gcd	4	None	replace
76	[BUG]  [BUGGY]  int  numerator  =  Math.abs(numerator  -  1);  [CE]  cannot  find  symbol  gcd  [FE]    AssertionFailedError    [CONTEXT]    public  Fraction  reduce()  {    [BUGGY]  int  numerator  =  Math.abs(numerator  -  1);  [BUGGY]    int  gcd  =  greatestCommonDivisor(Math.abs(numerator),  denominator);  if  (gcd  ==  1)  {  return  this;  }  return  Fraction.getFraction(numerator  /  gcd,  denominator  /  gcd);  }  [CLASS]  Fraction  [METHOD]  reduce  [RETURN_TYPE]  Fraction  [VARIABLES]  Fraction  FOUR_FIFTHS  ONE  ONE_FIFTH  ONE_HALF  ONE_QUARTER  ONE_THIRD  THREE_FIFTHS  THREE_QUARTERS  TWO_FIFTHS  TWO_QUARTERS  TWO_THIRDS  ZERO  String  str  toProperString  toString  boolean  long  numeratorValue  serialVersionUID  int  a1  a2  denom  denom0  denom1  denom2  denominator  gcd  hashCode  i  numer  numer0  numer1  numer2  numerator  pos  sign  whole  wholeNumber  	projects/Lang49/src/java/org/apache/commons/lang/math/Fraction.java	1.0	466	466	1	replace	int  numerator  =  Math.abs(numerator  -  1);	      int    numerator    =    Math.abs(denominator);    	non-compiled	[CE]  cannot  find  symbol  gcd	15	None	replace
77	[BUG]  [BUGGY]      int  a1  =  Math.abs(numerator);  Integer  a1  =  Math.abs(numerator);  [CE]  variable  a1  is  already  defined  in  method  reduce()  [FE]    AssertionFailedError    [CONTEXT]    public  Fraction  reduce()  {    [BUGGY]      int  a1  =  Math.abs(numerator);  Integer  a1  =  Math.abs(numerator);  [BUGGY]    int  gcd  =  greatestCommonDivisor(Math.abs(numerator),  denominator);  if  (gcd  ==  1)  {  return  this;  }  return  Fraction.getFraction(numerator  /  gcd,  denominator  /  gcd);  }  [CLASS]  Fraction  [METHOD]  reduce  [RETURN_TYPE]  Fraction  [VARIABLES]  Fraction  FOUR_FIFTHS  ONE  ONE_FIFTH  ONE_HALF  ONE_QUARTER  ONE_THIRD  THREE_FIFTHS  THREE_QUARTERS  TWO_FIFTHS  TWO_QUARTERS  TWO_THIRDS  ZERO  String  str  toProperString  toString  boolean  long  numeratorValue  serialVersionUID  int  a1  a2  denom  denom0  denom1  denom2  denominator  gcd  hashCode  i  numer  numer0  numer1  numer2  numerator  pos  sign  whole  wholeNumber  	projects/Lang49/src/java/org/apache/commons/lang/math/Fraction.java	1.0	466	466	1	replace	        int    a1    =    Math.abs(numerator);    Integer  a1  =  Math.abs(numerator);	  	non-compiled	[CE]  variable  a1  is  already  defined  in  method  reduce()	7	None	add
78	[BUG]  [BUGGY]  [FE]  AssertionFailedError  [FE]      AssertionFailedError    [CONTEXT]    public  Fraction  reduce()  {    [BUGGY]      int  a1  =  Math.abs(numerator);  int  a0  =  Math.abs(numerator);  [BUGGY]    int  gcd  =  greatestCommonDivisor(Math.abs(numerator),  denominator);  if  (gcd  ==  1)  {  return  this;  }  return  Fraction.getFraction(numerator  /  gcd,  denominator  /  gcd);  }  [CLASS]  Fraction  [METHOD]  reduce  [RETURN_TYPE]  Fraction  [VARIABLES]  Fraction  FOUR_FIFTHS  ONE  ONE_FIFTH  ONE_HALF  ONE_QUARTER  ONE_THIRD  THREE_FIFTHS  THREE_QUARTERS  TWO_FIFTHS  TWO_QUARTERS  TWO_THIRDS  ZERO  String  str  toProperString  toString  boolean  long  numeratorValue  serialVersionUID  int  a1  a2  denom  denom0  denom1  denom2  denominator  gcd  hashCode  i  numer  numer0  numer1  numer2  numerator  pos  sign  whole  wholeNumber  	projects/Lang49/src/java/org/apache/commons/lang/math/Fraction.java	1.0	466	466	1	add	        int    a1    =    Math.abs(numerator);    int  a0  =  Math.abs(numerator);	  	compilable	  [FE]  AssertionFailedError  	7	1	add
79	[BUG]  [BUGGY]      int  a1  =  Math.abs(numerator);  int  a0  =  Math.abs(numerator);  [FE]  AssertionFailedError  [FE]      AssertionFailedError    [CONTEXT]    public  Fraction  reduce()  {    [BUGGY]      int  a1  =  Math.abs(numerator);  int  a0  =  Math.abs(numerator);  [BUGGY]    int  gcd  =  greatestCommonDivisor(Math.abs(numerator),  denominator);  if  (gcd  ==  1)  {  return  this;  }  return  Fraction.getFraction(numerator  /  gcd,  denominator  /  gcd);  }  [CLASS]  Fraction  [METHOD]  reduce  [RETURN_TYPE]  Fraction  [VARIABLES]  Fraction  FOUR_FIFTHS  ONE  ONE_FIFTH  ONE_HALF  ONE_QUARTER  ONE_THIRD  THREE_FIFTHS  THREE_QUARTERS  TWO_FIFTHS  TWO_QUARTERS  TWO_THIRDS  ZERO  String  str  toProperString  toString  boolean  long  numeratorValue  serialVersionUID  int  a1  a2  denom  denom0  denom1  denom2  denominator  gcd  hashCode  i  numer  numer0  numer1  numer2  numerator  pos  sign  whole  wholeNumber  	projects/Lang49/src/java/org/apache/commons/lang/math/Fraction.java	1.0	466	466	1	replace	        int    a1    =    Math.abs(numerator);    int  a0  =  Math.abs(numerator);	  	compilable	  [FE]  AssertionFailedError  	7	1	add
80	[BUG]  [BUGGY]  [FE]  AssertionFailedError  [FE]    AssertionFailedError    [CONTEXT]    public  Fraction  reduce()  {    [BUGGY]  int  gcd  =  greatestCommonDivisor(Math.abs(numerator  /  1),  denominator);  [BUGGY]    if  (gcd  ==  1)  {  return  this;  }  return  Fraction.getFraction(numerator  /  gcd,  denominator  /  gcd);  }  [CLASS]  Fraction  [METHOD]  reduce  [RETURN_TYPE]  Fraction  [VARIABLES]  Fraction  FOUR_FIFTHS  ONE  ONE_FIFTH  ONE_HALF  ONE_QUARTER  ONE_THIRD  THREE_FIFTHS  THREE_QUARTERS  TWO_FIFTHS  TWO_QUARTERS  TWO_THIRDS  ZERO  String  str  toProperString  toString  boolean  long  numeratorValue  serialVersionUID  int  a1  a2  denom  denom0  denom1  denom2  denominator  gcd  hashCode  i  numer  numer0  numer1  numer2  numerator  pos  sign  whole  wholeNumber  	projects/Lang49/src/java/org/apache/commons/lang/math/Fraction.java	1.0	466	466	1	add	int  gcd  =  greatestCommonDivisor(Math.abs(numerator  /  1),  denominator);	  int    gcd    =    greatestCommonDivisor(Math.abs(numerator    +    1),    denominator);    	compilable	  [FE]  AssertionFailedError  	11	1	replace
81	[BUG]  [BUGGY]  int  gcd  =  greatestCommonDivisor(Math.abs(numerator  /  1),  denominator);  [FE]  AssertionFailedError  [FE]    AssertionFailedError    [CONTEXT]    public  Fraction  reduce()  {    [BUGGY]  int  gcd  =  greatestCommonDivisor(Math.abs(numerator  /  1),  denominator);  [BUGGY]    if  (gcd  ==  1)  {  return  this;  }  return  Fraction.getFraction(numerator  /  gcd,  denominator  /  gcd);  }  [CLASS]  Fraction  [METHOD]  reduce  [RETURN_TYPE]  Fraction  [VARIABLES]  Fraction  FOUR_FIFTHS  ONE  ONE_FIFTH  ONE_HALF  ONE_QUARTER  ONE_THIRD  THREE_FIFTHS  THREE_QUARTERS  TWO_FIFTHS  TWO_QUARTERS  TWO_THIRDS  ZERO  String  str  toProperString  toString  boolean  long  numeratorValue  serialVersionUID  int  a1  a2  denom  denom0  denom1  denom2  denominator  gcd  hashCode  i  numer  numer0  numer1  numer2  numerator  pos  sign  whole  wholeNumber  	projects/Lang49/src/java/org/apache/commons/lang/math/Fraction.java	1.0	466	466	1	replace	int  gcd  =  greatestCommonDivisor(Math.abs(numerator  /  1),  denominator);	  int    gcd    =    greatestCommonDivisor(Math.abs(numerator    +    1),    denominator);    	compilable	  [FE]  AssertionFailedError  	11	1	replace
82	[BUG]  [BUGGY]      int  denominator  =  Math.abs(numerator);  Integer  denominator  =  Math.abs(numerator);  [CE]  variable  denominator  is  already  defined  in  method  reduce()  [FE]    AssertionFailedError    [CONTEXT]    public  Fraction  reduce()  {    [BUGGY]      int  denominator  =  Math.abs(numerator);  Integer  denominator  =  Math.abs(numerator);  [BUGGY]    int  gcd  =  greatestCommonDivisor(Math.abs(numerator),  denominator);  if  (gcd  ==  1)  {  return  this;  }  return  Fraction.getFraction(numerator  /  gcd,  denominator  /  gcd);  }  [CLASS]  Fraction  [METHOD]  reduce  [RETURN_TYPE]  Fraction  [VARIABLES]  Fraction  FOUR_FIFTHS  ONE  ONE_FIFTH  ONE_HALF  ONE_QUARTER  ONE_THIRD  THREE_FIFTHS  THREE_QUARTERS  TWO_FIFTHS  TWO_QUARTERS  TWO_THIRDS  ZERO  String  str  toProperString  toString  boolean  long  numeratorValue  serialVersionUID  int  a1  a2  denom  denom0  denom1  denom2  denominator  gcd  hashCode  i  numer  numer0  numer1  numer2  numerator  pos  sign  whole  wholeNumber  	projects/Lang49/src/java/org/apache/commons/lang/math/Fraction.java	1.0	466	466	1	replace	        int    denominator    =    Math.abs(numerator);    Integer  denominator  =  Math.abs(numerator);	  	non-compiled	[CE]  variable  denominator  is  already  defined  in  method  reduce()	1	None	add
83	[BUG]  [BUGGY]      int  denominator  =  Math.abs(numerator);  int  numerator  =  Math.abs(numerator);  [CE]  variable  numerator  might  not  have  been  initialized  [FE]      AssertionFailedError    [CONTEXT]    public  Fraction  reduce()  {    [BUGGY]      int  denominator  =  Math.abs(numerator);  int  numerator  =  Math.abs(numerator);  [BUGGY]    int  gcd  =  greatestCommonDivisor(Math.abs(numerator),  denominator);  if  (gcd  ==  1)  {  return  this;  }  return  Fraction.getFraction(numerator  /  gcd,  denominator  /  gcd);  }  [CLASS]  Fraction  [METHOD]  reduce  [RETURN_TYPE]  Fraction  [VARIABLES]  Fraction  FOUR_FIFTHS  ONE  ONE_FIFTH  ONE_HALF  ONE_QUARTER  ONE_THIRD  THREE_FIFTHS  THREE_QUARTERS  TWO_FIFTHS  TWO_QUARTERS  TWO_THIRDS  ZERO  String  str  toProperString  toString  boolean  long  numeratorValue  serialVersionUID  int  a1  a2  denom  denom0  denom1  denom2  denominator  gcd  hashCode  i  numer  numer0  numer1  numer2  numerator  pos  sign  whole  wholeNumber  	projects/Lang49/src/java/org/apache/commons/lang/math/Fraction.java	1.0	466	466	1	replace	        int    denominator    =    Math.abs(numerator);    int  numerator  =  Math.abs(numerator);	  	non-compiled	[CE]  variable  numerator  might  not  have  been  initialized	1	None	add
84	[BUG]  [BUGGY]      int  pos  =  Math.abs(numerator);  Int  pos  =  Math.abs(numerator);  [CE]  cannot  find  symbol  [FE]    AssertionFailedError    [CONTEXT]    public  Fraction  reduce()  {    [BUGGY]      int  pos  =  Math.abs(numerator);  Int  pos  =  Math.abs(numerator);  [BUGGY]    int  gcd  =  greatestCommonDivisor(Math.abs(numerator),  denominator);  if  (gcd  ==  1)  {  return  this;  }  return  Fraction.getFraction(numerator  /  gcd,  denominator  /  gcd);  }  [CLASS]  Fraction  [METHOD]  reduce  [RETURN_TYPE]  Fraction  [VARIABLES]  Fraction  FOUR_FIFTHS  ONE  ONE_FIFTH  ONE_HALF  ONE_QUARTER  ONE_THIRD  THREE_FIFTHS  THREE_QUARTERS  TWO_FIFTHS  TWO_QUARTERS  TWO_THIRDS  ZERO  String  str  toProperString  toString  boolean  long  numeratorValue  serialVersionUID  int  a1  a2  denom  denom0  denom1  denom2  denominator  gcd  hashCode  i  numer  numer0  numer1  numer2  numerator  pos  sign  whole  wholeNumber  	projects/Lang49/src/java/org/apache/commons/lang/math/Fraction.java	1.0	466	466	1	replace	        int    pos    =    Math.abs(numerator);    Int  pos  =  Math.abs(numerator);	  	non-compiled	[CE]  cannot  find  symbol	5	None	add
85	[BUG]  [BUGGY]      int  pos  =  Math.abs(numerator);  Integer  pos  =  Math.abs(numerator);  [CE]  variable  pos  is  already  defined  in  method  reduce()  [FE]      AssertionFailedError    [CONTEXT]    public  Fraction  reduce()  {    [BUGGY]      int  pos  =  Math.abs(numerator);  Integer  pos  =  Math.abs(numerator);  [BUGGY]    int  gcd  =  greatestCommonDivisor(Math.abs(numerator),  denominator);  if  (gcd  ==  1)  {  return  this;  }  return  Fraction.getFraction(numerator  /  gcd,  denominator  /  gcd);  }  [CLASS]  Fraction  [METHOD]  reduce  [RETURN_TYPE]  Fraction  [VARIABLES]  Fraction  FOUR_FIFTHS  ONE  ONE_FIFTH  ONE_HALF  ONE_QUARTER  ONE_THIRD  THREE_FIFTHS  THREE_QUARTERS  TWO_FIFTHS  TWO_QUARTERS  TWO_THIRDS  ZERO  String  str  toProperString  toString  boolean  long  numeratorValue  serialVersionUID  int  a1  a2  denom  denom0  denom1  denom2  denominator  gcd  hashCode  i  numer  numer0  numer1  numer2  numerator  pos  sign  whole  wholeNumber  	projects/Lang49/src/java/org/apache/commons/lang/math/Fraction.java	1.0	466	466	1	replace	        int    pos    =    Math.abs(numerator);    Integer  pos  =  Math.abs(numerator);	  	non-compiled	[CE]  variable  pos  is  already  defined  in  method  reduce()	5	None	add
86	[BUG]  [BUGGY]  int  pos  =  Math.abs(denominator);  [CE]  cannot  find  symbol  gcd  [FE]    AssertionFailedError    [CONTEXT]    public  Fraction  reduce()  {    [BUGGY]  int  pos  =  Math.abs(denominator);  [BUGGY]    int  gcd  =  greatestCommonDivisor(Math.abs(numerator),  denominator);  if  (gcd  ==  1)  {  return  this;  }  return  Fraction.getFraction(numerator  /  gcd,  denominator  /  gcd);  }  [CLASS]  Fraction  [METHOD]  reduce  [RETURN_TYPE]  Fraction  [VARIABLES]  Fraction  FOUR_FIFTHS  ONE  ONE_FIFTH  ONE_HALF  ONE_QUARTER  ONE_THIRD  THREE_FIFTHS  THREE_QUARTERS  TWO_FIFTHS  TWO_QUARTERS  TWO_THIRDS  ZERO  String  str  toProperString  toString  boolean  long  numeratorValue  serialVersionUID  int  a1  a2  denom  denom0  denom1  denom2  denominator  gcd  hashCode  i  numer  numer0  numer1  numer2  numerator  pos  sign  whole  wholeNumber  	projects/Lang49/src/java/org/apache/commons/lang/math/Fraction.java	1.0	466	466	1	replace	int  pos  =  Math.abs(denominator);	      int    pos    =    Math.abs(numerator);    	non-compiled	[CE]  cannot  find  symbol  gcd	6	None	replace
87	[BUG]  [BUGGY]  int  gcd  =  greatestCommonDivisor(Math.abs(numerator),  denominator,  numerator,  pos);  [CE]  cannot  find  symbol  pos  [FE]            AssertionFailedError    [CONTEXT]    public  Fraction  reduce()  {    [BUGGY]  int  gcd  =  greatestCommonDivisor(Math.abs(numerator),  denominator,  numerator,  pos);  [BUGGY]    if  (gcd  ==  1)  {  return  this;  }  return  Fraction.getFraction(numerator  /  gcd,  denominator  /  gcd);  }  [CLASS]  Fraction  [METHOD]  reduce  [RETURN_TYPE]  Fraction  [VARIABLES]  Fraction  FOUR_FIFTHS  ONE  ONE_FIFTH  ONE_HALF  ONE_QUARTER  ONE_THIRD  THREE_FIFTHS  THREE_QUARTERS  TWO_FIFTHS  TWO_QUARTERS  TWO_THIRDS  ZERO  String  str  toProperString  toString  boolean  long  numeratorValue  serialVersionUID  int  a1  a2  denom  denom0  denom1  denom2  denominator  gcd  hashCode  i  numer  numer0  numer1  numer2  numerator  pos  sign  whole  wholeNumber  	projects/Lang49/src/java/org/apache/commons/lang/math/Fraction.java	1.0	466	466	1	replace	int  gcd  =  greatestCommonDivisor(Math.abs(numerator),  denominator,  numerator,  pos);	  int    gcd    =    greatestCommonDivisor(Math.abs(numerator),    denominator,    numerator);    	non-compiled	[CE]  cannot  find  symbol  pos	12	None	replace
88	[BUG]  [BUGGY]  int  gcd  =  greatestCommonDivisor(Math.abs(numerator  +  1),  denominator);  Int  gcd  =  greatestCommonDivisor(Math.abs(numerator  +  1),  denominator);  [CE]  cannot  find  symbol  [FE]    AssertionFailedError    [CONTEXT]    public  Fraction  reduce()  {    [BUGGY]  int  gcd  =  greatestCommonDivisor(Math.abs(numerator  +  1),  denominator);  Int  gcd  =  greatestCommonDivisor(Math.abs(numerator  +  1),  denominator);  [BUGGY]    if  (gcd  ==  1)  {  return  this;  }  return  Fraction.getFraction(numerator  /  gcd,  denominator  /  gcd);  }  [CLASS]  Fraction  [METHOD]  reduce  [RETURN_TYPE]  Fraction  [VARIABLES]  Fraction  FOUR_FIFTHS  ONE  ONE_FIFTH  ONE_HALF  ONE_QUARTER  ONE_THIRD  THREE_FIFTHS  THREE_QUARTERS  TWO_FIFTHS  TWO_QUARTERS  TWO_THIRDS  ZERO  String  str  toProperString  toString  boolean  long  numeratorValue  serialVersionUID  int  a1  a2  denom  denom0  denom1  denom2  denominator  gcd  hashCode  i  numer  numer0  numer1  numer2  numerator  pos  sign  whole  wholeNumber  	projects/Lang49/src/java/org/apache/commons/lang/math/Fraction.java	1.0	466	466	1	replace	int    gcd    =    greatestCommonDivisor(Math.abs(numerator    +    1),    denominator);    Int  gcd  =  greatestCommonDivisor(Math.abs(numerator  +  1),  denominator);	  	non-compiled	[CE]  cannot  find  symbol	10	None	add
89	[BUG]  [BUGGY]  int  numerator  =  Math.abs(numerator  /  denominator);  [CE]  cannot  find  symbol  gcd  [FE]          AssertionFailedError    [CONTEXT]    public  Fraction  reduce()  {    [BUGGY]  int  numerator  =  Math.abs(numerator  /  denominator);  [BUGGY]    int  gcd  =  greatestCommonDivisor(Math.abs(numerator),  denominator);  if  (gcd  ==  1)  {  return  this;  }  return  Fraction.getFraction(numerator  /  gcd,  denominator  /  gcd);  }  [CLASS]  Fraction  [METHOD]  reduce  [RETURN_TYPE]  Fraction  [VARIABLES]  Fraction  FOUR_FIFTHS  ONE  ONE_FIFTH  ONE_HALF  ONE_QUARTER  ONE_THIRD  THREE_FIFTHS  THREE_QUARTERS  TWO_FIFTHS  TWO_QUARTERS  TWO_THIRDS  ZERO  String  str  toProperString  toString  boolean  long  numeratorValue  serialVersionUID  int  a1  a2  denom  denom0  denom1  denom2  denominator  gcd  hashCode  i  numer  numer0  numer1  numer2  numerator  pos  sign  whole  wholeNumber  	projects/Lang49/src/java/org/apache/commons/lang/math/Fraction.java	1.0	466	466	1	replace	int  numerator  =  Math.abs(numerator  /  denominator);	      int    numerator    =    Math.abs(numerator);    	non-compiled	[CE]  cannot  find  symbol  gcd	3	None	replace
90	[BUG]  [BUGGY]  int  denominator  =  Math.min(denominator,  denominator);  [CE]  cannot  find  symbol  gcd  [FE]    AssertionFailedError    [CONTEXT]    public  Fraction  reduce()  {    [BUGGY]  int  denominator  =  Math.min(denominator,  denominator);  [BUGGY]    int  gcd  =  greatestCommonDivisor(Math.abs(numerator),  denominator);  if  (gcd  ==  1)  {  return  this;  }  return  Fraction.getFraction(numerator  /  gcd,  denominator  /  gcd);  }  [CLASS]  Fraction  [METHOD]  reduce  [RETURN_TYPE]  Fraction  [VARIABLES]  Fraction  FOUR_FIFTHS  ONE  ONE_FIFTH  ONE_HALF  ONE_QUARTER  ONE_THIRD  THREE_FIFTHS  THREE_QUARTERS  TWO_FIFTHS  TWO_QUARTERS  TWO_THIRDS  ZERO  String  str  toProperString  toString  boolean  long  numeratorValue  serialVersionUID  int  a1  a2  denom  denom0  denom1  denom2  denominator  gcd  hashCode  i  numer  numer0  numer1  numer2  numerator  pos  sign  whole  wholeNumber  	projects/Lang49/src/java/org/apache/commons/lang/math/Fraction.java	1.0	466	466	1	replace	int  denominator  =  Math.min(denominator,  denominator);	      int    denominator    =    Math.abs(numerator);    	non-compiled	[CE]  cannot  find  symbol  gcd	2	None	replace
91	[BUG]  [BUGGY]  int  gcd  =  greatestCommonDivisor(Math.abs(numerator),  denominator,  numerator,  denominator);  [CE]  method  greatestCommonDivisor  in  class  Fraction  cannot  be  applied  to  given  types;  [FE]            AssertionFailedError    [CONTEXT]    public  Fraction  reduce()  {    [BUGGY]  int  gcd  =  greatestCommonDivisor(Math.abs(numerator),  denominator,  numerator,  denominator);  [BUGGY]    if  (gcd  ==  1)  {  return  this;  }  return  Fraction.getFraction(numerator  /  gcd,  denominator  /  gcd);  }  [CLASS]  Fraction  [METHOD]  reduce  [RETURN_TYPE]  Fraction  [VARIABLES]  Fraction  FOUR_FIFTHS  ONE  ONE_FIFTH  ONE_HALF  ONE_QUARTER  ONE_THIRD  THREE_FIFTHS  THREE_QUARTERS  TWO_FIFTHS  TWO_QUARTERS  TWO_THIRDS  ZERO  String  str  toProperString  toString  boolean  long  numeratorValue  serialVersionUID  int  a1  a2  denom  denom0  denom1  denom2  denominator  gcd  hashCode  i  numer  numer0  numer1  numer2  numerator  pos  sign  whole  wholeNumber  	projects/Lang49/src/java/org/apache/commons/lang/math/Fraction.java	1.0	466	466	1	replace	int  gcd  =  greatestCommonDivisor(Math.abs(numerator),  denominator,  numerator,  denominator);	  int    gcd    =    greatestCommonDivisor(Math.abs(numerator),    denominator,    numerator);    	non-compiled	[CE]  method  greatestCommonDivisor  in  class  Fraction  cannot  be  applied  to  given  types;	12	None	replace
92	[BUG]  [BUGGY]  int  gcd  =  greatestCommonDivisor(Math.abs(numerator),  denominator,  numerator,  deserator);  [CE]  cannot  find  symbol  deserator  [FE]              AssertionFailedError    [CONTEXT]    public  Fraction  reduce()  {    [BUGGY]  int  gcd  =  greatestCommonDivisor(Math.abs(numerator),  denominator,  numerator,  deserator);  [BUGGY]    if  (gcd  ==  1)  {  return  this;  }  return  Fraction.getFraction(numerator  /  gcd,  denominator  /  gcd);  }  [CLASS]  Fraction  [METHOD]  reduce  [RETURN_TYPE]  Fraction  [VARIABLES]  Fraction  FOUR_FIFTHS  ONE  ONE_FIFTH  ONE_HALF  ONE_QUARTER  ONE_THIRD  THREE_FIFTHS  THREE_QUARTERS  TWO_FIFTHS  TWO_QUARTERS  TWO_THIRDS  ZERO  String  str  toProperString  toString  boolean  long  numeratorValue  serialVersionUID  int  a1  a2  denom  denom0  denom1  denom2  denominator  gcd  hashCode  i  numer  numer0  numer1  numer2  numerator  pos  sign  whole  wholeNumber  	projects/Lang49/src/java/org/apache/commons/lang/math/Fraction.java	1.0	466	466	1	replace	int  gcd  =  greatestCommonDivisor(Math.abs(numerator),  denominator,  numerator,  deserator);	  int    gcd    =    greatestCommonDivisor(Math.abs(numerator),    denominator,    numerator);    	non-compiled	[CE]  cannot  find  symbol  deserator	12	None	replace
93	[BUG]  [BUGGY]  int  numerator  =  greatestCommonDivisor(Math.abs(numerator)+  denominator);  [CE]  method  greatestCommonDivisor  in  class  Fraction  cannot  be  applied  to  given  types;  [FE]          AssertionFailedError    [CONTEXT]    public  Fraction  reduce()  {    [BUGGY]  int  numerator  =  greatestCommonDivisor(Math.abs(numerator)+  denominator);  [BUGGY]    int  gcd  =  greatestCommonDivisor(Math.abs(numerator),  denominator);  if  (gcd  ==  1)  {  return  this;  }  return  Fraction.getFraction(numerator  /  gcd,  denominator  /  gcd);  }  [CLASS]  Fraction  [METHOD]  reduce  [RETURN_TYPE]  Fraction  [VARIABLES]  Fraction  FOUR_FIFTHS  ONE  ONE_FIFTH  ONE_HALF  ONE_QUARTER  ONE_THIRD  THREE_FIFTHS  THREE_QUARTERS  TWO_FIFTHS  TWO_QUARTERS  TWO_THIRDS  ZERO  String  str  toProperString  toString  boolean  long  numeratorValue  serialVersionUID  int  a1  a2  denom  denom0  denom1  denom2  denominator  gcd  hashCode  i  numer  numer0  numer1  numer2  numerator  pos  sign  whole  wholeNumber  	projects/Lang49/src/java/org/apache/commons/lang/math/Fraction.java	1.0	466	466	1	replace	int  numerator  =  greatestCommonDivisor(Math.abs(numerator)+  denominator);	      int    numerator    =    greatestCommonDivisor(Math.abs(numerator));    	non-compiled	[CE]  method  greatestCommonDivisor  in  class  Fraction  cannot  be  applied  to  given  types;	19	None	replace
94	[BUG]  [BUGGY]  int  numerator  =  greatestCommonDivisor(Math.abs(numerator  -  1),  denominator);  [CE]  cannot  find  symbol  gcd  [FE]        AssertionFailedError    [CONTEXT]    public  Fraction  reduce()  {    [BUGGY]  int  numerator  =  greatestCommonDivisor(Math.abs(numerator  -  1),  denominator);  [BUGGY]    int  gcd  =  greatestCommonDivisor(Math.abs(numerator),  denominator);  if  (gcd  ==  1)  {  return  this;  }  return  Fraction.getFraction(numerator  /  gcd,  denominator  /  gcd);  }  [CLASS]  Fraction  [METHOD]  reduce  [RETURN_TYPE]  Fraction  [VARIABLES]  Fraction  FOUR_FIFTHS  ONE  ONE_FIFTH  ONE_HALF  ONE_QUARTER  ONE_THIRD  THREE_FIFTHS  THREE_QUARTERS  TWO_FIFTHS  TWO_QUARTERS  TWO_THIRDS  ZERO  String  str  toProperString  toString  boolean  long  numeratorValue  serialVersionUID  int  a1  a2  denom  denom0  denom1  denom2  denominator  gcd  hashCode  i  numer  numer0  numer1  numer2  numerator  pos  sign  whole  wholeNumber  	projects/Lang49/src/java/org/apache/commons/lang/math/Fraction.java	1.0	466	466	1	replace	int  numerator  =  greatestCommonDivisor(Math.abs(numerator  -  1),  denominator);	      int    numerator    =    greatestCommonDivisor(Math.abs(numerator),    denominator);    	non-compiled	[CE]  cannot  find  symbol  gcd	18	None	replace
95	[BUG]  [BUGGY]  int  numerator  =  greatestCommonDivisor(Math.abs(numerator)/  denominator);  [CE]  method  greatestCommonDivisor  in  class  Fraction  cannot  be  applied  to  given  types;  [FE]          AssertionFailedError    [CONTEXT]    public  Fraction  reduce()  {    [BUGGY]  int  numerator  =  greatestCommonDivisor(Math.abs(numerator)/  denominator);  [BUGGY]    int  gcd  =  greatestCommonDivisor(Math.abs(numerator),  denominator);  if  (gcd  ==  1)  {  return  this;  }  return  Fraction.getFraction(numerator  /  gcd,  denominator  /  gcd);  }  [CLASS]  Fraction  [METHOD]  reduce  [RETURN_TYPE]  Fraction  [VARIABLES]  Fraction  FOUR_FIFTHS  ONE  ONE_FIFTH  ONE_HALF  ONE_QUARTER  ONE_THIRD  THREE_FIFTHS  THREE_QUARTERS  TWO_FIFTHS  TWO_QUARTERS  TWO_THIRDS  ZERO  String  str  toProperString  toString  boolean  long  numeratorValue  serialVersionUID  int  a1  a2  denom  denom0  denom1  denom2  denominator  gcd  hashCode  i  numer  numer0  numer1  numer2  numerator  pos  sign  whole  wholeNumber  	projects/Lang49/src/java/org/apache/commons/lang/math/Fraction.java	1.0	466	466	1	replace	int  numerator  =  greatestCommonDivisor(Math.abs(numerator)/  denominator);	      int    numerator    =    greatestCommonDivisor(Math.abs(numerator),    denominator);    	non-compiled	[CE]  method  greatestCommonDivisor  in  class  Fraction  cannot  be  applied  to  given  types;	18	None	replace
96	[BUG]  [BUGGY]  int  a1  =  Math.abs(numerator  -  1,  denominator);  [CE]  no  suitable  method  found  for  abs(int,int)  [FE]    AssertionFailedError    [CONTEXT]    public  Fraction  reduce()  {    [BUGGY]  int  a1  =  Math.abs(numerator  -  1,  denominator);  [BUGGY]    int  gcd  =  greatestCommonDivisor(Math.abs(numerator),  denominator);  if  (gcd  ==  1)  {  return  this;  }  return  Fraction.getFraction(numerator  /  gcd,  denominator  /  gcd);  }  [CLASS]  Fraction  [METHOD]  reduce  [RETURN_TYPE]  Fraction  [VARIABLES]  Fraction  FOUR_FIFTHS  ONE  ONE_FIFTH  ONE_HALF  ONE_QUARTER  ONE_THIRD  THREE_FIFTHS  THREE_QUARTERS  TWO_FIFTHS  TWO_QUARTERS  TWO_THIRDS  ZERO  String  str  toProperString  toString  boolean  long  numeratorValue  serialVersionUID  int  a1  a2  denom  denom0  denom1  denom2  denominator  gcd  hashCode  i  numer  numer0  numer1  numer2  numerator  pos  sign  whole  wholeNumber  	projects/Lang49/src/java/org/apache/commons/lang/math/Fraction.java	1.0	466	466	1	replace	int  a1  =  Math.abs(numerator  -  1,  denominator);	      int    a1    =    Math.abs(numerator);    	non-compiled	[CE]  no  suitable  method  found  for  abs(int,int)	8	None	replace
97	[BUG]  [BUGGY]  int  numerator  =  greaterCommonDivisor(Math.abs(numerator)/  denominator);  [CE]  cannot  find  symbol  [FE]            AssertionFailedError    [CONTEXT]    public  Fraction  reduce()  {    [BUGGY]  int  numerator  =  greaterCommonDivisor(Math.abs(numerator)/  denominator);  [BUGGY]    int  gcd  =  greatestCommonDivisor(Math.abs(numerator),  denominator);  if  (gcd  ==  1)  {  return  this;  }  return  Fraction.getFraction(numerator  /  gcd,  denominator  /  gcd);  }  [CLASS]  Fraction  [METHOD]  reduce  [RETURN_TYPE]  Fraction  [VARIABLES]  Fraction  FOUR_FIFTHS  ONE  ONE_FIFTH  ONE_HALF  ONE_QUARTER  ONE_THIRD  THREE_FIFTHS  THREE_QUARTERS  TWO_FIFTHS  TWO_QUARTERS  TWO_THIRDS  ZERO  String  str  toProperString  toString  boolean  long  numeratorValue  serialVersionUID  int  a1  a2  denom  denom0  denom1  denom2  denominator  gcd  hashCode  i  numer  numer0  numer1  numer2  numerator  pos  sign  whole  wholeNumber  	projects/Lang49/src/java/org/apache/commons/lang/math/Fraction.java	1.0	466	466	1	replace	int  numerator  =  greaterCommonDivisor(Math.abs(numerator)/  denominator);	      int    numerator    =    greaterCommonDivisor(Math.abs(numerator),    denominator);    	non-compiled	[CE]  cannot  find  symbol	20	None	replace
98	[BUG]  [BUGGY]  int  numerator  =  Math.abs(numerator  -  1,  denominator);  [CE]  no  suitable  method  found  for  abs(int,int)  [FE]          AssertionFailedError    [CONTEXT]    public  Fraction  reduce()  {    [BUGGY]  int  numerator  =  Math.abs(numerator  -  1,  denominator);  [BUGGY]    int  gcd  =  greatestCommonDivisor(Math.abs(numerator),  denominator);  if  (gcd  ==  1)  {  return  this;  }  return  Fraction.getFraction(numerator  /  gcd,  denominator  /  gcd);  }  [CLASS]  Fraction  [METHOD]  reduce  [RETURN_TYPE]  Fraction  [VARIABLES]  Fraction  FOUR_FIFTHS  ONE  ONE_FIFTH  ONE_HALF  ONE_QUARTER  ONE_THIRD  THREE_FIFTHS  THREE_QUARTERS  TWO_FIFTHS  TWO_QUARTERS  TWO_THIRDS  ZERO  String  str  toProperString  toString  boolean  long  numeratorValue  serialVersionUID  int  a1  a2  denom  denom0  denom1  denom2  denominator  gcd  hashCode  i  numer  numer0  numer1  numer2  numerator  pos  sign  whole  wholeNumber  	projects/Lang49/src/java/org/apache/commons/lang/math/Fraction.java	1.0	466	466	1	replace	int  numerator  =  Math.abs(numerator  -  1,  denominator);	      int    numerator    =    Math.abs(numerator);    	non-compiled	[CE]  no  suitable  method  found  for  abs(int,int)	3	None	replace
99	[BUG]  [BUGGY]  int  gcd  =  greatestCommonDivisor(Math.abs(numerator)/  denominator,  absoluteDenominator);  [CE]  cannot  find  symbol  absoluteDenominator  [FE]        AssertionFailedError    [CONTEXT]    public  Fraction  reduce()  {    [BUGGY]  int  gcd  =  greatestCommonDivisor(Math.abs(numerator)/  denominator,  absoluteDenominator);  [BUGGY]    if  (gcd  ==  1)  {  return  this;  }  return  Fraction.getFraction(numerator  /  gcd,  denominator  /  gcd);  }  [CLASS]  Fraction  [METHOD]  reduce  [RETURN_TYPE]  Fraction  [VARIABLES]  Fraction  FOUR_FIFTHS  ONE  ONE_FIFTH  ONE_HALF  ONE_QUARTER  ONE_THIRD  THREE_FIFTHS  THREE_QUARTERS  TWO_FIFTHS  TWO_QUARTERS  TWO_THIRDS  ZERO  String  str  toProperString  toString  boolean  long  numeratorValue  serialVersionUID  int  a1  a2  denom  denom0  denom1  denom2  denominator  gcd  hashCode  i  numer  numer0  numer1  numer2  numerator  pos  sign  whole  wholeNumber  	projects/Lang49/src/java/org/apache/commons/lang/math/Fraction.java	1.0	466	466	1	replace	int  gcd  =  greatestCommonDivisor(Math.abs(numerator)/  denominator,  absoluteDenominator);	  int    gcd    =    greatestCommonDivisor(Math.abs(numerator)/    denominator);    	non-compiled	[CE]  cannot  find  symbol  absoluteDenominator	9	None	replace
100	[BUG]  [BUGGY]  int  gcd  =  greatestCommonDivisor(Math.abs(numerator)/  denominator,  multiplier);  [CE]  cannot  find  symbol  multiplier  [FE]          AssertionFailedError    [CONTEXT]    public  Fraction  reduce()  {    [BUGGY]  int  gcd  =  greatestCommonDivisor(Math.abs(numerator)/  denominator,  multiplier);  [BUGGY]    if  (gcd  ==  1)  {  return  this;  }  return  Fraction.getFraction(numerator  /  gcd,  denominator  /  gcd);  }  [CLASS]  Fraction  [METHOD]  reduce  [RETURN_TYPE]  Fraction  [VARIABLES]  Fraction  FOUR_FIFTHS  ONE  ONE_FIFTH  ONE_HALF  ONE_QUARTER  ONE_THIRD  THREE_FIFTHS  THREE_QUARTERS  TWO_FIFTHS  TWO_QUARTERS  TWO_THIRDS  ZERO  String  str  toProperString  toString  boolean  long  numeratorValue  serialVersionUID  int  a1  a2  denom  denom0  denom1  denom2  denominator  gcd  hashCode  i  numer  numer0  numer1  numer2  numerator  pos  sign  whole  wholeNumber  	projects/Lang49/src/java/org/apache/commons/lang/math/Fraction.java	1.0	466	466	1	replace	int  gcd  =  greatestCommonDivisor(Math.abs(numerator)/  denominator,  multiplier);	  int    gcd    =    greatestCommonDivisor(Math.abs(numerator)/    denominator);    	non-compiled	[CE]  cannot  find  symbol  multiplier	9	None	replace
101	[BUG]  [BUGGY]  [FE]  AssertionFailedError  [FE]    AssertionFailedError    [CONTEXT]    public  Fraction  reduce()  {    [BUGGY]  int  gcd  =  greatestCommonDivisor(Math.abs(numerator  -  1),  denominator);  [BUGGY]    if  (gcd  ==  1)  {  return  this;  }  return  Fraction.getFraction(numerator  /  gcd,  denominator  /  gcd);  }  [CLASS]  Fraction  [METHOD]  reduce  [RETURN_TYPE]  Fraction  [VARIABLES]  Fraction  FOUR_FIFTHS  ONE  ONE_FIFTH  ONE_HALF  ONE_QUARTER  ONE_THIRD  THREE_FIFTHS  THREE_QUARTERS  TWO_FIFTHS  TWO_QUARTERS  TWO_THIRDS  ZERO  String  str  toProperString  toString  boolean  long  numeratorValue  serialVersionUID  int  a1  a2  denom  denom0  denom1  denom2  denominator  gcd  hashCode  i  numer  numer0  numer1  numer2  numerator  pos  sign  whole  wholeNumber  	projects/Lang49/src/java/org/apache/commons/lang/math/Fraction.java	1.0	466	466	1	add	int  gcd  =  greatestCommonDivisor(Math.abs(numerator  -  1),  denominator);	  int    gcd    =    greatestCommonDivisor(Math.abs(numerator    +    1),    denominator);    	compilable	  [FE]  AssertionFailedError  	11	1	replace
102	[BUG]  [BUGGY]  int  gcd  =  greatestCommonDivisor(Math.abs(numerator  -  1),  denominator);  [FE]  AssertionFailedError  [FE]    AssertionFailedError    [CONTEXT]    public  Fraction  reduce()  {    [BUGGY]  int  gcd  =  greatestCommonDivisor(Math.abs(numerator  -  1),  denominator);  [BUGGY]    if  (gcd  ==  1)  {  return  this;  }  return  Fraction.getFraction(numerator  /  gcd,  denominator  /  gcd);  }  [CLASS]  Fraction  [METHOD]  reduce  [RETURN_TYPE]  Fraction  [VARIABLES]  Fraction  FOUR_FIFTHS  ONE  ONE_FIFTH  ONE_HALF  ONE_QUARTER  ONE_THIRD  THREE_FIFTHS  THREE_QUARTERS  TWO_FIFTHS  TWO_QUARTERS  TWO_THIRDS  ZERO  String  str  toProperString  toString  boolean  long  numeratorValue  serialVersionUID  int  a1  a2  denom  denom0  denom1  denom2  denominator  gcd  hashCode  i  numer  numer0  numer1  numer2  numerator  pos  sign  whole  wholeNumber  	projects/Lang49/src/java/org/apache/commons/lang/math/Fraction.java	1.0	466	466	1	replace	int  gcd  =  greatestCommonDivisor(Math.abs(numerator  -  1),  denominator);	  int    gcd    =    greatestCommonDivisor(Math.abs(numerator    +    1),    denominator);    	compilable	  [FE]  AssertionFailedError  	11	1	replace
