projects/Lang30/src/main/java/org/apache/commons/lang3/StringUtils.java1415
projects/Lang30/src/main/java/org/apache/commons/lang3/StringUtils.java1415intindex=indexOf(cs,searchChars);
projects/Lang30/src/main/java/org/apache/commons/lang3/StringUtils.java1415intindex=cs.indexOf(searchChars);
projects/Lang30/src/main/java/org/apache/commons/lang3/StringUtils.java1415intindex=indexOfAny(cs,searchChars);
projects/Lang30/src/main/java/org/apache/commons/lang3/StringUtils.java1415intindex=indexOf(cs,searchChars.toCharArray());
projects/Lang30/src/main/java/org/apache/commons/lang3/StringUtils.java1415intindex=indexOfAny(cs,searchChars.toCharArray());
projects/Lang30/src/main/java/org/apache/commons/lang3/StringUtils.java1415returnindexOfAny(cs,searchChars.toCharArray());
projects/Lang30/src/main/java/org/apache/commons/lang3/StringUtils.java1415returnindexOfAny(cs,searchChars.toCharArray(),INDEX_NOT_FOUND);
projects/Lang30/src/main/java/org/apache/commons/lang3/StringUtils.java1415returnindexOfAny(cs,searchChars.indexOf(searchChars));
projects/Lang30/src/main/java/org/apache/commons/lang3/StringUtils.java1415inti=indexOf(cs,searchChars);
projects/Lang30/src/main/java/org/apache/commons/lang3/StringUtils.java1415returnindexOfAny(cs,searchChars.toString());
projects/Lang30/src/main/java/org/apache/commons/lang3/StringUtils.java1415intindex=indexOf(cs,searchChars.indexOf(searchChars));
projects/Lang30/src/main/java/org/apache/commons/lang3/StringUtils.java1415intindex=indexOf(cs,searchChars.getIndex());
projects/Lang30/src/main/java/org/apache/commons/lang3/StringUtils.java1415intindex=indexOf(cs,searchChars.length());
projects/Lang30/src/main/java/org/apache/commons/lang3/StringUtils.java1415intindex=indexOf(cs,searchChars,0);
projects/Lang30/src/main/java/org/apache/commons/lang3/StringUtils.java1415intindex=indexOfSequence(cs,searchChars);
projects/Lang30/src/main/java/org/apache/commons/lang3/StringUtils.java1415intindex=indexOf(cs,searchChars,DECOMPOSED);
projects/Lang30/src/main/java/org/apache/commons/lang3/StringUtils.java1415intindex=indexOf(cs,searchChars,DECOMPOSE);
projects/Lang30/src/main/java/org/apache/commons/lang3/StringUtils.java1415returnindexOfAny(cs,searchChars.toString()+1);
projects/Lang30/src/main/java/org/apache/commons/lang3/StringUtils.java1415returnindexOfAny(cs,searchChars.toString(),DECOMPOSE);
projects/Lang30/src/main/java/org/apache/commons/lang3/StringUtils.java1415intindex=indexOfAny(cs,searchChars,0);
projects/Lang30/src/main/java/org/apache/commons/lang3/StringUtils.java1415intindex=indexOfAny(cs,searchChars,DECOMPOSED);
projects/Lang30/src/main/java/org/apache/commons/lang3/StringUtils.java1415intindex=indexOfAny(cs,searchChars,DECOMPOSE);
projects/Lang30/src/main/java/org/apache/commons/lang3/StringUtils.java1415inti=indexOf(cs,searchChars.length);
projects/Lang30/src/main/java/org/apache/commons/lang3/StringUtils.java1415inti=indexOfSequence(cs,searchChars);
projects/Lang30/src/main/java/org/apache/commons/lang3/StringUtils.java1415inti=indexOf(cs,searchChars,PAD_LIMIT);
projects/Lang30/src/main/java/org/apache/commons/lang3/StringUtils.java1415inti=indexOf(cs,searchChars,0);
projects/Lang30/src/main/java/org/apache/commons/lang3/StringUtils.java1415returnindexOfAny(cs,searchChars.toCharArray(),PAD_LIMIT);
projects/Lang30/src/main/java/org/apache/commons/lang3/StringUtils.java1415intindex=indexOfAny(cs,searchChars.toCharArray(),INDEX_NOT_FOUND);
projects/Lang30/src/main/java/org/apache/commons/lang3/StringUtils.java1415returnindexOfAny(cs,searchChars.toCharArray(),INDEX_NOT_FOUND,PAD_LIMIT);
projects/Lang30/src/main/java/org/apache/commons/lang3/StringUtils.java1415returnindexOfAny(cs,searchChars.toCharArray(),INDEX_NOT_FOUND,DECOMPOSE);
projects/Lang30/src/main/java/org/apache/commons/lang3/StringUtils.java1415intindex=indexOfAny(cs,searchChars.length());
projects/Lang30/src/main/java/org/apache/commons/lang3/StringUtils.java1415intindex=indexOfAny(cs,searchChars.indexOf(searchChars));
projects/Lang30/src/main/java/org/apache/commons/lang3/StringUtils.java1415returnindexOfAny(cs,searchChars.indexOf(searchChars)+1);
projects/Lang30/src/main/java/org/apache/commons/lang3/StringUtils.java1415returnindexOfAny(cs,searchChars.indexOf('_'));
projects/Lang30/src/main/java/org/apache/commons/lang3/StringUtils.java1415returnindexOfAny(cs,searchChars.indexOf(searchChars)+1));
projects/Lang30/src/main/java/org/apache/commons/lang3/StringUtils.java1415intindex=searchChars.indexOf(cs);
projects/Lang30/src/main/java/org/apache/commons/lang3/StringUtils.java1415intindex=cs.indexOf(searchChars.toCharArray());
projects/Lang30/src/main/java/org/apache/commons/lang3/StringUtils.java1415intindex=cs.indexOf(searchChars,0);
projects/Lang30/src/main/java/org/apache/commons/lang3/StringUtils.java1415returnindexOfAny(cs,searchChars.indexOf(searchChars),INDEX_NOT_FOUND);
projects/Lang30/src/main/java/org/apache/commons/lang3/StringUtils.java1415intindex=indexOfSequence(cs,searchChars.toCharArray());
projects/Lang30/src/main/java/org/apache/commons/lang3/StringUtils.java1415inti=indexOf(cs,searchChars.indexOf(searchChars));
projects/Lang30/src/main/java/org/apache/commons/lang3/StringUtils.java1415returnindexOfAny(cs,searchChars.indexOf(')')+1);
projects/Lang30/src/main/java/org/apache/commons/lang3/StringUtils.java1415returnindexOfAny(cs,searchChars.indexOf(''));
projects/Lang30/src/main/java/org/apache/commons/lang3/StringUtils.java1415intindex=indexOf(cs,searchChars,PAD_LIMIT);
projects/Lang30/src/main/java/org/apache/commons/lang3/StringUtils.java1415intindex=indexOf(cs,searchChars,INDEX_NOT_FOUND);
projects/Lang30/src/main/java/org/apache/commons/lang3/StringUtils.java1415intindex=indexOf(cs,searchChars.toCharArray(),INDEX_NOT_FOUND);
projects/Lang30/src/main/java/org/apache/commons/lang3/StringUtils.java1415returnindexOfAny(cs,searchChars.toString(),INDEX_NOT_FOUND);
projects/Lang30/src/main/java/org/apache/commons/lang3/StringUtils.java1415returnindexOfAny(cs,searchChars.toUpperCase());
projects/Lang30/src/main/java/org/apache/commons/lang3/StringUtils.java1415intindex=cs.indexOf(searchChars,PAD_LIMIT);
projects/Lang30/src/main/java/org/apache/commons/lang3/StringUtils.java1415intindex=cs.indexOf(searchChars,INDEX_NOT_FOUND);
projects/Lang30/src/main/java/org/apache/commons/lang3/StringUtils.java1415intindex=indexOfAny(cs,searchChars,INDEX_NOT_FOUND);
projects/Lang30/src/main/java/org/apache/commons/lang3/StringUtils.java1415intindex=indexOfAny(cs,searchChars,PAD_LIMIT);
projects/Lang30/src/main/java/org/apache/commons/lang3/StringUtils.java1415inti=indexOfSupported(cs,searchChars);
projects/Lang30/src/main/java/org/apache/commons/lang3/StringUtils.java1415returnindexOfAny(cs,searchChars.toCharArray(),INDEX_NOT_FOUND+1);
projects/Lang30/src/main/java/org/apache/commons/lang3/StringUtils.java1415intindex=indexOf(cs,searchChars.toUpperCase());
projects/Lang30/src/main/java/org/apache/commons/lang3/StringUtils.java1415intindex=indexOf(cs,searchChars.toString());
projects/Lang30/src/main/java/org/apache/commons/lang3/StringUtils.java1415intindex=indexOfSupported(cs,searchChars);
projects/Lang30/src/main/java/org/apache/commons/lang3/StringUtils.java1415intindex=indexOf(cs,searchChars.toCharArray(),PAD_LIMIT);
projects/Lang30/src/main/java/org/apache/commons/lang3/StringUtils.java1415intindex=indexOf(cs,searchChars.toCharArray(),4);
projects/Lang30/src/main/java/org/apache/commons/lang3/StringUtils.java1415intindex=indexOf(cs,searchChars.toCharArray(),3);
projects/Lang30/src/main/java/org/apache/commons/lang3/StringUtils.java1415intindex=indexOf(cs,searchChars.toCharArray(),1);
projects/Lang30/src/main/java/org/apache/commons/lang3/StringUtils.java1415intindex=indexOfAny(cs,searchChars,1);
projects/Lang30/src/main/java/org/apache/commons/lang3/StringUtils.java1415intindex=indexOfAny(cs,searchChars,0,cs.length);
projects/Lang30/src/main/java/org/apache/commons/lang3/StringUtils.java1415intindex=indexOfAny(cs,searchChars,3);
projects/Lang30/src/main/java/org/apache/commons/lang3/StringUtils.java1415returnindexOfAny(cs,searchChars.indexOf('_',0));
projects/Lang30/src/main/java/org/apache/commons/lang3/StringUtils.java1415returnindexOfAny(cs,searchChars.indexOf('_')+1);
projects/Lang30/src/main/java/org/apache/commons/lang3/StringUtils.java1415returnindexOfAny(cs,searchChars.indexOf('_')+1));
projects/Lang30/src/main/java/org/apache/commons/lang3/StringUtils.java1415returnindexOfAny(cs,searchChars.indexOf('_'),0);
projects/Lang30/src/main/java/org/apache/commons/lang3/StringUtils.java1415returnindexOfAny(cs,SearchChars.toString());
projects/Lang30/src/main/java/org/apache/commons/lang3/StringUtils.java1415intindex=indexOf(cs,searchChars.toLowerCase());
projects/Lang30/src/main/java/org/apache/commons/lang3/StringUtils.java1415intindex=indexOfAny(cs,searchChars.length()-1);
projects/Lang30/src/main/java/org/apache/commons/lang3/StringUtils.java1415intindex=indexOfAny(cs,searchChars.length()+1);
projects/Lang30/src/main/java/org/apache/commons/lang3/StringUtils.java1415intindex=indexOfAny(cs,searchChars.length()-2);
projects/Lang30/src/main/java/org/apache/commons/lang3/StringUtils.java1415returnindexOfAny(cs,searchChars.toCharArray(),INDEX_NOT_FOUND,0);
projects/Lang30/src/main/java/org/apache/commons/lang3/StringUtils.java1415returnindexOfAny(cs,searchChars.toCharArray(),PAD_LIMIT,INDEX_NOT_FOUND);
projects/Lang30/src/main/java/org/apache/commons/lang3/StringUtils.java1415returnindexOfAny(cs,searchChars.toCharArray(),0,PAD_LIMIT);
projects/Lang30/src/main/java/org/apache/commons/lang3/StringUtils.java1415returnindexOfAny(cs,searchChars.toCharArray(),MAX_LIMIT,PAD_LIMIT);
projects/Lang30/src/main/java/org/apache/commons/lang3/StringUtils.java1415returnindexOfAny(cs,searchChars.indexOf(searchChars)+0));
projects/Lang30/src/main/java/org/apache/commons/lang3/StringUtils.java1415returnindexOfAny(cs,searchChars.indexOf(searchChars)+2));
projects/Lang30/src/main/java/org/apache/commons/lang3/StringUtils.java1415inti=indexOfAny(cs,searchChars);
projects/Lang30/src/main/java/org/apache/commons/lang3/StringUtils.java1415inti=indexOfSequence(cs,searchChars,DECOMPOSED);
projects/Lang30/src/main/java/org/apache/commons/lang3/StringUtils.java1415inti=indexOfSequence(cs,searchChars,DECOMPOSE);
projects/Lang30/src/main/java/org/apache/commons/lang3/StringUtils.java1415intindex=indexOf(cs,searchChars.length()-1);
projects/Lang30/src/main/java/org/apache/commons/lang3/StringUtils.java1415intindex=indexOf(cs,searchChars.length()+1);
projects/Lang30/src/main/java/org/apache/commons/lang3/StringUtils.java1415intindex=indexOf(cs,searchChars.length()-2);
projects/Lang30/src/main/java/org/apache/commons/lang3/StringUtils.java1415intindex=indexOfAny(cs,searchChars.toCharArray(),PAD_LIMIT);
projects/Lang30/src/main/java/org/apache/commons/lang3/StringUtils.java1415intindex=indexOfAny(cs,searchChars.toCharArray(),INDEX_NOT_FOUND,PAD_LIMIT);
projects/Lang30/src/main/java/org/apache/commons/lang3/StringUtils.java1415intindex=indexOfAny(cs,searchChars.toCharArray(),3);
projects/Lang30/src/main/java/org/apache/commons/lang3/StringUtils.java1415intindex=indexOfAny(cs,searchChars.toCharArray(),INDEX_NOT_FOUND,DECOMPOSE);
projects/Lang30/src/main/java/org/apache/commons/lang3/StringUtils.java1415intindex=cs.indexOf(searchChars,1);
projects/Lang30/src/main/java/org/apache/commons/lang3/StringUtils.java1415intindex=searchChars.indexOf(cs,0);
projects/Lang30/src/main/java/org/apache/commons/lang3/StringUtils.java1415intindex=cs.indexOf(searchChars,0,searchChars.length);
projects/Lang30/src/main/java/org/apache/commons/lang3/StringUtils.java1415intindex=searchChars.indexOf(cs,INDEX_NOT_FOUND);
projects/Lang30/src/main/java/org/apache/commons/lang3/StringUtils.java1415intindex=cs.indexOf(searchChars,searchChars.length());
projects/Lang30/src/main/java/org/apache/commons/lang3/StringUtils.java1415inti=indexOfSupported(cs,searchChars,DECOMPOSED);
projects/Lang30/src/main/java/org/apache/commons/lang3/StringUtils.java1415inti=indexOfSupported(cs,searchChars,INDEX_NOT_FOUND);
projects/Lang30/src/main/java/org/apache/commons/lang3/StringUtils.java1415returnindexOfAny(cs,searchChars.indexOf('')+1);
projects/Lang30/src/main/java/org/apache/commons/lang3/StringUtils.java1415returnindexOfAny(cs,searchChars.indexOf('')+1));
projects/Lang30/src/main/java/org/apache/commons/lang3/StringUtils.java1415returnindexOfAny(cs,searchChars.indexOf(''),INDEX_NOT_FOUND);
projects/Lang30/src/main/java/org/apache/commons/lang3/StringUtils.java1415returnindexOfAny(cs,searchChars.indexOf('',0));
projects/Lang30/src/main/java/org/apache/commons/lang3/StringUtils.java1415returnindexOfAny(cs,searchChars.indexOf(')')-1);
projects/Lang30/src/main/java/org/apache/commons/lang3/StringUtils.java1415returnindexOfAny(cs,searchChars.indexOf(')')+0);
projects/Lang30/src/main/java/org/apache/commons/lang3/StringUtils.java1415returnindexOfAny(cs,searchChars.toString(),PAD_LIMIT);
projects/Lang30/src/main/java/org/apache/commons/lang3/StringUtils.java1415returnindexOfAny(cs,searchChars.toString(),MAX_NOT_FOUND);
projects/Lang30/src/main/java/org/apache/commons/lang3/StringUtils.java1415returnindexOfAny(cs,searchChars.indexOf(searchChars)+0);
projects/Lang30/src/main/java/org/apache/commons/lang3/StringUtils.java1415returnindexOfAny(cs,searchChars.indexOf(searchChars)/1);
projects/Lang30/src/main/java/org/apache/commons/lang3/StringUtils.java1415returnindexOfAny(cs,searchChars.indexOf(searchChars)+2);
projects/Lang30/src/main/java/org/apache/commons/lang3/StringUtils.java1415intindex=indexOfSupported(cs,searchChars,0);
projects/Lang30/src/main/java/org/apache/commons/lang3/StringUtils.java1415intindex=indexOfSupported(cs,searchChars,DECOMPOSED);
projects/Lang30/src/main/java/org/apache/commons/lang3/StringUtils.java1415intindex=indexOf(cs,searchChars.indexOf(searchChars)+1);
projects/Lang30/src/main/java/org/apache/commons/lang3/StringUtils.java1415intindex=indexOf(cs,searchChars.indexOf('_'));
projects/Lang30/src/main/java/org/apache/commons/lang3/StringUtils.java1415intindex=indexOfAny(cs,searchChars,DECOMPOSE,DECOMPOSE);
projects/Lang30/src/main/java/org/apache/commons/lang3/StringUtils.java1415intindex=indexOfSequence(cs,searchChars.toString());
projects/Lang30/src/main/java/org/apache/commons/lang3/StringUtils.java1415intindex=searchChars.indexOf(cs.toCharArray());
projects/Lang30/src/main/java/org/apache/commons/lang3/StringUtils.java1415intindex=cs.indexOf(searchChars.toCharArray()+1);
projects/Lang30/src/main/java/org/apache/commons/lang3/StringUtils.java1415intindex=cs.indexOf(searchChars.substring(1));
projects/Lang30/src/main/java/org/apache/commons/lang3/StringUtils.java1415intindex=searchChars.indexOf(cs,PAD_LIMIT);
projects/Lang30/src/main/java/org/apache/commons/lang3/StringUtils.java1415intindex=cs.indexOf(searchChars,DECOMPOSE);
projects/Lang30/src/main/java/org/apache/commons/lang3/StringUtils.java1415intindex=indexOfSequence(cs,searchChars,0);
projects/Lang30/src/main/java/org/apache/commons/lang3/StringUtils.java1415intindex=indexOfSequence(cs,searchChars,DECOMPOSED);
projects/Lang30/src/main/java/org/apache/commons/lang3/StringUtils.java1415intindex=indexOfAny(cs,searchChars.toString(),INDEX_NOT_FOUND);
projects/Lang30/src/main/java/org/apache/commons/lang3/StringUtils.java1415returnindexOfAny(cs,searchChars.toString(),INDEX_NOT_FOUND,PAD_LIMIT);
projects/Lang30/src/main/java/org/apache/commons/lang3/StringUtils.java1415returnindexOfAny(cs,searchChars.toString(),DECOMPOSED);
projects/Lang30/src/main/java/org/apache/commons/lang3/StringUtils.java1415intindex=indexOf(cs,searchChars.getIndex()-1);
projects/Lang30/src/main/java/org/apache/commons/lang3/StringUtils.java1415intindex=indexOf(cs,searchChars.getIndex()+1);
projects/Lang30/src/main/java/org/apache/commons/lang3/StringUtils.java1415intindex=indexOf(cs,searchChars,1);
projects/Lang30/src/main/java/org/apache/commons/lang3/StringUtils.java1415intindex=indexOf(cs,searchChars,0,searchChars.length);
projects/Lang30/src/main/java/org/apache/commons/lang3/StringUtils.java1415intindex=indexOf(cs,searchChars,0,cs.length);
projects/Lang30/src/main/java/org/apache/commons/lang3/StringUtils.java1415intindex=indexOfAny(cs,searchChars,INDEX_NOT_FOUND,PAD_LIMIT);
projects/Lang30/src/main/java/org/apache/commons/lang3/StringUtils.java1415intindex=indexOfAny(cs,searchChars,INDEX_NOT_FOUND,0);
projects/Lang30/src/main/java/org/apache/commons/lang3/StringUtils.java1415returnindexOfAny(cs,searchChars.toCharArray(),DECOMPOSE,INDEX_NOT_FOUND);
projects/Lang30/src/main/java/org/apache/commons/lang3/StringUtils.java1415returnindexOfAny(cs,searchChars.toCharArray(),0,DECOMPOSE);
projects/Lang30/src/main/java/org/apache/commons/lang3/StringUtils.java1415inti=indexOf(cs,searchChars.length-1);
projects/Lang30/src/main/java/org/apache/commons/lang3/StringUtils.java1415inti=indexOf(cs,searchChars.length+1);
projects/Lang30/src/main/java/org/apache/commons/lang3/StringUtils.java1415inti=indexOfSequence(cs,searchChars.length);
projects/Lang30/src/main/java/org/apache/commons/lang3/StringUtils.java1415returnindexOfAny(cs,searchChars.toCharArray(),INDEX_NOT_FOUND+2);
projects/Lang30/src/main/java/org/apache/commons/lang3/StringUtils.java1415returnindexOfAny(cs,searchChars.toCharArray(),MAX_NOT_FOUND+1);
projects/Lang30/src/main/java/org/apache/commons/lang3/StringUtils.java1415returnindexOfAny(cs,searchChars.toCharArray(),inDEX_NOT_FOUND+1);
projects/Lang30/src/main/java/org/apache/commons/lang3/StringUtils.java1415inti=indexOf(cs,searchChars,INDEX_NOT_FOUND);
projects/Lang30/src/main/java/org/apache/commons/lang3/StringUtils.java1415inti=indexOf(cs,searchChars,DECOMPOSE);
projects/Lang30/src/main/java/org/apache/commons/lang3/StringUtils.java1415inti=indexOf(cs,searchChars,1);
projects/Lang30/src/main/java/org/apache/commons/lang3/StringUtils.java1415intindex=indexOf(cs,searchChars,DECOMPOSE,DECOMPOSE);
projects/Lang30/src/main/java/org/apache/commons/lang3/StringUtils.java1415intindex=indexOf(cs,searchChars,DECOMPOSE,0);
projects/Lang30/src/main/java/org/apache/commons/lang3/StringUtils.java1415returnindexOfAny(cs,searchChars.toLowerCase());
projects/Lang30/src/main/java/org/apache/commons/lang3/StringUtils.java1415returnindexOfAny(cs,searchChars.toUpperCase(),INDEX_NOT_FOUND);
projects/Lang30/src/main/java/org/apache/commons/lang3/StringUtils.java1415returnindexOfAny(cs,searchChars.toUpperCase(),DECOMPOSE);
projects/Lang30/src/main/java/org/apache/commons/lang3/StringUtils.java1415returnindexOfAny(cs,searchChars.toCharArray(),DECOMPOSE);
projects/Lang30/src/main/java/org/apache/commons/lang3/StringUtils.java1415returnindexOfAny(cs,searchChars.toCharArray(),1);
projects/Lang30/src/main/java/org/apache/commons/lang3/StringUtils.java1415returnindexOfAny(cs,searchChars.toCharArray(),MAX_NOT_FOUND);
projects/Lang30/src/main/java/org/apache/commons/lang3/StringUtils.java1415intindex=indexOf(cs,searchChars,INDEX_NOT_FOUND,PAD_LIMIT);
projects/Lang30/src/main/java/org/apache/commons/lang3/StringUtils.java1415intindex=indexOf(cs,searchChars,INDEX_NOT_FOUND,0);
projects/Lang30/src/main/java/org/apache/commons/lang3/StringUtils.java1415returnindexOfAny(cs,searchChars.indexOf(searchChars)+1,INDEX_NOT_FOUND);
projects/Lang30/src/main/java/org/apache/commons/lang3/StringUtils.java1415returnindexOfAny(cs,searchChars.indexOf(searchChars)+1),INDEX_NOT_FOUND);
projects/Lang30/src/main/java/org/apache/commons/lang3/StringUtils.java1415returnindexOfAny(cs,searchChars.indexOf(searchChars)/2,INDEX_NOT_FOUND);
projects/Lang30/src/main/java/org/apache/commons/lang3/StringUtils.java1415returnindexOfAny(cs,searchChars.indexOf(searchChars)-1,INDEX_NOT_FOUND);
projects/Lang30/src/main/java/org/apache/commons/lang3/StringUtils.java1415intindex=indexOfSequence(cs,searchChars.length());
projects/Lang30/src/main/java/org/apache/commons/lang3/StringUtils.java1415inti=indexOf(cs,searchChars.indexOf(searchChars)+1);
projects/Lang30/src/main/java/org/apache/commons/lang3/StringUtils.java1415inti=indexOf(cs,searchChars.indexOf('_'));
projects/Lang30/src/main/java/org/apache/commons/lang3/StringUtils.java1415inti=indexOf(cs,searchChars.indexOf('/'));
projects/Lang30/src/main/java/org/apache/commons/lang3/StringUtils.java1415intindex=indexOf(cs,searchChars,DECOMPOSED,0);
projects/Lang30/src/main/java/org/apache/commons/lang3/StringUtils.java1415intindex=searchChars.indexOf(cs,searchChars.toCharArray());
projects/Lang30/src/main/java/org/apache/commons/lang3/StringUtils.java1415intindex=indexOfAny(cs,searchChars.indexOf(searchChars)+1);
projects/Lang30/src/main/java/org/apache/commons/lang3/StringUtils.java1415intindex=indexOfAny(cs,searchChars.indexOf('_'));
projects/Lang30/src/main/java/org/apache/commons/lang3/StringUtils.java1415inti=indexOf(cs,searchChars,0,searchChars.length);
projects/Lang30/src/main/java/org/apache/commons/lang3/StringUtils.java1415inti=indexOf(cs,searchChars,2);
projects/Lang30/src/main/java/org/apache/commons/lang3/StringUtils.java1415inti=indexOf(cs,searchChars,-1);
projects/Lang30/src/main/java/org/apache/commons/lang3/StringUtils.java1415intindex=indexOfSupported(cs,searchChars,INDEX_NOT_FOUND);
projects/Lang30/src/main/java/org/apache/commons/lang3/StringUtils.java1415intindex=indexOf(cs,searchChars,DECOMPOSE|INDEX_NOT_FOUND);
projects/Lang30/src/main/java/org/apache/commons/lang3/StringUtils.java1415returnindexOfAny(cs,searchChars.indexOf(searchChars)+1)+1);
projects/Lang30/src/main/java/org/apache/commons/lang3/StringUtils.java1415returnindexOfAny(cs,searchChars.indexOf(searchChars)+1)&0;
projects/Lang30/src/main/java/org/apache/commons/lang3/StringUtils.java1415returnindexOfAny(cs,searchChars.indexOf(searchChars)+1)+1;
projects/Lang30/src/main/java/org/apache/commons/lang3/StringUtils.java1415returnindexOfAny(cs,searchChars.substring(0,searchChars.length()-1),INDEX_NOT_FOUND);
projects/Lang30/src/main/java/org/apache/commons/lang3/StringUtils.java1415intindex=indexOf(cs,searchChars.toCharArray(),0);
projects/Lang30/src/main/java/org/apache/commons/lang3/StringUtils.java1415inti=indexOf(cs,searchChars.indexOf(':'));
projects/Lang30/src/main/java/org/apache/commons/lang3/StringUtils.java1415intindex=indexOfSequence(cs,searchChars.toCharArray(),INDEX_NOT_FOUND);
projects/Lang30/src/main/java/org/apache/commons/lang3/StringUtils.java1415returnindexOfAny(cs,searchChars.indexOf(searchChars)/INDEX_NOT_FOUND);
projects/Lang30/src/main/java/org/apache/commons/lang3/StringUtils.java1415returnindexOfAny(cs,searchChars.substring(0,searchChars.length()-1),PAD_LIMIT);
projects/Lang30/src/main/java/org/apache/commons/lang3/StringUtils.java1415inti=indexOfSequence(cs,searchChars,INDEX_NOT_FOUND);
projects/Lang30/src/main/java/org/apache/commons/lang3/StringUtils.java1415inti=indexOfSequence(cs,searchChars,PAD_LIMIT);
projects/Lang30/src/main/java/org/apache/commons/lang3/StringUtils.java1415inti=indexOfSupported(cs,searchChars,PAD_LIMIT);
projects/Lang30/src/main/java/org/apache/commons/lang3/StringUtils.java1415intindex=indexOf(cs,searchChars.toUpperCase()-1);
projects/Lang30/src/main/java/org/apache/commons/lang3/StringUtils.java1415intindex=indexOfSequence(cs,searchChars,DECOMPOSE);
projects/Lang30/src/main/java/org/apache/commons/lang3/StringUtils.java1415intindex=indexOfAny(cs,searchChars.indexOf(')')+1);
projects/Lang30/src/main/java/org/apache/commons/lang3/StringUtils.java1415intindex=indexOfAny(cs,searchChars,-1);
projects/Lang30/src/main/java/org/apache/commons/lang3/StringUtils.java1415returnindexOfAny(cs,searchChars.toCharArray(),INDEX_NOT_FOUND+3);
projects/Lang30/src/main/java/org/apache/commons/lang3/StringUtils.java1415intindex=indexOfSequence(cs,searchChars,INDEX_NOT_FOUND);
projects/Lang30/src/main/java/org/apache/commons/lang3/StringUtils.java1415intindex=indexOf(cs,searchChars,-1);
projects/Lang30/src/main/java/org/apache/commons/lang3/StringUtils.java1415returnindexOfAny(cs,searchChars.indexOf('_'),INDEX_NOT_FOUND);
projects/Lang30/src/main/java/org/apache/commons/lang3/StringUtils.java1415returnindexOfAny(cs,searchChars.toCharArray(),INDEX_NOT_FOUND,4);
projects/Lang30/src/main/java/org/apache/commons/lang3/StringUtils.java1415intindex=indexOfAny(cs,searchChars.indexOf(searchChars),INDEX_NOT_FOUND);
projects/Lang30/src/main/java/org/apache/commons/lang3/StringUtils.java1415intindex=indexOfAny(cs,searchChars.toCharArray(),DECOMPOSED);
projects/Lang30/src/main/java/org/apache/commons/lang3/StringUtils.java1415intindex=cs.indexOf(searchChars,-1);
projects/Lang30/src/main/java/org/apache/commons/lang3/StringUtils.java1415intindex=searchChars.indexOf(input,INDEX_NOT_FOUND);
projects/Lang30/src/main/java/org/apache/commons/lang3/StringUtils.java1415intindex=searchChars.indexOf(input);
projects/Lang30/src/main/java/org/apache/commons/lang3/StringUtils.java1415inti=indexOf(cs,searchChars.length,0);
projects/Lang30/src/main/java/org/apache/commons/lang3/StringUtils.java1415inti=indexOfSupported(cs,searchChars.length);
projects/Lang30/src/main/java/org/apache/commons/lang3/StringUtils.java1415intindex=indexOfSequence(cs,searchChars.indexOf(searchChars));
projects/Lang30/src/main/java/org/apache/commons/lang3/StringUtils.java1415returnindexOfAny(cs,searchChars.toString(),PDEX_NOT_FOUND);
projects/Lang30/src/main/java/org/apache/commons/lang3/StringUtils.java1415intindex=indexOfSupported(cs,searchChars,PAD_LIMIT);
projects/Lang30/src/main/java/org/apache/commons/lang3/StringUtils.java1415intindex=cs.indexOf(searchChars,searchChars.length);
projects/Lang30/src/main/java/org/apache/commons/lang3/StringUtils.java1415intindex=cs.indexOf(searchChars.toString());
projects/Lang30/src/main/java/org/apache/commons/lang3/StringUtils.java1415intindex=indexOf(cs,searchChars.toUpperCase()+1);
projects/Lang30/src/main/java/org/apache/commons/lang3/StringUtils.java1415intindex=indexOf(cs,searchChars.toCharArray(),INDEX_NOT_FOUND,PAD_LIMIT);
projects/Lang30/src/main/java/org/apache/commons/lang3/StringUtils.java1415intindex=indexOf(cs,searchChars.indexOf(')')+1);
projects/Lang30/src/main/java/org/apache/commons/lang3/StringUtils.java1415returnindexOf(cs,searchChars.indexOf(')')+1);
projects/Lang30/src/main/java/org/apache/commons/lang3/StringUtils.java1415returnindexOfAny(cs,searchChars.toCharArray(),inDEX_NOT_FOUND);
projects/Lang30/src/main/java/org/apache/commons/lang3/StringUtils.java1415returnindexOfAny(cs,searchChars.indexOf(searchChars),PAD_LIMIT);
projects/Lang30/src/main/java/org/apache/commons/lang3/StringUtils.java1415intindex=indexOfAny(cs,searchChars.toString());
projects/Lang30/src/main/java/org/apache/commons/lang3/StringUtils.java1415intindex=indexOfAny(cs,searchChars.toCharArray(),MAX_NOT_FOUND);
projects/Lang30/src/main/java/org/apache/commons/lang3/StringUtils.java1415intindex=indexOfSupported(cs,searchChars,DECOMPOSE);
projects/Lang30/src/main/java/org/apache/commons/lang3/StringUtils.java1415intindex=indexOfSequence(cs,searchChars,PAD_LIMIT);
projects/Lang30/src/main/java/org/apache/commons/lang3/StringUtils.java1415returnindexOfAny(cs,searchChars.toString(),null);
projects/Lang30/src/main/java/org/apache/commons/lang3/StringUtils.java1415returnindexOf(cs,searchChars.indexOf('')+1);
projects/Lang30/src/main/java/org/apache/commons/lang3/StringUtils.java1415returnindexOfAny(cs,searchChars.toUpperCase()+1);
projects/Lang30/src/main/java/org/apache/commons/lang3/StringUtils.java1415inti=indexOf(cs,searchChars,DECOMPOSED);
projects/Lang30/src/main/java/org/apache/commons/lang3/StringUtils.java1415intindex=indexOfSequence(cs,searchChars.toUpperCase());
