bugid	buggy	buggy_class	suspiciousness	buggy_line	endbuggycode	original_failing_test_number	action	patch	original_buggy	execution_result	diagnosis	previous_bug_id	new_failing_test_number	this_action
1	[BUG]  [BUGGY]  return  this.dimension  -  getDimension()  +  1;  [CE]  illegal  start  of  expression  [FE]              java.lang.AssertionError:  entry  #0      [CONTEXT]      public  int  getDimension()  {      [BUGGY]  return  this.dimension  -  getDimension()  +  1;  [BUGGY]      }  [CLASS]  OpenMapRealVector  OpenMapEntry  OpenMapSparseIterator  [METHOD]  getDimension  [RETURN_TYPE]  int  [VARIABLES]  Entry  current  boolean  double  DEFAULT_ZERO_TOLERANCE  d  epsilon  value  Iterator  iter  OpenIntToDoubleHashMap  entries  larger  randomAccess  long  serialVersionUID  int  dimension  end  expectedSize  i  index  key  n  resize  virtualSize  	projects/Math29/src/main/java/org/apache/commons/math3/linear/OpenMapRealVector.java	0.21160368475757949	401	401	3	replace	return  this.dimension  -  getDimension()  +  1;	  return    this.dimension    -    getDimension();    	non-compiled	[CE]  illegal  start  of  expression	48	None	replace
2	[BUG]  [BUGGY]  return  this.dimension  /  getDimension();  [CE]  illegal  start  of  expression  [FE]                java.lang.AssertionError:  entry  #0      [CONTEXT]      public  int  getDimension()  {      [BUGGY]  return  this.dimension  /  getDimension();  [BUGGY]      }  [CLASS]  OpenMapRealVector  OpenMapEntry  OpenMapSparseIterator  [METHOD]  getDimension  [RETURN_TYPE]  int  [VARIABLES]  Entry  current  boolean  double  DEFAULT_ZERO_TOLERANCE  d  epsilon  value  Iterator  iter  OpenIntToDoubleHashMap  entries  larger  randomAccess  long  serialVersionUID  int  dimension  end  expectedSize  i  index  key  n  resize  virtualSize  	projects/Math29/src/main/java/org/apache/commons/math3/linear/OpenMapRealVector.java	0.21160368475757949	401	401	3	replace	return  this.dimension  /  getDimension();	  return    this.dimension    -    getDimension();    	non-compiled	[CE]  illegal  start  of  expression	48	None	replace
3	[BUG]  [BUGGY]  return  dimension  -  getDimension();  [CE]  illegal  start  of  expression  [FE]                  java.lang.AssertionError:  entry  #0      [CONTEXT]      public  int  getDimension()  {      [BUGGY]  return  dimension  -  getDimension();  [BUGGY]      }  [CLASS]  OpenMapRealVector  OpenMapEntry  OpenMapSparseIterator  [METHOD]  getDimension  [RETURN_TYPE]  int  [VARIABLES]  Entry  current  boolean  double  DEFAULT_ZERO_TOLERANCE  d  epsilon  value  Iterator  iter  OpenIntToDoubleHashMap  entries  larger  randomAccess  long  serialVersionUID  int  dimension  end  expectedSize  i  index  key  n  resize  virtualSize  	projects/Math29/src/main/java/org/apache/commons/math3/linear/OpenMapRealVector.java	0.21160368475757949	401	401	3	replace	return  dimension  -  getDimension();	  return    this.dimension    -    getDimension();    	non-compiled	[CE]  illegal  start  of  expression	48	None	replace
4	[BUG]  [BUGGY]  return  dimension  /  1;  [CE]  illegal  start  of  expression  [FE]            java.lang.AssertionError:  entry  #0      [CONTEXT]      public  int  getDimension()  {      [BUGGY]  return  dimension  /  1;  [BUGGY]      }  [CLASS]  OpenMapRealVector  OpenMapEntry  OpenMapSparseIterator  [METHOD]  getDimension  [RETURN_TYPE]  int  [VARIABLES]  Entry  current  boolean  double  DEFAULT_ZERO_TOLERANCE  d  epsilon  value  Iterator  iter  OpenIntToDoubleHashMap  entries  larger  randomAccess  long  serialVersionUID  int  dimension  end  expectedSize  i  index  key  n  resize  virtualSize  	projects/Math29/src/main/java/org/apache/commons/math3/linear/OpenMapRealVector.java	0.21160368475757949	401	401	3	replace	return  dimension  /  1;	  return    dimension    +    1;    	non-compiled	[CE]  illegal  start  of  expression	56	None	replace
5	[BUG]  [BUGGY]  return  this.devices.getDimension()  *  1;  [CE]  illegal  start  of  expression  [FE]                java.lang.AssertionError:  entry  #0      [CONTEXT]      public  int  getDimension()  {      [BUGGY]  return  this.devices.getDimension()  *  1;  [BUGGY]      }  [CLASS]  OpenMapRealVector  OpenMapEntry  OpenMapSparseIterator  [METHOD]  getDimension  [RETURN_TYPE]  int  [VARIABLES]  Entry  current  boolean  double  DEFAULT_ZERO_TOLERANCE  d  epsilon  value  Iterator  iter  OpenIntToDoubleHashMap  entries  larger  randomAccess  long  serialVersionUID  int  dimension  end  expectedSize  i  index  key  n  resize  virtualSize  	projects/Math29/src/main/java/org/apache/commons/math3/linear/OpenMapRealVector.java	0.21160368475757949	401	401	3	replace	return  this.devices.getDimension()  *  1;	  return    this.devices.getDimension()    -    1;    	non-compiled	[CE]  illegal  start  of  expression	14	None	replace
6	[BUG]  [BUGGY]  return  this.value.intValue();  [CE]  illegal  start  of  expression  [FE]            java.lang.AssertionError:  entry  #0      [CONTEXT]      public  int  getDimension()  {      [BUGGY]  return  this.value.intValue();  [BUGGY]      }  [CLASS]  OpenMapRealVector  OpenMapEntry  OpenMapSparseIterator  [METHOD]  getDimension  [RETURN_TYPE]  int  [VARIABLES]  Entry  current  boolean  double  DEFAULT_ZERO_TOLERANCE  d  epsilon  value  Iterator  iter  OpenIntToDoubleHashMap  entries  larger  randomAccess  long  serialVersionUID  int  dimension  end  expectedSize  i  index  key  n  resize  virtualSize  	projects/Math29/src/main/java/org/apache/commons/math3/linear/OpenMapRealVector.java	0.21160368475757949	401	401	3	replace	return  this.value.intValue();	  return    this.value;    	non-compiled	[CE]  illegal  start  of  expression	45	None	replace
7	[BUG]  [BUGGY]  return  this.value.intValue;  [CE]  illegal  start  of  expression  [FE]              java.lang.AssertionError:  entry  #0      [CONTEXT]      public  int  getDimension()  {      [BUGGY]  return  this.value.intValue;  [BUGGY]      }  [CLASS]  OpenMapRealVector  OpenMapEntry  OpenMapSparseIterator  [METHOD]  getDimension  [RETURN_TYPE]  int  [VARIABLES]  Entry  current  boolean  double  DEFAULT_ZERO_TOLERANCE  d  epsilon  value  Iterator  iter  OpenIntToDoubleHashMap  entries  larger  randomAccess  long  serialVersionUID  int  dimension  end  expectedSize  i  index  key  n  resize  virtualSize  	projects/Math29/src/main/java/org/apache/commons/math3/linear/OpenMapRealVector.java	0.21160368475757949	401	401	3	replace	return  this.value.intValue;	  return    this.value;    	non-compiled	[CE]  illegal  start  of  expression	45	None	replace
8	[BUG]  [BUGGY]  return  this.value.doubleValue();  [CE]  illegal  start  of  expression  [FE]                java.lang.AssertionError:  entry  #0      [CONTEXT]      public  int  getDimension()  {      [BUGGY]  return  this.value.doubleValue();  [BUGGY]      }  [CLASS]  OpenMapRealVector  OpenMapEntry  OpenMapSparseIterator  [METHOD]  getDimension  [RETURN_TYPE]  int  [VARIABLES]  Entry  current  boolean  double  DEFAULT_ZERO_TOLERANCE  d  epsilon  value  Iterator  iter  OpenIntToDoubleHashMap  entries  larger  randomAccess  long  serialVersionUID  int  dimension  end  expectedSize  i  index  key  n  resize  virtualSize  	projects/Math29/src/main/java/org/apache/commons/math3/linear/OpenMapRealVector.java	0.21160368475757949	401	401	3	replace	return  this.value.doubleValue();	  return    this.value;    	non-compiled	[CE]  illegal  start  of  expression	45	None	replace
9	[BUG]  [BUGGY]  return  this.value  <  =  DEFAULT_ZERO_TOLERANCE?  this.value  :  0;  [CE]  illegal  start  of  expression  [FE]                  java.lang.AssertionError:  entry  #0      [CONTEXT]      public  int  getDimension()  {      [BUGGY]  return  this.value  <  =  DEFAULT_ZERO_TOLERANCE?  this.value  :  0;  [BUGGY]      }  [CLASS]  OpenMapRealVector  OpenMapEntry  OpenMapSparseIterator  [METHOD]  getDimension  [RETURN_TYPE]  int  [VARIABLES]  Entry  current  boolean  double  DEFAULT_ZERO_TOLERANCE  d  epsilon  value  Iterator  iter  OpenIntToDoubleHashMap  entries  larger  randomAccess  long  serialVersionUID  int  dimension  end  expectedSize  i  index  key  n  resize  virtualSize  	projects/Math29/src/main/java/org/apache/commons/math3/linear/OpenMapRealVector.java	0.21160368475757949	401	401	3	replace	return  this.value  <  =  DEFAULT_ZERO_TOLERANCE?  this.value  :  0;	  return    this.value;    	non-compiled	[CE]  illegal  start  of  expression	45	None	replace
10	[BUG]  [BUGGY]  return  this.deviceSize  /  2;  [CE]  illegal  start  of  expression  [FE]                  java.lang.AssertionError:  entry  #0      [CONTEXT]      public  int  getDimension()  {      [BUGGY]  return  this.deviceSize  /  2;  [BUGGY]      }  [CLASS]  OpenMapRealVector  OpenMapEntry  OpenMapSparseIterator  [METHOD]  getDimension  [RETURN_TYPE]  int  [VARIABLES]  Entry  current  boolean  double  DEFAULT_ZERO_TOLERANCE  d  epsilon  value  Iterator  iter  OpenIntToDoubleHashMap  entries  larger  randomAccess  long  serialVersionUID  int  dimension  end  expectedSize  i  index  key  n  resize  virtualSize  	projects/Math29/src/main/java/org/apache/commons/math3/linear/OpenMapRealVector.java	0.21160368475757949	401	401	3	replace	return  this.deviceSize  /  2;	  return    this.deviceSize    -    2;    	non-compiled	[CE]  illegal  start  of  expression	4	None	replace
11	[BUG]  [BUGGY]  return  this.deviceSize  *  2;  [CE]  illegal  start  of  expression  [FE]                    java.lang.AssertionError:  entry  #0      [CONTEXT]      public  int  getDimension()  {      [BUGGY]  return  this.deviceSize  *  2;  [BUGGY]      }  [CLASS]  OpenMapRealVector  OpenMapEntry  OpenMapSparseIterator  [METHOD]  getDimension  [RETURN_TYPE]  int  [VARIABLES]  Entry  current  boolean  double  DEFAULT_ZERO_TOLERANCE  d  epsilon  value  Iterator  iter  OpenIntToDoubleHashMap  entries  larger  randomAccess  long  serialVersionUID  int  dimension  end  expectedSize  i  index  key  n  resize  virtualSize  	projects/Math29/src/main/java/org/apache/commons/math3/linear/OpenMapRealVector.java	0.21160368475757949	401	401	3	replace	return  this.deviceSize  *  2;	  return    this.deviceSize    -    2;    	non-compiled	[CE]  illegal  start  of  expression	4	None	replace
12	[BUG]  [BUGGY]  return  this.dimension  /  1;  [CE]  illegal  start  of  expression  [FE]                java.lang.AssertionError:  entry  #0      [CONTEXT]      public  int  getDimension()  {      [BUGGY]  return  this.dimension  /  1;  [BUGGY]      }  [CLASS]  OpenMapRealVector  OpenMapEntry  OpenMapSparseIterator  [METHOD]  getDimension  [RETURN_TYPE]  int  [VARIABLES]  Entry  current  boolean  double  DEFAULT_ZERO_TOLERANCE  d  epsilon  value  Iterator  iter  OpenIntToDoubleHashMap  entries  larger  randomAccess  long  serialVersionUID  int  dimension  end  expectedSize  i  index  key  n  resize  virtualSize  	projects/Math29/src/main/java/org/apache/commons/math3/linear/OpenMapRealVector.java	0.21160368475757949	401	401	3	replace	return  this.dimension  /  1;	  return    this.dimension    +    1;    	non-compiled	[CE]  illegal  start  of  expression	12	None	replace
13	[BUG]  [BUGGY]  return  this.dimension  *  1;  [CE]  illegal  start  of  expression  [FE]                  java.lang.AssertionError:  entry  #0      [CONTEXT]      public  int  getDimension()  {      [BUGGY]  return  this.dimension  *  1;  [BUGGY]      }  [CLASS]  OpenMapRealVector  OpenMapEntry  OpenMapSparseIterator  [METHOD]  getDimension  [RETURN_TYPE]  int  [VARIABLES]  Entry  current  boolean  double  DEFAULT_ZERO_TOLERANCE  d  epsilon  value  Iterator  iter  OpenIntToDoubleHashMap  entries  larger  randomAccess  long  serialVersionUID  int  dimension  end  expectedSize  i  index  key  n  resize  virtualSize  	projects/Math29/src/main/java/org/apache/commons/math3/linear/OpenMapRealVector.java	0.21160368475757949	401	401	3	replace	return  this.dimension  *  1;	  return    this.dimension    +    1;    	non-compiled	[CE]  illegal  start  of  expression	12	None	replace
14	[BUG]  [BUGGY]  Integer  virtualSize  =  this.entries.get(current.intValue);  [CE]  illegal  start  of  expression  [FE]              java.lang.AssertionError:  entry  #0      [CONTEXT]      public  int  getDimension()  {      [BUGGY]  Integer  virtualSize  =  this.entries.get(current.intValue);  [BUGGY]      return  virtualSize;  }  [CLASS]  OpenMapRealVector  OpenMapEntry  OpenMapSparseIterator  [METHOD]  getDimension  [RETURN_TYPE]  int  [VARIABLES]  Entry  current  boolean  double  DEFAULT_ZERO_TOLERANCE  d  epsilon  value  Iterator  iter  OpenIntToDoubleHashMap  entries  larger  randomAccess  long  serialVersionUID  int  dimension  end  expectedSize  i  index  key  n  resize  virtualSize  	projects/Math29/src/main/java/org/apache/commons/math3/linear/OpenMapRealVector.java	0.21160368475757949	401	401	3	replace	Integer  virtualSize  =  this.entries.get(current.intValue);	  Integer    virtualSize    =    entries.get(current.intValue);    	non-compiled	[CE]  illegal  start  of  expression	63	None	replace
15	[BUG]  [BUGGY]  Integer  virtualSize  =  current.entries.get(current.intValue);  [CE]  illegal  start  of  expression  [FE]                java.lang.AssertionError:  entry  #0      [CONTEXT]      public  int  getDimension()  {      [BUGGY]  Integer  virtualSize  =  current.entries.get(current.intValue);  [BUGGY]      return  virtualSize;  }  [CLASS]  OpenMapRealVector  OpenMapEntry  OpenMapSparseIterator  [METHOD]  getDimension  [RETURN_TYPE]  int  [VARIABLES]  Entry  current  boolean  double  DEFAULT_ZERO_TOLERANCE  d  epsilon  value  Iterator  iter  OpenIntToDoubleHashMap  entries  larger  randomAccess  long  serialVersionUID  int  dimension  end  expectedSize  i  index  key  n  resize  virtualSize  	projects/Math29/src/main/java/org/apache/commons/math3/linear/OpenMapRealVector.java	0.21160368475757949	401	401	3	replace	Integer  virtualSize  =  current.entries.get(current.intValue);	  Integer    virtualSize    =    entries.get(current.intValue);    	non-compiled	[CE]  illegal  start  of  expression	63	None	replace
16	[BUG]  [BUGGY]  Integer  virtualSize  =  current.getDimension();  [CE]  illegal  start  of  expression  [FE]                  java.lang.AssertionError:  entry  #0      [CONTEXT]      public  int  getDimension()  {      [BUGGY]  Integer  virtualSize  =  current.getDimension();  [BUGGY]      return  virtualSize;  }  [CLASS]  OpenMapRealVector  OpenMapEntry  OpenMapSparseIterator  [METHOD]  getDimension  [RETURN_TYPE]  int  [VARIABLES]  Entry  current  boolean  double  DEFAULT_ZERO_TOLERANCE  d  epsilon  value  Iterator  iter  OpenIntToDoubleHashMap  entries  larger  randomAccess  long  serialVersionUID  int  dimension  end  expectedSize  i  index  key  n  resize  virtualSize  	projects/Math29/src/main/java/org/apache/commons/math3/linear/OpenMapRealVector.java	0.21160368475757949	401	401	3	replace	Integer  virtualSize  =  current.getDimension();	  Integer    virtualSize    =    entries.get(current.intValue);    	non-compiled	[CE]  illegal  start  of  expression	63	None	replace
17	[BUG]  [BUGGY]  return  this.dimension  -(this.entries.size());  [CE]  illegal  start  of  expression  [FE]              java.lang.AssertionError:  entry  #0      [CONTEXT]      public  int  getDimension()  {      [BUGGY]  return  this.dimension  -(this.entries.size());  [BUGGY]      }  [CLASS]  OpenMapRealVector  OpenMapEntry  OpenMapSparseIterator  [METHOD]  getDimension  [RETURN_TYPE]  int  [VARIABLES]  Entry  current  boolean  double  DEFAULT_ZERO_TOLERANCE  d  epsilon  value  Iterator  iter  OpenIntToDoubleHashMap  entries  larger  randomAccess  long  serialVersionUID  int  dimension  end  expectedSize  i  index  key  n  resize  virtualSize  	projects/Math29/src/main/java/org/apache/commons/math3/linear/OpenMapRealVector.java	0.21160368475757949	401	401	3	replace	return  this.dimension  -(this.entries.size());	  return    this.dimension    -(this.entries.size()    -    1);    	non-compiled	[CE]  illegal  start  of  expression	54	None	replace
18	[BUG]  [BUGGY]  return  this.dimension  -(this.entries.size()  +  1);  [CE]  illegal  start  of  expression  [FE]                java.lang.AssertionError:  entry  #0      [CONTEXT]      public  int  getDimension()  {      [BUGGY]  return  this.dimension  -(this.entries.size()  +  1);  [BUGGY]      }  [CLASS]  OpenMapRealVector  OpenMapEntry  OpenMapSparseIterator  [METHOD]  getDimension  [RETURN_TYPE]  int  [VARIABLES]  Entry  current  boolean  double  DEFAULT_ZERO_TOLERANCE  d  epsilon  value  Iterator  iter  OpenIntToDoubleHashMap  entries  larger  randomAccess  long  serialVersionUID  int  dimension  end  expectedSize  i  index  key  n  resize  virtualSize  	projects/Math29/src/main/java/org/apache/commons/math3/linear/OpenMapRealVector.java	0.21160368475757949	401	401	3	replace	return  this.dimension  -(this.entries.size()  +  1);	  return    this.dimension    -(this.entries.size()    -    1);    	non-compiled	[CE]  illegal  start  of  expression	54	None	replace
19	[BUG]  [BUGGY]  return  this.entries.size()  -(this.dimension  -  1);  [CE]  illegal  start  of  expression  [FE]                  java.lang.AssertionError:  entry  #0      [CONTEXT]      public  int  getDimension()  {      [BUGGY]  return  this.entries.size()  -(this.dimension  -  1);  [BUGGY]      }  [CLASS]  OpenMapRealVector  OpenMapEntry  OpenMapSparseIterator  [METHOD]  getDimension  [RETURN_TYPE]  int  [VARIABLES]  Entry  current  boolean  double  DEFAULT_ZERO_TOLERANCE  d  epsilon  value  Iterator  iter  OpenIntToDoubleHashMap  entries  larger  randomAccess  long  serialVersionUID  int  dimension  end  expectedSize  i  index  key  n  resize  virtualSize  	projects/Math29/src/main/java/org/apache/commons/math3/linear/OpenMapRealVector.java	0.21160368475757949	401	401	3	replace	return  this.entries.size()  -(this.dimension  -  1);	  return    this.dimension    -(this.entries.size()    -    1);    	non-compiled	[CE]  illegal  start  of  expression	54	None	replace
20	[BUG]  [BUGGY]  return  this.dimension  -(this.entries.size()  *  1);  [CE]  illegal  start  of  expression  [FE]                    java.lang.AssertionError:  entry  #0      [CONTEXT]      public  int  getDimension()  {      [BUGGY]  return  this.dimension  -(this.entries.size()  *  1);  [BUGGY]      }  [CLASS]  OpenMapRealVector  OpenMapEntry  OpenMapSparseIterator  [METHOD]  getDimension  [RETURN_TYPE]  int  [VARIABLES]  Entry  current  boolean  double  DEFAULT_ZERO_TOLERANCE  d  epsilon  value  Iterator  iter  OpenIntToDoubleHashMap  entries  larger  randomAccess  long  serialVersionUID  int  dimension  end  expectedSize  i  index  key  n  resize  virtualSize  	projects/Math29/src/main/java/org/apache/commons/math3/linear/OpenMapRealVector.java	0.21160368475757949	401	401	3	replace	return  this.dimension  -(this.entries.size()  *  1);	  return    this.dimension    -(this.entries.size()    -    1);    	non-compiled	[CE]  illegal  start  of  expression	54	None	replace
21	[BUG]  [BUGGY]  int  virtualSize  =  this.entries.getDimensionIndex();  [CE]  illegal  start  of  expression  [FE]                  java.lang.AssertionError:  entry  #0      [CONTEXT]      public  int  getDimension()  {      [BUGGY]  int  virtualSize  =  this.entries.getDimensionIndex();  [BUGGY]      return  virtualSize;  }  [CLASS]  OpenMapRealVector  OpenMapEntry  OpenMapSparseIterator  [METHOD]  getDimension  [RETURN_TYPE]  int  [VARIABLES]  Entry  current  boolean  double  DEFAULT_ZERO_TOLERANCE  d  epsilon  value  Iterator  iter  OpenIntToDoubleHashMap  entries  larger  randomAccess  long  serialVersionUID  int  dimension  end  expectedSize  i  index  key  n  resize  virtualSize  	projects/Math29/src/main/java/org/apache/commons/math3/linear/OpenMapRealVector.java	0.21160368475757949	401	401	3	replace	int  virtualSize  =  this.entries.getDimensionIndex();	  int    virtualSize    =    this.entries.getValue();    	non-compiled	[CE]  illegal  start  of  expression	44	None	replace
22	[BUG]  [BUGGY]  int  dimension  =  this.devices.getDimension()  -  1;  [CE]  illegal  start  of  expression  [FE]                    java.lang.AssertionError:  entry  #0      [CONTEXT]      public  int  getDimension()  {      [BUGGY]  int  dimension  =  this.devices.getDimension()  -  1;  [BUGGY]      }  [CLASS]  OpenMapRealVector  OpenMapEntry  OpenMapSparseIterator  [METHOD]  getDimension  [RETURN_TYPE]  int  [VARIABLES]  Entry  current  boolean  double  DEFAULT_ZERO_TOLERANCE  d  epsilon  value  Iterator  iter  OpenIntToDoubleHashMap  entries  larger  randomAccess  long  serialVersionUID  int  dimension  end  expectedSize  i  index  key  n  resize  virtualSize  	projects/Math29/src/main/java/org/apache/commons/math3/linear/OpenMapRealVector.java	0.21160368475757949	401	401	3	replace	int  dimension  =  this.devices.getDimension()  -  1;	  int    dimension    =    this.devices.getDimension();    	non-compiled	[CE]  illegal  start  of  expression	16	None	replace
23	[BUG]  [BUGGY]  int  dimension  =  this.devices.getDimension()  +  1;  [CE]  illegal  start  of  expression  [FE]                      java.lang.AssertionError:  entry  #0      [CONTEXT]      public  int  getDimension()  {      [BUGGY]  int  dimension  =  this.devices.getDimension()  +  1;  [BUGGY]      }  [CLASS]  OpenMapRealVector  OpenMapEntry  OpenMapSparseIterator  [METHOD]  getDimension  [RETURN_TYPE]  int  [VARIABLES]  Entry  current  boolean  double  DEFAULT_ZERO_TOLERANCE  d  epsilon  value  Iterator  iter  OpenIntToDoubleHashMap  entries  larger  randomAccess  long  serialVersionUID  int  dimension  end  expectedSize  i  index  key  n  resize  virtualSize  	projects/Math29/src/main/java/org/apache/commons/math3/linear/OpenMapRealVector.java	0.21160368475757949	401	401	3	replace	int  dimension  =  this.devices.getDimension()  +  1;	  int    dimension    =    this.devices.getDimension();    	non-compiled	[CE]  illegal  start  of  expression	16	None	replace
24	[BUG]  [BUGGY]  int  dimension  =  this.devices.getDimension()  -  2;  [CE]  illegal  start  of  expression  [FE]                        java.lang.AssertionError:  entry  #0      [CONTEXT]      public  int  getDimension()  {      [BUGGY]  int  dimension  =  this.devices.getDimension()  -  2;  [BUGGY]      }  [CLASS]  OpenMapRealVector  OpenMapEntry  OpenMapSparseIterator  [METHOD]  getDimension  [RETURN_TYPE]  int  [VARIABLES]  Entry  current  boolean  double  DEFAULT_ZERO_TOLERANCE  d  epsilon  value  Iterator  iter  OpenIntToDoubleHashMap  entries  larger  randomAccess  long  serialVersionUID  int  dimension  end  expectedSize  i  index  key  n  resize  virtualSize  	projects/Math29/src/main/java/org/apache/commons/math3/linear/OpenMapRealVector.java	0.21160368475757949	401	401	3	replace	int  dimension  =  this.devices.getDimension()  -  2;	  int    dimension    =    this.devices.getDimension();    	non-compiled	[CE]  illegal  start  of  expression	16	None	replace
25	[BUG]  [BUGGY]  Integer  virtualSize  =  entry.getEntry(current);  [CE]  illegal  start  of  expression  [FE]                  java.lang.AssertionError:  entry  #0      [CONTEXT]      public  int  getDimension()  {      [BUGGY]  Integer  virtualSize  =  entry.getEntry(current);  [BUGGY]      return  virtualSize;  }  [CLASS]  OpenMapRealVector  OpenMapEntry  OpenMapSparseIterator  [METHOD]  getDimension  [RETURN_TYPE]  int  [VARIABLES]  Entry  current  boolean  double  DEFAULT_ZERO_TOLERANCE  d  epsilon  value  Iterator  iter  OpenIntToDoubleHashMap  entries  larger  randomAccess  long  serialVersionUID  int  dimension  end  expectedSize  i  index  key  n  resize  virtualSize  	projects/Math29/src/main/java/org/apache/commons/math3/linear/OpenMapRealVector.java	0.21160368475757949	401	401	3	replace	Integer  virtualSize  =  entry.getEntry(current);	  Integer    virtualSize    =    current.getEntry(entry);    	non-compiled	[CE]  illegal  start  of  expression	34	None	replace
26	[BUG]  [BUGGY]  Integer  virtualSize  =  entries.getEntry(current);  [CE]  illegal  start  of  expression  [FE]                    java.lang.AssertionError:  entry  #0      [CONTEXT]      public  int  getDimension()  {      [BUGGY]  Integer  virtualSize  =  entries.getEntry(current);  [BUGGY]      return  virtualSize;  }  [CLASS]  OpenMapRealVector  OpenMapEntry  OpenMapSparseIterator  [METHOD]  getDimension  [RETURN_TYPE]  int  [VARIABLES]  Entry  current  boolean  double  DEFAULT_ZERO_TOLERANCE  d  epsilon  value  Iterator  iter  OpenIntToDoubleHashMap  entries  larger  randomAccess  long  serialVersionUID  int  dimension  end  expectedSize  i  index  key  n  resize  virtualSize  	projects/Math29/src/main/java/org/apache/commons/math3/linear/OpenMapRealVector.java	0.21160368475757949	401	401	3	replace	Integer  virtualSize  =  entries.getEntry(current);	  Integer    virtualSize    =    current.getEntry(entry);    	non-compiled	[CE]  illegal  start  of  expression	34	None	replace
27	[BUG]  [BUGGY]  Integer  virtualSize  =  entry.getValue();  [CE]  illegal  start  of  expression  [FE]                      java.lang.AssertionError:  entry  #0      [CONTEXT]      public  int  getDimension()  {      [BUGGY]  Integer  virtualSize  =  entry.getValue();  [BUGGY]      return  virtualSize;  }  [CLASS]  OpenMapRealVector  OpenMapEntry  OpenMapSparseIterator  [METHOD]  getDimension  [RETURN_TYPE]  int  [VARIABLES]  Entry  current  boolean  double  DEFAULT_ZERO_TOLERANCE  d  epsilon  value  Iterator  iter  OpenIntToDoubleHashMap  entries  larger  randomAccess  long  serialVersionUID  int  dimension  end  expectedSize  i  index  key  n  resize  virtualSize  	projects/Math29/src/main/java/org/apache/commons/math3/linear/OpenMapRealVector.java	0.21160368475757949	401	401	3	replace	Integer  virtualSize  =  entry.getValue();	  Integer    virtualSize    =    current.getEntry(entry);    	non-compiled	[CE]  illegal  start  of  expression	34	None	replace
28	[BUG]  [BUGGY]  Integer  virtualSize  =  this.current.getEntry(entry);  [CE]  illegal  start  of  expression  [FE]                        java.lang.AssertionError:  entry  #0      [CONTEXT]      public  int  getDimension()  {      [BUGGY]  Integer  virtualSize  =  this.current.getEntry(entry);  [BUGGY]      return  virtualSize;  }  [CLASS]  OpenMapRealVector  OpenMapEntry  OpenMapSparseIterator  [METHOD]  getDimension  [RETURN_TYPE]  int  [VARIABLES]  Entry  current  boolean  double  DEFAULT_ZERO_TOLERANCE  d  epsilon  value  Iterator  iter  OpenIntToDoubleHashMap  entries  larger  randomAccess  long  serialVersionUID  int  dimension  end  expectedSize  i  index  key  n  resize  virtualSize  	projects/Math29/src/main/java/org/apache/commons/math3/linear/OpenMapRealVector.java	0.21160368475757949	401	401	3	replace	Integer  virtualSize  =  this.current.getEntry(entry);	  Integer    virtualSize    =    current.getEntry(entry);    	non-compiled	[CE]  illegal  start  of  expression	34	None	replace
29	[BUG]  [BUGGY]  int  virtualSize  =  getDimension()  /  1;  [CE]  illegal  start  of  expression  [FE]              java.lang.AssertionError:  entry  #0      [CONTEXT]      public  int  getDimension()  {      [BUGGY]  int  virtualSize  =  getDimension()  /  1;  [BUGGY]      return  virtualSize;  }  [CLASS]  OpenMapRealVector  OpenMapEntry  OpenMapSparseIterator  [METHOD]  getDimension  [RETURN_TYPE]  int  [VARIABLES]  Entry  current  boolean  double  DEFAULT_ZERO_TOLERANCE  d  epsilon  value  Iterator  iter  OpenIntToDoubleHashMap  entries  larger  randomAccess  long  serialVersionUID  int  dimension  end  expectedSize  i  index  key  n  resize  virtualSize  	projects/Math29/src/main/java/org/apache/commons/math3/linear/OpenMapRealVector.java	0.21160368475757949	401	401	3	replace	int  virtualSize  =  getDimension()  /  1;	  int    virtualSize    =    getDimension()    +    1;    	non-compiled	[CE]  illegal  start  of  expression	22	None	replace
30	[BUG]  [BUGGY]  return  this.deviceSize  /  1;  [CE]  illegal  start  of  expression  [FE]            java.lang.AssertionError:  entry  #0      [CONTEXT]      public  int  getDimension()  {      [BUGGY]  return  this.deviceSize  /  1;  [BUGGY]      }  [CLASS]  OpenMapRealVector  OpenMapEntry  OpenMapSparseIterator  [METHOD]  getDimension  [RETURN_TYPE]  int  [VARIABLES]  Entry  current  boolean  double  DEFAULT_ZERO_TOLERANCE  d  epsilon  value  Iterator  iter  OpenIntToDoubleHashMap  entries  larger  randomAccess  long  serialVersionUID  int  dimension  end  expectedSize  i  index  key  n  resize  virtualSize  	projects/Math29/src/main/java/org/apache/commons/math3/linear/OpenMapRealVector.java	0.21160368475757949	401	401	3	replace	return  this.deviceSize  /  1;	  return    this.deviceSize    -    1;    	non-compiled	[CE]  illegal  start  of  expression	1	None	replace
31	[BUG]  [BUGGY]  return  this.deviceSize  -  1L;  [CE]  illegal  start  of  expression  [FE]              java.lang.AssertionError:  entry  #0      [CONTEXT]      public  int  getDimension()  {      [BUGGY]  return  this.deviceSize  -  1L;  [BUGGY]      }  [CLASS]  OpenMapRealVector  OpenMapEntry  OpenMapSparseIterator  [METHOD]  getDimension  [RETURN_TYPE]  int  [VARIABLES]  Entry  current  boolean  double  DEFAULT_ZERO_TOLERANCE  d  epsilon  value  Iterator  iter  OpenIntToDoubleHashMap  entries  larger  randomAccess  long  serialVersionUID  int  dimension  end  expectedSize  i  index  key  n  resize  virtualSize  	projects/Math29/src/main/java/org/apache/commons/math3/linear/OpenMapRealVector.java	0.21160368475757949	401	401	3	replace	return  this.deviceSize  -  1L;	  return    this.deviceSize    -    1;    	non-compiled	[CE]  illegal  start  of  expression	1	None	replace
32	[BUG]  [BUGGY]  return  this.entry.getValue();  [CE]  illegal  start  of  expression  [FE]            java.lang.AssertionError:  entry  #0      [CONTEXT]      public  int  getDimension()  {      [BUGGY]  return  this.entry.getValue();  [BUGGY]      }  [CLASS]  OpenMapRealVector  OpenMapEntry  OpenMapSparseIterator  [METHOD]  getDimension  [RETURN_TYPE]  int  [VARIABLES]  Entry  current  boolean  double  DEFAULT_ZERO_TOLERANCE  d  epsilon  value  Iterator  iter  OpenIntToDoubleHashMap  entries  larger  randomAccess  long  serialVersionUID  int  dimension  end  expectedSize  i  index  key  n  resize  virtualSize  	projects/Math29/src/main/java/org/apache/commons/math3/linear/OpenMapRealVector.java	0.21160368475757949	401	401	3	replace	return  this.entry.getValue();	  return    entry.getValue();    	non-compiled	[CE]  illegal  start  of  expression	24	None	replace
33	[BUG]  [BUGGY]  return  entry.getValue()  +  1;  [CE]  illegal  start  of  expression  [FE]              java.lang.AssertionError:  entry  #0      [CONTEXT]      public  int  getDimension()  {      [BUGGY]  return  entry.getValue()  +  1;  [BUGGY]      }  [CLASS]  OpenMapRealVector  OpenMapEntry  OpenMapSparseIterator  [METHOD]  getDimension  [RETURN_TYPE]  int  [VARIABLES]  Entry  current  boolean  double  DEFAULT_ZERO_TOLERANCE  d  epsilon  value  Iterator  iter  OpenIntToDoubleHashMap  entries  larger  randomAccess  long  serialVersionUID  int  dimension  end  expectedSize  i  index  key  n  resize  virtualSize  	projects/Math29/src/main/java/org/apache/commons/math3/linear/OpenMapRealVector.java	0.21160368475757949	401	401	3	replace	return  entry.getValue()  +  1;	  return    entry.getValue();    	non-compiled	[CE]  illegal  start  of  expression	24	None	replace
34	[BUG]  [BUGGY]  return  entry.getValue()  -  1;  [CE]  illegal  start  of  expression  [FE]                java.lang.AssertionError:  entry  #0      [CONTEXT]      public  int  getDimension()  {      [BUGGY]  return  entry.getValue()  -  1;  [BUGGY]      }  [CLASS]  OpenMapRealVector  OpenMapEntry  OpenMapSparseIterator  [METHOD]  getDimension  [RETURN_TYPE]  int  [VARIABLES]  Entry  current  boolean  double  DEFAULT_ZERO_TOLERANCE  d  epsilon  value  Iterator  iter  OpenIntToDoubleHashMap  entries  larger  randomAccess  long  serialVersionUID  int  dimension  end  expectedSize  i  index  key  n  resize  virtualSize  	projects/Math29/src/main/java/org/apache/commons/math3/linear/OpenMapRealVector.java	0.21160368475757949	401	401	3	replace	return  entry.getValue()  -  1;	  return    entry.getValue();    	non-compiled	[CE]  illegal  start  of  expression	24	None	replace
35	[BUG]  [BUGGY]  return  entry.getKey();  [CE]  illegal  start  of  expression  [FE]                  java.lang.AssertionError:  entry  #0      [CONTEXT]      public  int  getDimension()  {      [BUGGY]  return  entry.getKey();  [BUGGY]      }  [CLASS]  OpenMapRealVector  OpenMapEntry  OpenMapSparseIterator  [METHOD]  getDimension  [RETURN_TYPE]  int  [VARIABLES]  Entry  current  boolean  double  DEFAULT_ZERO_TOLERANCE  d  epsilon  value  Iterator  iter  OpenIntToDoubleHashMap  entries  larger  randomAccess  long  serialVersionUID  int  dimension  end  expectedSize  i  index  key  n  resize  virtualSize  	projects/Math29/src/main/java/org/apache/commons/math3/linear/OpenMapRealVector.java	0.21160368475757949	401	401	3	replace	return  entry.getKey();	  return    entry.getValue();    	non-compiled	[CE]  illegal  start  of  expression	24	None	replace
36	[BUG]  [BUGGY]  return  this.deviceSize  /  getDimension();  [CE]  illegal  start  of  expression  [FE]            java.lang.AssertionError:  entry  #0      [CONTEXT]      public  int  getDimension()  {      [BUGGY]  return  this.deviceSize  /  getDimension();  [BUGGY]      }  [CLASS]  OpenMapRealVector  OpenMapEntry  OpenMapSparseIterator  [METHOD]  getDimension  [RETURN_TYPE]  int  [VARIABLES]  Entry  current  boolean  double  DEFAULT_ZERO_TOLERANCE  d  epsilon  value  Iterator  iter  OpenIntToDoubleHashMap  entries  larger  randomAccess  long  serialVersionUID  int  dimension  end  expectedSize  i  index  key  n  resize  virtualSize  	projects/Math29/src/main/java/org/apache/commons/math3/linear/OpenMapRealVector.java	0.21160368475757949	401	401	3	replace	return  this.deviceSize  /  getDimension();	  return    this.deviceSize    -    getDimension();    	non-compiled	[CE]  illegal  start  of  expression	52	None	replace
37	[BUG]  [BUGGY]  return  this.deviceSize  -  getDimension()  +  1;  [CE]  illegal  start  of  expression  [FE]              java.lang.AssertionError:  entry  #0      [CONTEXT]      public  int  getDimension()  {      [BUGGY]  return  this.deviceSize  -  getDimension()  +  1;  [BUGGY]      }  [CLASS]  OpenMapRealVector  OpenMapEntry  OpenMapSparseIterator  [METHOD]  getDimension  [RETURN_TYPE]  int  [VARIABLES]  Entry  current  boolean  double  DEFAULT_ZERO_TOLERANCE  d  epsilon  value  Iterator  iter  OpenIntToDoubleHashMap  entries  larger  randomAccess  long  serialVersionUID  int  dimension  end  expectedSize  i  index  key  n  resize  virtualSize  	projects/Math29/src/main/java/org/apache/commons/math3/linear/OpenMapRealVector.java	0.21160368475757949	401	401	3	replace	return  this.deviceSize  -  getDimension()  +  1;	  return    this.deviceSize    -    getDimension();    	non-compiled	[CE]  illegal  start  of  expression	52	None	replace
38	[BUG]  [BUGGY]  return  this.devices.getDimension()  /  1;  [CE]  illegal  start  of  expression  [FE]                  java.lang.AssertionError:  entry  #0      [CONTEXT]      public  int  getDimension()  {      [BUGGY]  return  this.devices.getDimension()  /  1;  [BUGGY]      }  [CLASS]  OpenMapRealVector  OpenMapEntry  OpenMapSparseIterator  [METHOD]  getDimension  [RETURN_TYPE]  int  [VARIABLES]  Entry  current  boolean  double  DEFAULT_ZERO_TOLERANCE  d  epsilon  value  Iterator  iter  OpenIntToDoubleHashMap  entries  larger  randomAccess  long  serialVersionUID  int  dimension  end  expectedSize  i  index  key  n  resize  virtualSize  	projects/Math29/src/main/java/org/apache/commons/math3/linear/OpenMapRealVector.java	0.21160368475757949	401	401	3	replace	return  this.devices.getDimension()  /  1;	  return    this.devices.getDimension()    +    1;    	non-compiled	[CE]  illegal  start  of  expression	15	None	replace
39	[BUG]  [BUGGY]  Integer  virtualSize  =  entries.get(this.dimension  +  1);  [CE]  illegal  start  of  expression  [FE]              java.lang.AssertionError:  entry  #0      [CONTEXT]      public  int  getDimension()  {      [BUGGY]  Integer  virtualSize  =  entries.get(this.dimension  +  1);  [BUGGY]      return  virtualSize;  }  [CLASS]  OpenMapRealVector  OpenMapEntry  OpenMapSparseIterator  [METHOD]  getDimension  [RETURN_TYPE]  int  [VARIABLES]  Entry  current  boolean  double  DEFAULT_ZERO_TOLERANCE  d  epsilon  value  Iterator  iter  OpenIntToDoubleHashMap  entries  larger  randomAccess  long  serialVersionUID  int  dimension  end  expectedSize  i  index  key  n  resize  virtualSize  	projects/Math29/src/main/java/org/apache/commons/math3/linear/OpenMapRealVector.java	0.21160368475757949	401	401	3	replace	Integer  virtualSize  =  entries.get(this.dimension  +  1);	  Integer    virtualSize    =    entries.get(current    +    1);    	non-compiled	[CE]  illegal  start  of  expression	40	None	replace
40	[BUG]  [BUGGY]  Integer  virtualSize  =  this.entries.get(current  +  1);  [CE]  illegal  start  of  expression  [FE]                java.lang.AssertionError:  entry  #0      [CONTEXT]      public  int  getDimension()  {      [BUGGY]  Integer  virtualSize  =  this.entries.get(current  +  1);  [BUGGY]      return  virtualSize;  }  [CLASS]  OpenMapRealVector  OpenMapEntry  OpenMapSparseIterator  [METHOD]  getDimension  [RETURN_TYPE]  int  [VARIABLES]  Entry  current  boolean  double  DEFAULT_ZERO_TOLERANCE  d  epsilon  value  Iterator  iter  OpenIntToDoubleHashMap  entries  larger  randomAccess  long  serialVersionUID  int  dimension  end  expectedSize  i  index  key  n  resize  virtualSize  	projects/Math29/src/main/java/org/apache/commons/math3/linear/OpenMapRealVector.java	0.21160368475757949	401	401	3	replace	Integer  virtualSize  =  this.entries.get(current  +  1);	  Integer    virtualSize    =    entries.get(current    +    1);    	non-compiled	[CE]  illegal  start  of  expression	40	None	replace
41	[BUG]  [BUGGY]  Integer  virtualSize  =  entries.get(size  +  1);  [CE]  illegal  start  of  expression  [FE]                  java.lang.AssertionError:  entry  #0      [CONTEXT]      public  int  getDimension()  {      [BUGGY]  Integer  virtualSize  =  entries.get(size  +  1);  [BUGGY]      return  virtualSize;  }  [CLASS]  OpenMapRealVector  OpenMapEntry  OpenMapSparseIterator  [METHOD]  getDimension  [RETURN_TYPE]  int  [VARIABLES]  Entry  current  boolean  double  DEFAULT_ZERO_TOLERANCE  d  epsilon  value  Iterator  iter  OpenIntToDoubleHashMap  entries  larger  randomAccess  long  serialVersionUID  int  dimension  end  expectedSize  i  index  key  n  resize  virtualSize  	projects/Math29/src/main/java/org/apache/commons/math3/linear/OpenMapRealVector.java	0.21160368475757949	401	401	3	replace	Integer  virtualSize  =  entries.get(size  +  1);	  Integer    virtualSize    =    entries.get(current    +    1);    	non-compiled	[CE]  illegal  start  of  expression	40	None	replace
42	[BUG]  [BUGGY]  Integer  virtualSize  =  entries.get(current.size()  -  1);  [CE]  illegal  start  of  expression  [FE]            java.lang.AssertionError:  entry  #0      [CONTEXT]      public  int  getDimension()  {      [BUGGY]  Integer  virtualSize  =  entries.get(current.size()  -  1);  [BUGGY]      return  virtualSize;  }  [CLASS]  OpenMapRealVector  OpenMapEntry  OpenMapSparseIterator  [METHOD]  getDimension  [RETURN_TYPE]  int  [VARIABLES]  Entry  current  boolean  double  DEFAULT_ZERO_TOLERANCE  d  epsilon  value  Iterator  iter  OpenIntToDoubleHashMap  entries  larger  randomAccess  long  serialVersionUID  int  dimension  end  expectedSize  i  index  key  n  resize  virtualSize  	projects/Math29/src/main/java/org/apache/commons/math3/linear/OpenMapRealVector.java	0.21160368475757949	401	401	3	replace	Integer  virtualSize  =  entries.get(current.size()  -  1);	  Integer    virtualSize    =    entries.get(current.size());    	non-compiled	[CE]  illegal  start  of  expression	62	None	replace
43	[BUG]  [BUGGY]  Integer  virtualSize  =  this.entries.get(current.size());  [CE]  illegal  start  of  expression  [FE]              java.lang.AssertionError:  entry  #0      [CONTEXT]      public  int  getDimension()  {      [BUGGY]  Integer  virtualSize  =  this.entries.get(current.size());  [BUGGY]      return  virtualSize;  }  [CLASS]  OpenMapRealVector  OpenMapEntry  OpenMapSparseIterator  [METHOD]  getDimension  [RETURN_TYPE]  int  [VARIABLES]  Entry  current  boolean  double  DEFAULT_ZERO_TOLERANCE  d  epsilon  value  Iterator  iter  OpenIntToDoubleHashMap  entries  larger  randomAccess  long  serialVersionUID  int  dimension  end  expectedSize  i  index  key  n  resize  virtualSize  	projects/Math29/src/main/java/org/apache/commons/math3/linear/OpenMapRealVector.java	0.21160368475757949	401	401	3	replace	Integer  virtualSize  =  this.entries.get(current.size());	  Integer    virtualSize    =    entries.get(current.size());    	non-compiled	[CE]  illegal  start  of  expression	62	None	replace
44	[BUG]  [BUGGY]  Integer  virtualSize  =  current.get(entries.size());  [CE]  illegal  start  of  expression  [FE]                java.lang.AssertionError:  entry  #0      [CONTEXT]      public  int  getDimension()  {      [BUGGY]  Integer  virtualSize  =  current.get(entries.size());  [BUGGY]      return  virtualSize;  }  [CLASS]  OpenMapRealVector  OpenMapEntry  OpenMapSparseIterator  [METHOD]  getDimension  [RETURN_TYPE]  int  [VARIABLES]  Entry  current  boolean  double  DEFAULT_ZERO_TOLERANCE  d  epsilon  value  Iterator  iter  OpenIntToDoubleHashMap  entries  larger  randomAccess  long  serialVersionUID  int  dimension  end  expectedSize  i  index  key  n  resize  virtualSize  	projects/Math29/src/main/java/org/apache/commons/math3/linear/OpenMapRealVector.java	0.21160368475757949	401	401	3	replace	Integer  virtualSize  =  current.get(entries.size());	  Integer    virtualSize    =    entries.get(current.size());    	non-compiled	[CE]  illegal  start  of  expression	62	None	replace
45	[BUG]  [BUGGY]  Integer  virtualSize  =  current.get(entries.size()  -  1);  [CE]  illegal  start  of  expression  [FE]                  java.lang.AssertionError:  entry  #0      [CONTEXT]      public  int  getDimension()  {      [BUGGY]  Integer  virtualSize  =  current.get(entries.size()  -  1);  [BUGGY]      return  virtualSize;  }  [CLASS]  OpenMapRealVector  OpenMapEntry  OpenMapSparseIterator  [METHOD]  getDimension  [RETURN_TYPE]  int  [VARIABLES]  Entry  current  boolean  double  DEFAULT_ZERO_TOLERANCE  d  epsilon  value  Iterator  iter  OpenIntToDoubleHashMap  entries  larger  randomAccess  long  serialVersionUID  int  dimension  end  expectedSize  i  index  key  n  resize  virtualSize  	projects/Math29/src/main/java/org/apache/commons/math3/linear/OpenMapRealVector.java	0.21160368475757949	401	401	3	replace	Integer  virtualSize  =  current.get(entries.size()  -  1);	  Integer    virtualSize    =    entries.get(current.size());    	non-compiled	[CE]  illegal  start  of  expression	62	None	replace
46	[BUG]  [BUGGY]  Entry  virtualSize  =(Entry)entries.get(key);  [CE]  illegal  start  of  expression  [FE]                java.lang.AssertionError:  entry  #0      [CONTEXT]      public  int  getDimension()  {      [BUGGY]  Entry  virtualSize  =(Entry)entries.get(key);  [BUGGY]      return  virtualSize;  }  [CLASS]  OpenMapRealVector  OpenMapEntry  OpenMapSparseIterator  [METHOD]  getDimension  [RETURN_TYPE]  int  [VARIABLES]  Entry  current  boolean  double  DEFAULT_ZERO_TOLERANCE  d  epsilon  value  Iterator  iter  OpenIntToDoubleHashMap  entries  larger  randomAccess  long  serialVersionUID  int  dimension  end  expectedSize  i  index  key  n  resize  virtualSize  	projects/Math29/src/main/java/org/apache/commons/math3/linear/OpenMapRealVector.java	0.21160368475757949	401	401	3	replace	Entry  virtualSize  =(Entry)entries.get(key);	  Entry    virtualSize    =(Entry)entries.getValue();    	non-compiled	[CE]  illegal  start  of  expression	36	None	replace
47	[BUG]  [BUGGY]  Entry  virtualSize  =(Entry)entries.get(index);  [CE]  illegal  start  of  expression  [FE]                  java.lang.AssertionError:  entry  #0      [CONTEXT]      public  int  getDimension()  {      [BUGGY]  Entry  virtualSize  =(Entry)entries.get(index);  [BUGGY]      return  virtualSize;  }  [CLASS]  OpenMapRealVector  OpenMapEntry  OpenMapSparseIterator  [METHOD]  getDimension  [RETURN_TYPE]  int  [VARIABLES]  Entry  current  boolean  double  DEFAULT_ZERO_TOLERANCE  d  epsilon  value  Iterator  iter  OpenIntToDoubleHashMap  entries  larger  randomAccess  long  serialVersionUID  int  dimension  end  expectedSize  i  index  key  n  resize  virtualSize  	projects/Math29/src/main/java/org/apache/commons/math3/linear/OpenMapRealVector.java	0.21160368475757949	401	401	3	replace	Entry  virtualSize  =(Entry)entries.get(index);	  Entry    virtualSize    =(Entry)entries.getValue();    	non-compiled	[CE]  illegal  start  of  expression	36	None	replace
48	[BUG]  [BUGGY]  return  this.devices.size  /  1;  [CE]  illegal  start  of  expression  [FE]                    java.lang.AssertionError:  entry  #0      [CONTEXT]      public  int  getDimension()  {      [BUGGY]  return  this.devices.size  /  1;  [BUGGY]      }  [CLASS]  OpenMapRealVector  OpenMapEntry  OpenMapSparseIterator  [METHOD]  getDimension  [RETURN_TYPE]  int  [VARIABLES]  Entry  current  boolean  double  DEFAULT_ZERO_TOLERANCE  d  epsilon  value  Iterator  iter  OpenIntToDoubleHashMap  entries  larger  randomAccess  long  serialVersionUID  int  dimension  end  expectedSize  i  index  key  n  resize  virtualSize  	projects/Math29/src/main/java/org/apache/commons/math3/linear/OpenMapRealVector.java	0.21160368475757949	401	401	3	replace	return  this.devices.size  /  1;	  return    this.devices.size    -    1;    	non-compiled	[CE]  illegal  start  of  expression	18	None	replace
49	[BUG]  [BUGGY]  int  virtualSize  =  getDimension()  *  DEFAULT_ZERO_TOLERANCE;  [CE]  illegal  start  of  expression  [FE]            java.lang.AssertionError:  entry  #0      [CONTEXT]      public  int  getDimension()  {      [BUGGY]  int  virtualSize  =  getDimension()  *  DEFAULT_ZERO_TOLERANCE;  [BUGGY]      return  virtualSize;  }  [CLASS]  OpenMapRealVector  OpenMapEntry  OpenMapSparseIterator  [METHOD]  getDimension  [RETURN_TYPE]  int  [VARIABLES]  Entry  current  boolean  double  DEFAULT_ZERO_TOLERANCE  d  epsilon  value  Iterator  iter  OpenIntToDoubleHashMap  entries  larger  randomAccess  long  serialVersionUID  int  dimension  end  expectedSize  i  index  key  n  resize  virtualSize  	projects/Math29/src/main/java/org/apache/commons/math3/linear/OpenMapRealVector.java	0.21160368475757949	401	401	3	replace	int  virtualSize  =  getDimension()  *  DEFAULT_ZERO_TOLERANCE;	  int    virtualSize    =    getDimension()    /    DEFAULT_ZERO_TOLERANCE;    	non-compiled	[CE]  illegal  start  of  expression	55	None	replace
50	[BUG]  [BUGGY]  int  virtualSize  =  getDimension()  +  DEFAULT_ZERO_TOLERANCE;  [CE]  illegal  start  of  expression  [FE]              java.lang.AssertionError:  entry  #0      [CONTEXT]      public  int  getDimension()  {      [BUGGY]  int  virtualSize  =  getDimension()  +  DEFAULT_ZERO_TOLERANCE;  [BUGGY]      return  virtualSize;  }  [CLASS]  OpenMapRealVector  OpenMapEntry  OpenMapSparseIterator  [METHOD]  getDimension  [RETURN_TYPE]  int  [VARIABLES]  Entry  current  boolean  double  DEFAULT_ZERO_TOLERANCE  d  epsilon  value  Iterator  iter  OpenIntToDoubleHashMap  entries  larger  randomAccess  long  serialVersionUID  int  dimension  end  expectedSize  i  index  key  n  resize  virtualSize  	projects/Math29/src/main/java/org/apache/commons/math3/linear/OpenMapRealVector.java	0.21160368475757949	401	401	3	replace	int  virtualSize  =  getDimension()  +  DEFAULT_ZERO_TOLERANCE;	  int    virtualSize    =    getDimension()    /    DEFAULT_ZERO_TOLERANCE;    	non-compiled	[CE]  illegal  start  of  expression	55	None	replace
51	[BUG]  [BUGGY]  int  virtualSize  =  getDimension().length  /  DEFAULT_ZERO_TOLERANCE;  [CE]  illegal  start  of  expression  [FE]                java.lang.AssertionError:  entry  #0      [CONTEXT]      public  int  getDimension()  {      [BUGGY]  int  virtualSize  =  getDimension().length  /  DEFAULT_ZERO_TOLERANCE;  [BUGGY]      return  virtualSize;  }  [CLASS]  OpenMapRealVector  OpenMapEntry  OpenMapSparseIterator  [METHOD]  getDimension  [RETURN_TYPE]  int  [VARIABLES]  Entry  current  boolean  double  DEFAULT_ZERO_TOLERANCE  d  epsilon  value  Iterator  iter  OpenIntToDoubleHashMap  entries  larger  randomAccess  long  serialVersionUID  int  dimension  end  expectedSize  i  index  key  n  resize  virtualSize  	projects/Math29/src/main/java/org/apache/commons/math3/linear/OpenMapRealVector.java	0.21160368475757949	401	401	3	replace	int  virtualSize  =  getDimension().length  /  DEFAULT_ZERO_TOLERANCE;	  int    virtualSize    =    getDimension()    /    DEFAULT_ZERO_TOLERANCE;    	non-compiled	[CE]  illegal  start  of  expression	55	None	replace
52	[BUG]  [BUGGY]  return  this.value  -  this.deviceSize;  [CE]  illegal  start  of  expression  [FE]            java.lang.AssertionError:  entry  #0      [CONTEXT]      public  int  getDimension()  {      [BUGGY]  return  this.value  -  this.deviceSize;  [BUGGY]      }  [CLASS]  OpenMapRealVector  OpenMapEntry  OpenMapSparseIterator  [METHOD]  getDimension  [RETURN_TYPE]  int  [VARIABLES]  Entry  current  boolean  double  DEFAULT_ZERO_TOLERANCE  d  epsilon  value  Iterator  iter  OpenIntToDoubleHashMap  entries  larger  randomAccess  long  serialVersionUID  int  dimension  end  expectedSize  i  index  key  n  resize  virtualSize  	projects/Math29/src/main/java/org/apache/commons/math3/linear/OpenMapRealVector.java	0.21160368475757949	401	401	3	replace	return  this.value  -  this.deviceSize;	  return    this.deviceSize    -    this.value;    	non-compiled	[CE]  illegal  start  of  expression	57	None	replace
53	[BUG]  [BUGGY]  int  dimension  =  this.deviceSize  -  this.value;  [CE]  illegal  start  of  expression  [FE]              java.lang.AssertionError:  entry  #0      [CONTEXT]      public  int  getDimension()  {      [BUGGY]  int  dimension  =  this.deviceSize  -  this.value;  [BUGGY]      }  [CLASS]  OpenMapRealVector  OpenMapEntry  OpenMapSparseIterator  [METHOD]  getDimension  [RETURN_TYPE]  int  [VARIABLES]  Entry  current  boolean  double  DEFAULT_ZERO_TOLERANCE  d  epsilon  value  Iterator  iter  OpenIntToDoubleHashMap  entries  larger  randomAccess  long  serialVersionUID  int  dimension  end  expectedSize  i  index  key  n  resize  virtualSize  	projects/Math29/src/main/java/org/apache/commons/math3/linear/OpenMapRealVector.java	0.21160368475757949	401	401	3	replace	int  dimension  =  this.deviceSize  -  this.value;	  return    this.deviceSize    -    this.value;    	non-compiled	[CE]  illegal  start  of  expression	57	None	replace
54	[BUG]  [BUGGY]  return  this.deviceSize  /  this.value;  [CE]  illegal  start  of  expression  [FE]                java.lang.AssertionError:  entry  #0      [CONTEXT]      public  int  getDimension()  {      [BUGGY]  return  this.deviceSize  /  this.value;  [BUGGY]      }  [CLASS]  OpenMapRealVector  OpenMapEntry  OpenMapSparseIterator  [METHOD]  getDimension  [RETURN_TYPE]  int  [VARIABLES]  Entry  current  boolean  double  DEFAULT_ZERO_TOLERANCE  d  epsilon  value  Iterator  iter  OpenIntToDoubleHashMap  entries  larger  randomAccess  long  serialVersionUID  int  dimension  end  expectedSize  i  index  key  n  resize  virtualSize  	projects/Math29/src/main/java/org/apache/commons/math3/linear/OpenMapRealVector.java	0.21160368475757949	401	401	3	replace	return  this.deviceSize  /  this.value;	  return    this.deviceSize    -    this.value;    	non-compiled	[CE]  illegal  start  of  expression	57	None	replace
55	[BUG]  [BUGGY]  Entry  virtualSize  =(Entry)this.entry.getKey();  [CE]  illegal  start  of  expression  [FE]                  java.lang.AssertionError:  entry  #0      [CONTEXT]      public  int  getDimension()  {      [BUGGY]  Entry  virtualSize  =(Entry)this.entry.getKey();  [BUGGY]      return  virtualSize;  }  [CLASS]  OpenMapRealVector  OpenMapEntry  OpenMapSparseIterator  [METHOD]  getDimension  [RETURN_TYPE]  int  [VARIABLES]  Entry  current  boolean  double  DEFAULT_ZERO_TOLERANCE  d  epsilon  value  Iterator  iter  OpenIntToDoubleHashMap  entries  larger  randomAccess  long  serialVersionUID  int  dimension  end  expectedSize  i  index  key  n  resize  virtualSize  	projects/Math29/src/main/java/org/apache/commons/math3/linear/OpenMapRealVector.java	0.21160368475757949	401	401	3	replace	Entry  virtualSize  =(Entry)this.entry.getKey();	  Entry    virtualSize    =(Entry)entry.getKey();    	non-compiled	[CE]  illegal  start  of  expression	37	None	replace
56	[BUG]  [BUGGY]  Integer  virtualSize  =  entries.get(current.dimension  -  1);  [CE]  illegal  start  of  expression  [FE]                  java.lang.AssertionError:  entry  #0      [CONTEXT]      public  int  getDimension()  {      [BUGGY]  Integer  virtualSize  =  entries.get(current.dimension  -  1);  [BUGGY]      return  virtualSize;  }  [CLASS]  OpenMapRealVector  OpenMapEntry  OpenMapSparseIterator  [METHOD]  getDimension  [RETURN_TYPE]  int  [VARIABLES]  Entry  current  boolean  double  DEFAULT_ZERO_TOLERANCE  d  epsilon  value  Iterator  iter  OpenIntToDoubleHashMap  entries  larger  randomAccess  long  serialVersionUID  int  dimension  end  expectedSize  i  index  key  n  resize  virtualSize  	projects/Math29/src/main/java/org/apache/commons/math3/linear/OpenMapRealVector.java	0.21160368475757949	401	401	3	replace	Integer  virtualSize  =  entries.get(current.dimension  -  1);	  Integer    virtualSize    =    entries.get(current.dimension);    	non-compiled	[CE]  illegal  start  of  expression	42	None	replace
57	[BUG]  [BUGGY]  Integer  virtualSize  =  this.entries.get(current.dimension);  [CE]  illegal  start  of  expression  [FE]                    java.lang.AssertionError:  entry  #0      [CONTEXT]      public  int  getDimension()  {      [BUGGY]  Integer  virtualSize  =  this.entries.get(current.dimension);  [BUGGY]      return  virtualSize;  }  [CLASS]  OpenMapRealVector  OpenMapEntry  OpenMapSparseIterator  [METHOD]  getDimension  [RETURN_TYPE]  int  [VARIABLES]  Entry  current  boolean  double  DEFAULT_ZERO_TOLERANCE  d  epsilon  value  Iterator  iter  OpenIntToDoubleHashMap  entries  larger  randomAccess  long  serialVersionUID  int  dimension  end  expectedSize  i  index  key  n  resize  virtualSize  	projects/Math29/src/main/java/org/apache/commons/math3/linear/OpenMapRealVector.java	0.21160368475757949	401	401	3	replace	Integer  virtualSize  =  this.entries.get(current.dimension);	  Integer    virtualSize    =    entries.get(current.dimension);    	non-compiled	[CE]  illegal  start  of  expression	42	None	replace
58	[BUG]  [BUGGY]  int  virtualSize  =  entries.getDimension()  -  1;  [CE]  illegal  start  of  expression  [FE]            java.lang.AssertionError:  entry  #0      [CONTEXT]      public  int  getDimension()  {      [BUGGY]  int  virtualSize  =  entries.getDimension()  -  1;  [BUGGY]      return  virtualSize;  }  [CLASS]  OpenMapRealVector  OpenMapEntry  OpenMapSparseIterator  [METHOD]  getDimension  [RETURN_TYPE]  int  [VARIABLES]  Entry  current  boolean  double  DEFAULT_ZERO_TOLERANCE  d  epsilon  value  Iterator  iter  OpenIntToDoubleHashMap  entries  larger  randomAccess  long  serialVersionUID  int  dimension  end  expectedSize  i  index  key  n  resize  virtualSize  	projects/Math29/src/main/java/org/apache/commons/math3/linear/OpenMapRealVector.java	0.21160368475757949	401	401	3	replace	int  virtualSize  =  entries.getDimension()  -  1;	  int    virtualSize    =    iter.getDimension()    -    1;    	non-compiled	[CE]  illegal  start  of  expression	26	None	replace
59	[BUG]  [BUGGY]  int  virtualSize  =  iter.getDimension()  *  1;  [CE]  illegal  start  of  expression  [FE]              java.lang.AssertionError:  entry  #0      [CONTEXT]      public  int  getDimension()  {      [BUGGY]  int  virtualSize  =  iter.getDimension()  *  1;  [BUGGY]      return  virtualSize;  }  [CLASS]  OpenMapRealVector  OpenMapEntry  OpenMapSparseIterator  [METHOD]  getDimension  [RETURN_TYPE]  int  [VARIABLES]  Entry  current  boolean  double  DEFAULT_ZERO_TOLERANCE  d  epsilon  value  Iterator  iter  OpenIntToDoubleHashMap  entries  larger  randomAccess  long  serialVersionUID  int  dimension  end  expectedSize  i  index  key  n  resize  virtualSize  	projects/Math29/src/main/java/org/apache/commons/math3/linear/OpenMapRealVector.java	0.21160368475757949	401	401	3	replace	int  virtualSize  =  iter.getDimension()  *  1;	  int    virtualSize    =    iter.getDimension()    -    1;    	non-compiled	[CE]  illegal  start  of  expression	26	None	replace
60	[BUG]  [BUGGY]  int  virtualSize  =  this.entries.getDimension()  -  1;  [CE]  illegal  start  of  expression  [FE]            java.lang.AssertionError:  entry  #0      [CONTEXT]      public  int  getDimension()  {      [BUGGY]  int  virtualSize  =  this.entries.getDimension()  -  1;  [BUGGY]      return  virtualSize;  }  [CLASS]  OpenMapRealVector  OpenMapEntry  OpenMapSparseIterator  [METHOD]  getDimension  [RETURN_TYPE]  int  [VARIABLES]  Entry  current  boolean  double  DEFAULT_ZERO_TOLERANCE  d  epsilon  value  Iterator  iter  OpenIntToDoubleHashMap  entries  larger  randomAccess  long  serialVersionUID  int  dimension  end  expectedSize  i  index  key  n  resize  virtualSize  	projects/Math29/src/main/java/org/apache/commons/math3/linear/OpenMapRealVector.java	0.21160368475757949	401	401	3	replace	int  virtualSize  =  this.entries.getDimension()  -  1;	  int    virtualSize    =    this.entries.getDimension();    	non-compiled	[CE]  illegal  start  of  expression	47	None	replace
61	[BUG]  [BUGGY]  int  virtualSize  =  this.entries.getDimension()  +  1;  [CE]  illegal  start  of  expression  [FE]              java.lang.AssertionError:  entry  #0      [CONTEXT]      public  int  getDimension()  {      [BUGGY]  int  virtualSize  =  this.entries.getDimension()  +  1;  [BUGGY]      return  virtualSize;  }  [CLASS]  OpenMapRealVector  OpenMapEntry  OpenMapSparseIterator  [METHOD]  getDimension  [RETURN_TYPE]  int  [VARIABLES]  Entry  current  boolean  double  DEFAULT_ZERO_TOLERANCE  d  epsilon  value  Iterator  iter  OpenIntToDoubleHashMap  entries  larger  randomAccess  long  serialVersionUID  int  dimension  end  expectedSize  i  index  key  n  resize  virtualSize  	projects/Math29/src/main/java/org/apache/commons/math3/linear/OpenMapRealVector.java	0.21160368475757949	401	401	3	replace	int  virtualSize  =  this.entries.getDimension()  +  1;	  int    virtualSize    =    this.entries.getDimension();    	non-compiled	[CE]  illegal  start  of  expression	47	None	replace
62	[BUG]  [BUGGY]  int  virtualSize  =  iter.getDimensionIterator();  [CE]  illegal  start  of  expression  [FE]                    java.lang.AssertionError:  entry  #0      [CONTEXT]      public  int  getDimension()  {      [BUGGY]  int  virtualSize  =  iter.getDimensionIterator();  [BUGGY]      return  virtualSize;  }  [CLASS]  OpenMapRealVector  OpenMapEntry  OpenMapSparseIterator  [METHOD]  getDimension  [RETURN_TYPE]  int  [VARIABLES]  Entry  current  boolean  double  DEFAULT_ZERO_TOLERANCE  d  epsilon  value  Iterator  iter  OpenIntToDoubleHashMap  entries  larger  randomAccess  long  serialVersionUID  int  dimension  end  expectedSize  i  index  key  n  resize  virtualSize  	projects/Math29/src/main/java/org/apache/commons/math3/linear/OpenMapRealVector.java	0.21160368475757949	401	401	3	replace	int  virtualSize  =  iter.getDimensionIterator();	  int    virtualSize    =    iter.getEmptyIterator();    	non-compiled	[CE]  illegal  start  of  expression	30	None	replace
63	[BUG]  [BUGGY]  return  this.devices.getDimension()  *  2;  [CE]  illegal  start  of  expression  [FE]                java.lang.AssertionError:  entry  #0      [CONTEXT]      public  int  getDimension()  {      [BUGGY]  return  this.devices.getDimension()  *  2;  [BUGGY]      }  [CLASS]  OpenMapRealVector  OpenMapEntry  OpenMapSparseIterator  [METHOD]  getDimension  [RETURN_TYPE]  int  [VARIABLES]  Entry  current  boolean  double  DEFAULT_ZERO_TOLERANCE  d  epsilon  value  Iterator  iter  OpenIntToDoubleHashMap  entries  larger  randomAccess  long  serialVersionUID  int  dimension  end  expectedSize  i  index  key  n  resize  virtualSize  	projects/Math29/src/main/java/org/apache/commons/math3/linear/OpenMapRealVector.java	0.21160368475757949	401	401	3	replace	return  this.devices.getDimension()  *  2;	  return    this.devices.getDimension()    /    2;    	non-compiled	[CE]  illegal  start  of  expression	38	None	replace
64	[BUG]  [BUGGY]  int  virtualSize  =  iter.getEntryCount()  /  dimension;  [CE]  illegal  start  of  expression  [FE]                    java.lang.AssertionError:  entry  #0      [CONTEXT]      public  int  getDimension()  {      [BUGGY]  int  virtualSize  =  iter.getEntryCount()  /  dimension;  [BUGGY]      return  virtualSize;  }  [CLASS]  OpenMapRealVector  OpenMapEntry  OpenMapSparseIterator  [METHOD]  getDimension  [RETURN_TYPE]  int  [VARIABLES]  Entry  current  boolean  double  DEFAULT_ZERO_TOLERANCE  d  epsilon  value  Iterator  iter  OpenIntToDoubleHashMap  entries  larger  randomAccess  long  serialVersionUID  int  dimension  end  expectedSize  i  index  key  n  resize  virtualSize  	projects/Math29/src/main/java/org/apache/commons/math3/linear/OpenMapRealVector.java	0.21160368475757949	401	401	3	replace	int  virtualSize  =  iter.getEntryCount()  /  dimension;	  int    virtualSize    =    iter.getEntryCount()    -    dimension;    	non-compiled	[CE]  illegal  start  of  expression	59	None	replace
65	[BUG]  [BUGGY]  int  virtualSize  =  iter.getEntryCount()  -  DEFAULT_ZERO_TOLERANCE;  [CE]  illegal  start  of  expression  [FE]                      java.lang.AssertionError:  entry  #0      [CONTEXT]      public  int  getDimension()  {      [BUGGY]  int  virtualSize  =  iter.getEntryCount()  -  DEFAULT_ZERO_TOLERANCE;  [BUGGY]      return  virtualSize;  }  [CLASS]  OpenMapRealVector  OpenMapEntry  OpenMapSparseIterator  [METHOD]  getDimension  [RETURN_TYPE]  int  [VARIABLES]  Entry  current  boolean  double  DEFAULT_ZERO_TOLERANCE  d  epsilon  value  Iterator  iter  OpenIntToDoubleHashMap  entries  larger  randomAccess  long  serialVersionUID  int  dimension  end  expectedSize  i  index  key  n  resize  virtualSize  	projects/Math29/src/main/java/org/apache/commons/math3/linear/OpenMapRealVector.java	0.21160368475757949	401	401	3	replace	int  virtualSize  =  iter.getEntryCount()  -  DEFAULT_ZERO_TOLERANCE;	  int    virtualSize    =    iter.getEntryCount()    -    dimension;    	non-compiled	[CE]  illegal  start  of  expression	59	None	replace
66	[BUG]  [BUGGY]  int  virtualSize  =  iter.getEntryCount()  *  dimension;  [CE]  illegal  start  of  expression  [FE]                        java.lang.AssertionError:  entry  #0      [CONTEXT]      public  int  getDimension()  {      [BUGGY]  int  virtualSize  =  iter.getEntryCount()  *  dimension;  [BUGGY]      return  virtualSize;  }  [CLASS]  OpenMapRealVector  OpenMapEntry  OpenMapSparseIterator  [METHOD]  getDimension  [RETURN_TYPE]  int  [VARIABLES]  Entry  current  boolean  double  DEFAULT_ZERO_TOLERANCE  d  epsilon  value  Iterator  iter  OpenIntToDoubleHashMap  entries  larger  randomAccess  long  serialVersionUID  int  dimension  end  expectedSize  i  index  key  n  resize  virtualSize  	projects/Math29/src/main/java/org/apache/commons/math3/linear/OpenMapRealVector.java	0.21160368475757949	401	401	3	replace	int  virtualSize  =  iter.getEntryCount()  *  dimension;	  int    virtualSize    =    iter.getEntryCount()    -    dimension;    	non-compiled	[CE]  illegal  start  of  expression	59	None	replace
67	[BUG]  [BUGGY]  int  virtualSize  =  iter.getDimensionCount()  -  1;  [CE]  illegal  start  of  expression  [FE]                        java.lang.AssertionError:  entry  #0      [CONTEXT]      public  int  getDimension()  {      [BUGGY]  int  virtualSize  =  iter.getDimensionCount()  -  1;  [BUGGY]      return  virtualSize;  }  [CLASS]  OpenMapRealVector  OpenMapEntry  OpenMapSparseIterator  [METHOD]  getDimension  [RETURN_TYPE]  int  [VARIABLES]  Entry  current  boolean  double  DEFAULT_ZERO_TOLERANCE  d  epsilon  value  Iterator  iter  OpenIntToDoubleHashMap  entries  larger  randomAccess  long  serialVersionUID  int  dimension  end  expectedSize  i  index  key  n  resize  virtualSize  	projects/Math29/src/main/java/org/apache/commons/math3/linear/OpenMapRealVector.java	0.21160368475757949	401	401	3	replace	int  virtualSize  =  iter.getDimensionCount()  -  1;	  int    virtualSize    =    iter.getDimensionCount();    	non-compiled	[CE]  illegal  start  of  expression	7	None	replace
68	[BUG]  [BUGGY]  int  virtualSize  =  iter.getDimensionCount()  +  1;  [CE]  illegal  start  of  expression  [FE]                          java.lang.AssertionError:  entry  #0      [CONTEXT]      public  int  getDimension()  {      [BUGGY]  int  virtualSize  =  iter.getDimensionCount()  +  1;  [BUGGY]      return  virtualSize;  }  [CLASS]  OpenMapRealVector  OpenMapEntry  OpenMapSparseIterator  [METHOD]  getDimension  [RETURN_TYPE]  int  [VARIABLES]  Entry  current  boolean  double  DEFAULT_ZERO_TOLERANCE  d  epsilon  value  Iterator  iter  OpenIntToDoubleHashMap  entries  larger  randomAccess  long  serialVersionUID  int  dimension  end  expectedSize  i  index  key  n  resize  virtualSize  	projects/Math29/src/main/java/org/apache/commons/math3/linear/OpenMapRealVector.java	0.21160368475757949	401	401	3	replace	int  virtualSize  =  iter.getDimensionCount()  +  1;	  int    virtualSize    =    iter.getDimensionCount();    	non-compiled	[CE]  illegal  start  of  expression	7	None	replace
69	[BUG]  [BUGGY]  int  virtualSize  =  entry.getDimensionCount();  [CE]  illegal  start  of  expression  [FE]                            java.lang.AssertionError:  entry  #0      [CONTEXT]      public  int  getDimension()  {      [BUGGY]  int  virtualSize  =  entry.getDimensionCount();  [BUGGY]      return  virtualSize;  }  [CLASS]  OpenMapRealVector  OpenMapEntry  OpenMapSparseIterator  [METHOD]  getDimension  [RETURN_TYPE]  int  [VARIABLES]  Entry  current  boolean  double  DEFAULT_ZERO_TOLERANCE  d  epsilon  value  Iterator  iter  OpenIntToDoubleHashMap  entries  larger  randomAccess  long  serialVersionUID  int  dimension  end  expectedSize  i  index  key  n  resize  virtualSize  	projects/Math29/src/main/java/org/apache/commons/math3/linear/OpenMapRealVector.java	0.21160368475757949	401	401	3	replace	int  virtualSize  =  entry.getDimensionCount();	  int    virtualSize    =    iter.getDimensionCount();    	non-compiled	[CE]  illegal  start  of  expression	7	None	replace
70	[BUG]  [BUGGY]  Integer  virtualSize  =  entry.getEntry(entries);  [CE]  illegal  start  of  expression  [FE]                java.lang.AssertionError:  entry  #0      [CONTEXT]      public  int  getDimension()  {      [BUGGY]  Integer  virtualSize  =  entry.getEntry(entries);  [BUGGY]      return  virtualSize;  }  [CLASS]  OpenMapRealVector  OpenMapEntry  OpenMapSparseIterator  [METHOD]  getDimension  [RETURN_TYPE]  int  [VARIABLES]  Entry  current  boolean  double  DEFAULT_ZERO_TOLERANCE  d  epsilon  value  Iterator  iter  OpenIntToDoubleHashMap  entries  larger  randomAccess  long  serialVersionUID  int  dimension  end  expectedSize  i  index  key  n  resize  virtualSize  	projects/Math29/src/main/java/org/apache/commons/math3/linear/OpenMapRealVector.java	0.21160368475757949	401	401	3	replace	Integer  virtualSize  =  entry.getEntry(entries);	  Integer    virtualSize    =    current.getEntry(entries);    	non-compiled	[CE]  illegal  start  of  expression	33	None	replace
71	[BUG]  [BUGGY]  Integer  virtualSize  =  iter.getEntry(entries);  [CE]  illegal  start  of  expression  [FE]                  java.lang.AssertionError:  entry  #0      [CONTEXT]      public  int  getDimension()  {      [BUGGY]  Integer  virtualSize  =  iter.getEntry(entries);  [BUGGY]      return  virtualSize;  }  [CLASS]  OpenMapRealVector  OpenMapEntry  OpenMapSparseIterator  [METHOD]  getDimension  [RETURN_TYPE]  int  [VARIABLES]  Entry  current  boolean  double  DEFAULT_ZERO_TOLERANCE  d  epsilon  value  Iterator  iter  OpenIntToDoubleHashMap  entries  larger  randomAccess  long  serialVersionUID  int  dimension  end  expectedSize  i  index  key  n  resize  virtualSize  	projects/Math29/src/main/java/org/apache/commons/math3/linear/OpenMapRealVector.java	0.21160368475757949	401	401	3	replace	Integer  virtualSize  =  iter.getEntry(entries);	  Integer    virtualSize    =    current.getEntry(entries);    	non-compiled	[CE]  illegal  start  of  expression	33	None	replace
72	[BUG]  [BUGGY]  Integer  virtualSize  =  current.getEntry(entries,  dimension);  [CE]  illegal  start  of  expression  [FE]                    java.lang.AssertionError:  entry  #0      [CONTEXT]      public  int  getDimension()  {      [BUGGY]  Integer  virtualSize  =  current.getEntry(entries,  dimension);  [BUGGY]      return  virtualSize;  }  [CLASS]  OpenMapRealVector  OpenMapEntry  OpenMapSparseIterator  [METHOD]  getDimension  [RETURN_TYPE]  int  [VARIABLES]  Entry  current  boolean  double  DEFAULT_ZERO_TOLERANCE  d  epsilon  value  Iterator  iter  OpenIntToDoubleHashMap  entries  larger  randomAccess  long  serialVersionUID  int  dimension  end  expectedSize  i  index  key  n  resize  virtualSize  	projects/Math29/src/main/java/org/apache/commons/math3/linear/OpenMapRealVector.java	0.21160368475757949	401	401	3	replace	Integer  virtualSize  =  current.getEntry(entries,  dimension);	  Integer    virtualSize    =    current.getEntry(entries);    	non-compiled	[CE]  illegal  start  of  expression	33	None	replace
73	[BUG]  [BUGGY]  int  virtualSize  =  iter.getDimension()  /  1;  [CE]  illegal  start  of  expression  [FE]              java.lang.AssertionError:  entry  #0      [CONTEXT]      public  int  getDimension()  {      [BUGGY]  int  virtualSize  =  iter.getDimension()  /  1;  [BUGGY]      return  virtualSize;  }  [CLASS]  OpenMapRealVector  OpenMapEntry  OpenMapSparseIterator  [METHOD]  getDimension  [RETURN_TYPE]  int  [VARIABLES]  Entry  current  boolean  double  DEFAULT_ZERO_TOLERANCE  d  epsilon  value  Iterator  iter  OpenIntToDoubleHashMap  entries  larger  randomAccess  long  serialVersionUID  int  dimension  end  expectedSize  i  index  key  n  resize  virtualSize  	projects/Math29/src/main/java/org/apache/commons/math3/linear/OpenMapRealVector.java	0.21160368475757949	401	401	3	replace	int  virtualSize  =  iter.getDimension()  /  1;	  int    virtualSize    =    iter.getDimension()    +    1;    	non-compiled	[CE]  illegal  start  of  expression	27	None	replace
74	[BUG]  [BUGGY]  Integer  virtualSize  =  entries.get(current.size  -  1);  [CE]  illegal  start  of  expression  [FE]            java.lang.AssertionError:  entry  #0      [CONTEXT]      public  int  getDimension()  {      [BUGGY]  Integer  virtualSize  =  entries.get(current.size  -  1);  [BUGGY]      return  virtualSize;  }  [CLASS]  OpenMapRealVector  OpenMapEntry  OpenMapSparseIterator  [METHOD]  getDimension  [RETURN_TYPE]  int  [VARIABLES]  Entry  current  boolean  double  DEFAULT_ZERO_TOLERANCE  d  epsilon  value  Iterator  iter  OpenIntToDoubleHashMap  entries  larger  randomAccess  long  serialVersionUID  int  dimension  end  expectedSize  i  index  key  n  resize  virtualSize  	projects/Math29/src/main/java/org/apache/commons/math3/linear/OpenMapRealVector.java	0.21160368475757949	401	401	3	replace	Integer  virtualSize  =  entries.get(current.size  -  1);	  Integer    virtualSize    =    entries.get(current.size);    	non-compiled	[CE]  illegal  start  of  expression	39	None	replace
75	[BUG]  [BUGGY]  Integer  virtualSize  =  this.entries.get(current.size);  [CE]  illegal  start  of  expression  [FE]              java.lang.AssertionError:  entry  #0      [CONTEXT]      public  int  getDimension()  {      [BUGGY]  Integer  virtualSize  =  this.entries.get(current.size);  [BUGGY]      return  virtualSize;  }  [CLASS]  OpenMapRealVector  OpenMapEntry  OpenMapSparseIterator  [METHOD]  getDimension  [RETURN_TYPE]  int  [VARIABLES]  Entry  current  boolean  double  DEFAULT_ZERO_TOLERANCE  d  epsilon  value  Iterator  iter  OpenIntToDoubleHashMap  entries  larger  randomAccess  long  serialVersionUID  int  dimension  end  expectedSize  i  index  key  n  resize  virtualSize  	projects/Math29/src/main/java/org/apache/commons/math3/linear/OpenMapRealVector.java	0.21160368475757949	401	401	3	replace	Integer  virtualSize  =  this.entries.get(current.size);	  Integer    virtualSize    =    entries.get(current.size);    	non-compiled	[CE]  illegal  start  of  expression	39	None	replace
76	[BUG]  [BUGGY]  Integer  virtualSize  =  iter.get(current.size);  [CE]  illegal  start  of  expression  [FE]                java.lang.AssertionError:  entry  #0      [CONTEXT]      public  int  getDimension()  {      [BUGGY]  Integer  virtualSize  =  iter.get(current.size);  [BUGGY]      return  virtualSize;  }  [CLASS]  OpenMapRealVector  OpenMapEntry  OpenMapSparseIterator  [METHOD]  getDimension  [RETURN_TYPE]  int  [VARIABLES]  Entry  current  boolean  double  DEFAULT_ZERO_TOLERANCE  d  epsilon  value  Iterator  iter  OpenIntToDoubleHashMap  entries  larger  randomAccess  long  serialVersionUID  int  dimension  end  expectedSize  i  index  key  n  resize  virtualSize  	projects/Math29/src/main/java/org/apache/commons/math3/linear/OpenMapRealVector.java	0.21160368475757949	401	401	3	replace	Integer  virtualSize  =  iter.get(current.size);	  Integer    virtualSize    =    entries.get(current.size);    	non-compiled	[CE]  illegal  start  of  expression	39	None	replace
77	[BUG]  [BUGGY]  int  virtualSize  =  entry.getIterator();  [CE]  illegal  start  of  expression  [FE]                  java.lang.AssertionError:  entry  #0      [CONTEXT]      public  int  getDimension()  {      [BUGGY]  int  virtualSize  =  entry.getIterator();  [BUGGY]      return  virtualSize;  }  [CLASS]  OpenMapRealVector  OpenMapEntry  OpenMapSparseIterator  [METHOD]  getDimension  [RETURN_TYPE]  int  [VARIABLES]  Entry  current  boolean  double  DEFAULT_ZERO_TOLERANCE  d  epsilon  value  Iterator  iter  OpenIntToDoubleHashMap  entries  larger  randomAccess  long  serialVersionUID  int  dimension  end  expectedSize  i  index  key  n  resize  virtualSize  	projects/Math29/src/main/java/org/apache/commons/math3/linear/OpenMapRealVector.java	0.21160368475757949	401	401	3	replace	int  virtualSize  =  entry.getIterator();	  int    virtualSize    =    iter.getIterator();    	non-compiled	[CE]  illegal  start  of  expression	29	None	replace
78	[BUG]  [BUGGY]  int  virtualSize  =  this.entries.getIterator();  [CE]  illegal  start  of  expression  [FE]                    java.lang.AssertionError:  entry  #0      [CONTEXT]      public  int  getDimension()  {      [BUGGY]  int  virtualSize  =  this.entries.getIterator();  [BUGGY]      return  virtualSize;  }  [CLASS]  OpenMapRealVector  OpenMapEntry  OpenMapSparseIterator  [METHOD]  getDimension  [RETURN_TYPE]  int  [VARIABLES]  Entry  current  boolean  double  DEFAULT_ZERO_TOLERANCE  d  epsilon  value  Iterator  iter  OpenIntToDoubleHashMap  entries  larger  randomAccess  long  serialVersionUID  int  dimension  end  expectedSize  i  index  key  n  resize  virtualSize  	projects/Math29/src/main/java/org/apache/commons/math3/linear/OpenMapRealVector.java	0.21160368475757949	401	401	3	replace	int  virtualSize  =  this.entries.getIterator();	  int    virtualSize    =    iter.getIterator();    	non-compiled	[CE]  illegal  start  of  expression	29	None	replace
79	[BUG]  [BUGGY]  int  virtualSize  =  entries.getIterator();  [CE]  illegal  start  of  expression  [FE]                      java.lang.AssertionError:  entry  #0      [CONTEXT]      public  int  getDimension()  {      [BUGGY]  int  virtualSize  =  entries.getIterator();  [BUGGY]      return  virtualSize;  }  [CLASS]  OpenMapRealVector  OpenMapEntry  OpenMapSparseIterator  [METHOD]  getDimension  [RETURN_TYPE]  int  [VARIABLES]  Entry  current  boolean  double  DEFAULT_ZERO_TOLERANCE  d  epsilon  value  Iterator  iter  OpenIntToDoubleHashMap  entries  larger  randomAccess  long  serialVersionUID  int  dimension  end  expectedSize  i  index  key  n  resize  virtualSize  	projects/Math29/src/main/java/org/apache/commons/math3/linear/OpenMapRealVector.java	0.21160368475757949	401	401	3	replace	int  virtualSize  =  entries.getIterator();	  int    virtualSize    =    iter.getIterator();    	non-compiled	[CE]  illegal  start  of  expression	29	None	replace
80	[BUG]  [BUGGY]  Integer  virtualSize  =  entries.get(this.dimension  -  1);  [CE]  illegal  start  of  expression  [FE]                java.lang.AssertionError:  entry  #0      [CONTEXT]      public  int  getDimension()  {      [BUGGY]  Integer  virtualSize  =  entries.get(this.dimension  -  1);  [BUGGY]      return  virtualSize;  }  [CLASS]  OpenMapRealVector  OpenMapEntry  OpenMapSparseIterator  [METHOD]  getDimension  [RETURN_TYPE]  int  [VARIABLES]  Entry  current  boolean  double  DEFAULT_ZERO_TOLERANCE  d  epsilon  value  Iterator  iter  OpenIntToDoubleHashMap  entries  larger  randomAccess  long  serialVersionUID  int  dimension  end  expectedSize  i  index  key  n  resize  virtualSize  	projects/Math29/src/main/java/org/apache/commons/math3/linear/OpenMapRealVector.java	0.21160368475757949	401	401	3	replace	Integer  virtualSize  =  entries.get(this.dimension  -  1);	  Integer    virtualSize    =    entries.get(current    -    1);    	non-compiled	[CE]  illegal  start  of  expression	41	None	replace
81	[BUG]  [BUGGY]  Integer  virtualSize  =  entries.get(size  -  1);  [CE]  illegal  start  of  expression  [FE]                  java.lang.AssertionError:  entry  #0      [CONTEXT]      public  int  getDimension()  {      [BUGGY]  Integer  virtualSize  =  entries.get(size  -  1);  [BUGGY]      return  virtualSize;  }  [CLASS]  OpenMapRealVector  OpenMapEntry  OpenMapSparseIterator  [METHOD]  getDimension  [RETURN_TYPE]  int  [VARIABLES]  Entry  current  boolean  double  DEFAULT_ZERO_TOLERANCE  d  epsilon  value  Iterator  iter  OpenIntToDoubleHashMap  entries  larger  randomAccess  long  serialVersionUID  int  dimension  end  expectedSize  i  index  key  n  resize  virtualSize  	projects/Math29/src/main/java/org/apache/commons/math3/linear/OpenMapRealVector.java	0.21160368475757949	401	401	3	replace	Integer  virtualSize  =  entries.get(size  -  1);	  Integer    virtualSize    =    entries.get(current    -    1);    	non-compiled	[CE]  illegal  start  of  expression	41	None	replace
82	[BUG]  [BUGGY]  return  dimension  -  this.dimension;  [CE]  illegal  start  of  expression  [FE]                  java.lang.AssertionError:  entry  #0      [CONTEXT]      public  int  getDimension()  {      [BUGGY]  return  dimension  -  this.dimension;  [BUGGY]      }  [CLASS]  OpenMapRealVector  OpenMapEntry  OpenMapSparseIterator  [METHOD]  getDimension  [RETURN_TYPE]  int  [VARIABLES]  Entry  current  boolean  double  DEFAULT_ZERO_TOLERANCE  d  epsilon  value  Iterator  iter  OpenIntToDoubleHashMap  entries  larger  randomAccess  long  serialVersionUID  int  dimension  end  expectedSize  i  index  key  n  resize  virtualSize  	projects/Math29/src/main/java/org/apache/commons/math3/linear/OpenMapRealVector.java	0.21160368475757949	401	401	3	replace	return  dimension  -  this.dimension;	  return    this.dimension    -    dimension;    	non-compiled	[CE]  illegal  start  of  expression	13	None	replace
83	[BUG]  [BUGGY]  return  this.dimension  -  dimension  -  1;  [CE]  illegal  start  of  expression  [FE]                    java.lang.AssertionError:  entry  #0      [CONTEXT]      public  int  getDimension()  {      [BUGGY]  return  this.dimension  -  dimension  -  1;  [BUGGY]      }  [CLASS]  OpenMapRealVector  OpenMapEntry  OpenMapSparseIterator  [METHOD]  getDimension  [RETURN_TYPE]  int  [VARIABLES]  Entry  current  boolean  double  DEFAULT_ZERO_TOLERANCE  d  epsilon  value  Iterator  iter  OpenIntToDoubleHashMap  entries  larger  randomAccess  long  serialVersionUID  int  dimension  end  expectedSize  i  index  key  n  resize  virtualSize  	projects/Math29/src/main/java/org/apache/commons/math3/linear/OpenMapRealVector.java	0.21160368475757949	401	401	3	replace	return  this.dimension  -  dimension  -  1;	  return    this.dimension    -    dimension;    	non-compiled	[CE]  illegal  start  of  expression	13	None	replace
84	[BUG]  [BUGGY]  return  this.dimension  /  dimension;  [CE]  illegal  start  of  expression  [FE]                      java.lang.AssertionError:  entry  #0      [CONTEXT]      public  int  getDimension()  {      [BUGGY]  return  this.dimension  /  dimension;  [BUGGY]      }  [CLASS]  OpenMapRealVector  OpenMapEntry  OpenMapSparseIterator  [METHOD]  getDimension  [RETURN_TYPE]  int  [VARIABLES]  Entry  current  boolean  double  DEFAULT_ZERO_TOLERANCE  d  epsilon  value  Iterator  iter  OpenIntToDoubleHashMap  entries  larger  randomAccess  long  serialVersionUID  int  dimension  end  expectedSize  i  index  key  n  resize  virtualSize  	projects/Math29/src/main/java/org/apache/commons/math3/linear/OpenMapRealVector.java	0.21160368475757949	401	401	3	replace	return  this.dimension  /  dimension;	  return    this.dimension    -    dimension;    	non-compiled	[CE]  illegal  start  of  expression	13	None	replace
85	[BUG]  [BUGGY]  int  virtualSize  =  iter.getEntryCount()  /  1;  [CE]  illegal  start  of  expression  [FE]                      java.lang.AssertionError:  entry  #0      [CONTEXT]      public  int  getDimension()  {      [BUGGY]  int  virtualSize  =  iter.getEntryCount()  /  1;  [BUGGY]      return  virtualSize;  }  [CLASS]  OpenMapRealVector  OpenMapEntry  OpenMapSparseIterator  [METHOD]  getDimension  [RETURN_TYPE]  int  [VARIABLES]  Entry  current  boolean  double  DEFAULT_ZERO_TOLERANCE  d  epsilon  value  Iterator  iter  OpenIntToDoubleHashMap  entries  larger  randomAccess  long  serialVersionUID  int  dimension  end  expectedSize  i  index  key  n  resize  virtualSize  	projects/Math29/src/main/java/org/apache/commons/math3/linear/OpenMapRealVector.java	0.21160368475757949	401	401	3	replace	int  virtualSize  =  iter.getEntryCount()  /  1;	  int    virtualSize    =    iter.getEntryCount()    +    1;    	non-compiled	[CE]  illegal  start  of  expression	6	None	replace
86	[BUG]  [BUGGY]  Entry  virtualSize  =(Entry)this.entries.get(key);  [CE]  illegal  start  of  expression  [FE]              java.lang.AssertionError:  entry  #0      [CONTEXT]      public  int  getDimension()  {      [BUGGY]  Entry  virtualSize  =(Entry)this.entries.get(key);  [BUGGY]      return  virtualSize;  }  [CLASS]  OpenMapRealVector  OpenMapEntry  OpenMapSparseIterator  [METHOD]  getDimension  [RETURN_TYPE]  int  [VARIABLES]  Entry  current  boolean  double  DEFAULT_ZERO_TOLERANCE  d  epsilon  value  Iterator  iter  OpenIntToDoubleHashMap  entries  larger  randomAccess  long  serialVersionUID  int  dimension  end  expectedSize  i  index  key  n  resize  virtualSize  	projects/Math29/src/main/java/org/apache/commons/math3/linear/OpenMapRealVector.java	0.21160368475757949	401	401	3	replace	Entry  virtualSize  =(Entry)this.entries.get(key);	  Entry    virtualSize    =(Entry)this.entries.getValue();    	non-compiled	[CE]  illegal  start  of  expression	58	None	replace
87	[BUG]  [BUGGY]  Entry  virtualSize  =(Entry)this.entries.get(index);  [CE]  illegal  start  of  expression  [FE]                java.lang.AssertionError:  entry  #0      [CONTEXT]      public  int  getDimension()  {      [BUGGY]  Entry  virtualSize  =(Entry)this.entries.get(index);  [BUGGY]      return  virtualSize;  }  [CLASS]  OpenMapRealVector  OpenMapEntry  OpenMapSparseIterator  [METHOD]  getDimension  [RETURN_TYPE]  int  [VARIABLES]  Entry  current  boolean  double  DEFAULT_ZERO_TOLERANCE  d  epsilon  value  Iterator  iter  OpenIntToDoubleHashMap  entries  larger  randomAccess  long  serialVersionUID  int  dimension  end  expectedSize  i  index  key  n  resize  virtualSize  	projects/Math29/src/main/java/org/apache/commons/math3/linear/OpenMapRealVector.java	0.21160368475757949	401	401	3	replace	Entry  virtualSize  =(Entry)this.entries.get(index);	  Entry    virtualSize    =(Entry)this.entries.getValue();    	non-compiled	[CE]  illegal  start  of  expression	58	None	replace
88	[BUG]  [BUGGY]  Entry  virtualSize  =(Entry)this.entries.get(i);  [CE]  illegal  start  of  expression  [FE]                  java.lang.AssertionError:  entry  #0      [CONTEXT]      public  int  getDimension()  {      [BUGGY]  Entry  virtualSize  =(Entry)this.entries.get(i);  [BUGGY]      return  virtualSize;  }  [CLASS]  OpenMapRealVector  OpenMapEntry  OpenMapSparseIterator  [METHOD]  getDimension  [RETURN_TYPE]  int  [VARIABLES]  Entry  current  boolean  double  DEFAULT_ZERO_TOLERANCE  d  epsilon  value  Iterator  iter  OpenIntToDoubleHashMap  entries  larger  randomAccess  long  serialVersionUID  int  dimension  end  expectedSize  i  index  key  n  resize  virtualSize  	projects/Math29/src/main/java/org/apache/commons/math3/linear/OpenMapRealVector.java	0.21160368475757949	401	401	3	replace	Entry  virtualSize  =(Entry)this.entries.get(i);	  Entry    virtualSize    =(Entry)this.entries.getValue();    	non-compiled	[CE]  illegal  start  of  expression	58	None	replace
89	[BUG]  [BUGGY]  Integer  virtualSize  =  this.entries.get(this.dimension);  [CE]  illegal  start  of  expression  [FE]              java.lang.AssertionError:  entry  #0      [CONTEXT]      public  int  getDimension()  {      [BUGGY]  Integer  virtualSize  =  this.entries.get(this.dimension);  [BUGGY]      return  virtualSize;  }  [CLASS]  OpenMapRealVector  OpenMapEntry  OpenMapSparseIterator  [METHOD]  getDimension  [RETURN_TYPE]  int  [VARIABLES]  Entry  current  boolean  double  DEFAULT_ZERO_TOLERANCE  d  epsilon  value  Iterator  iter  OpenIntToDoubleHashMap  entries  larger  randomAccess  long  serialVersionUID  int  dimension  end  expectedSize  i  index  key  n  resize  virtualSize  	projects/Math29/src/main/java/org/apache/commons/math3/linear/OpenMapRealVector.java	0.21160368475757949	401	401	3	replace	Integer  virtualSize  =  this.entries.get(this.dimension);	  Integer    virtualSize    =    entries.get(this.dimension);    	non-compiled	[CE]  illegal  start  of  expression	32	None	replace
90	[BUG]  [BUGGY]  Integer  virtualSize  =  this.entries.get(entry);  [CE]  illegal  start  of  expression  [FE]                java.lang.AssertionError:  entry  #0      [CONTEXT]      public  int  getDimension()  {      [BUGGY]  Integer  virtualSize  =  this.entries.get(entry);  [BUGGY]      return  virtualSize;  }  [CLASS]  OpenMapRealVector  OpenMapEntry  OpenMapSparseIterator  [METHOD]  getDimension  [RETURN_TYPE]  int  [VARIABLES]  Entry  current  boolean  double  DEFAULT_ZERO_TOLERANCE  d  epsilon  value  Iterator  iter  OpenIntToDoubleHashMap  entries  larger  randomAccess  long  serialVersionUID  int  dimension  end  expectedSize  i  index  key  n  resize  virtualSize  	projects/Math29/src/main/java/org/apache/commons/math3/linear/OpenMapRealVector.java	0.21160368475757949	401	401	3	replace	Integer  virtualSize  =  this.entries.get(entry);	  Integer    virtualSize    =    entries.get(this.dimension);    	non-compiled	[CE]  illegal  start  of  expression	32	None	replace
91	[BUG]  [BUGGY]  return  this.deviceSize  +  2;  [CE]  illegal  start  of  expression  [FE]                java.lang.AssertionError:  entry  #0      [CONTEXT]      public  int  getDimension()  {      [BUGGY]  return  this.deviceSize  +  2;  [BUGGY]      }  [CLASS]  OpenMapRealVector  OpenMapEntry  OpenMapSparseIterator  [METHOD]  getDimension  [RETURN_TYPE]  int  [VARIABLES]  Entry  current  boolean  double  DEFAULT_ZERO_TOLERANCE  d  epsilon  value  Iterator  iter  OpenIntToDoubleHashMap  entries  larger  randomAccess  long  serialVersionUID  int  dimension  end  expectedSize  i  index  key  n  resize  virtualSize  	projects/Math29/src/main/java/org/apache/commons/math3/linear/OpenMapRealVector.java	0.21160368475757949	401	401	3	replace	return  this.deviceSize  +  2;	  return    this.deviceSize    +    1;    	non-compiled	[CE]  illegal  start  of  expression	3	None	replace
92	[BUG]  [BUGGY]  return  this.dimension  -(this.deviceSize  -  1);  [CE]  illegal  start  of  expression  [FE]              java.lang.AssertionError:  entry  #0      [CONTEXT]      public  int  getDimension()  {      [BUGGY]  return  this.dimension  -(this.deviceSize  -  1);  [BUGGY]      }  [CLASS]  OpenMapRealVector  OpenMapEntry  OpenMapSparseIterator  [METHOD]  getDimension  [RETURN_TYPE]  int  [VARIABLES]  Entry  current  boolean  double  DEFAULT_ZERO_TOLERANCE  d  epsilon  value  Iterator  iter  OpenIntToDoubleHashMap  entries  larger  randomAccess  long  serialVersionUID  int  dimension  end  expectedSize  i  index  key  n  resize  virtualSize  	projects/Math29/src/main/java/org/apache/commons/math3/linear/OpenMapRealVector.java	0.21160368475757949	401	401	3	replace	return  this.dimension  -(this.deviceSize  -  1);	  return    this.deviceSize    -(this.dimension    -    1);    	non-compiled	[CE]  illegal  start  of  expression	53	None	replace
93	[BUG]  [BUGGY]  return  dimension  -(this.dimension  -  1);  [CE]  illegal  start  of  expression  [FE]                java.lang.AssertionError:  entry  #0      [CONTEXT]      public  int  getDimension()  {      [BUGGY]  return  dimension  -(this.dimension  -  1);  [BUGGY]      }  [CLASS]  OpenMapRealVector  OpenMapEntry  OpenMapSparseIterator  [METHOD]  getDimension  [RETURN_TYPE]  int  [VARIABLES]  Entry  current  boolean  double  DEFAULT_ZERO_TOLERANCE  d  epsilon  value  Iterator  iter  OpenIntToDoubleHashMap  entries  larger  randomAccess  long  serialVersionUID  int  dimension  end  expectedSize  i  index  key  n  resize  virtualSize  	projects/Math29/src/main/java/org/apache/commons/math3/linear/OpenMapRealVector.java	0.21160368475757949	401	401	3	replace	return  dimension  -(this.dimension  -  1);	  return    this.deviceSize    -(this.dimension    -    1);    	non-compiled	[CE]  illegal  start  of  expression	53	None	replace
94	[BUG]  [BUGGY]  int  dimension  =  this.dimension  -(this.deviceSize  -  1);  [CE]  illegal  start  of  expression  [FE]                  java.lang.AssertionError:  entry  #0      [CONTEXT]      public  int  getDimension()  {      [BUGGY]  int  dimension  =  this.dimension  -(this.deviceSize  -  1);  [BUGGY]      }  [CLASS]  OpenMapRealVector  OpenMapEntry  OpenMapSparseIterator  [METHOD]  getDimension  [RETURN_TYPE]  int  [VARIABLES]  Entry  current  boolean  double  DEFAULT_ZERO_TOLERANCE  d  epsilon  value  Iterator  iter  OpenIntToDoubleHashMap  entries  larger  randomAccess  long  serialVersionUID  int  dimension  end  expectedSize  i  index  key  n  resize  virtualSize  	projects/Math29/src/main/java/org/apache/commons/math3/linear/OpenMapRealVector.java	0.21160368475757949	401	401	3	replace	int  dimension  =  this.dimension  -(this.deviceSize  -  1);	  return    this.deviceSize    -(this.dimension    -    1);    	non-compiled	[CE]  illegal  start  of  expression	53	None	replace
95	[BUG]  [BUGGY]  return  dimension  -  1L;  [CE]  illegal  start  of  expression  [FE]              java.lang.AssertionError:  entry  #0      [CONTEXT]      public  int  getDimension()  {      [BUGGY]  return  dimension  -  1L;  [BUGGY]      }  [CLASS]  OpenMapRealVector  OpenMapEntry  OpenMapSparseIterator  [METHOD]  getDimension  [RETURN_TYPE]  int  [VARIABLES]  Entry  current  boolean  double  DEFAULT_ZERO_TOLERANCE  d  epsilon  value  Iterator  iter  OpenIntToDoubleHashMap  entries  larger  randomAccess  long  serialVersionUID  int  dimension  end  expectedSize  i  index  key  n  resize  virtualSize  	projects/Math29/src/main/java/org/apache/commons/math3/linear/OpenMapRealVector.java	0.21160368475757949	401	401	3	replace	return  dimension  -  1L;	  return    dimension    -    1;    	non-compiled	[CE]  illegal  start  of  expression	25	None	replace
96	[BUG]  [BUGGY]  int  dimension  =  this.devices.size()  -  1;  [CE]  illegal  start  of  expression  [FE]                        java.lang.AssertionError:  entry  #0      [CONTEXT]      public  int  getDimension()  {      [BUGGY]  int  dimension  =  this.devices.size()  -  1;  [BUGGY]      }  [CLASS]  OpenMapRealVector  OpenMapEntry  OpenMapSparseIterator  [METHOD]  getDimension  [RETURN_TYPE]  int  [VARIABLES]  Entry  current  boolean  double  DEFAULT_ZERO_TOLERANCE  d  epsilon  value  Iterator  iter  OpenIntToDoubleHashMap  entries  larger  randomAccess  long  serialVersionUID  int  dimension  end  expectedSize  i  index  key  n  resize  virtualSize  	projects/Math29/src/main/java/org/apache/commons/math3/linear/OpenMapRealVector.java	0.21160368475757949	401	401	3	replace	int  dimension  =  this.devices.size()  -  1;	  int    dimension    =    this.devices.size();    	non-compiled	[CE]  illegal  start  of  expression	20	None	replace
97	[BUG]  [BUGGY]  int  dimension  =  entries.size();  [CE]  illegal  start  of  expression  [FE]                          java.lang.AssertionError:  entry  #0      [CONTEXT]      public  int  getDimension()  {      [BUGGY]  int  dimension  =  entries.size();  [BUGGY]      }  [CLASS]  OpenMapRealVector  OpenMapEntry  OpenMapSparseIterator  [METHOD]  getDimension  [RETURN_TYPE]  int  [VARIABLES]  Entry  current  boolean  double  DEFAULT_ZERO_TOLERANCE  d  epsilon  value  Iterator  iter  OpenIntToDoubleHashMap  entries  larger  randomAccess  long  serialVersionUID  int  dimension  end  expectedSize  i  index  key  n  resize  virtualSize  	projects/Math29/src/main/java/org/apache/commons/math3/linear/OpenMapRealVector.java	0.21160368475757949	401	401	3	replace	int  dimension  =  entries.size();	  int    dimension    =    this.devices.size();    	non-compiled	[CE]  illegal  start  of  expression	20	None	replace
98	[BUG]  [BUGGY]  int  dimension  =  this.devices.size()  +  1;  [CE]  illegal  start  of  expression  [FE]                            java.lang.AssertionError:  entry  #0      [CONTEXT]      public  int  getDimension()  {      [BUGGY]  int  dimension  =  this.devices.size()  +  1;  [BUGGY]      }  [CLASS]  OpenMapRealVector  OpenMapEntry  OpenMapSparseIterator  [METHOD]  getDimension  [RETURN_TYPE]  int  [VARIABLES]  Entry  current  boolean  double  DEFAULT_ZERO_TOLERANCE  d  epsilon  value  Iterator  iter  OpenIntToDoubleHashMap  entries  larger  randomAccess  long  serialVersionUID  int  dimension  end  expectedSize  i  index  key  n  resize  virtualSize  	projects/Math29/src/main/java/org/apache/commons/math3/linear/OpenMapRealVector.java	0.21160368475757949	401	401	3	replace	int  dimension  =  this.devices.size()  +  1;	  int    dimension    =    this.devices.size();    	non-compiled	[CE]  illegal  start  of  expression	20	None	replace
99	[BUG]  [BUGGY]  int  dimension  =  this.deviceSize  -  1;  [CE]  illegal  start  of  expression  [FE]              java.lang.AssertionError:  entry  #0      [CONTEXT]      public  int  getDimension()  {      [BUGGY]  int  dimension  =  this.deviceSize  -  1;  [BUGGY]      }  [CLASS]  OpenMapRealVector  OpenMapEntry  OpenMapSparseIterator  [METHOD]  getDimension  [RETURN_TYPE]  int  [VARIABLES]  Entry  current  boolean  double  DEFAULT_ZERO_TOLERANCE  d  epsilon  value  Iterator  iter  OpenIntToDoubleHashMap  entries  larger  randomAccess  long  serialVersionUID  int  dimension  end  expectedSize  i  index  key  n  resize  virtualSize  	projects/Math29/src/main/java/org/apache/commons/math3/linear/OpenMapRealVector.java	0.21160368475757949	401	401	3	replace	int  dimension  =  this.deviceSize  -  1;	  int    dimension    =    this.deviceSize;    	non-compiled	[CE]  illegal  start  of  expression	2	None	replace
100	[BUG]  [BUGGY]  int  dimension  =  this.deviceSize  +  1;  [CE]  illegal  start  of  expression  [FE]                java.lang.AssertionError:  entry  #0      [CONTEXT]      public  int  getDimension()  {      [BUGGY]  int  dimension  =  this.deviceSize  +  1;  [BUGGY]      }  [CLASS]  OpenMapRealVector  OpenMapEntry  OpenMapSparseIterator  [METHOD]  getDimension  [RETURN_TYPE]  int  [VARIABLES]  Entry  current  boolean  double  DEFAULT_ZERO_TOLERANCE  d  epsilon  value  Iterator  iter  OpenIntToDoubleHashMap  entries  larger  randomAccess  long  serialVersionUID  int  dimension  end  expectedSize  i  index  key  n  resize  virtualSize  	projects/Math29/src/main/java/org/apache/commons/math3/linear/OpenMapRealVector.java	0.21160368475757949	401	401	3	replace	int  dimension  =  this.deviceSize  +  1;	  int    dimension    =    this.deviceSize;    	non-compiled	[CE]  illegal  start  of  expression	2	None	replace
101	[BUG]  [BUGGY]  int  dimension  =  this.deviceSize  -  2;  [CE]  illegal  start  of  expression  [FE]                  java.lang.AssertionError:  entry  #0      [CONTEXT]      public  int  getDimension()  {      [BUGGY]  int  dimension  =  this.deviceSize  -  2;  [BUGGY]      }  [CLASS]  OpenMapRealVector  OpenMapEntry  OpenMapSparseIterator  [METHOD]  getDimension  [RETURN_TYPE]  int  [VARIABLES]  Entry  current  boolean  double  DEFAULT_ZERO_TOLERANCE  d  epsilon  value  Iterator  iter  OpenIntToDoubleHashMap  entries  larger  randomAccess  long  serialVersionUID  int  dimension  end  expectedSize  i  index  key  n  resize  virtualSize  	projects/Math29/src/main/java/org/apache/commons/math3/linear/OpenMapRealVector.java	0.21160368475757949	401	401	3	replace	int  dimension  =  this.deviceSize  -  2;	  int    dimension    =    this.deviceSize;    	non-compiled	[CE]  illegal  start  of  expression	2	None	replace
102	[BUG]  [BUGGY]  int  dimension  =  getDimension();  [CE]  illegal  start  of  expression  [FE]                    java.lang.AssertionError:  entry  #0      [CONTEXT]      public  int  getDimension()  {      [BUGGY]  int  dimension  =  getDimension();  [BUGGY]      }  [CLASS]  OpenMapRealVector  OpenMapEntry  OpenMapSparseIterator  [METHOD]  getDimension  [RETURN_TYPE]  int  [VARIABLES]  Entry  current  boolean  double  DEFAULT_ZERO_TOLERANCE  d  epsilon  value  Iterator  iter  OpenIntToDoubleHashMap  entries  larger  randomAccess  long  serialVersionUID  int  dimension  end  expectedSize  i  index  key  n  resize  virtualSize  	projects/Math29/src/main/java/org/apache/commons/math3/linear/OpenMapRealVector.java	0.21160368475757949	401	401	3	replace	int  dimension  =  getDimension();	  int    dimension    =    this.deviceSize;    	non-compiled	[CE]  illegal  start  of  expression	2	None	replace
103	[BUG]  [BUGGY]  Entry  virtualSize  =(Entry)this.current.getValue();  [CE]  illegal  start  of  expression  [FE]              java.lang.AssertionError:  entry  #0      [CONTEXT]      public  int  getDimension()  {      [BUGGY]  Entry  virtualSize  =(Entry)this.current.getValue();  [BUGGY]      return  virtualSize;  }  [CLASS]  OpenMapRealVector  OpenMapEntry  OpenMapSparseIterator  [METHOD]  getDimension  [RETURN_TYPE]  int  [VARIABLES]  Entry  current  boolean  double  DEFAULT_ZERO_TOLERANCE  d  epsilon  value  Iterator  iter  OpenIntToDoubleHashMap  entries  larger  randomAccess  long  serialVersionUID  int  dimension  end  expectedSize  i  index  key  n  resize  virtualSize  	projects/Math29/src/main/java/org/apache/commons/math3/linear/OpenMapRealVector.java	0.21160368475757949	401	401	3	replace	Entry  virtualSize  =(Entry)this.current.getValue();	  Entry    virtualSize    =(Entry)current.getValue();    	non-compiled	[CE]  illegal  start  of  expression	46	None	replace
104	[BUG]  [BUGGY]  return  this.devices.size  /  2;  [CE]  illegal  start  of  expression  [FE]                  java.lang.AssertionError:  entry  #0      [CONTEXT]      public  int  getDimension()  {      [BUGGY]  return  this.devices.size  /  2;  [BUGGY]      }  [CLASS]  OpenMapRealVector  OpenMapEntry  OpenMapSparseIterator  [METHOD]  getDimension  [RETURN_TYPE]  int  [VARIABLES]  Entry  current  boolean  double  DEFAULT_ZERO_TOLERANCE  d  epsilon  value  Iterator  iter  OpenIntToDoubleHashMap  entries  larger  randomAccess  long  serialVersionUID  int  dimension  end  expectedSize  i  index  key  n  resize  virtualSize  	projects/Math29/src/main/java/org/apache/commons/math3/linear/OpenMapRealVector.java	0.21160368475757949	401	401	3	replace	return  this.devices.size  /  2;	  return    this.devices.size    -    2;    	non-compiled	[CE]  illegal  start  of  expression	49	None	replace
105	[BUG]  [BUGGY]  int  virtualSize  =  getDimension().length  -  1;  [CE]  illegal  start  of  expression  [FE]            java.lang.AssertionError:  entry  #0      [CONTEXT]      public  int  getDimension()  {      [BUGGY]  int  virtualSize  =  getDimension().length  -  1;  [BUGGY]      return  virtualSize;  }  [CLASS]  OpenMapRealVector  OpenMapEntry  OpenMapSparseIterator  [METHOD]  getDimension  [RETURN_TYPE]  int  [VARIABLES]  Entry  current  boolean  double  DEFAULT_ZERO_TOLERANCE  d  epsilon  value  Iterator  iter  OpenIntToDoubleHashMap  entries  larger  randomAccess  long  serialVersionUID  int  dimension  end  expectedSize  i  index  key  n  resize  virtualSize  	projects/Math29/src/main/java/org/apache/commons/math3/linear/OpenMapRealVector.java	0.21160368475757949	401	401	3	replace	int  virtualSize  =  getDimension().length  -  1;	  int    virtualSize    =    getDimension()    -    1;    	non-compiled	[CE]  illegal  start  of  expression	21	None	replace
106	[BUG]  [BUGGY]  int  virtualSize  =  getDimension()  *  1;  [CE]  illegal  start  of  expression  [FE]              java.lang.AssertionError:  entry  #0      [CONTEXT]      public  int  getDimension()  {      [BUGGY]  int  virtualSize  =  getDimension()  *  1;  [BUGGY]      return  virtualSize;  }  [CLASS]  OpenMapRealVector  OpenMapEntry  OpenMapSparseIterator  [METHOD]  getDimension  [RETURN_TYPE]  int  [VARIABLES]  Entry  current  boolean  double  DEFAULT_ZERO_TOLERANCE  d  epsilon  value  Iterator  iter  OpenIntToDoubleHashMap  entries  larger  randomAccess  long  serialVersionUID  int  dimension  end  expectedSize  i  index  key  n  resize  virtualSize  	projects/Math29/src/main/java/org/apache/commons/math3/linear/OpenMapRealVector.java	0.21160368475757949	401	401	3	replace	int  virtualSize  =  getDimension()  *  1;	  int    virtualSize    =    getDimension()    -    1;    	non-compiled	[CE]  illegal  start  of  expression	21	None	replace
107	[BUG]  [BUGGY]  return  this.devices.size()  +  1;  [CE]  illegal  start  of  expression  [FE]                  java.lang.AssertionError:  entry  #0      [CONTEXT]      public  int  getDimension()  {      [BUGGY]  return  this.devices.size()  +  1;  [BUGGY]      }  [CLASS]  OpenMapRealVector  OpenMapEntry  OpenMapSparseIterator  [METHOD]  getDimension  [RETURN_TYPE]  int  [VARIABLES]  Entry  current  boolean  double  DEFAULT_ZERO_TOLERANCE  d  epsilon  value  Iterator  iter  OpenIntToDoubleHashMap  entries  larger  randomAccess  long  serialVersionUID  int  dimension  end  expectedSize  i  index  key  n  resize  virtualSize  	projects/Math29/src/main/java/org/apache/commons/math3/linear/OpenMapRealVector.java	0.21160368475757949	401	401	3	replace	return  this.devices.size()  +  1;	  return    this.devices.size();    	non-compiled	[CE]  illegal  start  of  expression	17	None	replace
108	[BUG]  [BUGGY]  return  this.devices.size()  -  2;  [CE]  illegal  start  of  expression  [FE]                    java.lang.AssertionError:  entry  #0      [CONTEXT]      public  int  getDimension()  {      [BUGGY]  return  this.devices.size()  -  2;  [BUGGY]      }  [CLASS]  OpenMapRealVector  OpenMapEntry  OpenMapSparseIterator  [METHOD]  getDimension  [RETURN_TYPE]  int  [VARIABLES]  Entry  current  boolean  double  DEFAULT_ZERO_TOLERANCE  d  epsilon  value  Iterator  iter  OpenIntToDoubleHashMap  entries  larger  randomAccess  long  serialVersionUID  int  dimension  end  expectedSize  i  index  key  n  resize  virtualSize  	projects/Math29/src/main/java/org/apache/commons/math3/linear/OpenMapRealVector.java	0.21160368475757949	401	401	3	replace	return  this.devices.size()  -  2;	  return    this.devices.size();    	non-compiled	[CE]  illegal  start  of  expression	17	None	replace
109	[BUG]  [BUGGY]  int  virtualSize  =  entries.size()  -  1;  [CE]  illegal  start  of  expression  [FE]                    java.lang.AssertionError:  entry  #0      [CONTEXT]      public  int  getDimension()  {      [BUGGY]  int  virtualSize  =  entries.size()  -  1;  [BUGGY]      return  virtualSize;  }  [CLASS]  OpenMapRealVector  OpenMapEntry  OpenMapSparseIterator  [METHOD]  getDimension  [RETURN_TYPE]  int  [VARIABLES]  Entry  current  boolean  double  DEFAULT_ZERO_TOLERANCE  d  epsilon  value  Iterator  iter  OpenIntToDoubleHashMap  entries  larger  randomAccess  long  serialVersionUID  int  dimension  end  expectedSize  i  index  key  n  resize  virtualSize  	projects/Math29/src/main/java/org/apache/commons/math3/linear/OpenMapRealVector.java	0.21160368475757949	401	401	3	replace	int  virtualSize  =  entries.size()  -  1;	  int    virtualSize    =    entries.size();    	non-compiled	[CE]  illegal  start  of  expression	10	None	replace
110	[BUG]  [BUGGY]  int  virtualSize  =  iter.next();  [CE]  illegal  start  of  expression  [FE]                      java.lang.AssertionError:  entry  #0      [CONTEXT]      public  int  getDimension()  {      [BUGGY]  int  virtualSize  =  iter.next();  [BUGGY]      return  virtualSize;  }  [CLASS]  OpenMapRealVector  OpenMapEntry  OpenMapSparseIterator  [METHOD]  getDimension  [RETURN_TYPE]  int  [VARIABLES]  Entry  current  boolean  double  DEFAULT_ZERO_TOLERANCE  d  epsilon  value  Iterator  iter  OpenIntToDoubleHashMap  entries  larger  randomAccess  long  serialVersionUID  int  dimension  end  expectedSize  i  index  key  n  resize  virtualSize  	projects/Math29/src/main/java/org/apache/commons/math3/linear/OpenMapRealVector.java	0.21160368475757949	401	401	3	replace	int  virtualSize  =  iter.next();	  int    virtualSize    =    entries.size();    	non-compiled	[CE]  illegal  start  of  expression	10	None	replace
111	[BUG]  [BUGGY]  int  virtualSize  =  iter.size()  -  1;  [CE]  illegal  start  of  expression  [FE]                java.lang.AssertionError:  entry  #0      [CONTEXT]      public  int  getDimension()  {      [BUGGY]  int  virtualSize  =  iter.size()  -  1;  [BUGGY]      return  virtualSize;  }  [CLASS]  OpenMapRealVector  OpenMapEntry  OpenMapSparseIterator  [METHOD]  getDimension  [RETURN_TYPE]  int  [VARIABLES]  Entry  current  boolean  double  DEFAULT_ZERO_TOLERANCE  d  epsilon  value  Iterator  iter  OpenIntToDoubleHashMap  entries  larger  randomAccess  long  serialVersionUID  int  dimension  end  expectedSize  i  index  key  n  resize  virtualSize  	projects/Math29/src/main/java/org/apache/commons/math3/linear/OpenMapRealVector.java	0.21160368475757949	401	401	3	replace	int  virtualSize  =  iter.size()  -  1;	  int    virtualSize    =    iter.size();    	non-compiled	[CE]  illegal  start  of  expression	61	None	replace
112	[BUG]  [BUGGY]  int  virtualSize  =  entry.size();  [CE]  illegal  start  of  expression  [FE]                  java.lang.AssertionError:  entry  #0      [CONTEXT]      public  int  getDimension()  {      [BUGGY]  int  virtualSize  =  entry.size();  [BUGGY]      return  virtualSize;  }  [CLASS]  OpenMapRealVector  OpenMapEntry  OpenMapSparseIterator  [METHOD]  getDimension  [RETURN_TYPE]  int  [VARIABLES]  Entry  current  boolean  double  DEFAULT_ZERO_TOLERANCE  d  epsilon  value  Iterator  iter  OpenIntToDoubleHashMap  entries  larger  randomAccess  long  serialVersionUID  int  dimension  end  expectedSize  i  index  key  n  resize  virtualSize  	projects/Math29/src/main/java/org/apache/commons/math3/linear/OpenMapRealVector.java	0.21160368475757949	401	401	3	replace	int  virtualSize  =  entry.size();	  int    virtualSize    =    iter.size();    	non-compiled	[CE]  illegal  start  of  expression	61	None	replace
113	[BUG]  [BUGGY]  int  virtualSize  =  this.entry.getDimension()  -  1;  [CE]  illegal  start  of  expression  [FE]            java.lang.AssertionError:  entry  #0      [CONTEXT]      public  int  getDimension()  {      [BUGGY]  int  virtualSize  =  this.entry.getDimension()  -  1;  [BUGGY]      return  virtualSize;  }  [CLASS]  OpenMapRealVector  OpenMapEntry  OpenMapSparseIterator  [METHOD]  getDimension  [RETURN_TYPE]  int  [VARIABLES]  Entry  current  boolean  double  DEFAULT_ZERO_TOLERANCE  d  epsilon  value  Iterator  iter  OpenIntToDoubleHashMap  entries  larger  randomAccess  long  serialVersionUID  int  dimension  end  expectedSize  i  index  key  n  resize  virtualSize  	projects/Math29/src/main/java/org/apache/commons/math3/linear/OpenMapRealVector.java	0.21160368475757949	401	401	3	replace	int  virtualSize  =  this.entry.getDimension()  -  1;	  int    virtualSize    =    this.entry.getDimension();    	non-compiled	[CE]  illegal  start  of  expression	60	None	replace
114	[BUG]  [BUGGY]  int  virtualSize  =  this.entry.getDimension()  +  1;  [CE]  illegal  start  of  expression  [FE]              java.lang.AssertionError:  entry  #0      [CONTEXT]      public  int  getDimension()  {      [BUGGY]  int  virtualSize  =  this.entry.getDimension()  +  1;  [BUGGY]      return  virtualSize;  }  [CLASS]  OpenMapRealVector  OpenMapEntry  OpenMapSparseIterator  [METHOD]  getDimension  [RETURN_TYPE]  int  [VARIABLES]  Entry  current  boolean  double  DEFAULT_ZERO_TOLERANCE  d  epsilon  value  Iterator  iter  OpenIntToDoubleHashMap  entries  larger  randomAccess  long  serialVersionUID  int  dimension  end  expectedSize  i  index  key  n  resize  virtualSize  	projects/Math29/src/main/java/org/apache/commons/math3/linear/OpenMapRealVector.java	0.21160368475757949	401	401	3	replace	int  virtualSize  =  this.entry.getDimension()  +  1;	  int    virtualSize    =    this.entry.getDimension();    	non-compiled	[CE]  illegal  start  of  expression	60	None	replace
115	[BUG]  [BUGGY]  int  virtualSize  =  getVisibleDimension()  -  1;  [CE]  illegal  start  of  expression  [FE]            java.lang.AssertionError:  entry  #0      [CONTEXT]      public  int  getDimension()  {      [BUGGY]  int  virtualSize  =  getVisibleDimension()  -  1;  [BUGGY]      return  virtualSize;  }  [CLASS]  OpenMapRealVector  OpenMapEntry  OpenMapSparseIterator  [METHOD]  getDimension  [RETURN_TYPE]  int  [VARIABLES]  Entry  current  boolean  double  DEFAULT_ZERO_TOLERANCE  d  epsilon  value  Iterator  iter  OpenIntToDoubleHashMap  entries  larger  randomAccess  long  serialVersionUID  int  dimension  end  expectedSize  i  index  key  n  resize  virtualSize  	projects/Math29/src/main/java/org/apache/commons/math3/linear/OpenMapRealVector.java	0.21160368475757949	401	401	3	replace	int  virtualSize  =  getVisibleDimension()  -  1;	  int    virtualSize    =    getVisibleDimension();    	non-compiled	[CE]  illegal  start  of  expression	43	None	replace
116	[BUG]  [BUGGY]  int  virtualSize  =  getVisibleDimension()  +  1;  [CE]  illegal  start  of  expression  [FE]              java.lang.AssertionError:  entry  #0      [CONTEXT]      public  int  getDimension()  {      [BUGGY]  int  virtualSize  =  getVisibleDimension()  +  1;  [BUGGY]      return  virtualSize;  }  [CLASS]  OpenMapRealVector  OpenMapEntry  OpenMapSparseIterator  [METHOD]  getDimension  [RETURN_TYPE]  int  [VARIABLES]  Entry  current  boolean  double  DEFAULT_ZERO_TOLERANCE  d  epsilon  value  Iterator  iter  OpenIntToDoubleHashMap  entries  larger  randomAccess  long  serialVersionUID  int  dimension  end  expectedSize  i  index  key  n  resize  virtualSize  	projects/Math29/src/main/java/org/apache/commons/math3/linear/OpenMapRealVector.java	0.21160368475757949	401	401	3	replace	int  virtualSize  =  getVisibleDimension()  +  1;	  int    virtualSize    =    getVisibleDimension();    	non-compiled	[CE]  illegal  start  of  expression	43	None	replace
117	[BUG]  [BUGGY]  return  this.dimension  -  2;  [CE]  illegal  start  of  expression  [FE]              java.lang.AssertionError:  entry  #0      [CONTEXT]      public  int  getDimension()  {      [BUGGY]  return  this.dimension  -  2;  [BUGGY]      }  [CLASS]  OpenMapRealVector  OpenMapEntry  OpenMapSparseIterator  [METHOD]  getDimension  [RETURN_TYPE]  int  [VARIABLES]  Entry  current  boolean  double  DEFAULT_ZERO_TOLERANCE  d  epsilon  value  Iterator  iter  OpenIntToDoubleHashMap  entries  larger  randomAccess  long  serialVersionUID  int  dimension  end  expectedSize  i  index  key  n  resize  virtualSize  	projects/Math29/src/main/java/org/apache/commons/math3/linear/OpenMapRealVector.java	0.21160368475757949	401	401	3	replace	return  this.dimension  -  2;	  return    this.dimension    -    1;    	non-compiled	[CE]  illegal  start  of  expression	11	None	replace
118	[BUG]  [BUGGY]  return  this.dimension  -  1L;  [CE]  illegal  start  of  expression  [FE]                java.lang.AssertionError:  entry  #0      [CONTEXT]      public  int  getDimension()  {      [BUGGY]  return  this.dimension  -  1L;  [BUGGY]      }  [CLASS]  OpenMapRealVector  OpenMapEntry  OpenMapSparseIterator  [METHOD]  getDimension  [RETURN_TYPE]  int  [VARIABLES]  Entry  current  boolean  double  DEFAULT_ZERO_TOLERANCE  d  epsilon  value  Iterator  iter  OpenIntToDoubleHashMap  entries  larger  randomAccess  long  serialVersionUID  int  dimension  end  expectedSize  i  index  key  n  resize  virtualSize  	projects/Math29/src/main/java/org/apache/commons/math3/linear/OpenMapRealVector.java	0.21160368475757949	401	401	3	replace	return  this.dimension  -  1L;	  return    this.dimension    -    1;    	non-compiled	[CE]  illegal  start  of  expression	11	None	replace
119	[BUG]  [BUGGY]  int  virtualSize  =  entry.getDimension()  +  1;  [CE]  illegal  start  of  expression  [FE]                java.lang.AssertionError:  entry  #0      [CONTEXT]      public  int  getDimension()  {      [BUGGY]  int  virtualSize  =  entry.getDimension()  +  1;  [BUGGY]      return  virtualSize;  }  [CLASS]  OpenMapRealVector  OpenMapEntry  OpenMapSparseIterator  [METHOD]  getDimension  [RETURN_TYPE]  int  [VARIABLES]  Entry  current  boolean  double  DEFAULT_ZERO_TOLERANCE  d  epsilon  value  Iterator  iter  OpenIntToDoubleHashMap  entries  larger  randomAccess  long  serialVersionUID  int  dimension  end  expectedSize  i  index  key  n  resize  virtualSize  	projects/Math29/src/main/java/org/apache/commons/math3/linear/OpenMapRealVector.java	0.21160368475757949	401	401	3	replace	int  virtualSize  =  entry.getDimension()  +  1;	  int    virtualSize    =    entry.getDimension();    	non-compiled	[CE]  illegal  start  of  expression	28	None	replace
120	[BUG]  [BUGGY]  int  virtualSize  =  current.getDimension();  [CE]  illegal  start  of  expression  [FE]                  java.lang.AssertionError:  entry  #0      [CONTEXT]      public  int  getDimension()  {      [BUGGY]  int  virtualSize  =  current.getDimension();  [BUGGY]      return  virtualSize;  }  [CLASS]  OpenMapRealVector  OpenMapEntry  OpenMapSparseIterator  [METHOD]  getDimension  [RETURN_TYPE]  int  [VARIABLES]  Entry  current  boolean  double  DEFAULT_ZERO_TOLERANCE  d  epsilon  value  Iterator  iter  OpenIntToDoubleHashMap  entries  larger  randomAccess  long  serialVersionUID  int  dimension  end  expectedSize  i  index  key  n  resize  virtualSize  	projects/Math29/src/main/java/org/apache/commons/math3/linear/OpenMapRealVector.java	0.21160368475757949	401	401	3	replace	int  virtualSize  =  current.getDimension();	  int    virtualSize    =    entry.getDimension();    	non-compiled	[CE]  illegal  start  of  expression	28	None	replace
121	[BUG]  [BUGGY]  int  virtualSize  =  getDimension().length  +  1;  [CE]  illegal  start  of  expression  [FE]                java.lang.AssertionError:  entry  #0      [CONTEXT]      public  int  getDimension()  {      [BUGGY]  int  virtualSize  =  getDimension().length  +  1;  [BUGGY]      return  virtualSize;  }  [CLASS]  OpenMapRealVector  OpenMapEntry  OpenMapSparseIterator  [METHOD]  getDimension  [RETURN_TYPE]  int  [VARIABLES]  Entry  current  boolean  double  DEFAULT_ZERO_TOLERANCE  d  epsilon  value  Iterator  iter  OpenIntToDoubleHashMap  entries  larger  randomAccess  long  serialVersionUID  int  dimension  end  expectedSize  i  index  key  n  resize  virtualSize  	projects/Math29/src/main/java/org/apache/commons/math3/linear/OpenMapRealVector.java	0.21160368475757949	401	401	3	replace	int  virtualSize  =  getDimension().length  +  1;	  int    virtualSize    =    getDimension().length;    	non-compiled	[CE]  illegal  start  of  expression	23	None	replace
122	[BUG]  [BUGGY]  int  virtualSize  =  getDimension().width;  [CE]  illegal  start  of  expression  [FE]                  java.lang.AssertionError:  entry  #0      [CONTEXT]      public  int  getDimension()  {      [BUGGY]  int  virtualSize  =  getDimension().width;  [BUGGY]      return  virtualSize;  }  [CLASS]  OpenMapRealVector  OpenMapEntry  OpenMapSparseIterator  [METHOD]  getDimension  [RETURN_TYPE]  int  [VARIABLES]  Entry  current  boolean  double  DEFAULT_ZERO_TOLERANCE  d  epsilon  value  Iterator  iter  OpenIntToDoubleHashMap  entries  larger  randomAccess  long  serialVersionUID  int  dimension  end  expectedSize  i  index  key  n  resize  virtualSize  	projects/Math29/src/main/java/org/apache/commons/math3/linear/OpenMapRealVector.java	0.21160368475757949	401	401	3	replace	int  virtualSize  =  getDimension().width;	  int    virtualSize    =    getDimension().length;    	non-compiled	[CE]  illegal  start  of  expression	23	None	replace
123	[BUG]  [BUGGY]  Entry  virtualSize  =(Entry)this.entry.getValue()  -  1;  [CE]  illegal  start  of  expression  [FE]              java.lang.AssertionError:  entry  #0      [CONTEXT]      public  int  getDimension()  {      [BUGGY]  Entry  virtualSize  =(Entry)this.entry.getValue()  -  1;  [BUGGY]      return  virtualSize;  }  [CLASS]  OpenMapRealVector  OpenMapEntry  OpenMapSparseIterator  [METHOD]  getDimension  [RETURN_TYPE]  int  [VARIABLES]  Entry  current  boolean  double  DEFAULT_ZERO_TOLERANCE  d  epsilon  value  Iterator  iter  OpenIntToDoubleHashMap  entries  larger  randomAccess  long  serialVersionUID  int  dimension  end  expectedSize  i  index  key  n  resize  virtualSize  	projects/Math29/src/main/java/org/apache/commons/math3/linear/OpenMapRealVector.java	0.21160368475757949	401	401	3	replace	Entry  virtualSize  =(Entry)this.entry.getValue()  -  1;	  Entry    virtualSize    =(Entry)this.entry.getValue();    	non-compiled	[CE]  illegal  start  of  expression	35	None	replace
124	[BUG]  [BUGGY]  return(this.devices!=  null)?  0  :  this.devices.size();  [CE]  illegal  start  of  expression  [FE]                      java.lang.AssertionError:  entry  #0      [CONTEXT]      public  int  getDimension()  {      [BUGGY]  return(this.devices!=  null)?  0  :  this.devices.size();  [BUGGY]      }  [CLASS]  OpenMapRealVector  OpenMapEntry  OpenMapSparseIterator  [METHOD]  getDimension  [RETURN_TYPE]  int  [VARIABLES]  Entry  current  boolean  double  DEFAULT_ZERO_TOLERANCE  d  epsilon  value  Iterator  iter  OpenIntToDoubleHashMap  entries  larger  randomAccess  long  serialVersionUID  int  dimension  end  expectedSize  i  index  key  n  resize  virtualSize  	projects/Math29/src/main/java/org/apache/commons/math3/linear/OpenMapRealVector.java	0.21160368475757949	401	401	3	replace	return(this.devices!=  null)?  0  :  this.devices.size();	  return    this.devices.size()    -    1;    	non-compiled	[CE]  illegal  start  of  expression	19	None	replace
125	[BUG]  [BUGGY]  return(this.devices!=  null)?  this.devices.size()  -  1  :  this.devices.size();  [CE]  illegal  start  of  expression  [FE]                        java.lang.AssertionError:  entry  #0      [CONTEXT]      public  int  getDimension()  {      [BUGGY]  return(this.devices!=  null)?  this.devices.size()  -  1  :  this.devices.size();  [BUGGY]      }  [CLASS]  OpenMapRealVector  OpenMapEntry  OpenMapSparseIterator  [METHOD]  getDimension  [RETURN_TYPE]  int  [VARIABLES]  Entry  current  boolean  double  DEFAULT_ZERO_TOLERANCE  d  epsilon  value  Iterator  iter  OpenIntToDoubleHashMap  entries  larger  randomAccess  long  serialVersionUID  int  dimension  end  expectedSize  i  index  key  n  resize  virtualSize  	projects/Math29/src/main/java/org/apache/commons/math3/linear/OpenMapRealVector.java	0.21160368475757949	401	401	3	replace	return(this.devices!=  null)?  this.devices.size()  -  1  :  this.devices.size();	  return    this.devices.size()    -    1;    	non-compiled	[CE]  illegal  start  of  expression	19	None	replace
126	[BUG]  [BUGGY]  return(this.devices!=  null)?  this.devices.size()  :  0;  [CE]  illegal  start  of  expression  [FE]                          java.lang.AssertionError:  entry  #0      [CONTEXT]      public  int  getDimension()  {      [BUGGY]  return(this.devices!=  null)?  this.devices.size()  :  0;  [BUGGY]      }  [CLASS]  OpenMapRealVector  OpenMapEntry  OpenMapSparseIterator  [METHOD]  getDimension  [RETURN_TYPE]  int  [VARIABLES]  Entry  current  boolean  double  DEFAULT_ZERO_TOLERANCE  d  epsilon  value  Iterator  iter  OpenIntToDoubleHashMap  entries  larger  randomAccess  long  serialVersionUID  int  dimension  end  expectedSize  i  index  key  n  resize  virtualSize  	projects/Math29/src/main/java/org/apache/commons/math3/linear/OpenMapRealVector.java	0.21160368475757949	401	401	3	replace	return(this.devices!=  null)?  this.devices.size()  :  0;	  return    this.devices.size()    -    1;    	non-compiled	[CE]  illegal  start  of  expression	19	None	replace
127	[BUG]  [BUGGY]  Integer  virtualSize  =  this.entries.get(current  -  1);  [CE]  illegal  start  of  expression  [FE]            java.lang.AssertionError:  entry  #0      [CONTEXT]      public  int  getDimension()  {      [BUGGY]  Integer  virtualSize  =  this.entries.get(current  -  1);  [BUGGY]      return  virtualSize;  }  [CLASS]  OpenMapRealVector  OpenMapEntry  OpenMapSparseIterator  [METHOD]  getDimension  [RETURN_TYPE]  int  [VARIABLES]  Entry  current  boolean  double  DEFAULT_ZERO_TOLERANCE  d  epsilon  value  Iterator  iter  OpenIntToDoubleHashMap  entries  larger  randomAccess  long  serialVersionUID  int  dimension  end  expectedSize  i  index  key  n  resize  virtualSize  	projects/Math29/src/main/java/org/apache/commons/math3/linear/OpenMapRealVector.java	0.21160368475757949	401	401	3	replace	Integer  virtualSize  =  this.entries.get(current  -  1);	  Integer    virtualSize    =    this.entries.get(current);    	non-compiled	[CE]  illegal  start  of  expression	31	None	replace
128	[BUG]  [BUGGY]  int  virtualSize  =  entries.getEntryCount()  -  1;  [CE]  illegal  start  of  expression  [FE]                    java.lang.AssertionError:  entry  #0      [CONTEXT]      public  int  getDimension()  {      [BUGGY]  int  virtualSize  =  entries.getEntryCount()  -  1;  [BUGGY]      return  virtualSize;  }  [CLASS]  OpenMapRealVector  OpenMapEntry  OpenMapSparseIterator  [METHOD]  getDimension  [RETURN_TYPE]  int  [VARIABLES]  Entry  current  boolean  double  DEFAULT_ZERO_TOLERANCE  d  epsilon  value  Iterator  iter  OpenIntToDoubleHashMap  entries  larger  randomAccess  long  serialVersionUID  int  dimension  end  expectedSize  i  index  key  n  resize  virtualSize  	projects/Math29/src/main/java/org/apache/commons/math3/linear/OpenMapRealVector.java	0.21160368475757949	401	401	3	replace	int  virtualSize  =  entries.getEntryCount()  -  1;	  int    virtualSize    =    iter.getEntryCount()    -    1;    	non-compiled	[CE]  illegal  start  of  expression	5	None	replace
129	[BUG]  [BUGGY]  int  virtualSize  =  entries.getEntryCount();  [CE]  illegal  start  of  expression  [FE]                      java.lang.AssertionError:  entry  #0      [CONTEXT]      public  int  getDimension()  {      [BUGGY]  int  virtualSize  =  entries.getEntryCount();  [BUGGY]      return  virtualSize;  }  [CLASS]  OpenMapRealVector  OpenMapEntry  OpenMapSparseIterator  [METHOD]  getDimension  [RETURN_TYPE]  int  [VARIABLES]  Entry  current  boolean  double  DEFAULT_ZERO_TOLERANCE  d  epsilon  value  Iterator  iter  OpenIntToDoubleHashMap  entries  larger  randomAccess  long  serialVersionUID  int  dimension  end  expectedSize  i  index  key  n  resize  virtualSize  	projects/Math29/src/main/java/org/apache/commons/math3/linear/OpenMapRealVector.java	0.21160368475757949	401	401	3	replace	int  virtualSize  =  entries.getEntryCount();	  int    virtualSize    =    iter.getEntryCount()    -    1;    	non-compiled	[CE]  illegal  start  of  expression	5	None	replace
130	[BUG]  [BUGGY]  int  virtualSize  =  entry.getEntryCount();  [CE]  illegal  start  of  expression  [FE]                        java.lang.AssertionError:  entry  #0      [CONTEXT]      public  int  getDimension()  {      [BUGGY]  int  virtualSize  =  entry.getEntryCount();  [BUGGY]      return  virtualSize;  }  [CLASS]  OpenMapRealVector  OpenMapEntry  OpenMapSparseIterator  [METHOD]  getDimension  [RETURN_TYPE]  int  [VARIABLES]  Entry  current  boolean  double  DEFAULT_ZERO_TOLERANCE  d  epsilon  value  Iterator  iter  OpenIntToDoubleHashMap  entries  larger  randomAccess  long  serialVersionUID  int  dimension  end  expectedSize  i  index  key  n  resize  virtualSize  	projects/Math29/src/main/java/org/apache/commons/math3/linear/OpenMapRealVector.java	0.21160368475757949	401	401	3	replace	int  virtualSize  =  entry.getEntryCount();	  int    virtualSize    =    iter.getEntryCount()    -    1;    	non-compiled	[CE]  illegal  start  of  expression	5	None	replace
131	[BUG]  [BUGGY]  float  virtualSize  =  this.entries.size();  [CE]  illegal  start  of  expression  [FE]                  java.lang.AssertionError:  entry  #0      [CONTEXT]      public  int  getDimension()  {      [BUGGY]  float  virtualSize  =  this.entries.size();  [BUGGY]      return  virtualSize;  }  [CLASS]  OpenMapRealVector  OpenMapEntry  OpenMapSparseIterator  [METHOD]  getDimension  [RETURN_TYPE]  int  [VARIABLES]  Entry  current  boolean  double  DEFAULT_ZERO_TOLERANCE  d  epsilon  value  Iterator  iter  OpenIntToDoubleHashMap  entries  larger  randomAccess  long  serialVersionUID  int  dimension  end  expectedSize  i  index  key  n  resize  virtualSize  	projects/Math29/src/main/java/org/apache/commons/math3/linear/OpenMapRealVector.java	0.21160368475757949	401	401	3	replace	float  virtualSize  =  this.entries.size();	  int    virtualSize    =    this.entries.size()    +    1;    	non-compiled	[CE]  illegal  start  of  expression	9	None	replace
132	[BUG]  [BUGGY]  int  virtualSize  =  this.entries.size()  /  2  +  1;  [CE]  illegal  start  of  expression  [FE]                java.lang.AssertionError:  entry  #0      [CONTEXT]      public  int  getDimension()  {      [BUGGY]  int  virtualSize  =  this.entries.size()  /  2  +  1;  [BUGGY]      return  virtualSize;  }  [CLASS]  OpenMapRealVector  OpenMapEntry  OpenMapSparseIterator  [METHOD]  getDimension  [RETURN_TYPE]  int  [VARIABLES]  Entry  current  boolean  double  DEFAULT_ZERO_TOLERANCE  d  epsilon  value  Iterator  iter  OpenIntToDoubleHashMap  entries  larger  randomAccess  long  serialVersionUID  int  dimension  end  expectedSize  i  index  key  n  resize  virtualSize  	projects/Math29/src/main/java/org/apache/commons/math3/linear/OpenMapRealVector.java	0.21160368475757949	401	401	3	replace	int  virtualSize  =  this.entries.size()  /  2  +  1;	  int    virtualSize    =    this.entries.size()    /    2;    	non-compiled	[CE]  illegal  start  of  expression	51	None	replace
133	[BUG]  [BUGGY]  int  virtualSize  =  this.entries.size()  *  2;  [CE]  illegal  start  of  expression  [FE]                  java.lang.AssertionError:  entry  #0      [CONTEXT]      public  int  getDimension()  {      [BUGGY]  int  virtualSize  =  this.entries.size()  *  2;  [BUGGY]      return  virtualSize;  }  [CLASS]  OpenMapRealVector  OpenMapEntry  OpenMapSparseIterator  [METHOD]  getDimension  [RETURN_TYPE]  int  [VARIABLES]  Entry  current  boolean  double  DEFAULT_ZERO_TOLERANCE  d  epsilon  value  Iterator  iter  OpenIntToDoubleHashMap  entries  larger  randomAccess  long  serialVersionUID  int  dimension  end  expectedSize  i  index  key  n  resize  virtualSize  	projects/Math29/src/main/java/org/apache/commons/math3/linear/OpenMapRealVector.java	0.21160368475757949	401	401	3	replace	int  virtualSize  =  this.entries.size()  *  2;	  int    virtualSize    =    this.entries.size()    /    2;    	non-compiled	[CE]  illegal  start  of  expression	51	None	replace
134	[BUG]  [BUGGY]  return  this.deviceSize  /(this.dimension  -  1);  [CE]  illegal  start  of  expression  [FE]              java.lang.AssertionError:  entry  #0      [CONTEXT]      public  int  getDimension()  {      [BUGGY]  return  this.deviceSize  /(this.dimension  -  1);  [BUGGY]      }  [CLASS]  OpenMapRealVector  OpenMapEntry  OpenMapSparseIterator  [METHOD]  getDimension  [RETURN_TYPE]  int  [VARIABLES]  Entry  current  boolean  double  DEFAULT_ZERO_TOLERANCE  d  epsilon  value  Iterator  iter  OpenIntToDoubleHashMap  entries  larger  randomAccess  long  serialVersionUID  int  dimension  end  expectedSize  i  index  key  n  resize  virtualSize  	projects/Math29/src/main/java/org/apache/commons/math3/linear/OpenMapRealVector.java	0.21160368475757949	401	401	3	replace	return  this.deviceSize  /(this.dimension  -  1);	  return    this.deviceSize    -(this.dimension    -    1);    	non-compiled	[CE]  illegal  start  of  expression	53	None	replace
135	[BUG]  [BUGGY]  Integer  virtualSize  =  iter.getEntry(current);  [CE]  illegal  start  of  expression  [FE]                  java.lang.AssertionError:  entry  #0      [CONTEXT]      public  int  getDimension()  {      [BUGGY]  Integer  virtualSize  =  iter.getEntry(current);  [BUGGY]      return  virtualSize;  }  [CLASS]  OpenMapRealVector  OpenMapEntry  OpenMapSparseIterator  [METHOD]  getDimension  [RETURN_TYPE]  int  [VARIABLES]  Entry  current  boolean  double  DEFAULT_ZERO_TOLERANCE  d  epsilon  value  Iterator  iter  OpenIntToDoubleHashMap  entries  larger  randomAccess  long  serialVersionUID  int  dimension  end  expectedSize  i  index  key  n  resize  virtualSize  	projects/Math29/src/main/java/org/apache/commons/math3/linear/OpenMapRealVector.java	0.21160368475757949	401	401	3	replace	Integer  virtualSize  =  iter.getEntry(current);	  Integer    virtualSize    =    current.getEntry(entry);    	non-compiled	[CE]  illegal  start  of  expression	34	None	replace
136	[BUG]  [BUGGY]  Integer  virtualSize  =  current.getEntry(entry.size());  [CE]  illegal  start  of  expression  [FE]                    java.lang.AssertionError:  entry  #0      [CONTEXT]      public  int  getDimension()  {      [BUGGY]  Integer  virtualSize  =  current.getEntry(entry.size());  [BUGGY]      return  virtualSize;  }  [CLASS]  OpenMapRealVector  OpenMapEntry  OpenMapSparseIterator  [METHOD]  getDimension  [RETURN_TYPE]  int  [VARIABLES]  Entry  current  boolean  double  DEFAULT_ZERO_TOLERANCE  d  epsilon  value  Iterator  iter  OpenIntToDoubleHashMap  entries  larger  randomAccess  long  serialVersionUID  int  dimension  end  expectedSize  i  index  key  n  resize  virtualSize  	projects/Math29/src/main/java/org/apache/commons/math3/linear/OpenMapRealVector.java	0.21160368475757949	401	401	3	replace	Integer  virtualSize  =  current.getEntry(entry.size());	  Integer    virtualSize    =    current.getEntry(entry);    	non-compiled	[CE]  illegal  start  of  expression	34	None	replace
137	[BUG]  [BUGGY]  int  virtualSize  =  iter.getDimensionSize();  [CE]  illegal  start  of  expression  [FE]                java.lang.AssertionError:  entry  #0      [CONTEXT]      public  int  getDimension()  {      [BUGGY]  int  virtualSize  =  iter.getDimensionSize();  [BUGGY]      return  virtualSize;  }  [CLASS]  OpenMapRealVector  OpenMapEntry  OpenMapSparseIterator  [METHOD]  getDimension  [RETURN_TYPE]  int  [VARIABLES]  Entry  current  boolean  double  DEFAULT_ZERO_TOLERANCE  d  epsilon  value  Iterator  iter  OpenIntToDoubleHashMap  entries  larger  randomAccess  long  serialVersionUID  int  dimension  end  expectedSize  i  index  key  n  resize  virtualSize  	projects/Math29/src/main/java/org/apache/commons/math3/linear/OpenMapRealVector.java	0.21160368475757949	401	401	3	replace	int  virtualSize  =  iter.getDimensionSize();	  int    virtualSize    =    iter.size();    	non-compiled	[CE]  illegal  start  of  expression	61	None	replace
138	[BUG]  [BUGGY]  return  this.devices.size()  /  1;  [CE]  illegal  start  of  expression  [FE]                      java.lang.AssertionError:  entry  #0      [CONTEXT]      public  int  getDimension()  {      [BUGGY]  return  this.devices.size()  /  1;  [BUGGY]      }  [CLASS]  OpenMapRealVector  OpenMapEntry  OpenMapSparseIterator  [METHOD]  getDimension  [RETURN_TYPE]  int  [VARIABLES]  Entry  current  boolean  double  DEFAULT_ZERO_TOLERANCE  d  epsilon  value  Iterator  iter  OpenIntToDoubleHashMap  entries  larger  randomAccess  long  serialVersionUID  int  dimension  end  expectedSize  i  index  key  n  resize  virtualSize  	projects/Math29/src/main/java/org/apache/commons/math3/linear/OpenMapRealVector.java	0.21160368475757949	401	401	3	replace	return  this.devices.size()  /  1;	  return    this.devices.size()    -    1;    	non-compiled	[CE]  illegal  start  of  expression	19	None	replace
139	[BUG]  [BUGGY]  Integer  virtualSize  =  this.entries.get(entry.dimension);  [CE]  illegal  start  of  expression  [FE]              java.lang.AssertionError:  entry  #0      [CONTEXT]      public  int  getDimension()  {      [BUGGY]  Integer  virtualSize  =  this.entries.get(entry.dimension);  [BUGGY]      return  virtualSize;  }  [CLASS]  OpenMapRealVector  OpenMapEntry  OpenMapSparseIterator  [METHOD]  getDimension  [RETURN_TYPE]  int  [VARIABLES]  Entry  current  boolean  double  DEFAULT_ZERO_TOLERANCE  d  epsilon  value  Iterator  iter  OpenIntToDoubleHashMap  entries  larger  randomAccess  long  serialVersionUID  int  dimension  end  expectedSize  i  index  key  n  resize  virtualSize  	projects/Math29/src/main/java/org/apache/commons/math3/linear/OpenMapRealVector.java	0.21160368475757949	401	401	3	replace	Integer  virtualSize  =  this.entries.get(entry.dimension);	  Integer    virtualSize    =    entries.get(this.dimension);    	non-compiled	[CE]  illegal  start  of  expression	32	None	replace
140	[BUG]  [BUGGY]  Integer  virtualSize  =  entries.get(current.size()  -  2);  [CE]  illegal  start  of  expression  [FE]            java.lang.AssertionError:  entry  #0      [CONTEXT]      public  int  getDimension()  {      [BUGGY]  Integer  virtualSize  =  entries.get(current.size()  -  2);  [BUGGY]      return  virtualSize;  }  [CLASS]  OpenMapRealVector  OpenMapEntry  OpenMapSparseIterator  [METHOD]  getDimension  [RETURN_TYPE]  int  [VARIABLES]  Entry  current  boolean  double  DEFAULT_ZERO_TOLERANCE  d  epsilon  value  Iterator  iter  OpenIntToDoubleHashMap  entries  larger  randomAccess  long  serialVersionUID  int  dimension  end  expectedSize  i  index  key  n  resize  virtualSize  	projects/Math29/src/main/java/org/apache/commons/math3/linear/OpenMapRealVector.java	0.21160368475757949	401	401	3	replace	Integer  virtualSize  =  entries.get(current.size()  -  2);	  Integer    virtualSize    =    entries.get(current.size());    	non-compiled	[CE]  illegal  start  of  expression	62	None	replace
141	[BUG]  [BUGGY]  Integer  virtualSize  =  iter.get(current.size());  [CE]  illegal  start  of  expression  [FE]              java.lang.AssertionError:  entry  #0      [CONTEXT]      public  int  getDimension()  {      [BUGGY]  Integer  virtualSize  =  iter.get(current.size());  [BUGGY]      return  virtualSize;  }  [CLASS]  OpenMapRealVector  OpenMapEntry  OpenMapSparseIterator  [METHOD]  getDimension  [RETURN_TYPE]  int  [VARIABLES]  Entry  current  boolean  double  DEFAULT_ZERO_TOLERANCE  d  epsilon  value  Iterator  iter  OpenIntToDoubleHashMap  entries  larger  randomAccess  long  serialVersionUID  int  dimension  end  expectedSize  i  index  key  n  resize  virtualSize  	projects/Math29/src/main/java/org/apache/commons/math3/linear/OpenMapRealVector.java	0.21160368475757949	401	401	3	replace	Integer  virtualSize  =  iter.get(current.size());	  Integer    virtualSize    =    entries.get(current.size());    	non-compiled	[CE]  illegal  start  of  expression	62	None	replace
142	[BUG]  [BUGGY]  int  dimension  =  iter.deviceSize;  [CE]  illegal  start  of  expression  [FE]              java.lang.AssertionError:  entry  #0      [CONTEXT]      public  int  getDimension()  {      [BUGGY]  int  dimension  =  iter.deviceSize;  [BUGGY]      }  [CLASS]  OpenMapRealVector  OpenMapEntry  OpenMapSparseIterator  [METHOD]  getDimension  [RETURN_TYPE]  int  [VARIABLES]  Entry  current  boolean  double  DEFAULT_ZERO_TOLERANCE  d  epsilon  value  Iterator  iter  OpenIntToDoubleHashMap  entries  larger  randomAccess  long  serialVersionUID  int  dimension  end  expectedSize  i  index  key  n  resize  virtualSize  	projects/Math29/src/main/java/org/apache/commons/math3/linear/OpenMapRealVector.java	0.21160368475757949	401	401	3	replace	int  dimension  =  iter.deviceSize;	  int    dimension    =    this.deviceSize;    	non-compiled	[CE]  illegal  start  of  expression	2	None	replace
143	[BUG]  [BUGGY]  int  virtualSize  =  this.entries.getDimensionSize();  [CE]  illegal  start  of  expression  [FE]                  java.lang.AssertionError:  entry  #0      [CONTEXT]      public  int  getDimension()  {      [BUGGY]  int  virtualSize  =  this.entries.getDimensionSize();  [BUGGY]      return  virtualSize;  }  [CLASS]  OpenMapRealVector  OpenMapEntry  OpenMapSparseIterator  [METHOD]  getDimension  [RETURN_TYPE]  int  [VARIABLES]  Entry  current  boolean  double  DEFAULT_ZERO_TOLERANCE  d  epsilon  value  Iterator  iter  OpenIntToDoubleHashMap  entries  larger  randomAccess  long  serialVersionUID  int  dimension  end  expectedSize  i  index  key  n  resize  virtualSize  	projects/Math29/src/main/java/org/apache/commons/math3/linear/OpenMapRealVector.java	0.21160368475757949	401	401	3	replace	int  virtualSize  =  this.entries.getDimensionSize();	  int    virtualSize    =    this.entries.getValue();    	non-compiled	[CE]  illegal  start  of  expression	44	None	replace
144	[BUG]  [BUGGY]  int  virtualSize  =  entries.size()  +  1;  [CE]  illegal  start  of  expression  [FE]                    java.lang.AssertionError:  entry  #0      [CONTEXT]      public  int  getDimension()  {      [BUGGY]  int  virtualSize  =  entries.size()  +  1;  [BUGGY]      return  virtualSize;  }  [CLASS]  OpenMapRealVector  OpenMapEntry  OpenMapSparseIterator  [METHOD]  getDimension  [RETURN_TYPE]  int  [VARIABLES]  Entry  current  boolean  double  DEFAULT_ZERO_TOLERANCE  d  epsilon  value  Iterator  iter  OpenIntToDoubleHashMap  entries  larger  randomAccess  long  serialVersionUID  int  dimension  end  expectedSize  i  index  key  n  resize  virtualSize  	projects/Math29/src/main/java/org/apache/commons/math3/linear/OpenMapRealVector.java	0.21160368475757949	401	401	3	replace	int  virtualSize  =  entries.size()  +  1;	  int    virtualSize    =    entries.size();    	non-compiled	[CE]  illegal  start  of  expression	10	None	replace
145	[BUG]  [BUGGY]  return  this.devices.getDimension()  /  2  +  1;  [CE]  illegal  start  of  expression  [FE]                java.lang.AssertionError:  entry  #0      [CONTEXT]      public  int  getDimension()  {      [BUGGY]  return  this.devices.getDimension()  /  2  +  1;  [BUGGY]      }  [CLASS]  OpenMapRealVector  OpenMapEntry  OpenMapSparseIterator  [METHOD]  getDimension  [RETURN_TYPE]  int  [VARIABLES]  Entry  current  boolean  double  DEFAULT_ZERO_TOLERANCE  d  epsilon  value  Iterator  iter  OpenIntToDoubleHashMap  entries  larger  randomAccess  long  serialVersionUID  int  dimension  end  expectedSize  i  index  key  n  resize  virtualSize  	projects/Math29/src/main/java/org/apache/commons/math3/linear/OpenMapRealVector.java	0.21160368475757949	401	401	3	replace	return  this.devices.getDimension()  /  2  +  1;	  return    this.devices.getDimension()    /    2;    	non-compiled	[CE]  illegal  start  of  expression	38	None	replace
146	[BUG]  [BUGGY]  return  dimension  -  2;  [CE]  illegal  start  of  expression  [FE]              java.lang.AssertionError:  entry  #0      [CONTEXT]      public  int  getDimension()  {      [BUGGY]  return  dimension  -  2;  [BUGGY]      }  [CLASS]  OpenMapRealVector  OpenMapEntry  OpenMapSparseIterator  [METHOD]  getDimension  [RETURN_TYPE]  int  [VARIABLES]  Entry  current  boolean  double  DEFAULT_ZERO_TOLERANCE  d  epsilon  value  Iterator  iter  OpenIntToDoubleHashMap  entries  larger  randomAccess  long  serialVersionUID  int  dimension  end  expectedSize  i  index  key  n  resize  virtualSize  	projects/Math29/src/main/java/org/apache/commons/math3/linear/OpenMapRealVector.java	0.21160368475757949	401	401	3	replace	return  dimension  -  2;	  return    dimension    -    1;    	non-compiled	[CE]  illegal  start  of  expression	25	None	replace
147	[BUG]  [BUGGY]  int  virtualSize  =  this.entries.getEmptyIterator();  [CE]  illegal  start  of  expression  [FE]                    java.lang.AssertionError:  entry  #0      [CONTEXT]      public  int  getDimension()  {      [BUGGY]  int  virtualSize  =  this.entries.getEmptyIterator();  [BUGGY]      return  virtualSize;  }  [CLASS]  OpenMapRealVector  OpenMapEntry  OpenMapSparseIterator  [METHOD]  getDimension  [RETURN_TYPE]  int  [VARIABLES]  Entry  current  boolean  double  DEFAULT_ZERO_TOLERANCE  d  epsilon  value  Iterator  iter  OpenIntToDoubleHashMap  entries  larger  randomAccess  long  serialVersionUID  int  dimension  end  expectedSize  i  index  key  n  resize  virtualSize  	projects/Math29/src/main/java/org/apache/commons/math3/linear/OpenMapRealVector.java	0.21160368475757949	401	401	3	replace	int  virtualSize  =  this.entries.getEmptyIterator();	  int    virtualSize    =    iter.getEmptyIterator();    	non-compiled	[CE]  illegal  start  of  expression	30	None	replace
148	[BUG]  [BUGGY]  Integer  virtualSize  =  iter.getEntryCount();  [CE]  illegal  start  of  expression  [FE]                      java.lang.AssertionError:  entry  #0      [CONTEXT]      public  int  getDimension()  {      [BUGGY]  Integer  virtualSize  =  iter.getEntryCount();  [BUGGY]      return  virtualSize;  }  [CLASS]  OpenMapRealVector  OpenMapEntry  OpenMapSparseIterator  [METHOD]  getDimension  [RETURN_TYPE]  int  [VARIABLES]  Entry  current  boolean  double  DEFAULT_ZERO_TOLERANCE  d  epsilon  value  Iterator  iter  OpenIntToDoubleHashMap  entries  larger  randomAccess  long  serialVersionUID  int  dimension  end  expectedSize  i  index  key  n  resize  virtualSize  	projects/Math29/src/main/java/org/apache/commons/math3/linear/OpenMapRealVector.java	0.21160368475757949	401	401	3	replace	Integer  virtualSize  =  iter.getEntryCount();	  int    virtualSize    =    iter.getEntryCount()    +    1;    	non-compiled	[CE]  illegal  start  of  expression	6	None	replace
149	[BUG]  [BUGGY]  Integer  virtualSize  =  entries.get(current.dimension  -  2);  [CE]  illegal  start  of  expression  [FE]                  java.lang.AssertionError:  entry  #0      [CONTEXT]      public  int  getDimension()  {      [BUGGY]  Integer  virtualSize  =  entries.get(current.dimension  -  2);  [BUGGY]      return  virtualSize;  }  [CLASS]  OpenMapRealVector  OpenMapEntry  OpenMapSparseIterator  [METHOD]  getDimension  [RETURN_TYPE]  int  [VARIABLES]  Entry  current  boolean  double  DEFAULT_ZERO_TOLERANCE  d  epsilon  value  Iterator  iter  OpenIntToDoubleHashMap  entries  larger  randomAccess  long  serialVersionUID  int  dimension  end  expectedSize  i  index  key  n  resize  virtualSize  	projects/Math29/src/main/java/org/apache/commons/math3/linear/OpenMapRealVector.java	0.21160368475757949	401	401	3	replace	Integer  virtualSize  =  entries.get(current.dimension  -  2);	  Integer    virtualSize    =    entries.get(current.dimension);    	non-compiled	[CE]  illegal  start  of  expression	42	None	replace
150	[BUG]  [BUGGY]  int  virtualSize  =  getDimension()  /  DEFAULT_ZERO_TOLERANCE  +  1;  [CE]  illegal  start  of  expression  [FE]            java.lang.AssertionError:  entry  #0      [CONTEXT]      public  int  getDimension()  {      [BUGGY]  int  virtualSize  =  getDimension()  /  DEFAULT_ZERO_TOLERANCE  +  1;  [BUGGY]      return  virtualSize;  }  [CLASS]  OpenMapRealVector  OpenMapEntry  OpenMapSparseIterator  [METHOD]  getDimension  [RETURN_TYPE]  int  [VARIABLES]  Entry  current  boolean  double  DEFAULT_ZERO_TOLERANCE  d  epsilon  value  Iterator  iter  OpenIntToDoubleHashMap  entries  larger  randomAccess  long  serialVersionUID  int  dimension  end  expectedSize  i  index  key  n  resize  virtualSize  	projects/Math29/src/main/java/org/apache/commons/math3/linear/OpenMapRealVector.java	0.21160368475757949	401	401	3	replace	int  virtualSize  =  getDimension()  /  DEFAULT_ZERO_TOLERANCE  +  1;	  int    virtualSize    =    getDimension()    /    DEFAULT_ZERO_TOLERANCE;    	non-compiled	[CE]  illegal  start  of  expression	55	None	replace
151	[BUG]  [BUGGY]  Integer  virtualSize  =  entries.get(current  -  1  +  1);  [CE]  illegal  start  of  expression  [FE]                java.lang.AssertionError:  entry  #0      [CONTEXT]      public  int  getDimension()  {      [BUGGY]  Integer  virtualSize  =  entries.get(current  -  1  +  1);  [BUGGY]      return  virtualSize;  }  [CLASS]  OpenMapRealVector  OpenMapEntry  OpenMapSparseIterator  [METHOD]  getDimension  [RETURN_TYPE]  int  [VARIABLES]  Entry  current  boolean  double  DEFAULT_ZERO_TOLERANCE  d  epsilon  value  Iterator  iter  OpenIntToDoubleHashMap  entries  larger  randomAccess  long  serialVersionUID  int  dimension  end  expectedSize  i  index  key  n  resize  virtualSize  	projects/Math29/src/main/java/org/apache/commons/math3/linear/OpenMapRealVector.java	0.21160368475757949	401	401	3	replace	Integer  virtualSize  =  entries.get(current  -  1  +  1);	  Integer    virtualSize    =    entries.get(current    -    1);    	non-compiled	[CE]  illegal  start  of  expression	41	None	replace
152	[BUG]  [BUGGY]  return  iter.getValue();  [CE]  illegal  start  of  expression  [FE]            java.lang.AssertionError:  entry  #0      [CONTEXT]      public  int  getDimension()  {      [BUGGY]  return  iter.getValue();  [BUGGY]      }  [CLASS]  OpenMapRealVector  OpenMapEntry  OpenMapSparseIterator  [METHOD]  getDimension  [RETURN_TYPE]  int  [VARIABLES]  Entry  current  boolean  double  DEFAULT_ZERO_TOLERANCE  d  epsilon  value  Iterator  iter  OpenIntToDoubleHashMap  entries  larger  randomAccess  long  serialVersionUID  int  dimension  end  expectedSize  i  index  key  n  resize  virtualSize  	projects/Math29/src/main/java/org/apache/commons/math3/linear/OpenMapRealVector.java	0.21160368475757949	401	401	3	replace	return  iter.getValue();	  return    entry.getValue();    	non-compiled	[CE]  illegal  start  of  expression	24	None	replace
153	[BUG]  [BUGGY]  Entry  virtualSize  =(Entry)current.getKey();  [CE]  illegal  start  of  expression  [FE]              java.lang.AssertionError:  entry  #0      [CONTEXT]      public  int  getDimension()  {      [BUGGY]  Entry  virtualSize  =(Entry)current.getKey();  [BUGGY]      return  virtualSize;  }  [CLASS]  OpenMapRealVector  OpenMapEntry  OpenMapSparseIterator  [METHOD]  getDimension  [RETURN_TYPE]  int  [VARIABLES]  Entry  current  boolean  double  DEFAULT_ZERO_TOLERANCE  d  epsilon  value  Iterator  iter  OpenIntToDoubleHashMap  entries  larger  randomAccess  long  serialVersionUID  int  dimension  end  expectedSize  i  index  key  n  resize  virtualSize  	projects/Math29/src/main/java/org/apache/commons/math3/linear/OpenMapRealVector.java	0.21160368475757949	401	401	3	replace	Entry  virtualSize  =(Entry)current.getKey();	  Entry    virtualSize    =(Entry)current.getValue();    	non-compiled	[CE]  illegal  start  of  expression	46	None	replace
154	[BUG]  [BUGGY]  Entry  virtualSize  =(Entry)entries.getKey();  [CE]  illegal  start  of  expression  [FE]                  java.lang.AssertionError:  entry  #0      [CONTEXT]      public  int  getDimension()  {      [BUGGY]  Entry  virtualSize  =(Entry)entries.getKey();  [BUGGY]      return  virtualSize;  }  [CLASS]  OpenMapRealVector  OpenMapEntry  OpenMapSparseIterator  [METHOD]  getDimension  [RETURN_TYPE]  int  [VARIABLES]  Entry  current  boolean  double  DEFAULT_ZERO_TOLERANCE  d  epsilon  value  Iterator  iter  OpenIntToDoubleHashMap  entries  larger  randomAccess  long  serialVersionUID  int  dimension  end  expectedSize  i  index  key  n  resize  virtualSize  	projects/Math29/src/main/java/org/apache/commons/math3/linear/OpenMapRealVector.java	0.21160368475757949	401	401	3	replace	Entry  virtualSize  =(Entry)entries.getKey();	  Entry    virtualSize    =(Entry)entry.getKey();    	non-compiled	[CE]  illegal  start  of  expression	37	None	replace
155	[BUG]  [BUGGY]  Integer  virtualSize  =  entries.get(current.intValue  -  1);  [CE]  illegal  start  of  expression  [FE]              java.lang.AssertionError:  entry  #0      [CONTEXT]      public  int  getDimension()  {      [BUGGY]  Integer  virtualSize  =  entries.get(current.intValue  -  1);  [BUGGY]      return  virtualSize;  }  [CLASS]  OpenMapRealVector  OpenMapEntry  OpenMapSparseIterator  [METHOD]  getDimension  [RETURN_TYPE]  int  [VARIABLES]  Entry  current  boolean  double  DEFAULT_ZERO_TOLERANCE  d  epsilon  value  Iterator  iter  OpenIntToDoubleHashMap  entries  larger  randomAccess  long  serialVersionUID  int  dimension  end  expectedSize  i  index  key  n  resize  virtualSize  	projects/Math29/src/main/java/org/apache/commons/math3/linear/OpenMapRealVector.java	0.21160368475757949	401	401	3	replace	Integer  virtualSize  =  entries.get(current.intValue  -  1);	  Integer    virtualSize    =    entries.get(current.intValue);    	non-compiled	[CE]  illegal  start  of  expression	63	None	replace
156	[BUG]  [BUGGY]  Integer  virtualSize  =  entries.get(current.intValue  +  1);  [CE]  illegal  start  of  expression  [FE]                java.lang.AssertionError:  entry  #0      [CONTEXT]      public  int  getDimension()  {      [BUGGY]  Integer  virtualSize  =  entries.get(current.intValue  +  1);  [BUGGY]      return  virtualSize;  }  [CLASS]  OpenMapRealVector  OpenMapEntry  OpenMapSparseIterator  [METHOD]  getDimension  [RETURN_TYPE]  int  [VARIABLES]  Entry  current  boolean  double  DEFAULT_ZERO_TOLERANCE  d  epsilon  value  Iterator  iter  OpenIntToDoubleHashMap  entries  larger  randomAccess  long  serialVersionUID  int  dimension  end  expectedSize  i  index  key  n  resize  virtualSize  	projects/Math29/src/main/java/org/apache/commons/math3/linear/OpenMapRealVector.java	0.21160368475757949	401	401	3	replace	Integer  virtualSize  =  entries.get(current.intValue  +  1);	  Integer    virtualSize    =    entries.get(current.intValue);    	non-compiled	[CE]  illegal  start  of  expression	63	None	replace
157	[BUG]  [BUGGY]  Integer  virtualSize  =  current.getEntry(entries,  DEFAULT_ZERO_TOLERANCE);  [CE]  illegal  start  of  expression  [FE]                java.lang.AssertionError:  entry  #0      [CONTEXT]      public  int  getDimension()  {      [BUGGY]  Integer  virtualSize  =  current.getEntry(entries,  DEFAULT_ZERO_TOLERANCE);  [BUGGY]      return  virtualSize;  }  [CLASS]  OpenMapRealVector  OpenMapEntry  OpenMapSparseIterator  [METHOD]  getDimension  [RETURN_TYPE]  int  [VARIABLES]  Entry  current  boolean  double  DEFAULT_ZERO_TOLERANCE  d  epsilon  value  Iterator  iter  OpenIntToDoubleHashMap  entries  larger  randomAccess  long  serialVersionUID  int  dimension  end  expectedSize  i  index  key  n  resize  virtualSize  	projects/Math29/src/main/java/org/apache/commons/math3/linear/OpenMapRealVector.java	0.21160368475757949	401	401	3	replace	Integer  virtualSize  =  current.getEntry(entries,  DEFAULT_ZERO_TOLERANCE);	  Integer    virtualSize    =    current.getEntry(entries);    	non-compiled	[CE]  illegal  start  of  expression	33	None	replace
158	[BUG]  [BUGGY]  return  this.value  -  1;  [CE]  illegal  start  of  expression  [FE]            java.lang.AssertionError:  entry  #0      [CONTEXT]      public  int  getDimension()  {      [BUGGY]  return  this.value  -  1;  [BUGGY]      }  [CLASS]  OpenMapRealVector  OpenMapEntry  OpenMapSparseIterator  [METHOD]  getDimension  [RETURN_TYPE]  int  [VARIABLES]  Entry  current  boolean  double  DEFAULT_ZERO_TOLERANCE  d  epsilon  value  Iterator  iter  OpenIntToDoubleHashMap  entries  larger  randomAccess  long  serialVersionUID  int  dimension  end  expectedSize  i  index  key  n  resize  virtualSize  	projects/Math29/src/main/java/org/apache/commons/math3/linear/OpenMapRealVector.java	0.21160368475757949	401	401	3	replace	return  this.value  -  1;	  return    this.value;    	non-compiled	[CE]  illegal  start  of  expression	45	None	replace
159	[BUG]  [BUGGY]  return  this.value  /  DEFAULT_ZERO_TOLERANCE;  [CE]  illegal  start  of  expression  [FE]              java.lang.AssertionError:  entry  #0      [CONTEXT]      public  int  getDimension()  {      [BUGGY]  return  this.value  /  DEFAULT_ZERO_TOLERANCE;  [BUGGY]      }  [CLASS]  OpenMapRealVector  OpenMapEntry  OpenMapSparseIterator  [METHOD]  getDimension  [RETURN_TYPE]  int  [VARIABLES]  Entry  current  boolean  double  DEFAULT_ZERO_TOLERANCE  d  epsilon  value  Iterator  iter  OpenIntToDoubleHashMap  entries  larger  randomAccess  long  serialVersionUID  int  dimension  end  expectedSize  i  index  key  n  resize  virtualSize  	projects/Math29/src/main/java/org/apache/commons/math3/linear/OpenMapRealVector.java	0.21160368475757949	401	401	3	replace	return  this.value  /  DEFAULT_ZERO_TOLERANCE;	  return    this.value;    	non-compiled	[CE]  illegal  start  of  expression	45	None	replace
160	[BUG]  [BUGGY]  return  this.value  -(this.value  <  =  DEFAULT_ZERO_TOLERANCE?  1  :  0);  [CE]  illegal  start  of  expression  [FE]                java.lang.AssertionError:  entry  #0      [CONTEXT]      public  int  getDimension()  {      [BUGGY]  return  this.value  -(this.value  <  =  DEFAULT_ZERO_TOLERANCE?  1  :  0);  [BUGGY]      }  [CLASS]  OpenMapRealVector  OpenMapEntry  OpenMapSparseIterator  [METHOD]  getDimension  [RETURN_TYPE]  int  [VARIABLES]  Entry  current  boolean  double  DEFAULT_ZERO_TOLERANCE  d  epsilon  value  Iterator  iter  OpenIntToDoubleHashMap  entries  larger  randomAccess  long  serialVersionUID  int  dimension  end  expectedSize  i  index  key  n  resize  virtualSize  	projects/Math29/src/main/java/org/apache/commons/math3/linear/OpenMapRealVector.java	0.21160368475757949	401	401	3	replace	return  this.value  -(this.value  <  =  DEFAULT_ZERO_TOLERANCE?  1  :  0);	  return    this.value;    	non-compiled	[CE]  illegal  start  of  expression	45	None	replace
161	[BUG]  [BUGGY]  return  this.value  +  1;  [CE]  illegal  start  of  expression  [FE]                  java.lang.AssertionError:  entry  #0      [CONTEXT]      public  int  getDimension()  {      [BUGGY]  return  this.value  +  1;  [BUGGY]      }  [CLASS]  OpenMapRealVector  OpenMapEntry  OpenMapSparseIterator  [METHOD]  getDimension  [RETURN_TYPE]  int  [VARIABLES]  Entry  current  boolean  double  DEFAULT_ZERO_TOLERANCE  d  epsilon  value  Iterator  iter  OpenIntToDoubleHashMap  entries  larger  randomAccess  long  serialVersionUID  int  dimension  end  expectedSize  i  index  key  n  resize  virtualSize  	projects/Math29/src/main/java/org/apache/commons/math3/linear/OpenMapRealVector.java	0.21160368475757949	401	401	3	replace	return  this.value  +  1;	  return    this.value;    	non-compiled	[CE]  illegal  start  of  expression	45	None	replace
162	[BUG]  [BUGGY]  int  dimension  =  iter.getDimension();  [CE]  illegal  start  of  expression  [FE]                    java.lang.AssertionError:  entry  #0      [CONTEXT]      public  int  getDimension()  {      [BUGGY]  int  dimension  =  iter.getDimension();  [BUGGY]      }  [CLASS]  OpenMapRealVector  OpenMapEntry  OpenMapSparseIterator  [METHOD]  getDimension  [RETURN_TYPE]  int  [VARIABLES]  Entry  current  boolean  double  DEFAULT_ZERO_TOLERANCE  d  epsilon  value  Iterator  iter  OpenIntToDoubleHashMap  entries  larger  randomAccess  long  serialVersionUID  int  dimension  end  expectedSize  i  index  key  n  resize  virtualSize  	projects/Math29/src/main/java/org/apache/commons/math3/linear/OpenMapRealVector.java	0.21160368475757949	401	401	3	replace	int  dimension  =  iter.getDimension();	  int    dimension    =    this.devices.getDimension();    	non-compiled	[CE]  illegal  start  of  expression	16	None	replace
163	[BUG]  [BUGGY]  Entry  virtualSize  =(Entry)entries.get(i);  [CE]  illegal  start  of  expression  [FE]                java.lang.AssertionError:  entry  #0      [CONTEXT]      public  int  getDimension()  {      [BUGGY]  Entry  virtualSize  =(Entry)entries.get(i);  [BUGGY]      return  virtualSize;  }  [CLASS]  OpenMapRealVector  OpenMapEntry  OpenMapSparseIterator  [METHOD]  getDimension  [RETURN_TYPE]  int  [VARIABLES]  Entry  current  boolean  double  DEFAULT_ZERO_TOLERANCE  d  epsilon  value  Iterator  iter  OpenIntToDoubleHashMap  entries  larger  randomAccess  long  serialVersionUID  int  dimension  end  expectedSize  i  index  key  n  resize  virtualSize  	projects/Math29/src/main/java/org/apache/commons/math3/linear/OpenMapRealVector.java	0.21160368475757949	401	401	3	replace	Entry  virtualSize  =(Entry)entries.get(i);	  Entry    virtualSize    =(Entry)entries.getValue();    	non-compiled	[CE]  illegal  start  of  expression	36	None	replace
164	[BUG]  [BUGGY]  Entry  virtualSize  =(Entry)entries.get(entry.size()  -  1);  [CE]  illegal  start  of  expression  [FE]                  java.lang.AssertionError:  entry  #0      [CONTEXT]      public  int  getDimension()  {      [BUGGY]  Entry  virtualSize  =(Entry)entries.get(entry.size()  -  1);  [BUGGY]      return  virtualSize;  }  [CLASS]  OpenMapRealVector  OpenMapEntry  OpenMapSparseIterator  [METHOD]  getDimension  [RETURN_TYPE]  int  [VARIABLES]  Entry  current  boolean  double  DEFAULT_ZERO_TOLERANCE  d  epsilon  value  Iterator  iter  OpenIntToDoubleHashMap  entries  larger  randomAccess  long  serialVersionUID  int  dimension  end  expectedSize  i  index  key  n  resize  virtualSize  	projects/Math29/src/main/java/org/apache/commons/math3/linear/OpenMapRealVector.java	0.21160368475757949	401	401	3	replace	Entry  virtualSize  =(Entry)entries.get(entry.size()  -  1);	  Entry    virtualSize    =(Entry)entries.getValue();    	non-compiled	[CE]  illegal  start  of  expression	36	None	replace
165	[BUG]  [BUGGY]  Integer  virtualSize  =  entries.get(current  +  1  -  1);  [CE]  illegal  start  of  expression  [FE]              java.lang.AssertionError:  entry  #0      [CONTEXT]      public  int  getDimension()  {      [BUGGY]  Integer  virtualSize  =  entries.get(current  +  1  -  1);  [BUGGY]      return  virtualSize;  }  [CLASS]  OpenMapRealVector  OpenMapEntry  OpenMapSparseIterator  [METHOD]  getDimension  [RETURN_TYPE]  int  [VARIABLES]  Entry  current  boolean  double  DEFAULT_ZERO_TOLERANCE  d  epsilon  value  Iterator  iter  OpenIntToDoubleHashMap  entries  larger  randomAccess  long  serialVersionUID  int  dimension  end  expectedSize  i  index  key  n  resize  virtualSize  	projects/Math29/src/main/java/org/apache/commons/math3/linear/OpenMapRealVector.java	0.21160368475757949	401	401	3	replace	Integer  virtualSize  =  entries.get(current  +  1  -  1);	  Integer    virtualSize    =    entries.get(current    +    1);    	non-compiled	[CE]  illegal  start  of  expression	40	None	replace
166	[BUG]  [BUGGY]  Integer  virtualSize  =  entries.get(current  *  1);  [CE]  illegal  start  of  expression  [FE]                java.lang.AssertionError:  entry  #0      [CONTEXT]      public  int  getDimension()  {      [BUGGY]  Integer  virtualSize  =  entries.get(current  *  1);  [BUGGY]      return  virtualSize;  }  [CLASS]  OpenMapRealVector  OpenMapEntry  OpenMapSparseIterator  [METHOD]  getDimension  [RETURN_TYPE]  int  [VARIABLES]  Entry  current  boolean  double  DEFAULT_ZERO_TOLERANCE  d  epsilon  value  Iterator  iter  OpenIntToDoubleHashMap  entries  larger  randomAccess  long  serialVersionUID  int  dimension  end  expectedSize  i  index  key  n  resize  virtualSize  	projects/Math29/src/main/java/org/apache/commons/math3/linear/OpenMapRealVector.java	0.21160368475757949	401	401	3	replace	Integer  virtualSize  =  entries.get(current  *  1);	  Integer    virtualSize    =    entries.get(current    +    1);    	non-compiled	[CE]  illegal  start  of  expression	40	None	replace
167	[BUG]  [BUGGY]  return  this.dimension  -  DEFAULT_ZERO_TOLERANCE;  [CE]  illegal  start  of  expression  [FE]                  java.lang.AssertionError:  entry  #0      [CONTEXT]      public  int  getDimension()  {      [BUGGY]  return  this.dimension  -  DEFAULT_ZERO_TOLERANCE;  [BUGGY]      }  [CLASS]  OpenMapRealVector  OpenMapEntry  OpenMapSparseIterator  [METHOD]  getDimension  [RETURN_TYPE]  int  [VARIABLES]  Entry  current  boolean  double  DEFAULT_ZERO_TOLERANCE  d  epsilon  value  Iterator  iter  OpenIntToDoubleHashMap  entries  larger  randomAccess  long  serialVersionUID  int  dimension  end  expectedSize  i  index  key  n  resize  virtualSize  	projects/Math29/src/main/java/org/apache/commons/math3/linear/OpenMapRealVector.java	0.21160368475757949	401	401	3	replace	return  this.dimension  -  DEFAULT_ZERO_TOLERANCE;	  return    this.dimension    -    dimension;    	non-compiled	[CE]  illegal  start  of  expression	13	None	replace
168	[BUG]  [BUGGY]  Integer  virtualSize  =  entries.get(current.size  -  2);  [CE]  illegal  start  of  expression  [FE]            java.lang.AssertionError:  entry  #0      [CONTEXT]      public  int  getDimension()  {      [BUGGY]  Integer  virtualSize  =  entries.get(current.size  -  2);  [BUGGY]      return  virtualSize;  }  [CLASS]  OpenMapRealVector  OpenMapEntry  OpenMapSparseIterator  [METHOD]  getDimension  [RETURN_TYPE]  int  [VARIABLES]  Entry  current  boolean  double  DEFAULT_ZERO_TOLERANCE  d  epsilon  value  Iterator  iter  OpenIntToDoubleHashMap  entries  larger  randomAccess  long  serialVersionUID  int  dimension  end  expectedSize  i  index  key  n  resize  virtualSize  	projects/Math29/src/main/java/org/apache/commons/math3/linear/OpenMapRealVector.java	0.21160368475757949	401	401	3	replace	Integer  virtualSize  =  entries.get(current.size  -  2);	  Integer    virtualSize    =    entries.get(current.size);    	non-compiled	[CE]  illegal  start  of  expression	39	None	replace
169	[BUG]  [BUGGY]  return  dimension  -  this.value;  [CE]  illegal  start  of  expression  [FE]            java.lang.AssertionError:  entry  #0      [CONTEXT]      public  int  getDimension()  {      [BUGGY]  return  dimension  -  this.value;  [BUGGY]      }  [CLASS]  OpenMapRealVector  OpenMapEntry  OpenMapSparseIterator  [METHOD]  getDimension  [RETURN_TYPE]  int  [VARIABLES]  Entry  current  boolean  double  DEFAULT_ZERO_TOLERANCE  d  epsilon  value  Iterator  iter  OpenIntToDoubleHashMap  entries  larger  randomAccess  long  serialVersionUID  int  dimension  end  expectedSize  i  index  key  n  resize  virtualSize  	projects/Math29/src/main/java/org/apache/commons/math3/linear/OpenMapRealVector.java	0.21160368475757949	401	401	3	replace	return  dimension  -  this.value;	  return    this.deviceSize    -    this.value;    	non-compiled	[CE]  illegal  start  of  expression	57	None	replace
170	[BUG]  [BUGGY]  return  this.value  <  =  DEFAULT_ZERO_TOLERANCE?  this.value  :  DEFAULT_ZERO_TOLERANCE;  [CE]  illegal  start  of  expression  [FE]            java.lang.AssertionError:  entry  #0      [CONTEXT]      public  int  getDimension()  {      [BUGGY]  return  this.value  <  =  DEFAULT_ZERO_TOLERANCE?  this.value  :  DEFAULT_ZERO_TOLERANCE;  [BUGGY]      }  [CLASS]  OpenMapRealVector  OpenMapEntry  OpenMapSparseIterator  [METHOD]  getDimension  [RETURN_TYPE]  int  [VARIABLES]  Entry  current  boolean  double  DEFAULT_ZERO_TOLERANCE  d  epsilon  value  Iterator  iter  OpenIntToDoubleHashMap  entries  larger  randomAccess  long  serialVersionUID  int  dimension  end  expectedSize  i  index  key  n  resize  virtualSize  	projects/Math29/src/main/java/org/apache/commons/math3/linear/OpenMapRealVector.java	0.21160368475757949	401	401	3	replace	return  this.value  <  =  DEFAULT_ZERO_TOLERANCE?  this.value  :  DEFAULT_ZERO_TOLERANCE;	  return    this.value;    	non-compiled	[CE]  illegal  start  of  expression	45	None	replace
171	[BUG]  [BUGGY]  return  this.value  -(this.value  <  =  DEFAULT_ZERO_TOLERANCE?  this.value  :  DEFAULT_ZERO_TOLERANCE);  [CE]  illegal  start  of  expression  [FE]              java.lang.AssertionError:  entry  #0      [CONTEXT]      public  int  getDimension()  {      [BUGGY]  return  this.value  -(this.value  <  =  DEFAULT_ZERO_TOLERANCE?  this.value  :  DEFAULT_ZERO_TOLERANCE);  [BUGGY]      }  [CLASS]  OpenMapRealVector  OpenMapEntry  OpenMapSparseIterator  [METHOD]  getDimension  [RETURN_TYPE]  int  [VARIABLES]  Entry  current  boolean  double  DEFAULT_ZERO_TOLERANCE  d  epsilon  value  Iterator  iter  OpenIntToDoubleHashMap  entries  larger  randomAccess  long  serialVersionUID  int  dimension  end  expectedSize  i  index  key  n  resize  virtualSize  	projects/Math29/src/main/java/org/apache/commons/math3/linear/OpenMapRealVector.java	0.21160368475757949	401	401	3	replace	return  this.value  -(this.value  <  =  DEFAULT_ZERO_TOLERANCE?  this.value  :  DEFAULT_ZERO_TOLERANCE);	  return    this.value;    	non-compiled	[CE]  illegal  start  of  expression	45	None	replace
172	[BUG]  [BUGGY]  return  this.value  <  =  DEFAULT_ZERO_TOLERANCE?  getDimension()  :  DEFAULT_ZERO_TOLERANCE;  [CE]  illegal  start  of  expression  [FE]                java.lang.AssertionError:  entry  #0      [CONTEXT]      public  int  getDimension()  {      [BUGGY]  return  this.value  <  =  DEFAULT_ZERO_TOLERANCE?  getDimension()  :  DEFAULT_ZERO_TOLERANCE;  [BUGGY]      }  [CLASS]  OpenMapRealVector  OpenMapEntry  OpenMapSparseIterator  [METHOD]  getDimension  [RETURN_TYPE]  int  [VARIABLES]  Entry  current  boolean  double  DEFAULT_ZERO_TOLERANCE  d  epsilon  value  Iterator  iter  OpenIntToDoubleHashMap  entries  larger  randomAccess  long  serialVersionUID  int  dimension  end  expectedSize  i  index  key  n  resize  virtualSize  	projects/Math29/src/main/java/org/apache/commons/math3/linear/OpenMapRealVector.java	0.21160368475757949	401	401	3	replace	return  this.value  <  =  DEFAULT_ZERO_TOLERANCE?  getDimension()  :  DEFAULT_ZERO_TOLERANCE;	  return    this.value;    	non-compiled	[CE]  illegal  start  of  expression	45	None	replace
173	[BUG]  [BUGGY]  Entry  virtualSize  =(Entry)this.entries.get(current);  [CE]  illegal  start  of  expression  [FE]              java.lang.AssertionError:  entry  #0      [CONTEXT]      public  int  getDimension()  {      [BUGGY]  Entry  virtualSize  =(Entry)this.entries.get(current);  [BUGGY]      return  virtualSize;  }  [CLASS]  OpenMapRealVector  OpenMapEntry  OpenMapSparseIterator  [METHOD]  getDimension  [RETURN_TYPE]  int  [VARIABLES]  Entry  current  boolean  double  DEFAULT_ZERO_TOLERANCE  d  epsilon  value  Iterator  iter  OpenIntToDoubleHashMap  entries  larger  randomAccess  long  serialVersionUID  int  dimension  end  expectedSize  i  index  key  n  resize  virtualSize  	projects/Math29/src/main/java/org/apache/commons/math3/linear/OpenMapRealVector.java	0.21160368475757949	401	401	3	replace	Entry  virtualSize  =(Entry)this.entries.get(current);	  Entry    virtualSize    =(Entry)this.entries.getValue();    	non-compiled	[CE]  illegal  start  of  expression	58	None	replace
174	[BUG]  [BUGGY]  Integer  virtualSize  =  entries.get(current.size()  +  1);  [CE]  illegal  start  of  expression  [FE]            java.lang.AssertionError:  entry  #0      [CONTEXT]      public  int  getDimension()  {      [BUGGY]  Integer  virtualSize  =  entries.get(current.size()  +  1);  [BUGGY]      return  virtualSize;  }  [CLASS]  OpenMapRealVector  OpenMapEntry  OpenMapSparseIterator  [METHOD]  getDimension  [RETURN_TYPE]  int  [VARIABLES]  Entry  current  boolean  double  DEFAULT_ZERO_TOLERANCE  d  epsilon  value  Iterator  iter  OpenIntToDoubleHashMap  entries  larger  randomAccess  long  serialVersionUID  int  dimension  end  expectedSize  i  index  key  n  resize  virtualSize  	projects/Math29/src/main/java/org/apache/commons/math3/linear/OpenMapRealVector.java	0.21160368475757949	401	401	3	replace	Integer  virtualSize  =  entries.get(current.size()  +  1);	  Integer    virtualSize    =    entries.get(current.size());    	non-compiled	[CE]  illegal  start  of  expression	62	None	replace
175	[BUG]  [BUGGY]  int  virtualSize  =(this.entries!=  null?  this.entries.getDimension()  :  0);  [CE]  illegal  start  of  expression  [FE]            java.lang.AssertionError:  entry  #0      [CONTEXT]      public  int  getDimension()  {      [BUGGY]  int  virtualSize  =(this.entries!=  null?  this.entries.getDimension()  :  0);  [BUGGY]      return  virtualSize;  }  [CLASS]  OpenMapRealVector  OpenMapEntry  OpenMapSparseIterator  [METHOD]  getDimension  [RETURN_TYPE]  int  [VARIABLES]  Entry  current  boolean  double  DEFAULT_ZERO_TOLERANCE  d  epsilon  value  Iterator  iter  OpenIntToDoubleHashMap  entries  larger  randomAccess  long  serialVersionUID  int  dimension  end  expectedSize  i  index  key  n  resize  virtualSize  	projects/Math29/src/main/java/org/apache/commons/math3/linear/OpenMapRealVector.java	0.21160368475757949	401	401	3	replace	int  virtualSize  =(this.entries!=  null?  this.entries.getDimension()  :  0);	  int    virtualSize    =    this.entries.getDimension();    	non-compiled	[CE]  illegal  start  of  expression	47	None	replace
176	[BUG]  [BUGGY]  return  this.deviceSize  -  dimension;  [CE]  illegal  start  of  expression  [FE]                  java.lang.AssertionError:  entry  #0      [CONTEXT]      public  int  getDimension()  {      [BUGGY]  return  this.deviceSize  -  dimension;  [BUGGY]      }  [CLASS]  OpenMapRealVector  OpenMapEntry  OpenMapSparseIterator  [METHOD]  getDimension  [RETURN_TYPE]  int  [VARIABLES]  Entry  current  boolean  double  DEFAULT_ZERO_TOLERANCE  d  epsilon  value  Iterator  iter  OpenIntToDoubleHashMap  entries  larger  randomAccess  long  serialVersionUID  int  dimension  end  expectedSize  i  index  key  n  resize  virtualSize  	projects/Math29/src/main/java/org/apache/commons/math3/linear/OpenMapRealVector.java	0.21160368475757949	401	401	3	replace	return  this.deviceSize  -  dimension;	  return    this.deviceSize    -    2;    	non-compiled	[CE]  illegal  start  of  expression	4	None	replace
177	[BUG]  [BUGGY]  return  this.dimension  -  dimension  /  DEFAULT_ZERO_TOLERANCE;  [CE]  illegal  start  of  expression  [FE]                  java.lang.AssertionError:  entry  #0      [CONTEXT]      public  int  getDimension()  {      [BUGGY]  return  this.dimension  -  dimension  /  DEFAULT_ZERO_TOLERANCE;  [BUGGY]      }  [CLASS]  OpenMapRealVector  OpenMapEntry  OpenMapSparseIterator  [METHOD]  getDimension  [RETURN_TYPE]  int  [VARIABLES]  Entry  current  boolean  double  DEFAULT_ZERO_TOLERANCE  d  epsilon  value  Iterator  iter  OpenIntToDoubleHashMap  entries  larger  randomAccess  long  serialVersionUID  int  dimension  end  expectedSize  i  index  key  n  resize  virtualSize  	projects/Math29/src/main/java/org/apache/commons/math3/linear/OpenMapRealVector.java	0.21160368475757949	401	401	3	replace	return  this.dimension  -  dimension  /  DEFAULT_ZERO_TOLERANCE;	  return    this.dimension    -    dimension;    	non-compiled	[CE]  illegal  start  of  expression	13	None	replace
178	[BUG]  [BUGGY]  int  virtualSize  =  iter.getEntryCount()  -  dimension  -  1;  [CE]  illegal  start  of  expression  [FE]                    java.lang.AssertionError:  entry  #0      [CONTEXT]      public  int  getDimension()  {      [BUGGY]  int  virtualSize  =  iter.getEntryCount()  -  dimension  -  1;  [BUGGY]      return  virtualSize;  }  [CLASS]  OpenMapRealVector  OpenMapEntry  OpenMapSparseIterator  [METHOD]  getDimension  [RETURN_TYPE]  int  [VARIABLES]  Entry  current  boolean  double  DEFAULT_ZERO_TOLERANCE  d  epsilon  value  Iterator  iter  OpenIntToDoubleHashMap  entries  larger  randomAccess  long  serialVersionUID  int  dimension  end  expectedSize  i  index  key  n  resize  virtualSize  	projects/Math29/src/main/java/org/apache/commons/math3/linear/OpenMapRealVector.java	0.21160368475757949	401	401	3	replace	int  virtualSize  =  iter.getEntryCount()  -  dimension  -  1;	  int    virtualSize    =    iter.getEntryCount()    -    dimension;    	non-compiled	[CE]  illegal  start  of  expression	59	None	replace
179	[BUG]  [BUGGY]  Integer  virtualSize  =  entries.get(currentIndex  +  1);  [CE]  illegal  start  of  expression  [FE]              java.lang.AssertionError:  entry  #0      [CONTEXT]      public  int  getDimension()  {      [BUGGY]  Integer  virtualSize  =  entries.get(currentIndex  +  1);  [BUGGY]      return  virtualSize;  }  [CLASS]  OpenMapRealVector  OpenMapEntry  OpenMapSparseIterator  [METHOD]  getDimension  [RETURN_TYPE]  int  [VARIABLES]  Entry  current  boolean  double  DEFAULT_ZERO_TOLERANCE  d  epsilon  value  Iterator  iter  OpenIntToDoubleHashMap  entries  larger  randomAccess  long  serialVersionUID  int  dimension  end  expectedSize  i  index  key  n  resize  virtualSize  	projects/Math29/src/main/java/org/apache/commons/math3/linear/OpenMapRealVector.java	0.21160368475757949	401	401	3	replace	Integer  virtualSize  =  entries.get(currentIndex  +  1);	  Integer    virtualSize    =    entries.get(current    +    1);    	non-compiled	[CE]  illegal  start  of  expression	40	None	replace
180	[BUG]  [BUGGY]  Entry  virtualSize  =(Entry)iter.next();  [CE]  illegal  start  of  expression  [FE]                  java.lang.AssertionError:  entry  #0      [CONTEXT]      public  int  getDimension()  {      [BUGGY]  Entry  virtualSize  =(Entry)iter.next();  [BUGGY]      return  virtualSize;  }  [CLASS]  OpenMapRealVector  OpenMapEntry  OpenMapSparseIterator  [METHOD]  getDimension  [RETURN_TYPE]  int  [VARIABLES]  Entry  current  boolean  double  DEFAULT_ZERO_TOLERANCE  d  epsilon  value  Iterator  iter  OpenIntToDoubleHashMap  entries  larger  randomAccess  long  serialVersionUID  int  dimension  end  expectedSize  i  index  key  n  resize  virtualSize  	projects/Math29/src/main/java/org/apache/commons/math3/linear/OpenMapRealVector.java	0.21160368475757949	401	401	3	replace	Entry  virtualSize  =(Entry)iter.next();	  Entry    virtualSize    =(Entry)entry.getKey();    	non-compiled	[CE]  illegal  start  of  expression	37	None	replace
181	[BUG]  [BUGGY]  Entry  virtualSize  =(Entry)this.entries.getKey();  [CE]  illegal  start  of  expression  [FE]                    java.lang.AssertionError:  entry  #0      [CONTEXT]      public  int  getDimension()  {      [BUGGY]  Entry  virtualSize  =(Entry)this.entries.getKey();  [BUGGY]      return  virtualSize;  }  [CLASS]  OpenMapRealVector  OpenMapEntry  OpenMapSparseIterator  [METHOD]  getDimension  [RETURN_TYPE]  int  [VARIABLES]  Entry  current  boolean  double  DEFAULT_ZERO_TOLERANCE  d  epsilon  value  Iterator  iter  OpenIntToDoubleHashMap  entries  larger  randomAccess  long  serialVersionUID  int  dimension  end  expectedSize  i  index  key  n  resize  virtualSize  	projects/Math29/src/main/java/org/apache/commons/math3/linear/OpenMapRealVector.java	0.21160368475757949	401	401	3	replace	Entry  virtualSize  =(Entry)this.entries.getKey();	  Entry    virtualSize    =(Entry)entry.getKey();    	non-compiled	[CE]  illegal  start  of  expression	37	None	replace
182	[BUG]  [BUGGY]  return  this.devices.size()  /  2;  [CE]  illegal  start  of  expression  [FE]                  java.lang.AssertionError:  entry  #0      [CONTEXT]      public  int  getDimension()  {      [BUGGY]  return  this.devices.size()  /  2;  [BUGGY]      }  [CLASS]  OpenMapRealVector  OpenMapEntry  OpenMapSparseIterator  [METHOD]  getDimension  [RETURN_TYPE]  int  [VARIABLES]  Entry  current  boolean  double  DEFAULT_ZERO_TOLERANCE  d  epsilon  value  Iterator  iter  OpenIntToDoubleHashMap  entries  larger  randomAccess  long  serialVersionUID  int  dimension  end  expectedSize  i  index  key  n  resize  virtualSize  	projects/Math29/src/main/java/org/apache/commons/math3/linear/OpenMapRealVector.java	0.21160368475757949	401	401	3	replace	return  this.devices.size()  /  2;	  return    this.devices.size();    	non-compiled	[CE]  illegal  start  of  expression	17	None	replace
183	[BUG]  [BUGGY]  return  dimension  *  1;  [CE]  illegal  start  of  expression  [FE]            java.lang.AssertionError:  entry  #0      [CONTEXT]      public  int  getDimension()  {      [BUGGY]  return  dimension  *  1;  [BUGGY]      }  [CLASS]  OpenMapRealVector  OpenMapEntry  OpenMapSparseIterator  [METHOD]  getDimension  [RETURN_TYPE]  int  [VARIABLES]  Entry  current  boolean  double  DEFAULT_ZERO_TOLERANCE  d  epsilon  value  Iterator  iter  OpenIntToDoubleHashMap  entries  larger  randomAccess  long  serialVersionUID  int  dimension  end  expectedSize  i  index  key  n  resize  virtualSize  	projects/Math29/src/main/java/org/apache/commons/math3/linear/OpenMapRealVector.java	0.21160368475757949	401	401	3	replace	return  dimension  *  1;	  return    dimension    +    1;    	non-compiled	[CE]  illegal  start  of  expression	56	None	replace
184	[BUG]  [BUGGY]  return  this.dimension  -  1  +  1;  [CE]  illegal  start  of  expression  [FE]              java.lang.AssertionError:  entry  #0      [CONTEXT]      public  int  getDimension()  {      [BUGGY]  return  this.dimension  -  1  +  1;  [BUGGY]      }  [CLASS]  OpenMapRealVector  OpenMapEntry  OpenMapSparseIterator  [METHOD]  getDimension  [RETURN_TYPE]  int  [VARIABLES]  Entry  current  boolean  double  DEFAULT_ZERO_TOLERANCE  d  epsilon  value  Iterator  iter  OpenIntToDoubleHashMap  entries  larger  randomAccess  long  serialVersionUID  int  dimension  end  expectedSize  i  index  key  n  resize  virtualSize  	projects/Math29/src/main/java/org/apache/commons/math3/linear/OpenMapRealVector.java	0.21160368475757949	401	401	3	replace	return  this.dimension  -  1  +  1;	  return    this.dimension    -    1;    	non-compiled	[CE]  illegal  start  of  expression	11	None	replace
185	[BUG]  [BUGGY]  int  virtualSize  =  getVisibleDimension()  /  DEFAULT_ZERO_TOLERANCE;  [CE]  illegal  start  of  expression  [FE]            java.lang.AssertionError:  entry  #0      [CONTEXT]      public  int  getDimension()  {      [BUGGY]  int  virtualSize  =  getVisibleDimension()  /  DEFAULT_ZERO_TOLERANCE;  [BUGGY]      return  virtualSize;  }  [CLASS]  OpenMapRealVector  OpenMapEntry  OpenMapSparseIterator  [METHOD]  getDimension  [RETURN_TYPE]  int  [VARIABLES]  Entry  current  boolean  double  DEFAULT_ZERO_TOLERANCE  d  epsilon  value  Iterator  iter  OpenIntToDoubleHashMap  entries  larger  randomAccess  long  serialVersionUID  int  dimension  end  expectedSize  i  index  key  n  resize  virtualSize  	projects/Math29/src/main/java/org/apache/commons/math3/linear/OpenMapRealVector.java	0.21160368475757949	401	401	3	replace	int  virtualSize  =  getVisibleDimension()  /  DEFAULT_ZERO_TOLERANCE;	  int    virtualSize    =    getVisibleDimension();    	non-compiled	[CE]  illegal  start  of  expression	43	None	replace
186	[BUG]  [BUGGY]  return  this.entries.getValue();  [CE]  illegal  start  of  expression  [FE]            java.lang.AssertionError:  entry  #0      [CONTEXT]      public  int  getDimension()  {      [BUGGY]  return  this.entries.getValue();  [BUGGY]      }  [CLASS]  OpenMapRealVector  OpenMapEntry  OpenMapSparseIterator  [METHOD]  getDimension  [RETURN_TYPE]  int  [VARIABLES]  Entry  current  boolean  double  DEFAULT_ZERO_TOLERANCE  d  epsilon  value  Iterator  iter  OpenIntToDoubleHashMap  entries  larger  randomAccess  long  serialVersionUID  int  dimension  end  expectedSize  i  index  key  n  resize  virtualSize  	projects/Math29/src/main/java/org/apache/commons/math3/linear/OpenMapRealVector.java	0.21160368475757949	401	401	3	replace	return  this.entries.getValue();	  return    entry.getValue();    	non-compiled	[CE]  illegal  start  of  expression	24	None	replace
187	[BUG]  [BUGGY]  return(this.devices!=  null?  this.devices.size()  :  0);  [CE]  illegal  start  of  expression  [FE]                      java.lang.AssertionError:  entry  #0      [CONTEXT]      public  int  getDimension()  {      [BUGGY]  return(this.devices!=  null?  this.devices.size()  :  0);  [BUGGY]      }  [CLASS]  OpenMapRealVector  OpenMapEntry  OpenMapSparseIterator  [METHOD]  getDimension  [RETURN_TYPE]  int  [VARIABLES]  Entry  current  boolean  double  DEFAULT_ZERO_TOLERANCE  d  epsilon  value  Iterator  iter  OpenIntToDoubleHashMap  entries  larger  randomAccess  long  serialVersionUID  int  dimension  end  expectedSize  i  index  key  n  resize  virtualSize  	projects/Math29/src/main/java/org/apache/commons/math3/linear/OpenMapRealVector.java	0.21160368475757949	401	401	3	replace	return(this.devices!=  null?  this.devices.size()  :  0);	  return    this.devices.size()    -    1;    	non-compiled	[CE]  illegal  start  of  expression	19	None	replace
188	[BUG]  [BUGGY]  return(this.devices!=  null?  this.devices.size()  :  0)-  1;  [CE]  illegal  start  of  expression  [FE]                        java.lang.AssertionError:  entry  #0      [CONTEXT]      public  int  getDimension()  {      [BUGGY]  return(this.devices!=  null?  this.devices.size()  :  0)-  1;  [BUGGY]      }  [CLASS]  OpenMapRealVector  OpenMapEntry  OpenMapSparseIterator  [METHOD]  getDimension  [RETURN_TYPE]  int  [VARIABLES]  Entry  current  boolean  double  DEFAULT_ZERO_TOLERANCE  d  epsilon  value  Iterator  iter  OpenIntToDoubleHashMap  entries  larger  randomAccess  long  serialVersionUID  int  dimension  end  expectedSize  i  index  key  n  resize  virtualSize  	projects/Math29/src/main/java/org/apache/commons/math3/linear/OpenMapRealVector.java	0.21160368475757949	401	401	3	replace	return(this.devices!=  null?  this.devices.size()  :  0)-  1;	  return    this.devices.size()    -    1;    	non-compiled	[CE]  illegal  start  of  expression	19	None	replace
189	[BUG]  [BUGGY]  int  virtualSize  =  iter.getEntryIterator();  [CE]  illegal  start  of  expression  [FE]                    java.lang.AssertionError:  entry  #0      [CONTEXT]      public  int  getDimension()  {      [BUGGY]  int  virtualSize  =  iter.getEntryIterator();  [BUGGY]      return  virtualSize;  }  [CLASS]  OpenMapRealVector  OpenMapEntry  OpenMapSparseIterator  [METHOD]  getDimension  [RETURN_TYPE]  int  [VARIABLES]  Entry  current  boolean  double  DEFAULT_ZERO_TOLERANCE  d  epsilon  value  Iterator  iter  OpenIntToDoubleHashMap  entries  larger  randomAccess  long  serialVersionUID  int  dimension  end  expectedSize  i  index  key  n  resize  virtualSize  	projects/Math29/src/main/java/org/apache/commons/math3/linear/OpenMapRealVector.java	0.21160368475757949	401	401	3	replace	int  virtualSize  =  iter.getEntryIterator();	  int    virtualSize    =    iter.getEmptyIterator();    	non-compiled	[CE]  illegal  start  of  expression	30	None	replace
190	[BUG]  [BUGGY]  int  virtualSize  =  iter.getDimension().length;  [CE]  illegal  start  of  expression  [FE]                java.lang.AssertionError:  entry  #0      [CONTEXT]      public  int  getDimension()  {      [BUGGY]  int  virtualSize  =  iter.getDimension().length;  [BUGGY]      return  virtualSize;  }  [CLASS]  OpenMapRealVector  OpenMapEntry  OpenMapSparseIterator  [METHOD]  getDimension  [RETURN_TYPE]  int  [VARIABLES]  Entry  current  boolean  double  DEFAULT_ZERO_TOLERANCE  d  epsilon  value  Iterator  iter  OpenIntToDoubleHashMap  entries  larger  randomAccess  long  serialVersionUID  int  dimension  end  expectedSize  i  index  key  n  resize  virtualSize  	projects/Math29/src/main/java/org/apache/commons/math3/linear/OpenMapRealVector.java	0.21160368475757949	401	401	3	replace	int  virtualSize  =  iter.getDimension().length;	  int    virtualSize    =    getDimension().length;    	non-compiled	[CE]  illegal  start  of  expression	23	None	replace
191	[BUG]  [BUGGY]  int  virtualSize  =  getDimension().size();  [CE]  illegal  start  of  expression  [FE]                  java.lang.AssertionError:  entry  #0      [CONTEXT]      public  int  getDimension()  {      [BUGGY]  int  virtualSize  =  getDimension().size();  [BUGGY]      return  virtualSize;  }  [CLASS]  OpenMapRealVector  OpenMapEntry  OpenMapSparseIterator  [METHOD]  getDimension  [RETURN_TYPE]  int  [VARIABLES]  Entry  current  boolean  double  DEFAULT_ZERO_TOLERANCE  d  epsilon  value  Iterator  iter  OpenIntToDoubleHashMap  entries  larger  randomAccess  long  serialVersionUID  int  dimension  end  expectedSize  i  index  key  n  resize  virtualSize  	projects/Math29/src/main/java/org/apache/commons/math3/linear/OpenMapRealVector.java	0.21160368475757949	401	401	3	replace	int  virtualSize  =  getDimension().size();	  int    virtualSize    =    getDimension().length;    	non-compiled	[CE]  illegal  start  of  expression	23	None	replace
192	[BUG]  [BUGGY]  return  this.deviceSize  *  1;  [CE]  illegal  start  of  expression  [FE]                java.lang.AssertionError:  entry  #0      [CONTEXT]      public  int  getDimension()  {      [BUGGY]  return  this.deviceSize  *  1;  [BUGGY]      }  [CLASS]  OpenMapRealVector  OpenMapEntry  OpenMapSparseIterator  [METHOD]  getDimension  [RETURN_TYPE]  int  [VARIABLES]  Entry  current  boolean  double  DEFAULT_ZERO_TOLERANCE  d  epsilon  value  Iterator  iter  OpenIntToDoubleHashMap  entries  larger  randomAccess  long  serialVersionUID  int  dimension  end  expectedSize  i  index  key  n  resize  virtualSize  	projects/Math29/src/main/java/org/apache/commons/math3/linear/OpenMapRealVector.java	0.21160368475757949	401	401	3	replace	return  this.deviceSize  *  1;	  return    this.deviceSize    +    1;    	non-compiled	[CE]  illegal  start  of  expression	3	None	replace
193	[BUG]  [BUGGY]  Entry  virtualSize  =(Entry)entries.get(current);  [CE]  illegal  start  of  expression  [FE]                java.lang.AssertionError:  entry  #0      [CONTEXT]      public  int  getDimension()  {      [BUGGY]  Entry  virtualSize  =(Entry)entries.get(current);  [BUGGY]      return  virtualSize;  }  [CLASS]  OpenMapRealVector  OpenMapEntry  OpenMapSparseIterator  [METHOD]  getDimension  [RETURN_TYPE]  int  [VARIABLES]  Entry  current  boolean  double  DEFAULT_ZERO_TOLERANCE  d  epsilon  value  Iterator  iter  OpenIntToDoubleHashMap  entries  larger  randomAccess  long  serialVersionUID  int  dimension  end  expectedSize  i  index  key  n  resize  virtualSize  	projects/Math29/src/main/java/org/apache/commons/math3/linear/OpenMapRealVector.java	0.21160368475757949	401	401	3	replace	Entry  virtualSize  =(Entry)entries.get(current);	  Entry    virtualSize    =(Entry)entries.getValue();    	non-compiled	[CE]  illegal  start  of  expression	36	None	replace
194	[BUG]  [BUGGY]  Integer  virtualSize  =  this.entries.size();  [CE]  illegal  start  of  expression  [FE]                  java.lang.AssertionError:  entry  #0      [CONTEXT]      public  int  getDimension()  {      [BUGGY]  Integer  virtualSize  =  this.entries.size();  [BUGGY]      return  virtualSize;  }  [CLASS]  OpenMapRealVector  OpenMapEntry  OpenMapSparseIterator  [METHOD]  getDimension  [RETURN_TYPE]  int  [VARIABLES]  Entry  current  boolean  double  DEFAULT_ZERO_TOLERANCE  d  epsilon  value  Iterator  iter  OpenIntToDoubleHashMap  entries  larger  randomAccess  long  serialVersionUID  int  dimension  end  expectedSize  i  index  key  n  resize  virtualSize  	projects/Math29/src/main/java/org/apache/commons/math3/linear/OpenMapRealVector.java	0.21160368475757949	401	401	3	replace	Integer  virtualSize  =  this.entries.size();	  int    virtualSize    =    this.entries.size()    +    1;    	non-compiled	[CE]  illegal  start  of  expression	9	None	replace
195	[BUG]  [BUGGY]  Integer  virtualSize  =  iter.get(current.intValue);  [CE]  illegal  start  of  expression  [FE]              java.lang.AssertionError:  entry  #0      [CONTEXT]      public  int  getDimension()  {      [BUGGY]  Integer  virtualSize  =  iter.get(current.intValue);  [BUGGY]      return  virtualSize;  }  [CLASS]  OpenMapRealVector  OpenMapEntry  OpenMapSparseIterator  [METHOD]  getDimension  [RETURN_TYPE]  int  [VARIABLES]  Entry  current  boolean  double  DEFAULT_ZERO_TOLERANCE  d  epsilon  value  Iterator  iter  OpenIntToDoubleHashMap  entries  larger  randomAccess  long  serialVersionUID  int  dimension  end  expectedSize  i  index  key  n  resize  virtualSize  	projects/Math29/src/main/java/org/apache/commons/math3/linear/OpenMapRealVector.java	0.21160368475757949	401	401	3	replace	Integer  virtualSize  =  iter.get(current.intValue);	  Integer    virtualSize    =    entries.get(current.intValue);    	non-compiled	[CE]  illegal  start  of  expression	63	None	replace
196	[BUG]  [BUGGY]  int  dimension  =  iter.size();  [CE]  illegal  start  of  expression  [FE]                        java.lang.AssertionError:  entry  #0      [CONTEXT]      public  int  getDimension()  {      [BUGGY]  int  dimension  =  iter.size();  [BUGGY]      }  [CLASS]  OpenMapRealVector  OpenMapEntry  OpenMapSparseIterator  [METHOD]  getDimension  [RETURN_TYPE]  int  [VARIABLES]  Entry  current  boolean  double  DEFAULT_ZERO_TOLERANCE  d  epsilon  value  Iterator  iter  OpenIntToDoubleHashMap  entries  larger  randomAccess  long  serialVersionUID  int  dimension  end  expectedSize  i  index  key  n  resize  virtualSize  	projects/Math29/src/main/java/org/apache/commons/math3/linear/OpenMapRealVector.java	0.21160368475757949	401	401	3	replace	int  dimension  =  iter.size();	  int    dimension    =    this.devices.size();    	non-compiled	[CE]  illegal  start  of  expression	20	None	replace
197	[BUG]  [BUGGY]  return  this.entries.size()  -(this.entries.size());  [CE]  illegal  start  of  expression  [FE]              java.lang.AssertionError:  entry  #0      [CONTEXT]      public  int  getDimension()  {      [BUGGY]  return  this.entries.size()  -(this.entries.size());  [BUGGY]      }  [CLASS]  OpenMapRealVector  OpenMapEntry  OpenMapSparseIterator  [METHOD]  getDimension  [RETURN_TYPE]  int  [VARIABLES]  Entry  current  boolean  double  DEFAULT_ZERO_TOLERANCE  d  epsilon  value  Iterator  iter  OpenIntToDoubleHashMap  entries  larger  randomAccess  long  serialVersionUID  int  dimension  end  expectedSize  i  index  key  n  resize  virtualSize  	projects/Math29/src/main/java/org/apache/commons/math3/linear/OpenMapRealVector.java	0.21160368475757949	401	401	3	replace	return  this.entries.size()  -(this.entries.size());	  return    this.dimension    -(this.entries.size()    -    1);    	non-compiled	[CE]  illegal  start  of  expression	54	None	replace
198	[BUG]  [BUGGY]  return  this.dimension  /(this.entries.size()  -  1);  [CE]  illegal  start  of  expression  [FE]                java.lang.AssertionError:  entry  #0      [CONTEXT]      public  int  getDimension()  {      [BUGGY]  return  this.dimension  /(this.entries.size()  -  1);  [BUGGY]      }  [CLASS]  OpenMapRealVector  OpenMapEntry  OpenMapSparseIterator  [METHOD]  getDimension  [RETURN_TYPE]  int  [VARIABLES]  Entry  current  boolean  double  DEFAULT_ZERO_TOLERANCE  d  epsilon  value  Iterator  iter  OpenIntToDoubleHashMap  entries  larger  randomAccess  long  serialVersionUID  int  dimension  end  expectedSize  i  index  key  n  resize  virtualSize  	projects/Math29/src/main/java/org/apache/commons/math3/linear/OpenMapRealVector.java	0.21160368475757949	401	401	3	replace	return  this.dimension  /(this.entries.size()  -  1);	  return    this.dimension    -(this.entries.size()    -    1);    	non-compiled	[CE]  illegal  start  of  expression	54	None	replace
199	[BUG]  [BUGGY]  int  dimension  =  iter.next();  [CE]  illegal  start  of  expression  [FE]              java.lang.AssertionError:  entry  #0      [CONTEXT]      public  int  getDimension()  {      [BUGGY]  int  dimension  =  iter.next();  [BUGGY]      }  [CLASS]  OpenMapRealVector  OpenMapEntry  OpenMapSparseIterator  [METHOD]  getDimension  [RETURN_TYPE]  int  [VARIABLES]  Entry  current  boolean  double  DEFAULT_ZERO_TOLERANCE  d  epsilon  value  Iterator  iter  OpenIntToDoubleHashMap  entries  larger  randomAccess  long  serialVersionUID  int  dimension  end  expectedSize  i  index  key  n  resize  virtualSize  	projects/Math29/src/main/java/org/apache/commons/math3/linear/OpenMapRealVector.java	0.21160368475757949	401	401	3	replace	int  dimension  =  iter.next();	  int    dimension    =    this.deviceSize;    	non-compiled	[CE]  illegal  start  of  expression	2	None	replace
