projects/Csv8/src/main/java/org/apache/commons/csv/CSVFormat.java646if(commentStart!=null&&delimiter==commentStart.charValue()){
projects/Csv8/src/main/java/org/apache/commons/csv/CSVFormat.java646if(commentStart!=null&&delimiter==quoteChar.charValue()){
projects/Csv8/src/main/java/org/apache/commons/csv/CSVFormat.java646if(delimiter!=null&&commentStart==delimiter.charValue()){
projects/Csv8/src/main/java/org/apache/commons/csv/CSVFormat.java646if(commentStart!=null&&commentStart==delimiter.charValue()){
projects/Csv8/src/main/java/org/apache/commons/csv/CSVFormat.java646if(commentStart!=null&&delimiter==quoteStart.charValue()){
projects/Csv8/src/main/java/org/apache/commons/csv/CSVFormat.java646
projects/Csv8/src/main/java/org/apache/commons/csv/CSVFormat.java646if(delimiter!=null&&commentStart==this.commentStart.charValue()){
projects/Csv8/src/main/java/org/apache/commons/csv/CSVFormat.java646if(delimiter!=commentStart.charValue()){
projects/Csv8/src/main/java/org/apache/commons/csv/CSVFormat.java646if(delimiter!=null&&commentStart==quoteChar.charValue()){
projects/Csv8/src/main/java/org/apache/commons/csv/CSVFormat.java646if(delimiter!=null&&commentStart==start.charValue()){
projects/Csv8/src/main/java/org/apache/commons/csv/CSVFormat.java646if(delimiter!=null&&quoteChar!=delimiter.charValue()){
projects/Csv8/src/main/java/org/apache/commons/csv/CSVFormat.java646if(delimiter!=null&&quoteChar==delimiter.charValue()){
projects/Csv8/src/main/java/org/apache/commons/csv/CSVFormat.java646if(delimiter!=null&&delimiter==quoteChar.charValue()){
projects/Csv8/src/main/java/org/apache/commons/csv/CSVFormat.java646if(delimiter!=null&&commentStart==delimiter.toString()){
projects/Csv8/src/main/java/org/apache/commons/csv/CSVFormat.java646if(delimiter!=null&&quoteChar.charValue()==quoteChar.charValue()){
projects/Csv8/src/main/java/org/apache/commons/csv/CSVFormat.java646if(delimiter!=null&&quoteChar.equals(commentStart)){
projects/Csv8/src/main/java/org/apache/commons/csv/CSVFormat.java646if(commentStart!=null&&commentStart==quoteChar.charValue()){
projects/Csv8/src/main/java/org/apache/commons/csv/CSVFormat.java646if(delimiter!=null&&quoteChar==quoteChar.charValue()){
projects/Csv8/src/main/java/org/apache/commons/csv/CSVFormat.java646if(delimiter!=null&&quoteChar==start.charValue()){
projects/Csv8/src/main/java/org/apache/commons/csv/CSVFormat.java646if(delimiter!=null&&quoteChar!=start.charValue()){
projects/Csv8/src/main/java/org/apache/commons/csv/CSVFormat.java646if(start!=null&&commentStart==delimiter.charValue()){
projects/Csv8/src/main/java/org/apache/commons/csv/CSVFormat.java646if(delimiter!=null&&commentStart==start.length()){
projects/Csv8/src/main/java/org/apache/commons/csv/CSVFormat.java646if(delimiter!=null&&commentStart==escape.charValue()){
projects/Csv8/src/main/java/org/apache/commons/csv/CSVFormat.java646if(c!=null&&delimiter==quoteChar.charValue()){
projects/Csv8/src/main/java/org/apache/commons/csv/CSVFormat.java646if(delimiter!=null&&quoteChar!=quoteChar.charValue()){
projects/Csv8/src/main/java/org/apache/commons/csv/CSVFormat.java646if(delimiter!=null&&quoteChar==this.commentStart.charValue()){
projects/Csv8/src/main/java/org/apache/commons/csv/CSVFormat.java646if(delimiter!=null&&quoteChar!=this.commentStart.charValue()){
projects/Csv8/src/main/java/org/apache/commons/csv/CSVFormat.java646if(delimiter!=quoteChar.charValue()){
projects/Csv8/src/main/java/org/apache/commons/csv/CSVFormat.java646if(delimiter==quoteChar.charValue()){
projects/Csv8/src/main/java/org/apache/commons/csv/CSVFormat.java646if(commentStart!=delimiter.charValue()){
projects/Csv8/src/main/java/org/apache/commons/csv/CSVFormat.java646if(delimiter!=quoteStart.charValue()){
projects/Csv8/src/main/java/org/apache/commons/csv/CSVFormat.java646if(commentStart!=null&&commentStart==delimiter.getCharValue()){
projects/Csv8/src/main/java/org/apache/commons/csv/CSVFormat.java646StringcommentStart=quoteChar.substring(0,quoteChar.length()-1);
projects/Csv8/src/main/java/org/apache/commons/csv/CSVFormat.java646StringcommentStart=quoteChar.substring(0,quoteChar.length()-2);
projects/Csv8/src/main/java/org/apache/commons/csv/CSVFormat.java646Characterc=quoteChar.charValue();
projects/Csv8/src/main/java/org/apache/commons/csv/CSVFormat.java646StringcommentStart=quoteChar.substring(0,quoteChar.length());
projects/Csv8/src/main/java/org/apache/commons/csv/CSVFormat.java646Characterc=quotePolicy.getCurrentCharacter();
projects/Csv8/src/main/java/org/apache/commons/csv/CSVFormat.java646Characterc=quotePolicy.getCharacter(c);
projects/Csv8/src/main/java/org/apache/commons/csv/CSVFormat.java646Characterc=quoteChar.getCurrentCharacter();
projects/Csv8/src/main/java/org/apache/commons/csv/CSVFormat.java646if(commentStart!=null&&delimiter==quoteStart.length()){
projects/Csv8/src/main/java/org/apache/commons/csv/CSVFormat.java646if(delimiter!=null&&commentStart==quoteStart.charValue()){
projects/Csv8/src/main/java/org/apache/commons/csv/CSVFormat.java646if(delimiter!=null&&quoteStart==quoteStart.charValue()){
projects/Csv8/src/main/java/org/apache/commons/csv/CSVFormat.java646if(commentStart!=null&&delimiter==quoteStart.toString()){
projects/Csv8/src/main/java/org/apache/commons/csv/CSVFormat.java646if(delimiter!=null&&quoteStart==delimiter.charValue()){
projects/Csv8/src/main/java/org/apache/commons/csv/CSVFormat.java646if(delimiter!=null&&commentStart==source.charValue()){
projects/Csv8/src/main/java/org/apache/commons/csv/CSVFormat.java646if(delimiter!=null&&delimiter==commentStart.charValue()){
projects/Csv8/src/main/java/org/apache/commons/csv/CSVFormat.java646if(delimiter!=null&&commentStart==null.charValue()){
projects/Csv8/src/main/java/org/apache/commons/csv/CSVFormat.java646if(delimiter!=null&&delimiter==start.length()){
projects/Csv8/src/main/java/org/apache/commons/csv/CSVFormat.java646if(delimiter!=null&&delimiter==start.charValue()){
projects/Csv8/src/main/java/org/apache/commons/csv/CSVFormat.java646if(delimiter!=null&&delimiter==start.getChar()){
projects/Csv8/src/main/java/org/apache/commons/csv/CSVFormat.java646if(delimiter!=null&&delimiter==start.toString()){
projects/Csv8/src/main/java/org/apache/commons/csv/CSVFormat.java646if(delimiter!=null&&delimiter==start.getCharValue()){
projects/Csv8/src/main/java/org/apache/commons/csv/CSVFormat.java646if(delimiter!=null&&delimiter==delimiter.charValue()){
projects/Csv8/src/main/java/org/apache/commons/csv/CSVFormat.java646if(delimiter!=null&&commentStart==delimiter.getCharValue()){
projects/Csv8/src/main/java/org/apache/commons/csv/CSVFormat.java646if(delimiter!=null&&delimiter==delimiter.toString()){
projects/Csv8/src/main/java/org/apache/commons/csv/CSVFormat.java646if(delimiter!=null&&delimiter==delimiter.toCharArray()){
projects/Csv8/src/main/java/org/apache/commons/csv/CSVFormat.java646if(delimiter!=null&&quoteChar.charValue()){
projects/Csv8/src/main/java/org/apache/commons/csv/CSVFormat.java646if(delimiter!=null){thrownewIllegalStateException("");}
projects/Csv8/src/main/java/org/apache/commons/csv/CSVFormat.java646QuotequotePolicy=quotePolicy.getFormat("quotePolicy");
projects/Csv8/src/main/java/org/apache/commons/csv/CSVFormat.java646QuotequotePolicy=quotePolicy.getFormat();
projects/Csv8/src/main/java/org/apache/commons/csv/CSVFormat.java646Characterdelimiter=quotePolicy.getDelimiter(c);
projects/Csv8/src/main/java/org/apache/commons/csv/CSVFormat.java646QuotequotePolicy=quotePolicy.getFormat("quotepolicy");
projects/Csv8/src/main/java/org/apache/commons/csv/CSVFormat.java646Characterc=quotePolicy.getCSV(c);
projects/Csv8/src/main/java/org/apache/commons/csv/CSVFormat.java646if(delimiter!=quote.charValue()){
projects/Csv8/src/main/java/org/apache/commons/csv/CSVFormat.java646if(delimiter!=quotePolicy.charValue()){
projects/Csv8/src/main/java/org/apache/commons/csv/CSVFormat.java646if(delimiter!=null&&delimiter==this.commentStart.charValue()){
projects/Csv8/src/main/java/org/apache/commons/csv/CSVFormat.java646if(delimiter!=null&&commentStart==description.charValue()){
projects/Csv8/src/main/java/org/apache/commons/csv/CSVFormat.java646if(delimiter!=null&&commentStart==DEFAULT.charValue()){
projects/Csv8/src/main/java/org/apache/commons/csv/CSVFormat.java646if(delimiter!=null&&delimiter==quoteChar.toString()){
projects/Csv8/src/main/java/org/apache/commons/csv/CSVFormat.java646if(delimiter!=null&&quoteChar.charValue()==commentStart){
projects/Csv8/src/main/java/org/apache/commons/csv/CSVFormat.java646QuotequotePolicy=quotePolicy.getInstance();
projects/Csv8/src/main/java/org/apache/commons/csv/CSVFormat.java646quoteChar=quoteChar.charValue();
projects/Csv8/src/main/java/org/apache/commons/csv/CSVFormat.java646Characterc=quoteChar.getCharacter();
projects/Csv8/src/main/java/org/apache/commons/csv/CSVFormat.java646if(delimiter==commentStart.charValue()){
projects/Csv8/src/main/java/org/apache/commons/csv/CSVFormat.java646if(delimiter!=quotePolicy.characterValue()){
projects/Csv8/src/main/java/org/apache/commons/csv/CSVFormat.java646if(commentStart!=quotePolicy.charValue()){
projects/Csv8/src/main/java/org/apache/commons/csv/CSVFormat.java646if(delimiter!=quotePolicy.commentStart){
projects/Csv8/src/main/java/org/apache/commons/csv/CSVFormat.java646if(delimiter!=quotePolicy.commentStart()){
projects/Csv8/src/main/java/org/apache/commons/csv/CSVFormat.java646if(delimiter!=quotePolicy.title()){
projects/Csv8/src/main/java/org/apache/commons/csv/CSVFormat.java646if(delimiter!=quotePolicy.quoteChar()){
projects/Csv8/src/main/java/org/apache/commons/csv/CSVFormat.java646if(delimiter!=null&&delimiter!=quoteChar.charValue()){
projects/Csv8/src/main/java/org/apache/commons/csv/CSVFormat.java646if(delimiter!=null&&delimiter==quote.charValue()){
projects/Csv8/src/main/java/org/apache/commons/csv/CSVFormat.java646if(delimiter!=null&&delimiter==quotePolicy.charValue()){
projects/Csv8/src/main/java/org/apache/commons/csv/CSVFormat.java646if(c==quoteChar.charValue()){
projects/Csv8/src/main/java/org/apache/commons/csv/CSVFormat.java646if(delimiter==quoteChar.length()){
projects/Csv8/src/main/java/org/apache/commons/csv/CSVFormat.java646if(delimiter==quoteChar.toLowerCase()){
projects/Csv8/src/main/java/org/apache/commons/csv/CSVFormat.java646if(c!=quoteChar.charValue()){
projects/Csv8/src/main/java/org/apache/commons/csv/CSVFormat.java646if(delimiter!=null&&quoteChar!=c.charValue()){
projects/Csv8/src/main/java/org/apache/commons/csv/CSVFormat.java646if(c!=null&&delimiter==quoteChar.length()){
projects/Csv8/src/main/java/org/apache/commons/csv/CSVFormat.java646if(c!=null&&delimiter==quote.charValue()){
projects/Csv8/src/main/java/org/apache/commons/csv/CSVFormat.java646if(c!=null&&delimiter==quoteChar.toString()){
projects/Csv8/src/main/java/org/apache/commons/csv/CSVFormat.java646if(commentStart!=null&&quoteStart==delimiter.charValue()){
projects/Csv8/src/main/java/org/apache/commons/csv/CSVFormat.java646if(delimiter!=null&&quoteStart==delimiter.toString()){
projects/Csv8/src/main/java/org/apache/commons/csv/CSVFormat.java646if(this.commentStart!=null&&delimiter==this.commentStart.charValue()){
projects/Csv8/src/main/java/org/apache/commons/csv/CSVFormat.java646if(commentStart!=null&&delimiter==this.commentStart.charValue()){
projects/Csv8/src/main/java/org/apache/commons/csv/CSVFormat.java646if(delimiter!=null&&delimiter==quoteChar.toCharArray()){
projects/Csv8/src/main/java/org/apache/commons/csv/CSVFormat.java646if(delimiter!=null&&delimiter!=quoteChar.toCharArray()){
projects/Csv8/src/main/java/org/apache/commons/csv/CSVFormat.java646if(delimiter!=null&&delimiter==quotePolicy.toCharArray()){
projects/Csv8/src/main/java/org/apache/commons/csv/CSVFormat.java646if(delimiter!=null&&delimiter==commentStart.toCharArray()){
projects/Csv8/src/main/java/org/apache/commons/csv/CSVFormat.java646if(delimiter==quoteStart.charValue()){
projects/Csv8/src/main/java/org/apache/commons/csv/CSVFormat.java646if(commentStart!=null&&quoteChar.charValue()==delimiter.charValue()){
projects/Csv8/src/main/java/org/apache/commons/csv/CSVFormat.java646if(quoteChar!=null&&quoteChar.charValue()==delimiter.charValue()){
projects/Csv8/src/main/java/org/apache/commons/csv/CSVFormat.java646if(delimiter!=null&&quoteChar.charValue()==delimiter.charValue()){
projects/Csv8/src/main/java/org/apache/commons/csv/CSVFormat.java646if(commentStart!=null&&quoteChar!=delimiter.charValue()){
projects/Csv8/src/main/java/org/apache/commons/csv/CSVFormat.java646if(start!=null&&quoteChar!=delimiter.charValue()){
projects/Csv8/src/main/java/org/apache/commons/csv/CSVFormat.java646if(delimiter!=null&&quoteChar!=escape.charValue()){
projects/Csv8/src/main/java/org/apache/commons/csv/CSVFormat.java646if(delimiter!=null&&quoteChar!=templateChar.charValue()){
projects/Csv8/src/main/java/org/apache/commons/csv/CSVFormat.java646if(delimiter!=null&&quoteChar==null.charValue()){
projects/Csv8/src/main/java/org/apache/commons/csv/CSVFormat.java646if(delimiter!=null&&quoteChar!=null.charValue()){
projects/Csv8/src/main/java/org/apache/commons/csv/CSVFormat.java646if(commentStart!=null&&commentStart==null.charValue()){
projects/Csv8/src/main/java/org/apache/commons/csv/CSVFormat.java646if(delimiter!=null&&delimiter==start.toCharArray()){
projects/Csv8/src/main/java/org/apache/commons/csv/CSVFormat.java646if(delimiter!=null&&delimiter==start.intValue()){
projects/Csv8/src/main/java/org/apache/commons/csv/CSVFormat.java646if(delimiter!=null&&quoteChar==delimiter.getCharValue()){
projects/Csv8/src/main/java/org/apache/commons/csv/CSVFormat.java646if(delimiter!=null&&quoteChar!=delimiter.getCharValue()){
projects/Csv8/src/main/java/org/apache/commons/csv/CSVFormat.java646if(delimiter!=null&&delimiter==quoteChar.getCharValue()){
projects/Csv8/src/main/java/org/apache/commons/csv/CSVFormat.java646if(delimiter!=null&&commentStart==delimiter.length()){
projects/Csv8/src/main/java/org/apache/commons/csv/CSVFormat.java646if(delimiter!=null&&commentStart==quoteChar.length()){
projects/Csv8/src/main/java/org/apache/commons/csv/CSVFormat.java646if(start!=null&&commentStart==delimiter.length()){
projects/Csv8/src/main/java/org/apache/commons/csv/CSVFormat.java646if(commentStart!=null&&commentStart==delimiter.length()){
projects/Csv8/src/main/java/org/apache/commons/csv/CSVFormat.java646if(delimiter!=null&&delimiter==quoteChar.getValue()){
projects/Csv8/src/main/java/org/apache/commons/csv/CSVFormat.java646if(start!=null&&delimiter==start.getCharValue()){
projects/Csv8/src/main/java/org/apache/commons/csv/CSVFormat.java646if(delimiter!=null&&quoteChar==start.getCharValue()){
projects/Csv8/src/main/java/org/apache/commons/csv/CSVFormat.java646if(delimiter==null&&delimiter==start.getCharValue()){
projects/Csv8/src/main/java/org/apache/commons/csv/CSVFormat.java646QuotequotePolicy=quotePolicy.getFormat("commentStart");
projects/Csv8/src/main/java/org/apache/commons/csv/CSVFormat.java646QuotequotePolicy=quoteChar.getFormat("quotepolicy");
projects/Csv8/src/main/java/org/apache/commons/csv/CSVFormat.java646QuotequotePolicy=quotePolicy.getFormat("quote",null);
projects/Csv8/src/main/java/org/apache/commons/csv/CSVFormat.java646QuotequotePolicy=quotePolicy.getFormat("quote-policy");
projects/Csv8/src/main/java/org/apache/commons/csv/CSVFormat.java646Characterc=quoteChar.getCurrentChar();
projects/Csv8/src/main/java/org/apache/commons/csv/CSVFormat.java646Characterc=delimiter.getCurrentCharacter();
projects/Csv8/src/main/java/org/apache/commons/csv/CSVFormat.java646Characterc=quoteChar.getCurrentCharIndex();
projects/Csv8/src/main/java/org/apache/commons/csv/CSVFormat.java646Characterc=quoteChar.getSurroundingSpaces();
projects/Csv8/src/main/java/org/apache/commons/csv/CSVFormat.java646Characterc=quoteChar.getCurrentCharActer();
projects/Csv8/src/main/java/org/apache/commons/csv/CSVFormat.java646Characterc=quoteChar.getEscapedChar();
projects/Csv8/src/main/java/org/apache/commons/csv/CSVFormat.java646if(c!=null&&c==quoteChar.charValue()){
projects/Csv8/src/main/java/org/apache/commons/csv/CSVFormat.java646if(quoteChar!=null&&commentStart==quoteChar.charValue()){
projects/Csv8/src/main/java/org/apache/commons/csv/CSVFormat.java646if(commentStart!=null&&commentStart==quoteChar.toString()){
projects/Csv8/src/main/java/org/apache/commons/csv/CSVFormat.java646if(commentStart!=null&&quoteChar!=this.commentStart.charValue()){
projects/Csv8/src/main/java/org/apache/commons/csv/CSVFormat.java646if(this.commentStart!=null&&quoteChar!=delimiter.charValue()){
projects/Csv8/src/main/java/org/apache/commons/csv/CSVFormat.java646Characterc=quotePolicy.getCSV(escape);
projects/Csv8/src/main/java/org/apache/commons/csv/CSVFormat.java646Characterc=quoteChar.getCSV(c);
projects/Csv8/src/main/java/org/apache/commons/csv/CSVFormat.java646Characterc=set.getCSV(c);
projects/Csv8/src/main/java/org/apache/commons/csv/CSVFormat.java646Characterc=quotePolicy.getCSV(quoteChar);
projects/Csv8/src/main/java/org/apache/commons/csv/CSVFormat.java646Characterc=quotePolicy.getCSV(defaultCharacter);
projects/Csv8/src/main/java/org/apache/commons/csv/CSVFormat.java646Characterc=quotePolicy.getCSV(c,escape);
projects/Csv8/src/main/java/org/apache/commons/csv/CSVFormat.java646if(delimiter!=quoteStart.length()){
projects/Csv8/src/main/java/org/apache/commons/csv/CSVFormat.java646if(c!=quoteStart.charValue()){
projects/Csv8/src/main/java/org/apache/commons/csv/CSVFormat.java646Characterc=quoteCharacter.getCurrentCharacter();
projects/Csv8/src/main/java/org/apache/commons/csv/CSVFormat.java646Characterc=quotePolicy.getCurrentChar();
projects/Csv8/src/main/java/org/apache/commons/csv/CSVFormat.java646Characterc=quoteSurroundingSpaces.getCurrentCharacter();
projects/Csv8/src/main/java/org/apache/commons/csv/CSVFormat.java646Characterc=quoteDelimiter.getCurrentCharacter();
projects/Csv8/src/main/java/org/apache/commons/csv/CSVFormat.java646if(quoteChar!=null&&delimiter==quoteChar.charValue()){
projects/Csv8/src/main/java/org/apache/commons/csv/CSVFormat.java646if(delimiter!=null&&quoteChar.charValue()==delimiter){
projects/Csv8/src/main/java/org/apache/commons/csv/CSVFormat.java646QuotequotePolicy=quoteChar.getInstance();
projects/Csv8/src/main/java/org/apache/commons/csv/CSVFormat.java646QuotequotePolicy=quotePolicy.getInstance(c);
projects/Csv8/src/main/java/org/apache/commons/csv/CSVFormat.java646QuotequotePolicy=quotePolicy.getInstanceUTC();
projects/Csv8/src/main/java/org/apache/commons/csv/CSVFormat.java646QuotequotePolicy=quotePolicy.getInstanceUTF8();
projects/Csv8/src/main/java/org/apache/commons/csv/CSVFormat.java646QuotequotePolicy=quotePolicy.getInstance(quoteChar);
projects/Csv8/src/main/java/org/apache/commons/csv/CSVFormat.java646QuotequotePolicy=quotePolicy.getInstanceType();
projects/Csv8/src/main/java/org/apache/commons/csv/CSVFormat.java646if(commentStart!=null&&commentStart==quoteChar.getCharValue()){
projects/Csv8/src/main/java/org/apache/commons/csv/CSVFormat.java646if(c!=null&&c==delimiter.getCharValue()){
projects/Csv8/src/main/java/org/apache/commons/csv/CSVFormat.java646if(delimiter!=null&&commentStart!=delimiter.getCharValue()){
projects/Csv8/src/main/java/org/apache/commons/csv/CSVFormat.java646if(delimiter!=null&&delimiter==quoteStart.charValue()){
projects/Csv8/src/main/java/org/apache/commons/csv/CSVFormat.java646QuotequotePolicy=quoteChar.getFormat();
projects/Csv8/src/main/java/org/apache/commons/csv/CSVFormat.java646QuotequotePolicy=quotePolicy!=null?quotePolicy.getFormat():null;
projects/Csv8/src/main/java/org/apache/commons/csv/CSVFormat.java646QuotequotePolicy=quotePolicy!=null?quotePolicy.getFormat():DEFAULT;
projects/Csv8/src/main/java/org/apache/commons/csv/CSVFormat.java646QuotequotePolicy=quotePolicy.getPosition();
projects/Csv8/src/main/java/org/apache/commons/csv/CSVFormat.java646QuotequotePolicy=quote.getFormat();
projects/Csv8/src/main/java/org/apache/commons/csv/CSVFormat.java646if(delimiter!=quoteChar.length()){
projects/Csv8/src/main/java/org/apache/commons/csv/CSVFormat.java646if(commentStart!=quoteChar.charValue()){
projects/Csv8/src/main/java/org/apache/commons/csv/CSVFormat.java646if(delimiter!=quoteChar.toLowerCase()){
projects/Csv8/src/main/java/org/apache/commons/csv/CSVFormat.java646Characterc=quoteChar.getCharacter(c);
projects/Csv8/src/main/java/org/apache/commons/csv/CSVFormat.java646Characterc=quotePolicy.getCharacter(quoteChar);
projects/Csv8/src/main/java/org/apache/commons/csv/CSVFormat.java646Characterc=quotePolicy.getCharacter(c,escape);
projects/Csv8/src/main/java/org/apache/commons/csv/CSVFormat.java646Characterc=quotePolicy.getCharacter(escape);
projects/Csv8/src/main/java/org/apache/commons/csv/CSVFormat.java646Characterc=set.getCharacter(c);
projects/Csv8/src/main/java/org/apache/commons/csv/CSVFormat.java646Characterc=delimiter.getCharacter(c);
projects/Csv8/src/main/java/org/apache/commons/csv/CSVFormat.java646if(delimiter!=null&&delimiter==quoteChar.getChar()){
projects/Csv8/src/main/java/org/apache/commons/csv/CSVFormat.java646if(start!=null&&delimiter==start.getChar()){
projects/Csv8/src/main/java/org/apache/commons/csv/CSVFormat.java646if(delimiter!=null&&delimiter==quoteStart.getChar()){
projects/Csv8/src/main/java/org/apache/commons/csv/CSVFormat.java646if(delimiter!=null&&quoteChar==start.getChar()){
projects/Csv8/src/main/java/org/apache/commons/csv/CSVFormat.java646if(delimiter==null&&delimiter==start.getChar()){
projects/Csv8/src/main/java/org/apache/commons/csv/CSVFormat.java646QuotequotePolicy=quotePolicy.getFormat("CSVFormat");
projects/Csv8/src/main/java/org/apache/commons/csv/CSVFormat.java646QuotequotePolicy=quoteChar.getFormat("quotePolicy");
projects/Csv8/src/main/java/org/apache/commons/csv/CSVFormat.java646QuotequotePolicy=quotePolicy.getFormat("CommentStart");
projects/Csv8/src/main/java/org/apache/commons/csv/CSVFormat.java646if(delimiter!=null&&quoteStart==quoteStart.toString()){
projects/Csv8/src/main/java/org/apache/commons/csv/CSVFormat.java646if(delimiter!=null&&quoteStart!=quoteStart.toString()){
projects/Csv8/src/main/java/org/apache/commons/csv/CSVFormat.java646if(commentStart!=null&&delimiter==quoteChar.toString()){
projects/Csv8/src/main/java/org/apache/commons/csv/CSVFormat.java646if(delimiter!=null&&commentStart==quoteStart.toString()){
projects/Csv8/src/main/java/org/apache/commons/csv/CSVFormat.java646if(source!=null||commentStart==delimiter.charValue()){
projects/Csv8/src/main/java/org/apache/commons/csv/CSVFormat.java646if(source!=null||commentStart==source.charValue()){
projects/Csv8/src/main/java/org/apache/commons/csv/CSVFormat.java646if(source!=null&&commentStart==source.charValue()){
projects/Csv8/src/main/java/org/apache/commons/csv/CSVFormat.java646if(delimiter!=null&&quoteChar==source.charValue()){
projects/Csv8/src/main/java/org/apache/commons/csv/CSVFormat.java646if(source!=null&&commentStart==delimiter.charValue()){
projects/Csv8/src/main/java/org/apache/commons/csv/CSVFormat.java646StringcommentStart=quoteChar.substring(0,quoteChar.length()-3);
projects/Csv8/src/main/java/org/apache/commons/csv/CSVFormat.java646StringcommentStart=quoteChar.substring(0,quoteChar.length()+1);
projects/Csv8/src/main/java/org/apache/commons/csv/CSVFormat.java646StringcommentStart=quoteChar.substring(0,quoteChar.length()-4);
projects/Csv8/src/main/java/org/apache/commons/csv/CSVFormat.java646CharactercommentStart=quoteChar.substring(0,quoteChar.length());
projects/Csv8/src/main/java/org/apache/commons/csv/CSVFormat.java646if(delimiter!=null&&quoteChar==delimiter.toString()){
projects/Csv8/src/main/java/org/apache/commons/csv/CSVFormat.java646if(delimiter!=null&&quoteChar!=delimiter.toString()){
projects/Csv8/src/main/java/org/apache/commons/csv/CSVFormat.java646if(delimiter!=null&&commentStart==quoteChar.toString()){
projects/Csv8/src/main/java/org/apache/commons/csv/CSVFormat.java646if(delimiter!=null&&quoteChar==DEFAULT.charValue()){
projects/Csv8/src/main/java/org/apache/commons/csv/CSVFormat.java646if(delimiter!=null&&commentStart==DEFAULT.VALUE_STRING){
projects/Csv8/src/main/java/org/apache/commons/csv/CSVFormat.java646if(delimiter!=null&&commentStart==DEFAULT.INVALID_COMMENT){
projects/Csv8/src/main/java/org/apache/commons/csv/CSVFormat.java646if(delimiter!=null&&commentStart==DEFAULT.DEFAULT.charValue()){
projects/Csv8/src/main/java/org/apache/commons/csv/CSVFormat.java646if(delimiter!=null&&commentStart==DEFAULT.DEFAULT.CHARValue()){
projects/Csv8/src/main/java/org/apache/commons/csv/CSVFormat.java646if(delimiter!=null&&commentStart==DEFAULT.IN_VALUE.charValue()){
projects/Csv8/src/main/java/org/apache/commons/csv/CSVFormat.java646if(commentStart!=null&&quoteChar==delimiter.charValue()){
projects/Csv8/src/main/java/org/apache/commons/csv/CSVFormat.java646if(this.commentStart!=null&&quoteChar==delimiter.charValue()){
projects/Csv8/src/main/java/org/apache/commons/csv/CSVFormat.java646quoteChar=c.charValue();
projects/Csv8/src/main/java/org/apache/commons/csv/CSVFormat.java646quoteChar=delimiter.charValue();
projects/Csv8/src/main/java/org/apache/commons/csv/CSVFormat.java646quoteChar=quoteChar.toCharArray();
projects/Csv8/src/main/java/org/apache/commons/csv/CSVFormat.java646QuotequoteChar=quoteChar.getValue();
projects/Csv8/src/main/java/org/apache/commons/csv/CSVFormat.java646charquoteChar=quoteChar.charValue();
projects/Csv8/src/main/java/org/apache/commons/csv/CSVFormat.java646quoteChar=escape.charValue();
projects/Csv8/src/main/java/org/apache/commons/csv/CSVFormat.java646if(delimiter!=null&&quoteChar>=delimiter.charValue()){
projects/Csv8/src/main/java/org/apache/commons/csv/CSVFormat.java646While(delimiter!=null&&delimiter.equals(c)){thrownewIllegalStateException("");}
projects/Csv8/src/main/java/org/apache/commons/csv/CSVFormat.java646While(delimiter!=null&&quoteChar.equals(c)){thrownewIllegalStateException("");}
projects/Csv8/src/main/java/org/apache/commons/csv/CSVFormat.java646While(c!=null&&delimiter!=null){thrownewIllegalStateException("");}
projects/Csv8/src/main/java/org/apache/commons/csv/CSVFormat.java646While(delimiter!=null){thrownewIllegalStateException("");}
projects/Csv8/src/main/java/org/apache/commons/csv/CSVFormat.java646While(c!=null&&c!=delimiter){thrownewIllegalStateException("");}
projects/Csv8/src/main/java/org/apache/commons/csv/CSVFormat.java646While(delimiter!=null&&delimiter.charValue()=='"'){thrownewIllegalStateException("");}
projects/Csv8/src/main/java/org/apache/commons/csv/CSVFormat.java646StringcommentStart=quoteChar.substring(0,quotes.length());
projects/Csv8/src/main/java/org/apache/commons/csv/CSVFormat.java646StringcommentStart=quoteChar.substring(0,quotedChar.length());
projects/Csv8/src/main/java/org/apache/commons/csv/CSVFormat.java646StringcommentStart=quotedChar.substring(0,quoteChar.length());
projects/Csv8/src/main/java/org/apache/commons/csv/CSVFormat.java646if(quoteChar!=null&&quoteChar!=delimiter.charValue()){
projects/Csv8/src/main/java/org/apache/commons/csv/CSVFormat.java646if(delimiter==null&&quoteChar!=delimiter.charValue()){
projects/Csv8/src/main/java/org/apache/commons/csv/CSVFormat.java646if(commentStart!=null&&commentStart!=delimiter.charValue()){
projects/Csv8/src/main/java/org/apache/commons/csv/CSVFormat.java646if(delimiter!=null&&quoteChar==description.charValue()){
projects/Csv8/src/main/java/org/apache/commons/csv/CSVFormat.java646if(delimiter!=null&&commentStart==description.getCharValue()){
projects/Csv8/src/main/java/org/apache/commons/csv/CSVFormat.java646if(delimiter!=null&&description.charValue()==delimiter.charValue()){
projects/Csv8/src/main/java/org/apache/commons/csv/CSVFormat.java646if(delimiter!=null&&commentStart==description.toString()){
projects/Csv8/src/main/java/org/apache/commons/csv/CSVFormat.java646if(delimiter!=null&&delimiter==description.charValue()){
projects/Csv8/src/main/java/org/apache/commons/csv/CSVFormat.java646if(quoteChar!=null&&quoteChar==delimiter.charValue()){
projects/Csv8/src/main/java/org/apache/commons/csv/CSVFormat.java646if(quoteChar!=null&&quoteChar.charValue()){
projects/Csv8/src/main/java/org/apache/commons/csv/CSVFormat.java646if(delimiter!=null&&quoteChar.equals(c)){
projects/Csv8/src/main/java/org/apache/commons/csv/CSVFormat.java646if(commentStart!=null&&quoteChar.equals(commentStart)){
projects/Csv8/src/main/java/org/apache/commons/csv/CSVFormat.java646if(commentStart!=null&&quoteChar.equals(delimiter)){
projects/Csv8/src/main/java/org/apache/commons/csv/CSVFormat.java646if(quoteChar!=null&&quoteChar.equals(c)){
projects/Csv8/src/main/java/org/apache/commons/csv/CSVFormat.java646if(start!=null&&quoteChar==delimiter.charValue()){
projects/Csv8/src/main/java/org/apache/commons/csv/CSVFormat.java646if(delimiter!=null&&quoteChar==escape.charValue()){
projects/Csv8/src/main/java/org/apache/commons/csv/CSVFormat.java646if(delimiter!=null&&commentStart==escape.getChar()){
projects/Csv8/src/main/java/org/apache/commons/csv/CSVFormat.java646if(escape!=null&&delimiter==escape.charValue()){
projects/Csv8/src/main/java/org/apache/commons/csv/CSVFormat.java646if(delimiter!=null&&commentStart==escape.getCharValue()){
projects/Csv8/src/main/java/org/apache/commons/csv/CSVFormat.java646if(escape!=null&&commentStart==escape.charValue()){
projects/Csv8/src/main/java/org/apache/commons/csv/CSVFormat.java646if(delimiter!=null&&commentStart==escape.length()){
projects/Csv8/src/main/java/org/apache/commons/csv/CSVFormat.java646if(delimiter!=null&&quoteStart==quoteStart.length()){
projects/Csv8/src/main/java/org/apache/commons/csv/CSVFormat.java646if(delimiter!=null&&quoteStart!=quoteStart.length()){
projects/Csv8/src/main/java/org/apache/commons/csv/CSVFormat.java646if(delimiter!=null&&commentStart==quoteStart.length()){
projects/Csv8/src/main/java/org/apache/commons/csv/CSVFormat.java646if(quoteStart!=null&&delimiter==quoteStart.length()){
projects/Csv8/src/main/java/org/apache/commons/csv/CSVFormat.java646if(commentStart!=null&&delimiter==quoteChar.length()){
projects/Csv8/src/main/java/org/apache/commons/csv/CSVFormat.java646if(delimiter!=null&&quoteChar.toString()){
projects/Csv8/src/main/java/org/apache/commons/csv/CSVFormat.java646if(delimiter!=null&&quoteChar.toString().equals(c)){
projects/Csv8/src/main/java/org/apache/commons/csv/CSVFormat.java646if(delimiter!=null&&quoteChar.charValue()==quoteStart.charValue()){
projects/Csv8/src/main/java/org/apache/commons/csv/CSVFormat.java646if(delimiter!=null&&delimiter==quoteChar.length()){
projects/Csv8/src/main/java/org/apache/commons/csv/CSVFormat.java646if(delimiter!=null&&delimiter==commentStart.length()){
projects/Csv8/src/main/java/org/apache/commons/csv/CSVFormat.java646if(delimiter!=null&&delimiter==quoteStart.length()){
projects/Csv8/src/main/java/org/apache/commons/csv/CSVFormat.java646if(commentStart!=null&&delimiter==start.length()){
projects/Csv8/src/main/java/org/apache/commons/csv/CSVFormat.java646if(delimiter==null&&delimiter==quoteChar.length()){
projects/Csv8/src/main/java/org/apache/commons/csv/CSVFormat.java646if(start!=null&&delimiter==start.length()){
projects/Csv8/src/main/java/org/apache/commons/csv/CSVFormat.java646Characterc=delimiter.getCharacter();
projects/Csv8/src/main/java/org/apache/commons/csv/CSVFormat.java646Characterc=quoteChar.getCSVFormat();
projects/Csv8/src/main/java/org/apache/commons/csv/CSVFormat.java646Characterc=quoteChar.getDelimiter();
projects/Csv8/src/main/java/org/apache/commons/csv/CSVFormat.java646Characterc=quoteChar.getCSV();
projects/Csv8/src/main/java/org/apache/commons/csv/CSVFormat.java646Characterc=quoteChar.toCharArray();
projects/Csv8/src/main/java/org/apache/commons/csv/CSVFormat.java646if(commentStart!=null&&quoteChar.charValue()){
projects/Csv8/src/main/java/org/apache/commons/csv/CSVFormat.java646Characterc=delimiter.charValue();
projects/Csv8/src/main/java/org/apache/commons/csv/CSVFormat.java646Characterc=quoteChar.toCharBuffer();
projects/Csv8/src/main/java/org/apache/commons/csv/CSVFormat.java646Characterc=escape.charValue();
projects/Csv8/src/main/java/org/apache/commons/csv/CSVFormat.java646Characterc=character.charValue();
projects/Csv8/src/main/java/org/apache/commons/csv/CSVFormat.java646StringcommentStart=quoteChar.substring(0,quotes.length()-1);
projects/Csv8/src/main/java/org/apache/commons/csv/CSVFormat.java646StringcommentStart=quoteChar.substring(0,quoteChar.length()));
projects/Csv8/src/main/java/org/apache/commons/csv/CSVFormat.java646StringcommentStart=quoteString.substring(0,quoteChar.length());
projects/Csv8/src/main/java/org/apache/commons/csv/CSVFormat.java646if(commentStart!=null&&delimiter!=quoteChar.charValue()){
projects/Csv8/src/main/java/org/apache/commons/csv/CSVFormat.java646if(delimiter!=null&&delimiter!=quoteChar.toString()){
projects/Csv8/src/main/java/org/apache/commons/csv/CSVFormat.java646if(delimiter!=null&&delimiter==commentStart.toString()){
projects/Csv8/src/main/java/org/apache/commons/csv/CSVFormat.java646if(delimiter!=null&&delimiter==quote.toString()){
projects/Csv8/src/main/java/org/apache/commons/csv/CSVFormat.java646if(delimiter!=null&&delimiter.toString()){
projects/Csv8/src/main/java/org/apache/commons/csv/CSVFormat.java646Characterdelimiter=quoteChar.getDelimiter(c);
projects/Csv8/src/main/java/org/apache/commons/csv/CSVFormat.java646Characterdelimiter=quotePolicy.getDelimiter(c,escape);
projects/Csv8/src/main/java/org/apache/commons/csv/CSVFormat.java646Characterdelimiter=quotePolicy.getDelimiter(c,c);
projects/Csv8/src/main/java/org/apache/commons/csv/CSVFormat.java646Characterdelimiter=quotePolicy.getDelimiter(c,delimiter);
projects/Csv8/src/main/java/org/apache/commons/csv/CSVFormat.java646Characterdelimiter=quotePolicy.getDelimiter(escape);
projects/Csv8/src/main/java/org/apache/commons/csv/CSVFormat.java646Characterdelimiter=quotePolicy.getDelimiter(quoteChar);
projects/Csv8/src/main/java/org/apache/commons/csv/CSVFormat.java646if(commentStart!=null&&quoteChar.charValue()==delimiter){
projects/Csv8/src/main/java/org/apache/commons/csv/CSVFormat.java646if(delimiter!=null&&quoteChar.charValue()==descriptionStart){
projects/Csv8/src/main/java/org/apache/commons/csv/CSVFormat.java646if(quoteChar!=null&&quoteChar.charValue()==delimiter){
projects/Csv8/src/main/java/org/apache/commons/csv/CSVFormat.java646if(delimiter!=null&&quoteChar.charValue()==character){
projects/Csv8/src/main/java/org/apache/commons/csv/CSVFormat.java646if(c!=quote.charValue()){
projects/Csv8/src/main/java/org/apache/commons/csv/CSVFormat.java646if(delimiter!=quote.length()){
projects/Csv8/src/main/java/org/apache/commons/csv/CSVFormat.java646if(delimiter!=null&&delimiter==quoteStart.toString()){
projects/Csv8/src/main/java/org/apache/commons/csv/CSVFormat.java646if(delimiter!=null&&quoteChar==start.toString()){
projects/Csv8/src/main/java/org/apache/commons/csv/CSVFormat.java646if(delimiter!=null&&delimiter==quotePolicy.toString()){
projects/Csv8/src/main/java/org/apache/commons/csv/CSVFormat.java646if(commentStart!=null&&quoteStart!=delimiter.charValue()){
projects/Csv8/src/main/java/org/apache/commons/csv/CSVFormat.java646if(quoteStart!=null&&quoteStart==delimiter.charValue()){
projects/Csv8/src/main/java/org/apache/commons/csv/CSVFormat.java646StringcommentStart=quoteChar.substring(0,quoteChar.length()-10);
projects/Csv8/src/main/java/org/apache/commons/csv/CSVFormat.java646if(delimiter!=null&&commentStart==end.charValue()){
projects/Csv8/src/main/java/org/apache/commons/csv/CSVFormat.java646if(delimiter!=null&&start==commentStart.length()){
projects/Csv8/src/main/java/org/apache/commons/csv/CSVFormat.java646if(delimiter!=null&&delimiter==this.commentStart.length()){
projects/Csv8/src/main/java/org/apache/commons/csv/CSVFormat.java646Characterc=this.quotePolicy.getCharacter(c);
projects/Csv8/src/main/java/org/apache/commons/csv/CSVFormat.java646Characterc=quotePolicy.getCharacter(c,delimiter);
projects/Csv8/src/main/java/org/apache/commons/csv/CSVFormat.java646if(delimiter!=null&&delimiter.charValue()==quoteChar.charValue()){
projects/Csv8/src/main/java/org/apache/commons/csv/CSVFormat.java646if(delimiter!=null&&delimiter.charValue()==commentStart){
projects/Csv8/src/main/java/org/apache/commons/csv/CSVFormat.java646if(delimiter!=null&&quoteChar.charValue()==c){
projects/Csv8/src/main/java/org/apache/commons/csv/CSVFormat.java646if(delimiter==quoteChar.toCharArray()){
projects/Csv8/src/main/java/org/apache/commons/csv/CSVFormat.java646if(delimiter!=null&&delimiter.equals(commentStart)){
projects/Csv8/src/main/java/org/apache/commons/csv/CSVFormat.java646if(delimiter!=null&&delimiter.equals(c)){
projects/Csv8/src/main/java/org/apache/commons/csv/CSVFormat.java646if(delimiter!=null&&delimiter.equals(quoteChar)){
projects/Csv8/src/main/java/org/apache/commons/csv/CSVFormat.java646QuotequotePolicy=this.quotePolicy.getFormat();
projects/Csv8/src/main/java/org/apache/commons/csv/CSVFormat.java646QuotequotePolicy=quotePolicy.createFormat("n");
projects/Csv8/src/main/java/org/apache/commons/csv/CSVFormat.java646QuotequotePolicy=quotePolicy.getCharacter();
projects/Csv8/src/main/java/org/apache/commons/csv/CSVFormat.java646if(delimiter!=null&&delimiter==descriptionStart.charValue()){
projects/Csv8/src/main/java/org/apache/commons/csv/CSVFormat.java646if(delimiter==null){thrownewIllegalStateException("");}
projects/Csv8/src/main/java/org/apache/commons/csv/CSVFormat.java646safeMultiply(delimiter){thrownewIllegalStateException("");}
projects/Csv8/src/main/java/org/apache/commons/csv/CSVFormat.java646Deserializer<Character>delimiter=getDelimiter(c);
projects/Csv8/src/main/java/org/apache/commons/csv/CSVFormat.java646if(delimiter!=null){thrownewIllegalStateException("",delimiter);}
projects/Csv8/src/main/java/org/apache/commons/csv/CSVFormat.java646if(delimiter!=null){thrownewIllegalStateException("".);}
projects/Csv8/src/main/java/org/apache/commons/csv/CSVFormat.java646securityChecker.checkState(delimiter!=null);
projects/Csv8/src/main/java/org/apache/commons/csv/CSVFormat.java646if(delimiter!=null&&delimiter==delimiter.length()){
projects/Csv8/src/main/java/org/apache/commons/csv/CSVFormat.java646if(commentStart!=delimiter.getCharValue()){
projects/Csv8/src/main/java/org/apache/commons/csv/CSVFormat.java646if(delimiter!=commentStart.length()){
projects/Csv8/src/main/java/org/apache/commons/csv/CSVFormat.java646if(delimiter!=null&&quoteStart!=quoteChar.charValue()){
projects/Csv8/src/main/java/org/apache/commons/csv/CSVFormat.java646if(delimiter!=null&&commentStart!=quoteChar.charValue()){
projects/Csv8/src/main/java/org/apache/commons/csv/CSVFormat.java646QuotequoteChar=quotePolicy.getFormat();
projects/Csv8/src/main/java/org/apache/commons/csv/CSVFormat.java646QuotequoteChar=quotePolicy.getInstance();
projects/Csv8/src/main/java/org/apache/commons/csv/CSVFormat.java646if(delimiter!=null&&quoteStart==delimiter.length()){
projects/Csv8/src/main/java/org/apache/commons/csv/CSVFormat.java646QuotequotePolicy=quotePolicy.getFormat("commentpolicy");
projects/Csv8/src/main/java/org/apache/commons/csv/CSVFormat.java646if(delimiter!=null&&delimiter!=this.commentStart.charValue()){
projects/Csv8/src/main/java/org/apache/commons/csv/CSVFormat.java646if(delimiter!=null&&commentStart!=this.commentStart.charValue()){
projects/Csv8/src/main/java/org/apache/commons/csv/CSVFormat.java646if(delimiter!=null&&this.commentStart!=delimiter.charValue()){
projects/Csv8/src/main/java/org/apache/commons/csv/CSVFormat.java646if(delimiter!=null&&delimiter==commentStart.getCharValue()){
projects/Csv8/src/main/java/org/apache/commons/csv/CSVFormat.java646if(delimiter!=null&&commentStart==DEFAULT.getCharValue()){
projects/Csv8/src/main/java/org/apache/commons/csv/CSVFormat.java646if(delimiter!=null&&description.equals(delimiter.charValue())){
projects/Csv8/src/main/java/org/apache/commons/csv/CSVFormat.java646if(delimiter!=null&&delimiter==description.toString()){
projects/Csv8/src/main/java/org/apache/commons/csv/CSVFormat.java646if(delimiter!=null&&delimiter==description.getCharValue()){
projects/Csv8/src/main/java/org/apache/commons/csv/CSVFormat.java646if(delimiter!=null&&description.length()==0){
projects/Csv8/src/main/java/org/apache/commons/csv/CSVFormat.java646if(delimiter!=null&&delimiter==DEFAULT.DEFAULT.DEFAULT.DEFAULT){
projects/Csv8/src/main/java/org/apache/commons/csv/CSVFormat.java646if(delimiter!=null&&delimiter==DEFAULT.INVALID_COMMENT_START){
projects/Csv8/src/main/java/org/apache/commons/csv/CSVFormat.java646if(delimiter!=null&&delimiter==DEFAULT.DEFAULT.DEFAULT.DEFAULT.DEFAULT){
projects/Csv8/src/main/java/org/apache/commons/csv/CSVFormat.java646if(delimiter!=null&&commentStart==recordSeparator.toString()){
projects/Csv8/src/main/java/org/apache/commons/csv/CSVFormat.java646if(delimiter!=null&&commentStart==source.toString()){
projects/Csv8/src/main/java/org/apache/commons/csv/CSVFormat.java646if(delimiter!=null&&quoteStart==quoteChar.charValue()){
projects/Csv8/src/main/java/org/apache/commons/csv/CSVFormat.java646if(delimiter!=null&&delimiter.charValue()){
projects/Csv8/src/main/java/org/apache/commons/csv/CSVFormat.java646Characterc=quotePolicy.getCSV(delimiter);
projects/Csv8/src/main/java/org/apache/commons/csv/CSVFormat.java646Characterc=quotePolicy.getCSV(context);
projects/Csv8/src/main/java/org/apache/commons/csv/CSVFormat.java646Characterc=quotePolicy.getCSV(converter);
projects/Csv8/src/main/java/org/apache/commons/csv/CSVFormat.java646if(delimiter!=null&&delimiter==delimiter.getCharValue()){
projects/Csv8/src/main/java/org/apache/commons/csv/CSVFormat.java646Characterc=getCurrentCharacter();
projects/Csv8/src/main/java/org/apache/commons/csv/CSVFormat.java646if(delimiter!=quotePolicy.node()){
projects/Csv8/src/main/java/org/apache/commons/csv/CSVFormat.java646if(delimiter==quote.charValue()){
projects/Csv8/src/main/java/org/apache/commons/csv/CSVFormat.java646if(delimiter==quotePolicy.charValue()){
projects/Csv8/src/main/java/org/apache/commons/csv/CSVFormat.java646if(delimiter!=null&&delimiter==start.getCharIndex()){
projects/Csv8/src/main/java/org/apache/commons/csv/CSVFormat.java646if(delimiter!=null&&start==delimiter.getCharValue()){
projects/Csv8/src/main/java/org/apache/commons/csv/CSVFormat.java646if(delimiter!=null&&start!=delimiter.getCharValue()){
projects/Csv8/src/main/java/org/apache/commons/csv/CSVFormat.java646QuotequotePolicy=quotePolicy.getInstance(false);
projects/Csv8/src/main/java/org/apache/commons/csv/CSVFormat.java646QuotequotePolicy=quotePolicy.getInstance(DEFAULT);
projects/Csv8/src/main/java/org/apache/commons/csv/CSVFormat.java646QuotequotePolicy=quotePolicy.getInstance(quoteStart);
projects/Csv8/src/main/java/org/apache/commons/csv/CSVFormat.java646QuotequotePolicy=quotePolicy.getInstanceUTF();
projects/Csv8/src/main/java/org/apache/commons/csv/CSVFormat.java646if(delimiter!=quotePolicy.quoteCharValue()){
projects/Csv8/src/main/java/org/apache/commons/csv/CSVFormat.java646if(delimiter!=null&&c==quoteChar.charValue()){
projects/Csv8/src/main/java/org/apache/commons/csv/CSVFormat.java646if(delimiter!=null&&character==quoteChar.charValue()){
projects/Csv8/src/main/java/org/apache/commons/csv/CSVFormat.java646if(delimiter!=null&&delimiter==quote.length()){
projects/Csv8/src/main/java/org/apache/commons/csv/CSVFormat.java646if(delimiter!=null&&delimiter==quotePolicy.length()){
projects/Csv8/src/main/java/org/apache/commons/csv/CSVFormat.java646Characterc=quotePolicy.getCharacter();
projects/Csv8/src/main/java/org/apache/commons/csv/CSVFormat.java646Characterc=quoteChar.getEscapeChar();
projects/Csv8/src/main/java/org/apache/commons/csv/CSVFormat.java646if(delimiter!=null&&quoteStart!=delimiter.charValue()){
projects/Csv8/src/main/java/org/apache/commons/csv/CSVFormat.java646if(delimiter!=null&&delimiter!=start.length()){
projects/Csv8/src/main/java/org/apache/commons/csv/CSVFormat.java646if(delimiter!=null&&delimiter!=start.getCharValue()){
projects/Csv8/src/main/java/org/apache/commons/csv/CSVFormat.java646if(delimiter!=null&&quoteStart.charValue()==quoteChar.charValue()){
projects/Csv8/src/main/java/org/apache/commons/csv/CSVFormat.java646Characterc=quoteChar.toChars();
projects/Csv8/src/main/java/org/apache/commons/csv/CSVFormat.java646if(delimiter!=null&&delimiter==escape.charValue()){
projects/Csv8/src/main/java/org/apache/commons/csv/CSVFormat.java646if(delimiter!=null&&delimiter==escape.getChar()){
projects/Csv8/src/main/java/org/apache/commons/csv/CSVFormat.java646if(delimiter!=null&&delimiter==escape.getCharValue()){
projects/Csv8/src/main/java/org/apache/commons/csv/CSVFormat.java646if(delimiter!=null&&delimiter==escape.toString()){
projects/Csv8/src/main/java/org/apache/commons/csv/CSVFormat.java646Characterdelimiter=set.getDelimiter(c);
projects/Csv8/src/main/java/org/apache/commons/csv/CSVFormat.java646Characterdelimiter=quotePolicy.getDelimiter(delimiter);
projects/Csv8/src/main/java/org/apache/commons/csv/CSVFormat.java646Characterdelimiter=quotePolicy.getDelimiter(c).delimiter();
projects/Csv8/src/main/java/org/apache/commons/csv/CSVFormat.java646if(delimiter!=null&&delimiter==quoteStart.toCharArray()){
projects/Csv8/src/main/java/org/apache/commons/csv/CSVFormat.java646if(delimiter!=null&&delimiter!=commentStart.charValue()){
projects/Csv8/src/main/java/org/apache/commons/csv/CSVFormat.java646if(delimiter!=null&&commentStart!=delimiter.charValue()){
projects/Csv8/src/main/java/org/apache/commons/csv/CSVFormat.java646Characterc=quotePolicy.getCurrentCharChar();
projects/Csv8/src/main/java/org/apache/commons/csv/CSVFormat.java646Characterc=this.quotePolicy.getCurrentCharacter();
projects/Csv8/src/main/java/org/apache/commons/csv/CSVFormat.java646Characterc=quotePolicy.getCurrentCharChar(escape);
projects/Csv8/src/main/java/org/apache/commons/csv/CSVFormat.java646Characterc=quotePolicy.getCurrentCharCharacter();
projects/Csv8/src/main/java/org/apache/commons/csv/CSVFormat.java646if(delimiter!=quotePolicy.nullValue()){
projects/Csv8/src/main/java/org/apache/commons/csv/CSVFormat.java646if(delimiter!=quoteChar.toCharArray()){
projects/Csv8/src/main/java/org/apache/commons/csv/CSVFormat.java646if(delimiter!=null&&delimiter==this.commentStart+"'){
projects/Csv8/src/main/java/org/apache/commons/csv/CSVFormat.java646if(delimiter!=null&&delimiter==commentStart.getChar()){
projects/Csv8/src/main/java/org/apache/commons/csv/CSVFormat.java646if(delimiter!=null&&delimiter==quotePolicy.getChar()){
projects/Csv8/src/main/java/org/apache/commons/csv/CSVFormat.java646if(delimiter!=null&&delimiter==start.getLineno()){
projects/Csv8/src/main/java/org/apache/commons/csv/CSVFormat.java646QuotequotePolicy=quotePolicy.getFormat("cSVFormat");
projects/Csv8/src/main/java/org/apache/commons/csv/CSVFormat.java646QuotequotePolicy=quotePolicy.getFormat("commentPolicy");
projects/Csv8/src/main/java/org/apache/commons/csv/CSVFormat.java646if(source!=null){
projects/Csv8/src/main/java/org/apache/commons/csv/CSVFormat.java646if(delimiter!=null&&delimiter==source.charValue()){
projects/Csv8/src/main/java/org/apache/commons/csv/CSVFormat.java646if(delimiter!=null&&delimiter==source.getChars()){
projects/Csv8/src/main/java/org/apache/commons/csv/CSVFormat.java646if(delimiter!=null&&delimiter==source.toString()){
projects/Csv8/src/main/java/org/apache/commons/csv/CSVFormat.java646if(delimiter!=null&&delimiter==source.getCharValue()){
projects/Csv8/src/main/java/org/apache/commons/csv/CSVFormat.java646if(source!=null||delimiter!=source.charValue()){
projects/Csv8/src/main/java/org/apache/commons/csv/CSVFormat.java646if(commentStart!=null&&commentStart==quoteChar.length()){
projects/Csv8/src/main/java/org/apache/commons/csv/CSVFormat.java646if(commentStart!=null&&commentStart==description.charValue()){
projects/Csv8/src/main/java/org/apache/commons/csv/CSVFormat.java646if(delimiter!=null&&delimiter==quoteStart.getCharValue()){
projects/Csv8/src/main/java/org/apache/commons/csv/CSVFormat.java646if(delimiter!=null&&delimiter==point.getCharValue()){
projects/Csv8/src/main/java/org/apache/commons/csv/CSVFormat.java646QuotequotePolicy=quotePolicy.getInstance(c,delimiter);
projects/Csv8/src/main/java/org/apache/commons/csv/CSVFormat.java646QuotequotePolicy=quotePolicy.getInstance(c,DEFAULT);
projects/Csv8/src/main/java/org/apache/commons/csv/CSVFormat.java646QuotequotePolicy=quotePolicy.getInstance(Character.DEPRECATED);
projects/Csv8/src/main/java/org/apache/commons/csv/CSVFormat.java646if(delimiter!=null&&delimiter==quoteChar.getChars()){
projects/Csv8/src/main/java/org/apache/commons/csv/CSVFormat.java646if(delimiter!=null&&delimiter==DEFAULT.charValue()){
projects/Csv8/src/main/java/org/apache/commons/csv/CSVFormat.java646if(delimiter!=null&&delimiter==DEFAULT.toString()){
projects/Csv8/src/main/java/org/apache/commons/csv/CSVFormat.java646Characterc=delimiter.getCSV(c);
projects/Csv8/src/main/java/org/apache/commons/csv/CSVFormat.java646Characterc=quotePolicy.getCSV(c,delimiter);
projects/Csv8/src/main/java/org/apache/commons/csv/CSVFormat.java646if(delimiter!=quotePolicy.cSVValue()){
projects/Csv8/src/main/java/org/apache/commons/csv/CSVFormat.java646if(delimiter!=null&&delimiter==commentStart){thrownewIllegalStateException("");}
projects/Csv8/src/main/java/org/apache/commons/csv/CSVFormat.java646while(delimiter!=null&&delimiter.equals(commentStart)){thrownewIllegalStateException("");}
projects/Csv8/src/main/java/org/apache/commons/csv/CSVFormat.java646if(delimiter!=null&&delimiter==quoteChar.charValue()){thrownewIllegalStateException("");}
projects/Csv8/src/main/java/org/apache/commons/csv/CSVFormat.java646if(delimiter!=null){thrownewIllegalStateException("Thecommentstartcharacterandthedelimitercannotbethesame('"+commentStart+"')");}
projects/Csv8/src/main/java/org/apache/commons/csv/CSVFormat.java646if(delimiter!=null&&delimiter==commentStart){thrownewIllegalStateException("Thecommentstartcharacterandthedelimitercannotbethesame('"+commentStart+"')");}
projects/Csv8/src/main/java/org/apache/commons/csv/CSVFormat.java646Characterdelimiter=c.getDelimiter(quoteChar);
projects/Csv8/src/main/java/org/apache/commons/csv/CSVFormat.java646Characterdelimiter=quoteDelimiter.getDelimiter(c);
projects/Csv8/src/main/java/org/apache/commons/csv/CSVFormat.java646charc=quoteChar.charValue();
projects/Csv8/src/main/java/org/apache/commons/csv/CSVFormat.java646Characterc=writer.charValue();
projects/Csv8/src/main/java/org/apache/commons/csv/CSVFormat.java646if(delimiter!=null&&delimiter==quoteChar.toLowerCase()){
projects/Csv8/src/main/java/org/apache/commons/csv/CSVFormat.java646Characterc=quotePolicy.getCurrentCharacter(quoteChar);
projects/Csv8/src/main/java/org/apache/commons/csv/CSVFormat.java646if(delimiter!=null&&commentStart==templateChar.charValue()){
projects/Csv8/src/main/java/org/apache/commons/csv/CSVFormat.java646Characterc=quoteChar.delimiter();
projects/Csv8/src/main/java/org/apache/commons/csv/CSVFormat.java646Characterc=character.getCharacter();
projects/Csv8/src/main/java/org/apache/commons/csv/CSVFormat.java646Characterc=quoteChar.delimiterChar();
projects/Csv8/src/main/java/org/apache/commons/csv/CSVFormat.java646if(delimiter!=null&&delimiter==escape.commentStart){
projects/Csv8/src/main/java/org/apache/commons/csv/CSVFormat.java646if(delimiter!=null&&delimiter==escape.cValue()){
projects/Csv8/src/main/java/org/apache/commons/csv/CSVFormat.java646if(delimiter!=null&&delimiter==escape.hashCode()){
projects/Csv8/src/main/java/org/apache/commons/csv/CSVFormat.java646if(delimiter!=null&&delimiter==templateChar.charValue()){
projects/Csv8/src/main/java/org/apache/commons/csv/CSVFormat.java646if(delimiter!=null&&delimiter==character.charValue()){
projects/Csv8/src/main/java/org/apache/commons/csv/CSVFormat.java646if(delimiter!=null&&delimiter==this.commentStart.toString()){
projects/Csv8/src/main/java/org/apache/commons/csv/CSVFormat.java646if(delimiter!=null&&quoteChar==start.length()){
projects/Csv8/src/main/java/org/apache/commons/csv/CSVFormat.java646if(delimiter!=null&&delimiter==description.getChars()){
projects/Csv8/src/main/java/org/apache/commons/csv/CSVFormat.java646if(delimiter!=null&&delimiter==description.getChar()){
projects/Csv8/src/main/java/org/apache/commons/csv/CSVFormat.java646if(delimiter!=null&&delimiter==description.getCharacter()){
projects/Csv8/src/main/java/org/apache/commons/csv/CSVFormat.java646CharTypecommentStart=quoteChar.substring(0,quoteChar.length());
projects/Csv8/src/main/java/org/apache/commons/csv/CSVFormat.java646if(delimiter!=null&&commentStart==delimiter.toCharArray()){
projects/Csv8/src/main/java/org/apache/commons/csv/CSVFormat.java646if(delimiter!=null&&delimiter==description.toCharArray()){
projects/Csv8/src/main/java/org/apache/commons/csv/CSVFormat.java646if(delimiter!=null&&delimiter==templateChar.toCharArray()){
projects/Csv8/src/main/java/org/apache/commons/csv/CSVFormat.java646if(delimiter!=null&&delimiter<commentStart.length()){
projects/Csv8/src/main/java/org/apache/commons/csv/CSVFormat.java646QuotequotePolicy=quotePolicy.createFormat();
projects/Csv8/src/main/java/org/apache/commons/csv/CSVFormat.java646QuotequotePolicy=quotePolicy.createFormat(c);
projects/Csv8/src/main/java/org/apache/commons/csv/CSVFormat.java646QuotequoteChar=quotePolicy.getCSVFormat();
projects/Csv8/src/main/java/org/apache/commons/csv/CSVFormat.java646QuotequoteChar=quotePolicy.quoteChar();
projects/Csv8/src/main/java/org/apache/commons/csv/CSVFormat.java646if(delimiter!=null&&commentStart==source.getCharValue()){
projects/Csv8/src/main/java/org/apache/commons/csv/CSVFormat.java646if(delimiter!=null&&commentStart==buffer.getCharValue()){
projects/Csv8/src/main/java/org/apache/commons/csv/CSVFormat.java646if(delimiter!=null&&delimiter==point.getChar()){
projects/Csv8/src/main/java/org/apache/commons/csv/CSVFormat.java646if(delimiter!=null&&delimiter==templateChar.getChar()){
projects/Csv8/src/main/java/org/apache/commons/csv/CSVFormat.java646if(delimiter!=null&&delimiter<quoteChar.charValue()){
