projects/Math24/src/main/java/org/apache/commons/math3/optimization/univariate/BrentOptimizer.java122a=lo;
projects/Math24/src/main/java/org/apache/commons/math3/optimization/univariate/BrentOptimizer.java122a=hi;
projects/Math24/src/main/java/org/apache/commons/math3/optimization/univariate/BrentOptimizer.java122a=mid;
projects/Math24/src/main/java/org/apache/commons/math3/optimization/univariate/BrentOptimizer.java122
projects/Math24/src/main/java/org/apache/commons/math3/optimization/univariate/BrentOptimizer.java122if(checker!=null){thrownewIllegalArgumentException("");}
projects/Math24/src/main/java/org/apache/commons/math3/optimization/univariate/BrentOptimizer.java122if(checker==null){thrownewIllegalArgumentException("");}
projects/Math24/src/main/java/org/apache/commons/math3/optimization/univariate/BrentOptimizer.java122if(checker!=null){thrownewIllegalArgumentException("");}else{checker.reset();}
projects/Math24/src/main/java/org/apache/commons/math3/optimization/univariate/BrentOptimizer.java122b=checker.getLowerBound();
projects/Math24/src/main/java/org/apache/commons/math3/optimization/univariate/BrentOptimizer.java122a=b;
projects/Math24/src/main/java/org/apache/commons/math3/optimization/univariate/BrentOptimizer.java122b=checker.getConvergenceChecker();
