bugid	buggy	buggy_class	suspiciousness	buggy_line	endbuggycode	original_failing_test_number	action	patch	original_buggy	execution_result	diagnosis	previous_bug_id	new_failing_test_number	this_action
1	[BUG]  [BUGGY]  if  (quoteChar!=  null  ||  quoteChar  ==  null.length())  {  [CE]  illegal  start  of  type  [FE]                java.lang.Exception:  Unexpected  exception    [CONTEXT]    void  validate()  throws  IllegalStateException  {    [BUGGY]  if  (quoteChar!=  null  ||  quoteChar  ==  null.length())  {  [BUGGY]    throw  new  IllegalStateException(     "The  quoteChar  character  and  the  delimiter  cannot  be  the  same  ('   "  +  quoteChar  +     "')   ");  }  if  (escape  !=  null  &&  delimiter  ==  escape.charValue())  {  throw  new  IllegalStateException(     "The  escape  character  and  the  delimiter  cannot  be  the  same  ('   "  +  escape  +     "')   ");  }  if  (commentStart  !=  null  &&  delimiter  ==  commentStart.charValue())  {  [CLASS]  CSVFormat  [METHOD]  validate  [RETURN_TYPE]  void  [VARIABLES]  Quote  quotePolicy  boolean  ignoreEmptyLines  ignoreSurroundingSpaces  skipHeaderRecord  Set  set  Character  c  commentStart  escape  quoteChar  char  c  delimiter  CSVFormat  DEFAULT  EXCEL  MYSQL  RFC4180  TDF  other  String  nullString  recordSeparator  String[]  header  long  serialVersionUID  	projects/Csv8/src/main/java/org/apache/commons/csv/CSVFormat.java	0.30151134457776363	636	636	1	replace	if  (quoteChar!=  null  ||  quoteChar  ==  null.length())  {	  if    (quoteChar!=    null    ||    quoteChar    ==    null.charValue())    {    	non-compiled	[CE]  illegal  start  of  type	5	None	replace
2	[BUG]  [BUGGY]  if  (quoteChar!=  null  ||  quoteChar  ==  null.booleanValue())  {  [CE]  illegal  start  of  type  [FE]                  java.lang.Exception:  Unexpected  exception    [CONTEXT]    void  validate()  throws  IllegalStateException  {    [BUGGY]  if  (quoteChar!=  null  ||  quoteChar  ==  null.booleanValue())  {  [BUGGY]    throw  new  IllegalStateException(     "The  quoteChar  character  and  the  delimiter  cannot  be  the  same  ('   "  +  quoteChar  +     "')   ");  }  if  (escape  !=  null  &&  delimiter  ==  escape.charValue())  {  throw  new  IllegalStateException(     "The  escape  character  and  the  delimiter  cannot  be  the  same  ('   "  +  escape  +     "')   ");  }  if  (commentStart  !=  null  &&  delimiter  ==  commentStart.charValue())  {  [CLASS]  CSVFormat  [METHOD]  validate  [RETURN_TYPE]  void  [VARIABLES]  Quote  quotePolicy  boolean  ignoreEmptyLines  ignoreSurroundingSpaces  skipHeaderRecord  Set  set  Character  c  commentStart  escape  quoteChar  char  c  delimiter  CSVFormat  DEFAULT  EXCEL  MYSQL  RFC4180  TDF  other  String  nullString  recordSeparator  String[]  header  long  serialVersionUID  	projects/Csv8/src/main/java/org/apache/commons/csv/CSVFormat.java	0.30151134457776363	636	636	1	replace	if  (quoteChar!=  null  ||  quoteChar  ==  null.booleanValue())  {	  if    (quoteChar!=    null    ||    quoteChar    ==    null.charValue())    {    	non-compiled	[CE]  illegal  start  of  type	5	None	replace
3	[BUG]  [BUGGY]  if  (quoteChar  ==  null  ||  quoteChar  ==  null.length())  {  [CE]  illegal  start  of  type  [FE]                    java.lang.Exception:  Unexpected  exception    [CONTEXT]    void  validate()  throws  IllegalStateException  {    [BUGGY]  if  (quoteChar  ==  null  ||  quoteChar  ==  null.length())  {  [BUGGY]    throw  new  IllegalStateException(     "The  quoteChar  character  and  the  delimiter  cannot  be  the  same  ('   "  +  quoteChar  +     "')   ");  }  if  (escape  !=  null  &&  delimiter  ==  escape.charValue())  {  throw  new  IllegalStateException(     "The  escape  character  and  the  delimiter  cannot  be  the  same  ('   "  +  escape  +     "')   ");  }  if  (commentStart  !=  null  &&  delimiter  ==  commentStart.charValue())  {  [CLASS]  CSVFormat  [METHOD]  validate  [RETURN_TYPE]  void  [VARIABLES]  Quote  quotePolicy  boolean  ignoreEmptyLines  ignoreSurroundingSpaces  skipHeaderRecord  Set  set  Character  c  commentStart  escape  quoteChar  char  c  delimiter  CSVFormat  DEFAULT  EXCEL  MYSQL  RFC4180  TDF  other  String  nullString  recordSeparator  String[]  header  long  serialVersionUID  	projects/Csv8/src/main/java/org/apache/commons/csv/CSVFormat.java	0.30151134457776363	636	636	1	replace	if  (quoteChar  ==  null  ||  quoteChar  ==  null.length())  {	  if    (quoteChar!=    null    ||    quoteChar    ==    null.charValue())    {    	non-compiled	[CE]  illegal  start  of  type	5	None	replace
4	[BUG]  [BUGGY]  if  (quoteChar!=  null  ||  quoteChar  ==  delimiter.charValue())  {  [CE]  illegal  start  of  type  [FE]              java.lang.Exception:  Unexpected  exception    [CONTEXT]    void  validate()  throws  IllegalStateException  {    [BUGGY]  if  (quoteChar!=  null  ||  quoteChar  ==  delimiter.charValue())  {  [BUGGY]    throw  new  IllegalStateException(     "The  quoteChar  character  and  the  delimiter  cannot  be  the  same  ('   "  +  quoteChar  +     "')   ");  }  if  (escape  !=  null  &&  delimiter  ==  escape.charValue())  {  throw  new  IllegalStateException(     "The  escape  character  and  the  delimiter  cannot  be  the  same  ('   "  +  escape  +     "')   ");  }  if  (commentStart  !=  null  &&  delimiter  ==  commentStart.charValue())  {  [CLASS]  CSVFormat  [METHOD]  validate  [RETURN_TYPE]  void  [VARIABLES]  Quote  quotePolicy  boolean  ignoreEmptyLines  ignoreSurroundingSpaces  skipHeaderRecord  Set  set  Character  c  commentStart  escape  quoteChar  char  c  delimiter  CSVFormat  DEFAULT  EXCEL  MYSQL  RFC4180  TDF  other  String  nullString  recordSeparator  String[]  header  long  serialVersionUID  	projects/Csv8/src/main/java/org/apache/commons/csv/CSVFormat.java	0.30151134457776363	636	636	1	replace	if  (quoteChar!=  null  ||  quoteChar  ==  delimiter.charValue())  {	  if    (quoteChar!=    null    ||    delimiter    ==    quoteChar.charValue())    {    	non-compiled	[CE]  illegal  start  of  type	4	None	replace
5	[BUG]  [BUGGY]  if  (quoteChar!=  null  ||  quoteChar.length()  ==  delimiter.charValue())  {  [CE]  illegal  start  of  type  [FE]                java.lang.Exception:  Unexpected  exception    [CONTEXT]    void  validate()  throws  IllegalStateException  {    [BUGGY]  if  (quoteChar!=  null  ||  quoteChar.length()  ==  delimiter.charValue())  {  [BUGGY]    throw  new  IllegalStateException(     "The  quoteChar  character  and  the  delimiter  cannot  be  the  same  ('   "  +  quoteChar  +     "')   ");  }  if  (escape  !=  null  &&  delimiter  ==  escape.charValue())  {  throw  new  IllegalStateException(     "The  escape  character  and  the  delimiter  cannot  be  the  same  ('   "  +  escape  +     "')   ");  }  if  (commentStart  !=  null  &&  delimiter  ==  commentStart.charValue())  {  [CLASS]  CSVFormat  [METHOD]  validate  [RETURN_TYPE]  void  [VARIABLES]  Quote  quotePolicy  boolean  ignoreEmptyLines  ignoreSurroundingSpaces  skipHeaderRecord  Set  set  Character  c  commentStart  escape  quoteChar  char  c  delimiter  CSVFormat  DEFAULT  EXCEL  MYSQL  RFC4180  TDF  other  String  nullString  recordSeparator  String[]  header  long  serialVersionUID  	projects/Csv8/src/main/java/org/apache/commons/csv/CSVFormat.java	0.30151134457776363	636	636	1	replace	if  (quoteChar!=  null  ||  quoteChar.length()  ==  delimiter.charValue())  {	  if    (quoteChar!=    null    ||    delimiter    ==    quoteChar.charValue())    {    	non-compiled	[CE]  illegal  start  of  type	4	None	replace
6	[BUG]  [BUGGY]  if  (quoteChar!=  null  ||  quoteChar.charValue()  ==  delimiter)  {  [CE]  illegal  start  of  type  [FE]                  java.lang.Exception:  Unexpected  exception    [CONTEXT]    void  validate()  throws  IllegalStateException  {    [BUGGY]  if  (quoteChar!=  null  ||  quoteChar.charValue()  ==  delimiter)  {  [BUGGY]    throw  new  IllegalStateException(     "The  quoteChar  character  and  the  delimiter  cannot  be  the  same  ('   "  +  quoteChar  +     "')   ");  }  if  (escape  !=  null  &&  delimiter  ==  escape.charValue())  {  throw  new  IllegalStateException(     "The  escape  character  and  the  delimiter  cannot  be  the  same  ('   "  +  escape  +     "')   ");  }  if  (commentStart  !=  null  &&  delimiter  ==  commentStart.charValue())  {  [CLASS]  CSVFormat  [METHOD]  validate  [RETURN_TYPE]  void  [VARIABLES]  Quote  quotePolicy  boolean  ignoreEmptyLines  ignoreSurroundingSpaces  skipHeaderRecord  Set  set  Character  c  commentStart  escape  quoteChar  char  c  delimiter  CSVFormat  DEFAULT  EXCEL  MYSQL  RFC4180  TDF  other  String  nullString  recordSeparator  String[]  header  long  serialVersionUID  	projects/Csv8/src/main/java/org/apache/commons/csv/CSVFormat.java	0.30151134457776363	636	636	1	replace	if  (quoteChar!=  null  ||  quoteChar.charValue()  ==  delimiter)  {	  if    (quoteChar!=    null    ||    delimiter    ==    quoteChar.charValue())    {    	non-compiled	[CE]  illegal  start  of  type	4	None	replace
7	[BUG]  [BUGGY]  if  (quoteChar!=  null  ||  delimiter  ==  quoteChar.length())  {  [CE]  illegal  start  of  type  [FE]                    java.lang.Exception:  Unexpected  exception    [CONTEXT]    void  validate()  throws  IllegalStateException  {    [BUGGY]  if  (quoteChar!=  null  ||  delimiter  ==  quoteChar.length())  {  [BUGGY]    throw  new  IllegalStateException(     "The  quoteChar  character  and  the  delimiter  cannot  be  the  same  ('   "  +  quoteChar  +     "')   ");  }  if  (escape  !=  null  &&  delimiter  ==  escape.charValue())  {  throw  new  IllegalStateException(     "The  escape  character  and  the  delimiter  cannot  be  the  same  ('   "  +  escape  +     "')   ");  }  if  (commentStart  !=  null  &&  delimiter  ==  commentStart.charValue())  {  [CLASS]  CSVFormat  [METHOD]  validate  [RETURN_TYPE]  void  [VARIABLES]  Quote  quotePolicy  boolean  ignoreEmptyLines  ignoreSurroundingSpaces  skipHeaderRecord  Set  set  Character  c  commentStart  escape  quoteChar  char  c  delimiter  CSVFormat  DEFAULT  EXCEL  MYSQL  RFC4180  TDF  other  String  nullString  recordSeparator  String[]  header  long  serialVersionUID  	projects/Csv8/src/main/java/org/apache/commons/csv/CSVFormat.java	0.30151134457776363	636	636	1	replace	if  (quoteChar!=  null  ||  delimiter  ==  quoteChar.length())  {	  if    (quoteChar!=    null    ||    delimiter    ==    quoteChar.charValue())    {    	non-compiled	[CE]  illegal  start  of  type	4	None	replace
8	[BUG]  [BUGGY]  if  (quoteChar!=  null  ||  quoteChar.length()  ==  0)  {  [CE]  illegal  start  of  type  [FE]          java.lang.Exception:  Unexpected  exception    [CONTEXT]    void  validate()  throws  IllegalStateException  {    [BUGGY]  if  (quoteChar!=  null  ||  quoteChar.length()  ==  0)  {  [BUGGY]    throw  new  IllegalStateException(     "The  quoteChar  character  and  the  delimiter  cannot  be  the  same  ('   "  +  quoteChar  +     "')   ");  }  if  (escape  !=  null  &&  delimiter  ==  escape.charValue())  {  throw  new  IllegalStateException(     "The  escape  character  and  the  delimiter  cannot  be  the  same  ('   "  +  escape  +     "')   ");  }  if  (commentStart  !=  null  &&  delimiter  ==  commentStart.charValue())  {  [CLASS]  CSVFormat  [METHOD]  validate  [RETURN_TYPE]  void  [VARIABLES]  Quote  quotePolicy  boolean  ignoreEmptyLines  ignoreSurroundingSpaces  skipHeaderRecord  Set  set  Character  c  commentStart  escape  quoteChar  char  c  delimiter  CSVFormat  DEFAULT  EXCEL  MYSQL  RFC4180  TDF  other  String  nullString  recordSeparator  String[]  header  long  serialVersionUID  	projects/Csv8/src/main/java/org/apache/commons/csv/CSVFormat.java	0.30151134457776363	636	636	1	replace	if  (quoteChar!=  null  ||  quoteChar.length()  ==  0)  {	  if    (quoteChar!=    null    &&    quoteChar.length()    ==    0)    {    	non-compiled	[CE]  illegal  start  of  type	8	None	replace
9	[BUG]  [BUGGY]  if  (quoteChar!=  null  &&  quoteChar.length()  >  0)  {  [CE]  illegal  start  of  type  [FE]            java.lang.Exception:  Unexpected  exception    [CONTEXT]    void  validate()  throws  IllegalStateException  {    [BUGGY]  if  (quoteChar!=  null  &&  quoteChar.length()  >  0)  {  [BUGGY]    throw  new  IllegalStateException(     "The  quoteChar  character  and  the  delimiter  cannot  be  the  same  ('   "  +  quoteChar  +     "')   ");  }  if  (escape  !=  null  &&  delimiter  ==  escape.charValue())  {  throw  new  IllegalStateException(     "The  escape  character  and  the  delimiter  cannot  be  the  same  ('   "  +  escape  +     "')   ");  }  if  (commentStart  !=  null  &&  delimiter  ==  commentStart.charValue())  {  [CLASS]  CSVFormat  [METHOD]  validate  [RETURN_TYPE]  void  [VARIABLES]  Quote  quotePolicy  boolean  ignoreEmptyLines  ignoreSurroundingSpaces  skipHeaderRecord  Set  set  Character  c  commentStart  escape  quoteChar  char  c  delimiter  CSVFormat  DEFAULT  EXCEL  MYSQL  RFC4180  TDF  other  String  nullString  recordSeparator  String[]  header  long  serialVersionUID  	projects/Csv8/src/main/java/org/apache/commons/csv/CSVFormat.java	0.30151134457776363	636	636	1	replace	if  (quoteChar!=  null  &&  quoteChar.length()  >  0)  {	  if    (quoteChar!=    null    &&    quoteChar.length()    ==    0)    {    	non-compiled	[CE]  illegal  start  of  type	8	None	replace
10	[BUG]  [BUGGY]  if  (quoteChar!=  null  &&  quoteChar.length()  <  =  0)  {  [CE]  illegal  start  of  type  [FE]              java.lang.Exception:  Unexpected  exception    [CONTEXT]    void  validate()  throws  IllegalStateException  {    [BUGGY]  if  (quoteChar!=  null  &&  quoteChar.length()  <  =  0)  {  [BUGGY]    throw  new  IllegalStateException(     "The  quoteChar  character  and  the  delimiter  cannot  be  the  same  ('   "  +  quoteChar  +     "')   ");  }  if  (escape  !=  null  &&  delimiter  ==  escape.charValue())  {  throw  new  IllegalStateException(     "The  escape  character  and  the  delimiter  cannot  be  the  same  ('   "  +  escape  +     "')   ");  }  if  (commentStart  !=  null  &&  delimiter  ==  commentStart.charValue())  {  [CLASS]  CSVFormat  [METHOD]  validate  [RETURN_TYPE]  void  [VARIABLES]  Quote  quotePolicy  boolean  ignoreEmptyLines  ignoreSurroundingSpaces  skipHeaderRecord  Set  set  Character  c  commentStart  escape  quoteChar  char  c  delimiter  CSVFormat  DEFAULT  EXCEL  MYSQL  RFC4180  TDF  other  String  nullString  recordSeparator  String[]  header  long  serialVersionUID  	projects/Csv8/src/main/java/org/apache/commons/csv/CSVFormat.java	0.30151134457776363	636	636	1	replace	if  (quoteChar!=  null  &&  quoteChar.length()  <  =  0)  {	  if    (quoteChar!=    null    &&    quoteChar.length()    ==    0)    {    	non-compiled	[CE]  illegal  start  of  type	8	None	replace
11	[BUG]  [BUGGY]  if(quoteChar!=  null  ||  quoteChar!=  null)  {  [CE]  illegal  start  of  type  [FE]        java.lang.Exception:  Unexpected  exception    [CONTEXT]    void  validate()  throws  IllegalStateException  {    [BUGGY]  if(quoteChar!=  null  ||  quoteChar!=  null)  {  [BUGGY]    throw  new  IllegalStateException(     "The  quoteChar  character  and  the  delimiter  cannot  be  the  same  ('   "  +  quoteChar  +     "')   ");  }  if  (escape  !=  null  &&  delimiter  ==  escape.charValue())  {  throw  new  IllegalStateException(     "The  escape  character  and  the  delimiter  cannot  be  the  same  ('   "  +  escape  +     "')   ");  }  if  (commentStart  !=  null  &&  delimiter  ==  commentStart.charValue())  {  [CLASS]  CSVFormat  [METHOD]  validate  [RETURN_TYPE]  void  [VARIABLES]  Quote  quotePolicy  boolean  ignoreEmptyLines  ignoreSurroundingSpaces  skipHeaderRecord  Set  set  Character  c  commentStart  escape  quoteChar  char  c  delimiter  CSVFormat  DEFAULT  EXCEL  MYSQL  RFC4180  TDF  other  String  nullString  recordSeparator  String[]  header  long  serialVersionUID  	projects/Csv8/src/main/java/org/apache/commons/csv/CSVFormat.java	0.30151134457776363	636	636	1	replace	if(quoteChar!=  null  ||  quoteChar!=  null)  {	  if(quoteChar!=    null    &&    quoteChar!=    null)    {    	non-compiled	[CE]  illegal  start  of  type	7	None	replace
12	[BUG]  [BUGGY]  if(quoteChar!=  null  ||  quoteChar  ==  null)  {  [CE]  illegal  start  of  type  [FE]          java.lang.Exception:  Unexpected  exception    [CONTEXT]    void  validate()  throws  IllegalStateException  {    [BUGGY]  if(quoteChar!=  null  ||  quoteChar  ==  null)  {  [BUGGY]    throw  new  IllegalStateException(     "The  quoteChar  character  and  the  delimiter  cannot  be  the  same  ('   "  +  quoteChar  +     "')   ");  }  if  (escape  !=  null  &&  delimiter  ==  escape.charValue())  {  throw  new  IllegalStateException(     "The  escape  character  and  the  delimiter  cannot  be  the  same  ('   "  +  escape  +     "')   ");  }  if  (commentStart  !=  null  &&  delimiter  ==  commentStart.charValue())  {  [CLASS]  CSVFormat  [METHOD]  validate  [RETURN_TYPE]  void  [VARIABLES]  Quote  quotePolicy  boolean  ignoreEmptyLines  ignoreSurroundingSpaces  skipHeaderRecord  Set  set  Character  c  commentStart  escape  quoteChar  char  c  delimiter  CSVFormat  DEFAULT  EXCEL  MYSQL  RFC4180  TDF  other  String  nullString  recordSeparator  String[]  header  long  serialVersionUID  	projects/Csv8/src/main/java/org/apache/commons/csv/CSVFormat.java	0.30151134457776363	636	636	1	replace	if(quoteChar!=  null  ||  quoteChar  ==  null)  {	  if(quoteChar!=    null    &&    quoteChar!=    null)    {    	non-compiled	[CE]  illegal  start  of  type	7	None	replace
13	[BUG]  [BUGGY]  if(quoteChar!=  null  &&  quoteChar  ==  null)  {  [CE]  illegal  start  of  type  [FE]            java.lang.Exception:  Unexpected  exception    [CONTEXT]    void  validate()  throws  IllegalStateException  {    [BUGGY]  if(quoteChar!=  null  &&  quoteChar  ==  null)  {  [BUGGY]    throw  new  IllegalStateException(     "The  quoteChar  character  and  the  delimiter  cannot  be  the  same  ('   "  +  quoteChar  +     "')   ");  }  if  (escape  !=  null  &&  delimiter  ==  escape.charValue())  {  throw  new  IllegalStateException(     "The  escape  character  and  the  delimiter  cannot  be  the  same  ('   "  +  escape  +     "')   ");  }  if  (commentStart  !=  null  &&  delimiter  ==  commentStart.charValue())  {  [CLASS]  CSVFormat  [METHOD]  validate  [RETURN_TYPE]  void  [VARIABLES]  Quote  quotePolicy  boolean  ignoreEmptyLines  ignoreSurroundingSpaces  skipHeaderRecord  Set  set  Character  c  commentStart  escape  quoteChar  char  c  delimiter  CSVFormat  DEFAULT  EXCEL  MYSQL  RFC4180  TDF  other  String  nullString  recordSeparator  String[]  header  long  serialVersionUID  	projects/Csv8/src/main/java/org/apache/commons/csv/CSVFormat.java	0.30151134457776363	636	636	1	replace	if(quoteChar!=  null  &&  quoteChar  ==  null)  {	  if(quoteChar!=    null    &&    quoteChar!=    null)    {    	non-compiled	[CE]  illegal  start  of  type	7	None	replace
14	[BUG]  [BUGGY]  if(quoteChar  ==  null  &&  quoteChar!=  null)  {  [CE]  illegal  start  of  type  [FE]              java.lang.Exception:  Unexpected  exception    [CONTEXT]    void  validate()  throws  IllegalStateException  {    [BUGGY]  if(quoteChar  ==  null  &&  quoteChar!=  null)  {  [BUGGY]    throw  new  IllegalStateException(     "The  quoteChar  character  and  the  delimiter  cannot  be  the  same  ('   "  +  quoteChar  +     "')   ");  }  if  (escape  !=  null  &&  delimiter  ==  escape.charValue())  {  throw  new  IllegalStateException(     "The  escape  character  and  the  delimiter  cannot  be  the  same  ('   "  +  escape  +     "')   ");  }  if  (commentStart  !=  null  &&  delimiter  ==  commentStart.charValue())  {  [CLASS]  CSVFormat  [METHOD]  validate  [RETURN_TYPE]  void  [VARIABLES]  Quote  quotePolicy  boolean  ignoreEmptyLines  ignoreSurroundingSpaces  skipHeaderRecord  Set  set  Character  c  commentStart  escape  quoteChar  char  c  delimiter  CSVFormat  DEFAULT  EXCEL  MYSQL  RFC4180  TDF  other  String  nullString  recordSeparator  String[]  header  long  serialVersionUID  	projects/Csv8/src/main/java/org/apache/commons/csv/CSVFormat.java	0.30151134457776363	636	636	1	replace	if(quoteChar  ==  null  &&  quoteChar!=  null)  {	  if(quoteChar!=    null    &&    quoteChar!=    null)    {    	non-compiled	[CE]  illegal  start  of  type	7	None	replace
15	[BUG]  [BUGGY]  if(quoteChar  ==  null  ||  quoteChar!=  null)  {  [CE]  illegal  start  of  type  [FE]                java.lang.Exception:  Unexpected  exception    [CONTEXT]    void  validate()  throws  IllegalStateException  {    [BUGGY]  if(quoteChar  ==  null  ||  quoteChar!=  null)  {  [BUGGY]    throw  new  IllegalStateException(     "The  quoteChar  character  and  the  delimiter  cannot  be  the  same  ('   "  +  quoteChar  +     "')   ");  }  if  (escape  !=  null  &&  delimiter  ==  escape.charValue())  {  throw  new  IllegalStateException(     "The  escape  character  and  the  delimiter  cannot  be  the  same  ('   "  +  escape  +     "')   ");  }  if  (commentStart  !=  null  &&  delimiter  ==  commentStart.charValue())  {  [CLASS]  CSVFormat  [METHOD]  validate  [RETURN_TYPE]  void  [VARIABLES]  Quote  quotePolicy  boolean  ignoreEmptyLines  ignoreSurroundingSpaces  skipHeaderRecord  Set  set  Character  c  commentStart  escape  quoteChar  char  c  delimiter  CSVFormat  DEFAULT  EXCEL  MYSQL  RFC4180  TDF  other  String  nullString  recordSeparator  String[]  header  long  serialVersionUID  	projects/Csv8/src/main/java/org/apache/commons/csv/CSVFormat.java	0.30151134457776363	636	636	1	replace	if(quoteChar  ==  null  ||  quoteChar!=  null)  {	  if(quoteChar!=    null    &&    quoteChar!=    null)    {    	non-compiled	[CE]  illegal  start  of  type	7	None	replace
16	[BUG]  [BUGGY]  if(quotePolicy!=  null  &&  quoteChar!=  null)  {  [CE]  illegal  start  of  type  [FE]                  java.lang.Exception:  Unexpected  exception    [CONTEXT]    void  validate()  throws  IllegalStateException  {    [BUGGY]  if(quotePolicy!=  null  &&  quoteChar!=  null)  {  [BUGGY]    throw  new  IllegalStateException(     "The  quoteChar  character  and  the  delimiter  cannot  be  the  same  ('   "  +  quoteChar  +     "')   ");  }  if  (escape  !=  null  &&  delimiter  ==  escape.charValue())  {  throw  new  IllegalStateException(     "The  escape  character  and  the  delimiter  cannot  be  the  same  ('   "  +  escape  +     "')   ");  }  if  (commentStart  !=  null  &&  delimiter  ==  commentStart.charValue())  {  [CLASS]  CSVFormat  [METHOD]  validate  [RETURN_TYPE]  void  [VARIABLES]  Quote  quotePolicy  boolean  ignoreEmptyLines  ignoreSurroundingSpaces  skipHeaderRecord  Set  set  Character  c  commentStart  escape  quoteChar  char  c  delimiter  CSVFormat  DEFAULT  EXCEL  MYSQL  RFC4180  TDF  other  String  nullString  recordSeparator  String[]  header  long  serialVersionUID  	projects/Csv8/src/main/java/org/apache/commons/csv/CSVFormat.java	0.30151134457776363	636	636	1	replace	if(quotePolicy!=  null  &&  quoteChar!=  null)  {	  if(quoteChar!=    null    &&    quoteChar!=    null)    {    	non-compiled	[CE]  illegal  start  of  type	7	None	replace
17	[BUG]  [BUGGY]  if  (quoteChar!=  null  &&  quoteChar  ==  null.booleanValue())  {  [CE]  illegal  start  of  type  [FE]            java.lang.Exception:  Unexpected  exception    [CONTEXT]    void  validate()  throws  IllegalStateException  {    [BUGGY]  if  (quoteChar!=  null  &&  quoteChar  ==  null.booleanValue())  {  [BUGGY]    throw  new  IllegalStateException(     "The  quoteChar  character  and  the  delimiter  cannot  be  the  same  ('   "  +  quoteChar  +     "')   ");  }  if  (escape  !=  null  &&  delimiter  ==  escape.charValue())  {  throw  new  IllegalStateException(     "The  escape  character  and  the  delimiter  cannot  be  the  same  ('   "  +  escape  +     "')   ");  }  if  (commentStart  !=  null  &&  delimiter  ==  commentStart.charValue())  {  [CLASS]  CSVFormat  [METHOD]  validate  [RETURN_TYPE]  void  [VARIABLES]  Quote  quotePolicy  boolean  ignoreEmptyLines  ignoreSurroundingSpaces  skipHeaderRecord  Set  set  Character  c  commentStart  escape  quoteChar  char  c  delimiter  CSVFormat  DEFAULT  EXCEL  MYSQL  RFC4180  TDF  other  String  nullString  recordSeparator  String[]  header  long  serialVersionUID  	projects/Csv8/src/main/java/org/apache/commons/csv/CSVFormat.java	0.30151134457776363	636	636	1	replace	if  (quoteChar!=  null  &&  quoteChar  ==  null.booleanValue())  {	  if    (quoteChar!=    null    &&    quoteChar    ==    null.charValue())    {    	non-compiled	[CE]  illegal  start  of  type	3	None	replace
18	[BUG]  [BUGGY]  if  (quoteChar!=  null  &&  quoteChar!=  null.booleanValue())  {  [CE]  illegal  start  of  type  [FE]              java.lang.Exception:  Unexpected  exception    [CONTEXT]    void  validate()  throws  IllegalStateException  {    [BUGGY]  if  (quoteChar!=  null  &&  quoteChar!=  null.booleanValue())  {  [BUGGY]    throw  new  IllegalStateException(     "The  quoteChar  character  and  the  delimiter  cannot  be  the  same  ('   "  +  quoteChar  +     "')   ");  }  if  (escape  !=  null  &&  delimiter  ==  escape.charValue())  {  throw  new  IllegalStateException(     "The  escape  character  and  the  delimiter  cannot  be  the  same  ('   "  +  escape  +     "')   ");  }  if  (commentStart  !=  null  &&  delimiter  ==  commentStart.charValue())  {  [CLASS]  CSVFormat  [METHOD]  validate  [RETURN_TYPE]  void  [VARIABLES]  Quote  quotePolicy  boolean  ignoreEmptyLines  ignoreSurroundingSpaces  skipHeaderRecord  Set  set  Character  c  commentStart  escape  quoteChar  char  c  delimiter  CSVFormat  DEFAULT  EXCEL  MYSQL  RFC4180  TDF  other  String  nullString  recordSeparator  String[]  header  long  serialVersionUID  	projects/Csv8/src/main/java/org/apache/commons/csv/CSVFormat.java	0.30151134457776363	636	636	1	replace	if  (quoteChar!=  null  &&  quoteChar!=  null.booleanValue())  {	  if    (quoteChar!=    null    &&    quoteChar    ==    null.charValue())    {    	non-compiled	[CE]  illegal  start  of  type	3	None	replace
19	[BUG]  [BUGGY]  if  (quoteChar!=  null  &&  quoteChar!=  null.length())  {  [CE]  illegal  start  of  type  [FE]        java.lang.Exception:  Unexpected  exception    [CONTEXT]    void  validate()  throws  IllegalStateException  {    [BUGGY]  if  (quoteChar!=  null  &&  quoteChar!=  null.length())  {  [BUGGY]    throw  new  IllegalStateException(     "The  quoteChar  character  and  the  delimiter  cannot  be  the  same  ('   "  +  quoteChar  +     "')   ");  }  if  (escape  !=  null  &&  delimiter  ==  escape.charValue())  {  throw  new  IllegalStateException(     "The  escape  character  and  the  delimiter  cannot  be  the  same  ('   "  +  escape  +     "')   ");  }  if  (commentStart  !=  null  &&  delimiter  ==  commentStart.charValue())  {  [CLASS]  CSVFormat  [METHOD]  validate  [RETURN_TYPE]  void  [VARIABLES]  Quote  quotePolicy  boolean  ignoreEmptyLines  ignoreSurroundingSpaces  skipHeaderRecord  Set  set  Character  c  commentStart  escape  quoteChar  char  c  delimiter  CSVFormat  DEFAULT  EXCEL  MYSQL  RFC4180  TDF  other  String  nullString  recordSeparator  String[]  header  long  serialVersionUID  	projects/Csv8/src/main/java/org/apache/commons/csv/CSVFormat.java	0.30151134457776363	636	636	1	replace	if  (quoteChar!=  null  &&  quoteChar!=  null.length())  {	  if    (quoteChar!=    null    &&    quoteChar!=    null.charValue())    {    	non-compiled	[CE]  illegal  start  of  type	1	None	replace
20	[BUG]  [BUGGY]  if  (quoteChar!=  null  ||  quoteChar!=  null.charValue())  {  [CE]  illegal  start  of  type  [FE]          java.lang.Exception:  Unexpected  exception    [CONTEXT]    void  validate()  throws  IllegalStateException  {    [BUGGY]  if  (quoteChar!=  null  ||  quoteChar!=  null.charValue())  {  [BUGGY]    throw  new  IllegalStateException(     "The  quoteChar  character  and  the  delimiter  cannot  be  the  same  ('   "  +  quoteChar  +     "')   ");  }  if  (escape  !=  null  &&  delimiter  ==  escape.charValue())  {  throw  new  IllegalStateException(     "The  escape  character  and  the  delimiter  cannot  be  the  same  ('   "  +  escape  +     "')   ");  }  if  (commentStart  !=  null  &&  delimiter  ==  commentStart.charValue())  {  [CLASS]  CSVFormat  [METHOD]  validate  [RETURN_TYPE]  void  [VARIABLES]  Quote  quotePolicy  boolean  ignoreEmptyLines  ignoreSurroundingSpaces  skipHeaderRecord  Set  set  Character  c  commentStart  escape  quoteChar  char  c  delimiter  CSVFormat  DEFAULT  EXCEL  MYSQL  RFC4180  TDF  other  String  nullString  recordSeparator  String[]  header  long  serialVersionUID  	projects/Csv8/src/main/java/org/apache/commons/csv/CSVFormat.java	0.30151134457776363	636	636	1	replace	if  (quoteChar!=  null  ||  quoteChar!=  null.charValue())  {	  if    (quoteChar!=    null    &&    quoteChar!=    null.charValue())    {    	non-compiled	[CE]  illegal  start  of  type	1	None	replace
21	[BUG]  [BUGGY]  if  (quoteChar!=  null  &&  quoteChar!=  null.stringValue())  {  [CE]  illegal  start  of  type  [FE]            java.lang.Exception:  Unexpected  exception    [CONTEXT]    void  validate()  throws  IllegalStateException  {    [BUGGY]  if  (quoteChar!=  null  &&  quoteChar!=  null.stringValue())  {  [BUGGY]    throw  new  IllegalStateException(     "The  quoteChar  character  and  the  delimiter  cannot  be  the  same  ('   "  +  quoteChar  +     "')   ");  }  if  (escape  !=  null  &&  delimiter  ==  escape.charValue())  {  throw  new  IllegalStateException(     "The  escape  character  and  the  delimiter  cannot  be  the  same  ('   "  +  escape  +     "')   ");  }  if  (commentStart  !=  null  &&  delimiter  ==  commentStart.charValue())  {  [CLASS]  CSVFormat  [METHOD]  validate  [RETURN_TYPE]  void  [VARIABLES]  Quote  quotePolicy  boolean  ignoreEmptyLines  ignoreSurroundingSpaces  skipHeaderRecord  Set  set  Character  c  commentStart  escape  quoteChar  char  c  delimiter  CSVFormat  DEFAULT  EXCEL  MYSQL  RFC4180  TDF  other  String  nullString  recordSeparator  String[]  header  long  serialVersionUID  	projects/Csv8/src/main/java/org/apache/commons/csv/CSVFormat.java	0.30151134457776363	636	636	1	replace	if  (quoteChar!=  null  &&  quoteChar!=  null.stringValue())  {	  if    (quoteChar!=    null    &&    quoteChar!=    null.charValue())    {    	non-compiled	[CE]  illegal  start  of  type	1	None	replace
22	[BUG]  [BUGGY]  if  (quoteChar!=  null  ||  quoteChar!=  delimiter.charValue())  {  [CE]  illegal  start  of  type  [FE]          java.lang.Exception:  Unexpected  exception    [CONTEXT]    void  validate()  throws  IllegalStateException  {    [BUGGY]  if  (quoteChar!=  null  ||  quoteChar!=  delimiter.charValue())  {  [BUGGY]    throw  new  IllegalStateException(     "The  quoteChar  character  and  the  delimiter  cannot  be  the  same  ('   "  +  quoteChar  +     "')   ");  }  if  (escape  !=  null  &&  delimiter  ==  escape.charValue())  {  throw  new  IllegalStateException(     "The  escape  character  and  the  delimiter  cannot  be  the  same  ('   "  +  escape  +     "')   ");  }  if  (commentStart  !=  null  &&  delimiter  ==  commentStart.charValue())  {  [CLASS]  CSVFormat  [METHOD]  validate  [RETURN_TYPE]  void  [VARIABLES]  Quote  quotePolicy  boolean  ignoreEmptyLines  ignoreSurroundingSpaces  skipHeaderRecord  Set  set  Character  c  commentStart  escape  quoteChar  char  c  delimiter  CSVFormat  DEFAULT  EXCEL  MYSQL  RFC4180  TDF  other  String  nullString  recordSeparator  String[]  header  long  serialVersionUID  	projects/Csv8/src/main/java/org/apache/commons/csv/CSVFormat.java	0.30151134457776363	636	636	1	replace	if  (quoteChar!=  null  ||  quoteChar!=  delimiter.charValue())  {	  if    (quoteChar!=    null    &&    quoteChar!=    delimiter.charValue())    {    	non-compiled	[CE]  illegal  start  of  type	2	None	replace
23	[BUG]  [BUGGY]  if  (quoteChar  ==  null  &&  quoteChar!=  delimiter.charValue())  {  [CE]  illegal  start  of  type  [FE]            java.lang.Exception:  Unexpected  exception    [CONTEXT]    void  validate()  throws  IllegalStateException  {    [BUGGY]  if  (quoteChar  ==  null  &&  quoteChar!=  delimiter.charValue())  {  [BUGGY]    throw  new  IllegalStateException(     "The  quoteChar  character  and  the  delimiter  cannot  be  the  same  ('   "  +  quoteChar  +     "')   ");  }  if  (escape  !=  null  &&  delimiter  ==  escape.charValue())  {  throw  new  IllegalStateException(     "The  escape  character  and  the  delimiter  cannot  be  the  same  ('   "  +  escape  +     "')   ");  }  if  (commentStart  !=  null  &&  delimiter  ==  commentStart.charValue())  {  [CLASS]  CSVFormat  [METHOD]  validate  [RETURN_TYPE]  void  [VARIABLES]  Quote  quotePolicy  boolean  ignoreEmptyLines  ignoreSurroundingSpaces  skipHeaderRecord  Set  set  Character  c  commentStart  escape  quoteChar  char  c  delimiter  CSVFormat  DEFAULT  EXCEL  MYSQL  RFC4180  TDF  other  String  nullString  recordSeparator  String[]  header  long  serialVersionUID  	projects/Csv8/src/main/java/org/apache/commons/csv/CSVFormat.java	0.30151134457776363	636	636	1	replace	if  (quoteChar  ==  null  &&  quoteChar!=  delimiter.charValue())  {	  if    (quoteChar!=    null    &&    quoteChar!=    delimiter.charValue())    {    	non-compiled	[CE]  illegal  start  of  type	2	None	replace
24	[BUG]  [BUGGY]  if  (quoteChar!=  null  &&  quoteChar!=  DEFAULT.charValue())  {  [CE]  illegal  start  of  type  [FE]              java.lang.Exception:  Unexpected  exception    [CONTEXT]    void  validate()  throws  IllegalStateException  {    [BUGGY]  if  (quoteChar!=  null  &&  quoteChar!=  DEFAULT.charValue())  {  [BUGGY]    throw  new  IllegalStateException(     "The  quoteChar  character  and  the  delimiter  cannot  be  the  same  ('   "  +  quoteChar  +     "')   ");  }  if  (escape  !=  null  &&  delimiter  ==  escape.charValue())  {  throw  new  IllegalStateException(     "The  escape  character  and  the  delimiter  cannot  be  the  same  ('   "  +  escape  +     "')   ");  }  if  (commentStart  !=  null  &&  delimiter  ==  commentStart.charValue())  {  [CLASS]  CSVFormat  [METHOD]  validate  [RETURN_TYPE]  void  [VARIABLES]  Quote  quotePolicy  boolean  ignoreEmptyLines  ignoreSurroundingSpaces  skipHeaderRecord  Set  set  Character  c  commentStart  escape  quoteChar  char  c  delimiter  CSVFormat  DEFAULT  EXCEL  MYSQL  RFC4180  TDF  other  String  nullString  recordSeparator  String[]  header  long  serialVersionUID  	projects/Csv8/src/main/java/org/apache/commons/csv/CSVFormat.java	0.30151134457776363	636	636	1	replace	if  (quoteChar!=  null  &&  quoteChar!=  DEFAULT.charValue())  {	  if    (quoteChar!=    null    &&    quoteChar!=    delimiter.charValue())    {    	non-compiled	[CE]  illegal  start  of  type	2	None	replace
25	[BUG]  [BUGGY]  String  quoteChar  =  c.charValue();  [CE]  illegal  start  of  type  [FE]                  java.lang.Exception:  Unexpected  exception    [CONTEXT]    void  validate()  throws  IllegalStateException  {    [BUGGY]  String  quoteChar  =  c.charValue();  [BUGGY]    throw  new  IllegalStateException(     "The  quoteChar  character  and  the  delimiter  cannot  be  the  same  ('   "  +  quoteChar  +     "')   ");  }  if  (escape  !=  null  &&  delimiter  ==  escape.charValue())  {  throw  new  IllegalStateException(     "The  escape  character  and  the  delimiter  cannot  be  the  same  ('   "  +  escape  +     "')   ");  }  if  (commentStart  !=  null  &&  delimiter  ==  commentStart.charValue())  {  [CLASS]  CSVFormat  [METHOD]  validate  [RETURN_TYPE]  void  [VARIABLES]  Quote  quotePolicy  boolean  ignoreEmptyLines  ignoreSurroundingSpaces  skipHeaderRecord  Set  set  Character  c  commentStart  escape  quoteChar  char  c  delimiter  CSVFormat  DEFAULT  EXCEL  MYSQL  RFC4180  TDF  other  String  nullString  recordSeparator  String[]  header  long  serialVersionUID  	projects/Csv8/src/main/java/org/apache/commons/csv/CSVFormat.java	0.30151134457776363	636	636	1	replace	String  quoteChar  =  c.charValue();	      	non-compiled	[CE]  illegal  start  of  type	6	None	replace
26	[BUG]  [BUGGY]  String  quoteChar  =  getQuoteChar();  [CE]  illegal  start  of  type  [FE]                    java.lang.Exception:  Unexpected  exception    [CONTEXT]    void  validate()  throws  IllegalStateException  {    [BUGGY]  String  quoteChar  =  getQuoteChar();  [BUGGY]    throw  new  IllegalStateException(     "The  quoteChar  character  and  the  delimiter  cannot  be  the  same  ('   "  +  quoteChar  +     "')   ");  }  if  (escape  !=  null  &&  delimiter  ==  escape.charValue())  {  throw  new  IllegalStateException(     "The  escape  character  and  the  delimiter  cannot  be  the  same  ('   "  +  escape  +     "')   ");  }  if  (commentStart  !=  null  &&  delimiter  ==  commentStart.charValue())  {  [CLASS]  CSVFormat  [METHOD]  validate  [RETURN_TYPE]  void  [VARIABLES]  Quote  quotePolicy  boolean  ignoreEmptyLines  ignoreSurroundingSpaces  skipHeaderRecord  Set  set  Character  c  commentStart  escape  quoteChar  char  c  delimiter  CSVFormat  DEFAULT  EXCEL  MYSQL  RFC4180  TDF  other  String  nullString  recordSeparator  String[]  header  long  serialVersionUID  	projects/Csv8/src/main/java/org/apache/commons/csv/CSVFormat.java	0.30151134457776363	636	636	1	replace	String  quoteChar  =  getQuoteChar();	      	non-compiled	[CE]  illegal  start  of  type	6	None	replace
27	[BUG]  [BUGGY]  Character  quoteChar  =  getCommentStart(c);  [CE]  illegal  start  of  type  [FE]                      java.lang.Exception:  Unexpected  exception    [CONTEXT]    void  validate()  throws  IllegalStateException  {    [BUGGY]  Character  quoteChar  =  getCommentStart(c);  [BUGGY]    throw  new  IllegalStateException(     "The  quoteChar  character  and  the  delimiter  cannot  be  the  same  ('   "  +  quoteChar  +     "')   ");  }  if  (escape  !=  null  &&  delimiter  ==  escape.charValue())  {  throw  new  IllegalStateException(     "The  escape  character  and  the  delimiter  cannot  be  the  same  ('   "  +  escape  +     "')   ");  }  if  (commentStart  !=  null  &&  delimiter  ==  commentStart.charValue())  {  [CLASS]  CSVFormat  [METHOD]  validate  [RETURN_TYPE]  void  [VARIABLES]  Quote  quotePolicy  boolean  ignoreEmptyLines  ignoreSurroundingSpaces  skipHeaderRecord  Set  set  Character  c  commentStart  escape  quoteChar  char  c  delimiter  CSVFormat  DEFAULT  EXCEL  MYSQL  RFC4180  TDF  other  String  nullString  recordSeparator  String[]  header  long  serialVersionUID  	projects/Csv8/src/main/java/org/apache/commons/csv/CSVFormat.java	0.30151134457776363	636	636	1	replace	Character  quoteChar  =  getCommentStart(c);	      	non-compiled	[CE]  illegal  start  of  type	6	None	replace
28	[BUG]  [BUGGY]  Character  c  =  quotePolicy.getCurrentCharacter();  [CE]  illegal  start  of  type  [FE]                        java.lang.Exception:  Unexpected  exception    [CONTEXT]    void  validate()  throws  IllegalStateException  {    [BUGGY]  Character  c  =  quotePolicy.getCurrentCharacter();  [BUGGY]    throw  new  IllegalStateException(     "The  quoteChar  character  and  the  delimiter  cannot  be  the  same  ('   "  +  quoteChar  +     "')   ");  }  if  (escape  !=  null  &&  delimiter  ==  escape.charValue())  {  throw  new  IllegalStateException(     "The  escape  character  and  the  delimiter  cannot  be  the  same  ('   "  +  escape  +     "')   ");  }  if  (commentStart  !=  null  &&  delimiter  ==  commentStart.charValue())  {  [CLASS]  CSVFormat  [METHOD]  validate  [RETURN_TYPE]  void  [VARIABLES]  Quote  quotePolicy  boolean  ignoreEmptyLines  ignoreSurroundingSpaces  skipHeaderRecord  Set  set  Character  c  commentStart  escape  quoteChar  char  c  delimiter  CSVFormat  DEFAULT  EXCEL  MYSQL  RFC4180  TDF  other  String  nullString  recordSeparator  String[]  header  long  serialVersionUID  	projects/Csv8/src/main/java/org/apache/commons/csv/CSVFormat.java	0.30151134457776363	636	636	1	replace	Character  c  =  quotePolicy.getCurrentCharacter();	      	non-compiled	[CE]  illegal  start  of  type	6	None	replace
29	[BUG]  [BUGGY]  Character  quoteChar  =  quotePolicy.getCommentStart(c);  [CE]  illegal  start  of  type  [FE]                          java.lang.Exception:  Unexpected  exception    [CONTEXT]    void  validate()  throws  IllegalStateException  {    [BUGGY]  Character  quoteChar  =  quotePolicy.getCommentStart(c);  [BUGGY]    throw  new  IllegalStateException(     "The  quoteChar  character  and  the  delimiter  cannot  be  the  same  ('   "  +  quoteChar  +     "')   ");  }  if  (escape  !=  null  &&  delimiter  ==  escape.charValue())  {  throw  new  IllegalStateException(     "The  escape  character  and  the  delimiter  cannot  be  the  same  ('   "  +  escape  +     "')   ");  }  if  (commentStart  !=  null  &&  delimiter  ==  commentStart.charValue())  {  [CLASS]  CSVFormat  [METHOD]  validate  [RETURN_TYPE]  void  [VARIABLES]  Quote  quotePolicy  boolean  ignoreEmptyLines  ignoreSurroundingSpaces  skipHeaderRecord  Set  set  Character  c  commentStart  escape  quoteChar  char  c  delimiter  CSVFormat  DEFAULT  EXCEL  MYSQL  RFC4180  TDF  other  String  nullString  recordSeparator  String[]  header  long  serialVersionUID  	projects/Csv8/src/main/java/org/apache/commons/csv/CSVFormat.java	0.30151134457776363	636	636	1	replace	Character  quoteChar  =  quotePolicy.getCommentStart(c);	      	non-compiled	[CE]  illegal  start  of  type	6	None	replace
30	[BUG]  [BUGGY]  String  quoteChar  =  getQuoteChar(c);  [CE]  illegal  start  of  type  [FE]                            java.lang.Exception:  Unexpected  exception    [CONTEXT]    void  validate()  throws  IllegalStateException  {    [BUGGY]  String  quoteChar  =  getQuoteChar(c);  [BUGGY]    throw  new  IllegalStateException(     "The  quoteChar  character  and  the  delimiter  cannot  be  the  same  ('   "  +  quoteChar  +     "')   ");  }  if  (escape  !=  null  &&  delimiter  ==  escape.charValue())  {  throw  new  IllegalStateException(     "The  escape  character  and  the  delimiter  cannot  be  the  same  ('   "  +  escape  +     "')   ");  }  if  (commentStart  !=  null  &&  delimiter  ==  commentStart.charValue())  {  [CLASS]  CSVFormat  [METHOD]  validate  [RETURN_TYPE]  void  [VARIABLES]  Quote  quotePolicy  boolean  ignoreEmptyLines  ignoreSurroundingSpaces  skipHeaderRecord  Set  set  Character  c  commentStart  escape  quoteChar  char  c  delimiter  CSVFormat  DEFAULT  EXCEL  MYSQL  RFC4180  TDF  other  String  nullString  recordSeparator  String[]  header  long  serialVersionUID  	projects/Csv8/src/main/java/org/apache/commons/csv/CSVFormat.java	0.30151134457776363	636	636	1	replace	String  quoteChar  =  getQuoteChar(c);	      	non-compiled	[CE]  illegal  start  of  type	6	None	replace
31	[BUG]  [BUGGY]  char  quoteChar  =  quotePolicy.quoteChar();  [CE]  illegal  start  of  type  [FE]                              java.lang.Exception:  Unexpected  exception    [CONTEXT]    void  validate()  throws  IllegalStateException  {    [BUGGY]  char  quoteChar  =  quotePolicy.quoteChar();  [BUGGY]    throw  new  IllegalStateException(     "The  quoteChar  character  and  the  delimiter  cannot  be  the  same  ('   "  +  quoteChar  +     "')   ");  }  if  (escape  !=  null  &&  delimiter  ==  escape.charValue())  {  throw  new  IllegalStateException(     "The  escape  character  and  the  delimiter  cannot  be  the  same  ('   "  +  escape  +     "')   ");  }  if  (commentStart  !=  null  &&  delimiter  ==  commentStart.charValue())  {  [CLASS]  CSVFormat  [METHOD]  validate  [RETURN_TYPE]  void  [VARIABLES]  Quote  quotePolicy  boolean  ignoreEmptyLines  ignoreSurroundingSpaces  skipHeaderRecord  Set  set  Character  c  commentStart  escape  quoteChar  char  c  delimiter  CSVFormat  DEFAULT  EXCEL  MYSQL  RFC4180  TDF  other  String  nullString  recordSeparator  String[]  header  long  serialVersionUID  	projects/Csv8/src/main/java/org/apache/commons/csv/CSVFormat.java	0.30151134457776363	636	636	1	replace	char  quoteChar  =  quotePolicy.quoteChar();	      	non-compiled	[CE]  illegal  start  of  type	6	None	replace
32	[BUG]  [BUGGY]  if  (quoteChar!=  null  &&  quoteChar  ==  description.charValue())  {  [CE]  illegal  start  of  type  [FE]        java.lang.Exception:  Unexpected  exception    [CONTEXT]    void  validate()  throws  IllegalStateException  {    [BUGGY]  if  (quoteChar!=  null  &&  quoteChar  ==  description.charValue())  {  [BUGGY]    throw  new  IllegalStateException(     "The  quoteChar  character  and  the  delimiter  cannot  be  the  same  ('   "  +  quoteChar  +     "')   ");  }  if  (escape  !=  null  &&  delimiter  ==  escape.charValue())  {  throw  new  IllegalStateException(     "The  escape  character  and  the  delimiter  cannot  be  the  same  ('   "  +  escape  +     "')   ");  }  if  (commentStart  !=  null  &&  delimiter  ==  commentStart.charValue())  {  [CLASS]  CSVFormat  [METHOD]  validate  [RETURN_TYPE]  void  [VARIABLES]  Quote  quotePolicy  boolean  ignoreEmptyLines  ignoreSurroundingSpaces  skipHeaderRecord  Set  set  Character  c  commentStart  escape  quoteChar  char  c  delimiter  CSVFormat  DEFAULT  EXCEL  MYSQL  RFC4180  TDF  other  String  nullString  recordSeparator  String[]  header  long  serialVersionUID  	projects/Csv8/src/main/java/org/apache/commons/csv/CSVFormat.java	0.30151134457776363	636	636	1	replace	if  (quoteChar!=  null  &&  quoteChar  ==  description.charValue())  {	  if    (quoteChar!=    null    &&    quoteChar    ==    delimiter.charValue())    {    	non-compiled	[CE]  illegal  start  of  type	10	None	replace
33	[BUG]  [BUGGY]  if  (quoteChar!=  null  ||  quoteChar!=  delimiter)  {  [CE]  illegal  start  of  type  [FE]            java.lang.Exception:  Unexpected  exception    [CONTEXT]    void  validate()  throws  IllegalStateException  {    [BUGGY]  if  (quoteChar!=  null  ||  quoteChar!=  delimiter)  {  [BUGGY]    throw  new  IllegalStateException(     "The  quoteChar  character  and  the  delimiter  cannot  be  the  same  ('   "  +  quoteChar  +     "')   ");  }  if  (escape  !=  null  &&  delimiter  ==  escape.charValue())  {  throw  new  IllegalStateException(     "The  escape  character  and  the  delimiter  cannot  be  the  same  ('   "  +  escape  +     "')   ");  }  if  (commentStart  !=  null  &&  delimiter  ==  commentStart.charValue())  {  [CLASS]  CSVFormat  [METHOD]  validate  [RETURN_TYPE]  void  [VARIABLES]  Quote  quotePolicy  boolean  ignoreEmptyLines  ignoreSurroundingSpaces  skipHeaderRecord  Set  set  Character  c  commentStart  escape  quoteChar  char  c  delimiter  CSVFormat  DEFAULT  EXCEL  MYSQL  RFC4180  TDF  other  String  nullString  recordSeparator  String[]  header  long  serialVersionUID  	projects/Csv8/src/main/java/org/apache/commons/csv/CSVFormat.java	0.30151134457776363	636	636	1	replace	if  (quoteChar!=  null  ||  quoteChar!=  delimiter)  {	  if    (quoteChar!=    null    &&    quoteChar!=    delimiter)    {    	non-compiled	[CE]  illegal  start  of  type	9	None	replace
34	[BUG]  [BUGGY]  if  (quoteChar!=  null  &&  quoteChar  ==  delimiter)  {  [CE]  illegal  start  of  type  [FE]              java.lang.Exception:  Unexpected  exception    [CONTEXT]    void  validate()  throws  IllegalStateException  {    [BUGGY]  if  (quoteChar!=  null  &&  quoteChar  ==  delimiter)  {  [BUGGY]    throw  new  IllegalStateException(     "The  quoteChar  character  and  the  delimiter  cannot  be  the  same  ('   "  +  quoteChar  +     "')   ");  }  if  (escape  !=  null  &&  delimiter  ==  escape.charValue())  {  throw  new  IllegalStateException(     "The  escape  character  and  the  delimiter  cannot  be  the  same  ('   "  +  escape  +     "')   ");  }  if  (commentStart  !=  null  &&  delimiter  ==  commentStart.charValue())  {  [CLASS]  CSVFormat  [METHOD]  validate  [RETURN_TYPE]  void  [VARIABLES]  Quote  quotePolicy  boolean  ignoreEmptyLines  ignoreSurroundingSpaces  skipHeaderRecord  Set  set  Character  c  commentStart  escape  quoteChar  char  c  delimiter  CSVFormat  DEFAULT  EXCEL  MYSQL  RFC4180  TDF  other  String  nullString  recordSeparator  String[]  header  long  serialVersionUID  	projects/Csv8/src/main/java/org/apache/commons/csv/CSVFormat.java	0.30151134457776363	636	636	1	replace	if  (quoteChar!=  null  &&  quoteChar  ==  delimiter)  {	  if    (quoteChar!=    null    &&    quoteChar!=    delimiter)    {    	non-compiled	[CE]  illegal  start  of  type	9	None	replace
35	[BUG]  [BUGGY]  if  (quoteChar!=  null  &&  quoteChar!=  this.quoteChar)  {  [CE]  illegal  start  of  type  [FE]            java.lang.Exception:  Unexpected  exception    [CONTEXT]    void  validate()  throws  IllegalStateException  {    [BUGGY]  if  (quoteChar!=  null  &&  quoteChar!=  this.quoteChar)  {  [BUGGY]    throw  new  IllegalStateException(     "The  quoteChar  character  and  the  delimiter  cannot  be  the  same  ('   "  +  quoteChar  +     "')   ");  }  if  (escape  !=  null  &&  delimiter  ==  escape.charValue())  {  throw  new  IllegalStateException(     "The  escape  character  and  the  delimiter  cannot  be  the  same  ('   "  +  escape  +     "')   ");  }  if  (commentStart  !=  null  &&  delimiter  ==  commentStart.charValue())  {  [CLASS]  CSVFormat  [METHOD]  validate  [RETURN_TYPE]  void  [VARIABLES]  Quote  quotePolicy  boolean  ignoreEmptyLines  ignoreSurroundingSpaces  skipHeaderRecord  Set  set  Character  c  commentStart  escape  quoteChar  char  c  delimiter  CSVFormat  DEFAULT  EXCEL  MYSQL  RFC4180  TDF  other  String  nullString  recordSeparator  String[]  header  long  serialVersionUID  	projects/Csv8/src/main/java/org/apache/commons/csv/CSVFormat.java	0.30151134457776363	636	636	1	replace	if  (quoteChar!=  null  &&  quoteChar!=  this.quoteChar)  {	  if    (quoteChar!=    null    &&    quoteChar!=    delimiter)    {    	non-compiled	[CE]  illegal  start  of  type	9	None	replace
36	[BUG]  [BUGGY]  if  (quoteChar!=  null  &&  quoteChar!=  DEFAULT)  {  [CE]  illegal  start  of  type  [FE]              java.lang.Exception:  Unexpected  exception    [CONTEXT]    void  validate()  throws  IllegalStateException  {    [BUGGY]  if  (quoteChar!=  null  &&  quoteChar!=  DEFAULT)  {  [BUGGY]    throw  new  IllegalStateException(     "The  quoteChar  character  and  the  delimiter  cannot  be  the  same  ('   "  +  quoteChar  +     "')   ");  }  if  (escape  !=  null  &&  delimiter  ==  escape.charValue())  {  throw  new  IllegalStateException(     "The  escape  character  and  the  delimiter  cannot  be  the  same  ('   "  +  escape  +     "')   ");  }  if  (commentStart  !=  null  &&  delimiter  ==  commentStart.charValue())  {  [CLASS]  CSVFormat  [METHOD]  validate  [RETURN_TYPE]  void  [VARIABLES]  Quote  quotePolicy  boolean  ignoreEmptyLines  ignoreSurroundingSpaces  skipHeaderRecord  Set  set  Character  c  commentStart  escape  quoteChar  char  c  delimiter  CSVFormat  DEFAULT  EXCEL  MYSQL  RFC4180  TDF  other  String  nullString  recordSeparator  String[]  header  long  serialVersionUID  	projects/Csv8/src/main/java/org/apache/commons/csv/CSVFormat.java	0.30151134457776363	636	636	1	replace	if  (quoteChar!=  null  &&  quoteChar!=  DEFAULT)  {	  if    (quoteChar!=    null    &&    quoteChar!=    delimiter)    {    	non-compiled	[CE]  illegal  start  of  type	9	None	replace
37	[BUG]  [BUGGY]  Character  quoteChar  =  getQuoteChar();  [CE]  illegal  start  of  type  [FE]                  java.lang.Exception:  Unexpected  exception    [CONTEXT]    void  validate()  throws  IllegalStateException  {    [BUGGY]  Character  quoteChar  =  getQuoteChar();  [BUGGY]    throw  new  IllegalStateException(     "The  quoteChar  character  and  the  delimiter  cannot  be  the  same  ('   "  +  quoteChar  +     "')   ");  }  if  (escape  !=  null  &&  delimiter  ==  escape.charValue())  {  throw  new  IllegalStateException(     "The  escape  character  and  the  delimiter  cannot  be  the  same  ('   "  +  escape  +     "')   ");  }  if  (commentStart  !=  null  &&  delimiter  ==  commentStart.charValue())  {  [CLASS]  CSVFormat  [METHOD]  validate  [RETURN_TYPE]  void  [VARIABLES]  Quote  quotePolicy  boolean  ignoreEmptyLines  ignoreSurroundingSpaces  skipHeaderRecord  Set  set  Character  c  commentStart  escape  quoteChar  char  c  delimiter  CSVFormat  DEFAULT  EXCEL  MYSQL  RFC4180  TDF  other  String  nullString  recordSeparator  String[]  header  long  serialVersionUID  	projects/Csv8/src/main/java/org/apache/commons/csv/CSVFormat.java	0.30151134457776363	636	636	1	replace	Character  quoteChar  =  getQuoteChar();	      	non-compiled	[CE]  illegal  start  of  type	6	None	replace
38	[BUG]  [BUGGY]  Quote  quotePolicy  =  getPricePolicy();  [CE]  illegal  start  of  type  [FE]                    java.lang.Exception:  Unexpected  exception    [CONTEXT]    void  validate()  throws  IllegalStateException  {    [BUGGY]  Quote  quotePolicy  =  getPricePolicy();  [BUGGY]    throw  new  IllegalStateException(     "The  quoteChar  character  and  the  delimiter  cannot  be  the  same  ('   "  +  quoteChar  +     "')   ");  }  if  (escape  !=  null  &&  delimiter  ==  escape.charValue())  {  throw  new  IllegalStateException(     "The  escape  character  and  the  delimiter  cannot  be  the  same  ('   "  +  escape  +     "')   ");  }  if  (commentStart  !=  null  &&  delimiter  ==  commentStart.charValue())  {  [CLASS]  CSVFormat  [METHOD]  validate  [RETURN_TYPE]  void  [VARIABLES]  Quote  quotePolicy  boolean  ignoreEmptyLines  ignoreSurroundingSpaces  skipHeaderRecord  Set  set  Character  c  commentStart  escape  quoteChar  char  c  delimiter  CSVFormat  DEFAULT  EXCEL  MYSQL  RFC4180  TDF  other  String  nullString  recordSeparator  String[]  header  long  serialVersionUID  	projects/Csv8/src/main/java/org/apache/commons/csv/CSVFormat.java	0.30151134457776363	636	636	1	replace	Quote  quotePolicy  =  getPricePolicy();	      	non-compiled	[CE]  illegal  start  of  type	6	None	replace
39	[BUG]  [BUGGY]  Quote  quotePolicy  =  DateTimeUtils.getPrettyPrinter();  [CE]  illegal  start  of  type  [FE]                      java.lang.Exception:  Unexpected  exception    [CONTEXT]    void  validate()  throws  IllegalStateException  {    [BUGGY]  Quote  quotePolicy  =  DateTimeUtils.getPrettyPrinter();  [BUGGY]    throw  new  IllegalStateException(     "The  quoteChar  character  and  the  delimiter  cannot  be  the  same  ('   "  +  quoteChar  +     "')   ");  }  if  (escape  !=  null  &&  delimiter  ==  escape.charValue())  {  throw  new  IllegalStateException(     "The  escape  character  and  the  delimiter  cannot  be  the  same  ('   "  +  escape  +     "')   ");  }  if  (commentStart  !=  null  &&  delimiter  ==  commentStart.charValue())  {  [CLASS]  CSVFormat  [METHOD]  validate  [RETURN_TYPE]  void  [VARIABLES]  Quote  quotePolicy  boolean  ignoreEmptyLines  ignoreSurroundingSpaces  skipHeaderRecord  Set  set  Character  c  commentStart  escape  quoteChar  char  c  delimiter  CSVFormat  DEFAULT  EXCEL  MYSQL  RFC4180  TDF  other  String  nullString  recordSeparator  String[]  header  long  serialVersionUID  	projects/Csv8/src/main/java/org/apache/commons/csv/CSVFormat.java	0.30151134457776363	636	636	1	replace	Quote  quotePolicy  =  DateTimeUtils.getPrettyPrinter();	      	non-compiled	[CE]  illegal  start  of  type	6	None	replace
40	[BUG]  [BUGGY]  Character  quoteChar  =  getQuoteChar(c);  [CE]  illegal  start  of  type  [FE]                        java.lang.Exception:  Unexpected  exception    [CONTEXT]    void  validate()  throws  IllegalStateException  {    [BUGGY]  Character  quoteChar  =  getQuoteChar(c);  [BUGGY]    throw  new  IllegalStateException(     "The  quoteChar  character  and  the  delimiter  cannot  be  the  same  ('   "  +  quoteChar  +     "')   ");  }  if  (escape  !=  null  &&  delimiter  ==  escape.charValue())  {  throw  new  IllegalStateException(     "The  escape  character  and  the  delimiter  cannot  be  the  same  ('   "  +  escape  +     "')   ");  }  if  (commentStart  !=  null  &&  delimiter  ==  commentStart.charValue())  {  [CLASS]  CSVFormat  [METHOD]  validate  [RETURN_TYPE]  void  [VARIABLES]  Quote  quotePolicy  boolean  ignoreEmptyLines  ignoreSurroundingSpaces  skipHeaderRecord  Set  set  Character  c  commentStart  escape  quoteChar  char  c  delimiter  CSVFormat  DEFAULT  EXCEL  MYSQL  RFC4180  TDF  other  String  nullString  recordSeparator  String[]  header  long  serialVersionUID  	projects/Csv8/src/main/java/org/apache/commons/csv/CSVFormat.java	0.30151134457776363	636	636	1	replace	Character  quoteChar  =  getQuoteChar(c);	      	non-compiled	[CE]  illegal  start  of  type	6	None	replace
41	[BUG]  [BUGGY]  Quote  quotePolicy  =  DateTimeUtils.getCSVFormat(quote);  [CE]  illegal  start  of  type  [FE]                          java.lang.Exception:  Unexpected  exception    [CONTEXT]    void  validate()  throws  IllegalStateException  {    [BUGGY]  Quote  quotePolicy  =  DateTimeUtils.getCSVFormat(quote);  [BUGGY]    throw  new  IllegalStateException(     "The  quoteChar  character  and  the  delimiter  cannot  be  the  same  ('   "  +  quoteChar  +     "')   ");  }  if  (escape  !=  null  &&  delimiter  ==  escape.charValue())  {  throw  new  IllegalStateException(     "The  escape  character  and  the  delimiter  cannot  be  the  same  ('   "  +  escape  +     "')   ");  }  if  (commentStart  !=  null  &&  delimiter  ==  commentStart.charValue())  {  [CLASS]  CSVFormat  [METHOD]  validate  [RETURN_TYPE]  void  [VARIABLES]  Quote  quotePolicy  boolean  ignoreEmptyLines  ignoreSurroundingSpaces  skipHeaderRecord  Set  set  Character  c  commentStart  escape  quoteChar  char  c  delimiter  CSVFormat  DEFAULT  EXCEL  MYSQL  RFC4180  TDF  other  String  nullString  recordSeparator  String[]  header  long  serialVersionUID  	projects/Csv8/src/main/java/org/apache/commons/csv/CSVFormat.java	0.30151134457776363	636	636	1	replace	Quote  quotePolicy  =  DateTimeUtils.getCSVFormat(quote);	      	non-compiled	[CE]  illegal  start  of  type	6	None	replace
42	[BUG]  [BUGGY]  Quote  quotePolicy  =  DateTimeUtils.getInstance();  [CE]  illegal  start  of  type  [FE]                            java.lang.Exception:  Unexpected  exception    [CONTEXT]    void  validate()  throws  IllegalStateException  {    [BUGGY]  Quote  quotePolicy  =  DateTimeUtils.getInstance();  [BUGGY]    throw  new  IllegalStateException(     "The  quoteChar  character  and  the  delimiter  cannot  be  the  same  ('   "  +  quoteChar  +     "')   ");  }  if  (escape  !=  null  &&  delimiter  ==  escape.charValue())  {  throw  new  IllegalStateException(     "The  escape  character  and  the  delimiter  cannot  be  the  same  ('   "  +  escape  +     "')   ");  }  if  (commentStart  !=  null  &&  delimiter  ==  commentStart.charValue())  {  [CLASS]  CSVFormat  [METHOD]  validate  [RETURN_TYPE]  void  [VARIABLES]  Quote  quotePolicy  boolean  ignoreEmptyLines  ignoreSurroundingSpaces  skipHeaderRecord  Set  set  Character  c  commentStart  escape  quoteChar  char  c  delimiter  CSVFormat  DEFAULT  EXCEL  MYSQL  RFC4180  TDF  other  String  nullString  recordSeparator  String[]  header  long  serialVersionUID  	projects/Csv8/src/main/java/org/apache/commons/csv/CSVFormat.java	0.30151134457776363	636	636	1	replace	Quote  quotePolicy  =  DateTimeUtils.getInstance();	      	non-compiled	[CE]  illegal  start  of  type	6	None	replace
43	[BUG]  [BUGGY]  if(quoteChar!=  null  &&  quoteChar  >=  null)  {  [CE]  illegal  start  of  type  [FE]        java.lang.Exception:  Unexpected  exception    [CONTEXT]    void  validate()  throws  IllegalStateException  {    [BUGGY]  if(quoteChar!=  null  &&  quoteChar  >=  null)  {  [BUGGY]    throw  new  IllegalStateException(     "The  quoteChar  character  and  the  delimiter  cannot  be  the  same  ('   "  +  quoteChar  +     "')   ");  }  if  (escape  !=  null  &&  delimiter  ==  escape.charValue())  {  throw  new  IllegalStateException(     "The  escape  character  and  the  delimiter  cannot  be  the  same  ('   "  +  escape  +     "')   ");  }  if  (commentStart  !=  null  &&  delimiter  ==  commentStart.charValue())  {  [CLASS]  CSVFormat  [METHOD]  validate  [RETURN_TYPE]  void  [VARIABLES]  Quote  quotePolicy  boolean  ignoreEmptyLines  ignoreSurroundingSpaces  skipHeaderRecord  Set  set  Character  c  commentStart  escape  quoteChar  char  c  delimiter  CSVFormat  DEFAULT  EXCEL  MYSQL  RFC4180  TDF  other  String  nullString  recordSeparator  String[]  header  long  serialVersionUID  	projects/Csv8/src/main/java/org/apache/commons/csv/CSVFormat.java	0.30151134457776363	636	636	1	replace	if(quoteChar!=  null  &&  quoteChar  >=  null)  {	  if(quoteChar!=    null    &&    quoteChar!=    null)    {    	non-compiled	[CE]  illegal  start  of  type	7	None	replace
44	[BUG]  [BUGGY]  if(quoteString!=  null  &&  quoteChar!=  null)  {  [CE]  illegal  start  of  type  [FE]          java.lang.Exception:  Unexpected  exception    [CONTEXT]    void  validate()  throws  IllegalStateException  {    [BUGGY]  if(quoteString!=  null  &&  quoteChar!=  null)  {  [BUGGY]    throw  new  IllegalStateException(     "The  quoteChar  character  and  the  delimiter  cannot  be  the  same  ('   "  +  quoteChar  +     "')   ");  }  if  (escape  !=  null  &&  delimiter  ==  escape.charValue())  {  throw  new  IllegalStateException(     "The  escape  character  and  the  delimiter  cannot  be  the  same  ('   "  +  escape  +     "')   ");  }  if  (commentStart  !=  null  &&  delimiter  ==  commentStart.charValue())  {  [CLASS]  CSVFormat  [METHOD]  validate  [RETURN_TYPE]  void  [VARIABLES]  Quote  quotePolicy  boolean  ignoreEmptyLines  ignoreSurroundingSpaces  skipHeaderRecord  Set  set  Character  c  commentStart  escape  quoteChar  char  c  delimiter  CSVFormat  DEFAULT  EXCEL  MYSQL  RFC4180  TDF  other  String  nullString  recordSeparator  String[]  header  long  serialVersionUID  	projects/Csv8/src/main/java/org/apache/commons/csv/CSVFormat.java	0.30151134457776363	636	636	1	replace	if(quoteString!=  null  &&  quoteChar!=  null)  {	  if(quoteChar!=    null    &&    quoteChar!=    null)    {    	non-compiled	[CE]  illegal  start  of  type	7	None	replace
45	[BUG]  [BUGGY]  if  (quoteChar!=  null  &&  quoteChar.charValue()  ==  delimiter)  {  [CE]  illegal  start  of  type  [FE]              java.lang.Exception:  Unexpected  exception    [CONTEXT]    void  validate()  throws  IllegalStateException  {    [BUGGY]  if  (quoteChar!=  null  &&  quoteChar.charValue()  ==  delimiter)  {  [BUGGY]    throw  new  IllegalStateException(     "The  quoteChar  character  and  the  delimiter  cannot  be  the  same  ('   "  +  quoteChar  +     "')   ");  }  if  (escape  !=  null  &&  delimiter  ==  escape.charValue())  {  throw  new  IllegalStateException(     "The  escape  character  and  the  delimiter  cannot  be  the  same  ('   "  +  escape  +     "')   ");  }  if  (commentStart  !=  null  &&  delimiter  ==  commentStart.charValue())  {  [CLASS]  CSVFormat  [METHOD]  validate  [RETURN_TYPE]  void  [VARIABLES]  Quote  quotePolicy  boolean  ignoreEmptyLines  ignoreSurroundingSpaces  skipHeaderRecord  Set  set  Character  c  commentStart  escape  quoteChar  char  c  delimiter  CSVFormat  DEFAULT  EXCEL  MYSQL  RFC4180  TDF  other  String  nullString  recordSeparator  String[]  header  long  serialVersionUID  	projects/Csv8/src/main/java/org/apache/commons/csv/CSVFormat.java	0.30151134457776363	636	636	1	replace	if  (quoteChar!=  null  &&  quoteChar.charValue()  ==  delimiter)  {	  if    (quoteChar!=    null    ||    delimiter    ==    quoteChar.charValue())    {    	non-compiled	[CE]  illegal  start  of  type	4	None	replace
46	[BUG]  [BUGGY]  if  (quoteChar!=  null  &&  quoteChar  ==  this.quoteChar.charValue())  {  [CE]  illegal  start  of  type  [FE]        java.lang.Exception:  Unexpected  exception    [CONTEXT]    void  validate()  throws  IllegalStateException  {    [BUGGY]  if  (quoteChar!=  null  &&  quoteChar  ==  this.quoteChar.charValue())  {  [BUGGY]    throw  new  IllegalStateException(     "The  quoteChar  character  and  the  delimiter  cannot  be  the  same  ('   "  +  quoteChar  +     "')   ");  }  if  (escape  !=  null  &&  delimiter  ==  escape.charValue())  {  throw  new  IllegalStateException(     "The  escape  character  and  the  delimiter  cannot  be  the  same  ('   "  +  escape  +     "')   ");  }  if  (commentStart  !=  null  &&  delimiter  ==  commentStart.charValue())  {  [CLASS]  CSVFormat  [METHOD]  validate  [RETURN_TYPE]  void  [VARIABLES]  Quote  quotePolicy  boolean  ignoreEmptyLines  ignoreSurroundingSpaces  skipHeaderRecord  Set  set  Character  c  commentStart  escape  quoteChar  char  c  delimiter  CSVFormat  DEFAULT  EXCEL  MYSQL  RFC4180  TDF  other  String  nullString  recordSeparator  String[]  header  long  serialVersionUID  	projects/Csv8/src/main/java/org/apache/commons/csv/CSVFormat.java	0.30151134457776363	636	636	1	replace	if  (quoteChar!=  null  &&  quoteChar  ==  this.quoteChar.charValue())  {	  if    (quoteChar!=    null    &&    quoteChar    ==    delimiter.charValue())    {    	non-compiled	[CE]  illegal  start  of  type	10	None	replace
47	[BUG]  [BUGGY]  if  (quoteChar!=  null  &&  quoteChar  <  =  delimiter.charValue())  {  [CE]  illegal  start  of  type  [FE]          java.lang.Exception:  Unexpected  exception    [CONTEXT]    void  validate()  throws  IllegalStateException  {    [BUGGY]  if  (quoteChar!=  null  &&  quoteChar  <  =  delimiter.charValue())  {  [BUGGY]    throw  new  IllegalStateException(     "The  quoteChar  character  and  the  delimiter  cannot  be  the  same  ('   "  +  quoteChar  +     "')   ");  }  if  (escape  !=  null  &&  delimiter  ==  escape.charValue())  {  throw  new  IllegalStateException(     "The  escape  character  and  the  delimiter  cannot  be  the  same  ('   "  +  escape  +     "')   ");  }  if  (commentStart  !=  null  &&  delimiter  ==  commentStart.charValue())  {  [CLASS]  CSVFormat  [METHOD]  validate  [RETURN_TYPE]  void  [VARIABLES]  Quote  quotePolicy  boolean  ignoreEmptyLines  ignoreSurroundingSpaces  skipHeaderRecord  Set  set  Character  c  commentStart  escape  quoteChar  char  c  delimiter  CSVFormat  DEFAULT  EXCEL  MYSQL  RFC4180  TDF  other  String  nullString  recordSeparator  String[]  header  long  serialVersionUID  	projects/Csv8/src/main/java/org/apache/commons/csv/CSVFormat.java	0.30151134457776363	636	636	1	replace	if  (quoteChar!=  null  &&  quoteChar  <  =  delimiter.charValue())  {	  if    (quoteChar!=    null    &&    quoteChar    ==    delimiter.charValue())    {    	non-compiled	[CE]  illegal  start  of  type	10	None	replace
48	[BUG]  [BUGGY]  if  (quoteChar!=  null  &&  quoteChar  ==  Delimiter.EMPTY_STRING)  {  [CE]  illegal  start  of  type  [FE]            java.lang.Exception:  Unexpected  exception    [CONTEXT]    void  validate()  throws  IllegalStateException  {    [BUGGY]  if  (quoteChar!=  null  &&  quoteChar  ==  Delimiter.EMPTY_STRING)  {  [BUGGY]    throw  new  IllegalStateException(     "The  quoteChar  character  and  the  delimiter  cannot  be  the  same  ('   "  +  quoteChar  +     "')   ");  }  if  (escape  !=  null  &&  delimiter  ==  escape.charValue())  {  throw  new  IllegalStateException(     "The  escape  character  and  the  delimiter  cannot  be  the  same  ('   "  +  escape  +     "')   ");  }  if  (commentStart  !=  null  &&  delimiter  ==  commentStart.charValue())  {  [CLASS]  CSVFormat  [METHOD]  validate  [RETURN_TYPE]  void  [VARIABLES]  Quote  quotePolicy  boolean  ignoreEmptyLines  ignoreSurroundingSpaces  skipHeaderRecord  Set  set  Character  c  commentStart  escape  quoteChar  char  c  delimiter  CSVFormat  DEFAULT  EXCEL  MYSQL  RFC4180  TDF  other  String  nullString  recordSeparator  String[]  header  long  serialVersionUID  	projects/Csv8/src/main/java/org/apache/commons/csv/CSVFormat.java	0.30151134457776363	636	636	1	replace	if  (quoteChar!=  null  &&  quoteChar  ==  Delimiter.EMPTY_STRING)  {	  if    (quoteChar!=    null    &&    quoteChar    ==    delimiter.charValue())    {    	non-compiled	[CE]  illegal  start  of  type	10	None	replace
49	[BUG]  [BUGGY]  if  (quoteChar!=  null  &&  quoteChar!=  this.quoteChar.charValue())  {  [CE]  illegal  start  of  type  [FE]          java.lang.Exception:  Unexpected  exception    [CONTEXT]    void  validate()  throws  IllegalStateException  {    [BUGGY]  if  (quoteChar!=  null  &&  quoteChar!=  this.quoteChar.charValue())  {  [BUGGY]    throw  new  IllegalStateException(     "The  quoteChar  character  and  the  delimiter  cannot  be  the  same  ('   "  +  quoteChar  +     "')   ");  }  if  (escape  !=  null  &&  delimiter  ==  escape.charValue())  {  throw  new  IllegalStateException(     "The  escape  character  and  the  delimiter  cannot  be  the  same  ('   "  +  escape  +     "')   ");  }  if  (commentStart  !=  null  &&  delimiter  ==  commentStart.charValue())  {  [CLASS]  CSVFormat  [METHOD]  validate  [RETURN_TYPE]  void  [VARIABLES]  Quote  quotePolicy  boolean  ignoreEmptyLines  ignoreSurroundingSpaces  skipHeaderRecord  Set  set  Character  c  commentStart  escape  quoteChar  char  c  delimiter  CSVFormat  DEFAULT  EXCEL  MYSQL  RFC4180  TDF  other  String  nullString  recordSeparator  String[]  header  long  serialVersionUID  	projects/Csv8/src/main/java/org/apache/commons/csv/CSVFormat.java	0.30151134457776363	636	636	1	replace	if  (quoteChar!=  null  &&  quoteChar!=  this.quoteChar.charValue())  {	  if    (quoteChar!=    null    &&    quoteChar!=    delimiter.charValue())    {    	non-compiled	[CE]  illegal  start  of  type	2	None	replace
50	[BUG]  [BUGGY]  if  (quoteChar!=  null  &&  quoteChar!=  Delimiter.EMPTY_STRING)  {  [CE]  illegal  start  of  type  [FE]            java.lang.Exception:  Unexpected  exception    [CONTEXT]    void  validate()  throws  IllegalStateException  {    [BUGGY]  if  (quoteChar!=  null  &&  quoteChar!=  Delimiter.EMPTY_STRING)  {  [BUGGY]    throw  new  IllegalStateException(     "The  quoteChar  character  and  the  delimiter  cannot  be  the  same  ('   "  +  quoteChar  +     "')   ");  }  if  (escape  !=  null  &&  delimiter  ==  escape.charValue())  {  throw  new  IllegalStateException(     "The  escape  character  and  the  delimiter  cannot  be  the  same  ('   "  +  escape  +     "')   ");  }  if  (commentStart  !=  null  &&  delimiter  ==  commentStart.charValue())  {  [CLASS]  CSVFormat  [METHOD]  validate  [RETURN_TYPE]  void  [VARIABLES]  Quote  quotePolicy  boolean  ignoreEmptyLines  ignoreSurroundingSpaces  skipHeaderRecord  Set  set  Character  c  commentStart  escape  quoteChar  char  c  delimiter  CSVFormat  DEFAULT  EXCEL  MYSQL  RFC4180  TDF  other  String  nullString  recordSeparator  String[]  header  long  serialVersionUID  	projects/Csv8/src/main/java/org/apache/commons/csv/CSVFormat.java	0.30151134457776363	636	636	1	replace	if  (quoteChar!=  null  &&  quoteChar!=  Delimiter.EMPTY_STRING)  {	  if    (quoteChar!=    null    &&    quoteChar!=    delimiter.charValue())    {    	non-compiled	[CE]  illegal  start  of  type	2	None	replace
51	[BUG]  [BUGGY]  if  (quoteChar!=  null  &&  quoteChar.length()  >=  0)  {  [CE]  illegal  start  of  type  [FE]          java.lang.Exception:  Unexpected  exception    [CONTEXT]    void  validate()  throws  IllegalStateException  {    [BUGGY]  if  (quoteChar!=  null  &&  quoteChar.length()  >=  0)  {  [BUGGY]    throw  new  IllegalStateException(     "The  quoteChar  character  and  the  delimiter  cannot  be  the  same  ('   "  +  quoteChar  +     "')   ");  }  if  (escape  !=  null  &&  delimiter  ==  escape.charValue())  {  throw  new  IllegalStateException(     "The  escape  character  and  the  delimiter  cannot  be  the  same  ('   "  +  escape  +     "')   ");  }  if  (commentStart  !=  null  &&  delimiter  ==  commentStart.charValue())  {  [CLASS]  CSVFormat  [METHOD]  validate  [RETURN_TYPE]  void  [VARIABLES]  Quote  quotePolicy  boolean  ignoreEmptyLines  ignoreSurroundingSpaces  skipHeaderRecord  Set  set  Character  c  commentStart  escape  quoteChar  char  c  delimiter  CSVFormat  DEFAULT  EXCEL  MYSQL  RFC4180  TDF  other  String  nullString  recordSeparator  String[]  header  long  serialVersionUID  	projects/Csv8/src/main/java/org/apache/commons/csv/CSVFormat.java	0.30151134457776363	636	636	1	replace	if  (quoteChar!=  null  &&  quoteChar.length()  >=  0)  {	  if    (quoteChar!=    null    &&    quoteChar.length()    ==    0)    {    	non-compiled	[CE]  illegal  start  of  type	8	None	replace
52	[BUG]  [BUGGY]  if(quoteChar!=  null  &&  quoteChar!=  null  ||!quoteChar.isEmpty())  {  [CE]  illegal  start  of  type  [FE]        java.lang.Exception:  Unexpected  exception    [CONTEXT]    void  validate()  throws  IllegalStateException  {    [BUGGY]  if(quoteChar!=  null  &&  quoteChar!=  null  ||!quoteChar.isEmpty())  {  [BUGGY]    throw  new  IllegalStateException(     "The  quoteChar  character  and  the  delimiter  cannot  be  the  same  ('   "  +  quoteChar  +     "')   ");  }  if  (escape  !=  null  &&  delimiter  ==  escape.charValue())  {  throw  new  IllegalStateException(     "The  escape  character  and  the  delimiter  cannot  be  the  same  ('   "  +  escape  +     "')   ");  }  if  (commentStart  !=  null  &&  delimiter  ==  commentStart.charValue())  {  [CLASS]  CSVFormat  [METHOD]  validate  [RETURN_TYPE]  void  [VARIABLES]  Quote  quotePolicy  boolean  ignoreEmptyLines  ignoreSurroundingSpaces  skipHeaderRecord  Set  set  Character  c  commentStart  escape  quoteChar  char  c  delimiter  CSVFormat  DEFAULT  EXCEL  MYSQL  RFC4180  TDF  other  String  nullString  recordSeparator  String[]  header  long  serialVersionUID  	projects/Csv8/src/main/java/org/apache/commons/csv/CSVFormat.java	0.30151134457776363	636	636	1	replace	if(quoteChar!=  null  &&  quoteChar!=  null  ||!quoteChar.isEmpty())  {	  if(quoteChar!=    null    &&    quoteChar!=    null)    {    	non-compiled	[CE]  illegal  start  of  type	7	None	replace
53	[BUG]  [BUGGY]  if(quoteChar!=  null  &&  quoteChar!=  this)  {  [CE]  illegal  start  of  type  [FE]          java.lang.Exception:  Unexpected  exception    [CONTEXT]    void  validate()  throws  IllegalStateException  {    [BUGGY]  if(quoteChar!=  null  &&  quoteChar!=  this)  {  [BUGGY]    throw  new  IllegalStateException(     "The  quoteChar  character  and  the  delimiter  cannot  be  the  same  ('   "  +  quoteChar  +     "')   ");  }  if  (escape  !=  null  &&  delimiter  ==  escape.charValue())  {  throw  new  IllegalStateException(     "The  escape  character  and  the  delimiter  cannot  be  the  same  ('   "  +  escape  +     "')   ");  }  if  (commentStart  !=  null  &&  delimiter  ==  commentStart.charValue())  {  [CLASS]  CSVFormat  [METHOD]  validate  [RETURN_TYPE]  void  [VARIABLES]  Quote  quotePolicy  boolean  ignoreEmptyLines  ignoreSurroundingSpaces  skipHeaderRecord  Set  set  Character  c  commentStart  escape  quoteChar  char  c  delimiter  CSVFormat  DEFAULT  EXCEL  MYSQL  RFC4180  TDF  other  String  nullString  recordSeparator  String[]  header  long  serialVersionUID  	projects/Csv8/src/main/java/org/apache/commons/csv/CSVFormat.java	0.30151134457776363	636	636	1	replace	if(quoteChar!=  null  &&  quoteChar!=  this)  {	  if(quoteChar!=    null    &&    quoteChar!=    null)    {    	non-compiled	[CE]  illegal  start  of  type	7	None	replace
54	[BUG]  [BUGGY]  if  (quoteChar  ==  null  ||  delimiter  ==  quoteChar.charValue())  {  [CE]  illegal  start  of  type  [FE]              java.lang.Exception:  Unexpected  exception    [CONTEXT]    void  validate()  throws  IllegalStateException  {    [BUGGY]  if  (quoteChar  ==  null  ||  delimiter  ==  quoteChar.charValue())  {  [BUGGY]    throw  new  IllegalStateException(     "The  quoteChar  character  and  the  delimiter  cannot  be  the  same  ('   "  +  quoteChar  +     "')   ");  }  if  (escape  !=  null  &&  delimiter  ==  escape.charValue())  {  throw  new  IllegalStateException(     "The  escape  character  and  the  delimiter  cannot  be  the  same  ('   "  +  escape  +     "')   ");  }  if  (commentStart  !=  null  &&  delimiter  ==  commentStart.charValue())  {  [CLASS]  CSVFormat  [METHOD]  validate  [RETURN_TYPE]  void  [VARIABLES]  Quote  quotePolicy  boolean  ignoreEmptyLines  ignoreSurroundingSpaces  skipHeaderRecord  Set  set  Character  c  commentStart  escape  quoteChar  char  c  delimiter  CSVFormat  DEFAULT  EXCEL  MYSQL  RFC4180  TDF  other  String  nullString  recordSeparator  String[]  header  long  serialVersionUID  	projects/Csv8/src/main/java/org/apache/commons/csv/CSVFormat.java	0.30151134457776363	636	636	1	replace	if  (quoteChar  ==  null  ||  delimiter  ==  quoteChar.charValue())  {	  if    (quoteChar!=    null    ||    delimiter    ==    quoteChar.charValue())    {    	non-compiled	[CE]  illegal  start  of  type	4	None	replace
55	[BUG]  [BUGGY]  if(quoteChar!=  null  ||  quoteChar.length()  ==  delimiter)  {  [CE]  illegal  start  of  type  [FE]                java.lang.Exception:  Unexpected  exception    [CONTEXT]    void  validate()  throws  IllegalStateException  {    [BUGGY]  if(quoteChar!=  null  ||  quoteChar.length()  ==  delimiter)  {  [BUGGY]    throw  new  IllegalStateException(     "The  quoteChar  character  and  the  delimiter  cannot  be  the  same  ('   "  +  quoteChar  +     "')   ");  }  if  (escape  !=  null  &&  delimiter  ==  escape.charValue())  {  throw  new  IllegalStateException(     "The  escape  character  and  the  delimiter  cannot  be  the  same  ('   "  +  escape  +     "')   ");  }  if  (commentStart  !=  null  &&  delimiter  ==  commentStart.charValue())  {  [CLASS]  CSVFormat  [METHOD]  validate  [RETURN_TYPE]  void  [VARIABLES]  Quote  quotePolicy  boolean  ignoreEmptyLines  ignoreSurroundingSpaces  skipHeaderRecord  Set  set  Character  c  commentStart  escape  quoteChar  char  c  delimiter  CSVFormat  DEFAULT  EXCEL  MYSQL  RFC4180  TDF  other  String  nullString  recordSeparator  String[]  header  long  serialVersionUID  	projects/Csv8/src/main/java/org/apache/commons/csv/CSVFormat.java	0.30151134457776363	636	636	1	replace	if(quoteChar!=  null  ||  quoteChar.length()  ==  delimiter)  {	  if    (quoteChar!=    null    ||    delimiter    ==    quoteChar.charValue())    {    	non-compiled	[CE]  illegal  start  of  type	4	None	replace
56	[BUG]  [BUGGY]  if  (quoteChar  ==  null  ||  quoteChar  ==  null.charValue())  {  [CE]  illegal  start  of  type  [FE]                java.lang.Exception:  Unexpected  exception    [CONTEXT]    void  validate()  throws  IllegalStateException  {    [BUGGY]  if  (quoteChar  ==  null  ||  quoteChar  ==  null.charValue())  {  [BUGGY]    throw  new  IllegalStateException(     "The  quoteChar  character  and  the  delimiter  cannot  be  the  same  ('   "  +  quoteChar  +     "')   ");  }  if  (escape  !=  null  &&  delimiter  ==  escape.charValue())  {  throw  new  IllegalStateException(     "The  escape  character  and  the  delimiter  cannot  be  the  same  ('   "  +  escape  +     "')   ");  }  if  (commentStart  !=  null  &&  delimiter  ==  commentStart.charValue())  {  [CLASS]  CSVFormat  [METHOD]  validate  [RETURN_TYPE]  void  [VARIABLES]  Quote  quotePolicy  boolean  ignoreEmptyLines  ignoreSurroundingSpaces  skipHeaderRecord  Set  set  Character  c  commentStart  escape  quoteChar  char  c  delimiter  CSVFormat  DEFAULT  EXCEL  MYSQL  RFC4180  TDF  other  String  nullString  recordSeparator  String[]  header  long  serialVersionUID  	projects/Csv8/src/main/java/org/apache/commons/csv/CSVFormat.java	0.30151134457776363	636	636	1	replace	if  (quoteChar  ==  null  ||  quoteChar  ==  null.charValue())  {	  if    (quoteChar!=    null    ||    quoteChar    ==    null.charValue())    {    	non-compiled	[CE]  illegal  start  of  type	5	None	replace
57	[BUG]  [BUGGY]  if(quoteChar!=  null  &&  quoteChar!=  Delimiter.None.class)  {  [CE]  illegal  start  of  type  [FE]        java.lang.Exception:  Unexpected  exception    [CONTEXT]    void  validate()  throws  IllegalStateException  {    [BUGGY]  if(quoteChar!=  null  &&  quoteChar!=  Delimiter.None.class)  {  [BUGGY]    throw  new  IllegalStateException(     "The  quoteChar  character  and  the  delimiter  cannot  be  the  same  ('   "  +  quoteChar  +     "')   ");  }  if  (escape  !=  null  &&  delimiter  ==  escape.charValue())  {  throw  new  IllegalStateException(     "The  escape  character  and  the  delimiter  cannot  be  the  same  ('   "  +  escape  +     "')   ");  }  if  (commentStart  !=  null  &&  delimiter  ==  commentStart.charValue())  {  [CLASS]  CSVFormat  [METHOD]  validate  [RETURN_TYPE]  void  [VARIABLES]  Quote  quotePolicy  boolean  ignoreEmptyLines  ignoreSurroundingSpaces  skipHeaderRecord  Set  set  Character  c  commentStart  escape  quoteChar  char  c  delimiter  CSVFormat  DEFAULT  EXCEL  MYSQL  RFC4180  TDF  other  String  nullString  recordSeparator  String[]  header  long  serialVersionUID  	projects/Csv8/src/main/java/org/apache/commons/csv/CSVFormat.java	0.30151134457776363	636	636	1	replace	if(quoteChar!=  null  &&  quoteChar!=  Delimiter.None.class)  {	  if    (quoteChar!=    null    &&    quoteChar    ==    delimiter.charValue())    {    	non-compiled	[CE]  illegal  start  of  type	10	None	replace
58	[BUG]  [BUGGY]  Character  delimiter  =  quotePolicy.getDelimiter(c);  [CE]  illegal  start  of  type  [FE]                  java.lang.Exception:  Unexpected  exception    [CONTEXT]    void  validate()  throws  IllegalStateException  {    [BUGGY]  Character  delimiter  =  quotePolicy.getDelimiter(c);  [BUGGY]    throw  new  IllegalStateException(     "The  quoteChar  character  and  the  delimiter  cannot  be  the  same  ('   "  +  quoteChar  +     "')   ");  }  if  (escape  !=  null  &&  delimiter  ==  escape.charValue())  {  throw  new  IllegalStateException(     "The  escape  character  and  the  delimiter  cannot  be  the  same  ('   "  +  escape  +     "')   ");  }  if  (commentStart  !=  null  &&  delimiter  ==  commentStart.charValue())  {  [CLASS]  CSVFormat  [METHOD]  validate  [RETURN_TYPE]  void  [VARIABLES]  Quote  quotePolicy  boolean  ignoreEmptyLines  ignoreSurroundingSpaces  skipHeaderRecord  Set  set  Character  c  commentStart  escape  quoteChar  char  c  delimiter  CSVFormat  DEFAULT  EXCEL  MYSQL  RFC4180  TDF  other  String  nullString  recordSeparator  String[]  header  long  serialVersionUID  	projects/Csv8/src/main/java/org/apache/commons/csv/CSVFormat.java	0.30151134457776363	636	636	1	replace	Character  delimiter  =  quotePolicy.getDelimiter(c);	      	non-compiled	[CE]  illegal  start  of  type	6	None	replace
59	[BUG]  [BUGGY]  Character  c  =  quotePolicy.getCharacter(c);  [CE]  illegal  start  of  type  [FE]                    java.lang.Exception:  Unexpected  exception    [CONTEXT]    void  validate()  throws  IllegalStateException  {    [BUGGY]  Character  c  =  quotePolicy.getCharacter(c);  [BUGGY]    throw  new  IllegalStateException(     "The  quoteChar  character  and  the  delimiter  cannot  be  the  same  ('   "  +  quoteChar  +     "')   ");  }  if  (escape  !=  null  &&  delimiter  ==  escape.charValue())  {  throw  new  IllegalStateException(     "The  escape  character  and  the  delimiter  cannot  be  the  same  ('   "  +  escape  +     "')   ");  }  if  (commentStart  !=  null  &&  delimiter  ==  commentStart.charValue())  {  [CLASS]  CSVFormat  [METHOD]  validate  [RETURN_TYPE]  void  [VARIABLES]  Quote  quotePolicy  boolean  ignoreEmptyLines  ignoreSurroundingSpaces  skipHeaderRecord  Set  set  Character  c  commentStart  escape  quoteChar  char  c  delimiter  CSVFormat  DEFAULT  EXCEL  MYSQL  RFC4180  TDF  other  String  nullString  recordSeparator  String[]  header  long  serialVersionUID  	projects/Csv8/src/main/java/org/apache/commons/csv/CSVFormat.java	0.30151134457776363	636	636	1	replace	Character  c  =  quotePolicy.getCharacter(c);	      	non-compiled	[CE]  illegal  start  of  type	6	None	replace
60	[BUG]  [BUGGY]  Character  c  =  quoteChar.charValue();  [CE]  illegal  start  of  type  [FE]                      java.lang.Exception:  Unexpected  exception    [CONTEXT]    void  validate()  throws  IllegalStateException  {    [BUGGY]  Character  c  =  quoteChar.charValue();  [BUGGY]    throw  new  IllegalStateException(     "The  quoteChar  character  and  the  delimiter  cannot  be  the  same  ('   "  +  quoteChar  +     "')   ");  }  if  (escape  !=  null  &&  delimiter  ==  escape.charValue())  {  throw  new  IllegalStateException(     "The  escape  character  and  the  delimiter  cannot  be  the  same  ('   "  +  escape  +     "')   ");  }  if  (commentStart  !=  null  &&  delimiter  ==  commentStart.charValue())  {  [CLASS]  CSVFormat  [METHOD]  validate  [RETURN_TYPE]  void  [VARIABLES]  Quote  quotePolicy  boolean  ignoreEmptyLines  ignoreSurroundingSpaces  skipHeaderRecord  Set  set  Character  c  commentStart  escape  quoteChar  char  c  delimiter  CSVFormat  DEFAULT  EXCEL  MYSQL  RFC4180  TDF  other  String  nullString  recordSeparator  String[]  header  long  serialVersionUID  	projects/Csv8/src/main/java/org/apache/commons/csv/CSVFormat.java	0.30151134457776363	636	636	1	replace	Character  c  =  quoteChar.charValue();	      	non-compiled	[CE]  illegal  start  of  type	6	None	replace
61	[BUG]  [BUGGY]  Character  delimiter  =  quotePolicy.getCharacter(c);  [CE]  illegal  start  of  type  [FE]                        java.lang.Exception:  Unexpected  exception    [CONTEXT]    void  validate()  throws  IllegalStateException  {    [BUGGY]  Character  delimiter  =  quotePolicy.getCharacter(c);  [BUGGY]    throw  new  IllegalStateException(     "The  quoteChar  character  and  the  delimiter  cannot  be  the  same  ('   "  +  quoteChar  +     "')   ");  }  if  (escape  !=  null  &&  delimiter  ==  escape.charValue())  {  throw  new  IllegalStateException(     "The  escape  character  and  the  delimiter  cannot  be  the  same  ('   "  +  escape  +     "')   ");  }  if  (commentStart  !=  null  &&  delimiter  ==  commentStart.charValue())  {  [CLASS]  CSVFormat  [METHOD]  validate  [RETURN_TYPE]  void  [VARIABLES]  Quote  quotePolicy  boolean  ignoreEmptyLines  ignoreSurroundingSpaces  skipHeaderRecord  Set  set  Character  c  commentStart  escape  quoteChar  char  c  delimiter  CSVFormat  DEFAULT  EXCEL  MYSQL  RFC4180  TDF  other  String  nullString  recordSeparator  String[]  header  long  serialVersionUID  	projects/Csv8/src/main/java/org/apache/commons/csv/CSVFormat.java	0.30151134457776363	636	636	1	replace	Character  delimiter  =  quotePolicy.getCharacter(c);	      	non-compiled	[CE]  illegal  start  of  type	6	None	replace
62	[BUG]  [BUGGY]  Character  delimiter  =  quotePolicy.getDelimiter(quoteChar);  [CE]  illegal  start  of  type  [FE]                          java.lang.Exception:  Unexpected  exception    [CONTEXT]    void  validate()  throws  IllegalStateException  {    [BUGGY]  Character  delimiter  =  quotePolicy.getDelimiter(quoteChar);  [BUGGY]    throw  new  IllegalStateException(     "The  quoteChar  character  and  the  delimiter  cannot  be  the  same  ('   "  +  quoteChar  +     "')   ");  }  if  (escape  !=  null  &&  delimiter  ==  escape.charValue())  {  throw  new  IllegalStateException(     "The  escape  character  and  the  delimiter  cannot  be  the  same  ('   "  +  escape  +     "')   ");  }  if  (commentStart  !=  null  &&  delimiter  ==  commentStart.charValue())  {  [CLASS]  CSVFormat  [METHOD]  validate  [RETURN_TYPE]  void  [VARIABLES]  Quote  quotePolicy  boolean  ignoreEmptyLines  ignoreSurroundingSpaces  skipHeaderRecord  Set  set  Character  c  commentStart  escape  quoteChar  char  c  delimiter  CSVFormat  DEFAULT  EXCEL  MYSQL  RFC4180  TDF  other  String  nullString  recordSeparator  String[]  header  long  serialVersionUID  	projects/Csv8/src/main/java/org/apache/commons/csv/CSVFormat.java	0.30151134457776363	636	636	1	replace	Character  delimiter  =  quotePolicy.getDelimiter(quoteChar);	      	non-compiled	[CE]  illegal  start  of  type	6	None	replace
63	[BUG]  [BUGGY]  Character  character  =  quotePolicy.getCharacter(c);  [CE]  illegal  start  of  type  [FE]                            java.lang.Exception:  Unexpected  exception    [CONTEXT]    void  validate()  throws  IllegalStateException  {    [BUGGY]  Character  character  =  quotePolicy.getCharacter(c);  [BUGGY]    throw  new  IllegalStateException(     "The  quoteChar  character  and  the  delimiter  cannot  be  the  same  ('   "  +  quoteChar  +     "')   ");  }  if  (escape  !=  null  &&  delimiter  ==  escape.charValue())  {  throw  new  IllegalStateException(     "The  escape  character  and  the  delimiter  cannot  be  the  same  ('   "  +  escape  +     "')   ");  }  if  (commentStart  !=  null  &&  delimiter  ==  commentStart.charValue())  {  [CLASS]  CSVFormat  [METHOD]  validate  [RETURN_TYPE]  void  [VARIABLES]  Quote  quotePolicy  boolean  ignoreEmptyLines  ignoreSurroundingSpaces  skipHeaderRecord  Set  set  Character  c  commentStart  escape  quoteChar  char  c  delimiter  CSVFormat  DEFAULT  EXCEL  MYSQL  RFC4180  TDF  other  String  nullString  recordSeparator  String[]  header  long  serialVersionUID  	projects/Csv8/src/main/java/org/apache/commons/csv/CSVFormat.java	0.30151134457776363	636	636	1	replace	Character  character  =  quotePolicy.getCharacter(c);	      	non-compiled	[CE]  illegal  start  of  type	6	None	replace
64	[BUG]  [BUGGY]  Quote  quotePolicy  =  quotePolicy.getInstance();  [CE]  illegal  start  of  type  [FE]                              java.lang.Exception:  Unexpected  exception    [CONTEXT]    void  validate()  throws  IllegalStateException  {    [BUGGY]  Quote  quotePolicy  =  quotePolicy.getInstance();  [BUGGY]    throw  new  IllegalStateException(     "The  quoteChar  character  and  the  delimiter  cannot  be  the  same  ('   "  +  quoteChar  +     "')   ");  }  if  (escape  !=  null  &&  delimiter  ==  escape.charValue())  {  throw  new  IllegalStateException(     "The  escape  character  and  the  delimiter  cannot  be  the  same  ('   "  +  escape  +     "')   ");  }  if  (commentStart  !=  null  &&  delimiter  ==  commentStart.charValue())  {  [CLASS]  CSVFormat  [METHOD]  validate  [RETURN_TYPE]  void  [VARIABLES]  Quote  quotePolicy  boolean  ignoreEmptyLines  ignoreSurroundingSpaces  skipHeaderRecord  Set  set  Character  c  commentStart  escape  quoteChar  char  c  delimiter  CSVFormat  DEFAULT  EXCEL  MYSQL  RFC4180  TDF  other  String  nullString  recordSeparator  String[]  header  long  serialVersionUID  	projects/Csv8/src/main/java/org/apache/commons/csv/CSVFormat.java	0.30151134457776363	636	636	1	replace	Quote  quotePolicy  =  quotePolicy.getInstance();	      	non-compiled	[CE]  illegal  start  of  type	6	None	replace
65	[BUG]  [BUGGY]  if  (quoteChar!=  null  &&  quoteChar!=  Delimiter.None.charValue())  {  [CE]  illegal  start  of  type  [FE]          java.lang.Exception:  Unexpected  exception    [CONTEXT]    void  validate()  throws  IllegalStateException  {    [BUGGY]  if  (quoteChar!=  null  &&  quoteChar!=  Delimiter.None.charValue())  {  [BUGGY]    throw  new  IllegalStateException(     "The  quoteChar  character  and  the  delimiter  cannot  be  the  same  ('   "  +  quoteChar  +     "')   ");  }  if  (escape  !=  null  &&  delimiter  ==  escape.charValue())  {  throw  new  IllegalStateException(     "The  escape  character  and  the  delimiter  cannot  be  the  same  ('   "  +  escape  +     "')   ");  }  if  (commentStart  !=  null  &&  delimiter  ==  commentStart.charValue())  {  [CLASS]  CSVFormat  [METHOD]  validate  [RETURN_TYPE]  void  [VARIABLES]  Quote  quotePolicy  boolean  ignoreEmptyLines  ignoreSurroundingSpaces  skipHeaderRecord  Set  set  Character  c  commentStart  escape  quoteChar  char  c  delimiter  CSVFormat  DEFAULT  EXCEL  MYSQL  RFC4180  TDF  other  String  nullString  recordSeparator  String[]  header  long  serialVersionUID  	projects/Csv8/src/main/java/org/apache/commons/csv/CSVFormat.java	0.30151134457776363	636	636	1	replace	if  (quoteChar!=  null  &&  quoteChar!=  Delimiter.None.charValue())  {	  if    (quoteChar!=    null    &&    quoteChar!=    delimiter.charValue())    {    	non-compiled	[CE]  illegal  start  of  type	2	None	replace
66	[BUG]  [BUGGY]  if  (quoteChar!=  null  &&  quoteChar!=  CSVFormat.DEFAULT)  {  [CE]  illegal  start  of  type  [FE]            java.lang.Exception:  Unexpected  exception    [CONTEXT]    void  validate()  throws  IllegalStateException  {    [BUGGY]  if  (quoteChar!=  null  &&  quoteChar!=  CSVFormat.DEFAULT)  {  [BUGGY]    throw  new  IllegalStateException(     "The  quoteChar  character  and  the  delimiter  cannot  be  the  same  ('   "  +  quoteChar  +     "')   ");  }  if  (escape  !=  null  &&  delimiter  ==  escape.charValue())  {  throw  new  IllegalStateException(     "The  escape  character  and  the  delimiter  cannot  be  the  same  ('   "  +  escape  +     "')   ");  }  if  (commentStart  !=  null  &&  delimiter  ==  commentStart.charValue())  {  [CLASS]  CSVFormat  [METHOD]  validate  [RETURN_TYPE]  void  [VARIABLES]  Quote  quotePolicy  boolean  ignoreEmptyLines  ignoreSurroundingSpaces  skipHeaderRecord  Set  set  Character  c  commentStart  escape  quoteChar  char  c  delimiter  CSVFormat  DEFAULT  EXCEL  MYSQL  RFC4180  TDF  other  String  nullString  recordSeparator  String[]  header  long  serialVersionUID  	projects/Csv8/src/main/java/org/apache/commons/csv/CSVFormat.java	0.30151134457776363	636	636	1	replace	if  (quoteChar!=  null  &&  quoteChar!=  CSVFormat.DEFAULT)  {	  if    (quoteChar!=    null    &&    quoteChar!=    delimiter)    {    	non-compiled	[CE]  illegal  start  of  type	9	None	replace
67	[BUG]  [BUGGY]  if  (quoteChar!=  null  &&  quoteChar!=  Delimiter.DEFAULT)  {  [CE]  illegal  start  of  type  [FE]              java.lang.Exception:  Unexpected  exception    [CONTEXT]    void  validate()  throws  IllegalStateException  {    [BUGGY]  if  (quoteChar!=  null  &&  quoteChar!=  Delimiter.DEFAULT)  {  [BUGGY]    throw  new  IllegalStateException(     "The  quoteChar  character  and  the  delimiter  cannot  be  the  same  ('   "  +  quoteChar  +     "')   ");  }  if  (escape  !=  null  &&  delimiter  ==  escape.charValue())  {  throw  new  IllegalStateException(     "The  escape  character  and  the  delimiter  cannot  be  the  same  ('   "  +  escape  +     "')   ");  }  if  (commentStart  !=  null  &&  delimiter  ==  commentStart.charValue())  {  [CLASS]  CSVFormat  [METHOD]  validate  [RETURN_TYPE]  void  [VARIABLES]  Quote  quotePolicy  boolean  ignoreEmptyLines  ignoreSurroundingSpaces  skipHeaderRecord  Set  set  Character  c  commentStart  escape  quoteChar  char  c  delimiter  CSVFormat  DEFAULT  EXCEL  MYSQL  RFC4180  TDF  other  String  nullString  recordSeparator  String[]  header  long  serialVersionUID  	projects/Csv8/src/main/java/org/apache/commons/csv/CSVFormat.java	0.30151134457776363	636	636	1	replace	if  (quoteChar!=  null  &&  quoteChar!=  Delimiter.DEFAULT)  {	  if    (quoteChar!=    null    &&    quoteChar!=    delimiter)    {    	non-compiled	[CE]  illegal  start  of  type	9	None	replace
