name;suspiciousness_value
com.google.gson.stream$JsonWriter#value(double):496;0.7071067811865475
com.google.gson.stream$JsonWriter#setLenient(boolean):235;0.5773502691896258
com.google.gson.stream$JsonWriter#setLenient(boolean):236;0.5773502691896258
com.google.gson.stream$JsonWriter#value(double):494;0.4082482904638631
com.google.gson.stream$JsonWriter#value(double):495;0.4082482904638631
com.google.gson.stream$JsonWriter#beginArray():287;0.1889822365046136
com.google.gson.stream$JsonWriter#beginArray():288;0.1889822365046136
com.google.gson.stream$JsonWriter#open(int,java.lang.String):325;0.1643989873053573
com.google.gson.stream$JsonWriter#open(int,java.lang.String):326;0.1643989873053573
com.google.gson.stream$JsonWriter#open(int,java.lang.String):327;0.1643989873053573
com.google.gson.stream$JsonWriter#open(int,java.lang.String):328;0.1643989873053573
com.google.gson.stream$JsonWriter#replaceTop(int):376;0.16222142113076254
com.google.gson.stream$JsonWriter#replaceTop(int):377;0.16222142113076254
com.google.gson.stream$JsonWriter#writeDeferredName():405;0.16222142113076254
com.google.gson.stream$JsonWriter#beforeValue():629;0.16222142113076254
com.google.gson.stream$JsonWriter#beforeValue():637;0.16222142113076254
com.google.gson.stream$JsonWriter#beforeValue():638;0.16222142113076254
com.google.gson.stream$JsonWriter#beforeValue():658;0.16222142113076254
com.google.gson.stream$JsonWriter#JsonWriter(java.io.Writer):197;0.16012815380508713
com.google.gson.stream$JsonWriter#JsonWriter(java.io.Writer):167;0.16012815380508713
com.google.gson.stream$JsonWriter#JsonWriter(java.io.Writer):168;0.16012815380508713
com.google.gson.stream$JsonWriter#JsonWriter(java.io.Writer):170;0.16012815380508713
com.google.gson.stream$JsonWriter#JsonWriter(java.io.Writer):182;0.16012815380508713
com.google.gson.stream$JsonWriter#JsonWriter(java.io.Writer):190;0.16012815380508713
com.google.gson.stream$JsonWriter#JsonWriter(java.io.Writer):198;0.16012815380508713
com.google.gson.stream$JsonWriter#JsonWriter(java.io.Writer):201;0.16012815380508713
com.google.gson.stream$JsonWriter#JsonWriter(java.io.Writer):202;0.16012815380508713
com.google.gson.stream$JsonWriter#<clinit>():145;0.16012815380508713
com.google.gson.stream$JsonWriter#<clinit>():146;0.16012815380508713
com.google.gson.stream$JsonWriter#<clinit>():147;0.16012815380508713
com.google.gson.stream$JsonWriter#<clinit>():149;0.16012815380508713
com.google.gson.stream$JsonWriter#<clinit>():150;0.16012815380508713
com.google.gson.stream$JsonWriter#<clinit>():151;0.16012815380508713
com.google.gson.stream$JsonWriter#<clinit>():152;0.16012815380508713
com.google.gson.stream$JsonWriter#<clinit>():153;0.16012815380508713
com.google.gson.stream$JsonWriter#<clinit>():154;0.16012815380508713
com.google.gson.stream$JsonWriter#<clinit>():155;0.16012815380508713
com.google.gson.stream$JsonWriter#<clinit>():156;0.16012815380508713
com.google.gson.stream$JsonWriter#<clinit>():157;0.16012815380508713
com.google.gson.stream$JsonWriter#<clinit>():158;0.16012815380508713
com.google.gson.stream$JsonWriter#<clinit>():159;0.16012815380508713
com.google.gson.stream$JsonWriter#<clinit>():160;0.16012815380508713
com.google.gson.stream$JsonWriter#<clinit>():161;0.16012815380508713
com.google.gson.stream$JsonWriter#<clinit>():162;0.16012815380508713
com.google.gson.stream$JsonWriter#push(int):354;0.16012815380508713
com.google.gson.stream$JsonWriter#push(int):359;0.16012815380508713
com.google.gson.stream$JsonWriter#push(int):360;0.16012815380508713
com.google.gson.stream$JsonWriter#peek():366;0.16012815380508713
com.google.gson.stream$JsonWriter#peek():369;0.16012815380508713
com.google.gson.stream$JsonWriter#writeDeferredName():400;0.16012815380508713
com.google.gson.stream$JsonWriter#JsonWriter(java.io.Writer):199;0.0
com.google.gson.stream$JsonWriter#setIndent(java.lang.String):213;0.0
com.google.gson.stream$JsonWriter#setIndent(java.lang.String):214;0.0
com.google.gson.stream$JsonWriter#setIndent(java.lang.String):215;0.0
com.google.gson.stream$JsonWriter#setIndent(java.lang.String):217;0.0
com.google.gson.stream$JsonWriter#setIndent(java.lang.String):218;0.0
com.google.gson.stream$JsonWriter#setIndent(java.lang.String):220;0.0
com.google.gson.stream$JsonWriter#isLenient():242;0.0
com.google.gson.stream$JsonWriter#setHtmlSafe(boolean):253;0.0
com.google.gson.stream$JsonWriter#setHtmlSafe(boolean):254;0.0
com.google.gson.stream$JsonWriter#isHtmlSafe():261;0.0
com.google.gson.stream$JsonWriter#setSerializeNulls(boolean):269;0.0
com.google.gson.stream$JsonWriter#setSerializeNulls(boolean):270;0.0
com.google.gson.stream$JsonWriter#getSerializeNulls():277;0.0
com.google.gson.stream$JsonWriter#endArray():297;0.0
com.google.gson.stream$JsonWriter#beginObject():307;0.0
com.google.gson.stream$JsonWriter#beginObject():308;0.0
com.google.gson.stream$JsonWriter#endObject():317;0.0
com.google.gson.stream$JsonWriter#close(int,int,java.lang.String):337;0.0
com.google.gson.stream$JsonWriter#close(int,int,java.lang.String):338;0.0
com.google.gson.stream$JsonWriter#close(int,int,java.lang.String):339;0.0
com.google.gson.stream$JsonWriter#close(int,int,java.lang.String):341;0.0
com.google.gson.stream$JsonWriter#close(int,int,java.lang.String):342;0.0
com.google.gson.stream$JsonWriter#close(int,int,java.lang.String):345;0.0
com.google.gson.stream$JsonWriter#close(int,int,java.lang.String):346;0.0
com.google.gson.stream$JsonWriter#close(int,int,java.lang.String):347;0.0
com.google.gson.stream$JsonWriter#close(int,int,java.lang.String):349;0.0
com.google.gson.stream$JsonWriter#close(int,int,java.lang.String):350;0.0
com.google.gson.stream$JsonWriter#push(int):355;0.0
com.google.gson.stream$JsonWriter#push(int):356;0.0
com.google.gson.stream$JsonWriter#push(int):357;0.0
com.google.gson.stream$JsonWriter#peek():367;0.0
com.google.gson.stream$JsonWriter#name(java.lang.String):386;0.0
com.google.gson.stream$JsonWriter#name(java.lang.String):387;0.0
com.google.gson.stream$JsonWriter#name(java.lang.String):389;0.0
com.google.gson.stream$JsonWriter#name(java.lang.String):390;0.0
com.google.gson.stream$JsonWriter#name(java.lang.String):392;0.0
com.google.gson.stream$JsonWriter#name(java.lang.String):393;0.0
com.google.gson.stream$JsonWriter#name(java.lang.String):395;0.0
com.google.gson.stream$JsonWriter#name(java.lang.String):396;0.0
com.google.gson.stream$JsonWriter#writeDeferredName():401;0.0
com.google.gson.stream$JsonWriter#writeDeferredName():402;0.0
com.google.gson.stream$JsonWriter#writeDeferredName():403;0.0
com.google.gson.stream$JsonWriter#value(java.lang.String):414;0.0
com.google.gson.stream$JsonWriter#value(java.lang.String):415;0.0
com.google.gson.stream$JsonWriter#value(java.lang.String):417;0.0
com.google.gson.stream$JsonWriter#value(java.lang.String):418;0.0
com.google.gson.stream$JsonWriter#value(java.lang.String):419;0.0
com.google.gson.stream$JsonWriter#value(java.lang.String):420;0.0
com.google.gson.stream$JsonWriter#jsonValue(java.lang.String):431;0.0
com.google.gson.stream$JsonWriter#jsonValue(java.lang.String):432;0.0
com.google.gson.stream$JsonWriter#jsonValue(java.lang.String):434;0.0
com.google.gson.stream$JsonWriter#jsonValue(java.lang.String):435;0.0
com.google.gson.stream$JsonWriter#jsonValue(java.lang.String):436;0.0
com.google.gson.stream$JsonWriter#jsonValue(java.lang.String):437;0.0
com.google.gson.stream$JsonWriter#nullValue():446;0.0
com.google.gson.stream$JsonWriter#nullValue():447;0.0
com.google.gson.stream$JsonWriter#nullValue():448;0.0
com.google.gson.stream$JsonWriter#nullValue():450;0.0
com.google.gson.stream$JsonWriter#nullValue():451;0.0
com.google.gson.stream$JsonWriter#nullValue():454;0.0
com.google.gson.stream$JsonWriter#nullValue():455;0.0
com.google.gson.stream$JsonWriter#nullValue():456;0.0
com.google.gson.stream$JsonWriter#value(boolean):465;0.0
com.google.gson.stream$JsonWriter#value(boolean):466;0.0
com.google.gson.stream$JsonWriter#value(boolean):467;0.0
com.google.gson.stream$JsonWriter#value(boolean):468;0.0
com.google.gson.stream$JsonWriter#value(java.lang.Boolean):477;0.0
com.google.gson.stream$JsonWriter#value(java.lang.Boolean):478;0.0
com.google.gson.stream$JsonWriter#value(java.lang.Boolean):480;0.0
com.google.gson.stream$JsonWriter#value(java.lang.Boolean):481;0.0
com.google.gson.stream$JsonWriter#value(java.lang.Boolean):482;0.0
com.google.gson.stream$JsonWriter#value(java.lang.Boolean):483;0.0
com.google.gson.stream$JsonWriter#value(double):498;0.0
com.google.gson.stream$JsonWriter#value(double):499;0.0
com.google.gson.stream$JsonWriter#value(double):500;0.0
com.google.gson.stream$JsonWriter#value(long):509;0.0
com.google.gson.stream$JsonWriter#value(long):510;0.0
com.google.gson.stream$JsonWriter#value(long):511;0.0
com.google.gson.stream$JsonWriter#value(long):512;0.0
com.google.gson.stream$JsonWriter#value(java.lang.Number):523;0.0
com.google.gson.stream$JsonWriter#value(java.lang.Number):524;0.0
com.google.gson.stream$JsonWriter#value(java.lang.Number):527;0.0
com.google.gson.stream$JsonWriter#value(java.lang.Number):528;0.0
com.google.gson.stream$JsonWriter#value(java.lang.Number):529;0.0
com.google.gson.stream$JsonWriter#value(java.lang.Number):531;0.0
com.google.gson.stream$JsonWriter#value(java.lang.Number):533;0.0
com.google.gson.stream$JsonWriter#value(java.lang.Number):534;0.0
com.google.gson.stream$JsonWriter#value(java.lang.Number):535;0.0
com.google.gson.stream$JsonWriter#flush():543;0.0
com.google.gson.stream$JsonWriter#flush():544;0.0
com.google.gson.stream$JsonWriter#flush():546;0.0
com.google.gson.stream$JsonWriter#flush():547;0.0
com.google.gson.stream$JsonWriter#close():555;0.0
com.google.gson.stream$JsonWriter#close():557;0.0
com.google.gson.stream$JsonWriter#close():558;0.0
com.google.gson.stream$JsonWriter#close():559;0.0
com.google.gson.stream$JsonWriter#close():561;0.0
com.google.gson.stream$JsonWriter#close():562;0.0
com.google.gson.stream$JsonWriter#string(java.lang.String):565;0.0
com.google.gson.stream$JsonWriter#string(java.lang.String):566;0.0
com.google.gson.stream$JsonWriter#string(java.lang.String):567;0.0
com.google.gson.stream$JsonWriter#string(java.lang.String):568;0.0
com.google.gson.stream$JsonWriter#string(java.lang.String):569;0.0
com.google.gson.stream$JsonWriter#string(java.lang.String):570;0.0
com.google.gson.stream$JsonWriter#string(java.lang.String):572;0.0
com.google.gson.stream$JsonWriter#string(java.lang.String):573;0.0
com.google.gson.stream$JsonWriter#string(java.lang.String):574;0.0
com.google.gson.stream$JsonWriter#string(java.lang.String):575;0.0
com.google.gson.stream$JsonWriter#string(java.lang.String):577;0.0
com.google.gson.stream$JsonWriter#string(java.lang.String):578;0.0
com.google.gson.stream$JsonWriter#string(java.lang.String):579;0.0
com.google.gson.stream$JsonWriter#string(java.lang.String):580;0.0
com.google.gson.stream$JsonWriter#string(java.lang.String):584;0.0
com.google.gson.stream$JsonWriter#string(java.lang.String):585;0.0
com.google.gson.stream$JsonWriter#string(java.lang.String):587;0.0
com.google.gson.stream$JsonWriter#string(java.lang.String):588;0.0
com.google.gson.stream$JsonWriter#string(java.lang.String):590;0.0
com.google.gson.stream$JsonWriter#string(java.lang.String):591;0.0
com.google.gson.stream$JsonWriter#string(java.lang.String):593;0.0
com.google.gson.stream$JsonWriter#string(java.lang.String):594;0.0
com.google.gson.stream$JsonWriter#newline():597;0.0
com.google.gson.stream$JsonWriter#newline():598;0.0
com.google.gson.stream$JsonWriter#newline():601;0.0
com.google.gson.stream$JsonWriter#newline():602;0.0
com.google.gson.stream$JsonWriter#newline():603;0.0
com.google.gson.stream$JsonWriter#newline():605;0.0
com.google.gson.stream$JsonWriter#beforeName():612;0.0
com.google.gson.stream$JsonWriter#beforeName():613;0.0
com.google.gson.stream$JsonWriter#beforeName():614;0.0
com.google.gson.stream$JsonWriter#beforeName():615;0.0
com.google.gson.stream$JsonWriter#beforeName():616;0.0
com.google.gson.stream$JsonWriter#beforeName():618;0.0
com.google.gson.stream$JsonWriter#beforeName():619;0.0
com.google.gson.stream$JsonWriter#beforeName():620;0.0
com.google.gson.stream$JsonWriter#beforeValue():631;0.0
com.google.gson.stream$JsonWriter#beforeValue():632;0.0
com.google.gson.stream$JsonWriter#beforeValue():641;0.0
com.google.gson.stream$JsonWriter#beforeValue():642;0.0
com.google.gson.stream$JsonWriter#beforeValue():643;0.0
com.google.gson.stream$JsonWriter#beforeValue():646;0.0
com.google.gson.stream$JsonWriter#beforeValue():647;0.0
com.google.gson.stream$JsonWriter#beforeValue():648;0.0
com.google.gson.stream$JsonWriter#beforeValue():651;0.0
com.google.gson.stream$JsonWriter#beforeValue():652;0.0
com.google.gson.stream$JsonWriter#beforeValue():653;0.0
com.google.gson.stream$JsonWriter#beforeValue():656;0.0
