bugid	buggy	buggy_class	suspiciousness	buggy_line	endbuggycode	original_failing_test_number	action	patch	original_buggy	execution_result	diagnosis	previous_bug_id	new_failing_test_number	this_action
1	[BUG]  [BUGGY]  int  tempIndex  =(searchLength  >  0)?  searchList.length  :  0;  [CE]  <identifier>  expected  [FE]            NullPointerException      [CONTEXT]        [BUGGY]  int  tempIndex  =(searchLength  >  0)?  searchList.length  :  0;  [BUGGY]          for  (int  i  =  0;  i  <  searchLength;  i++)  {  if  (noMoreMatchesForReplIndex[i]  ||  searchList[i]  ==  null  ||  searchList[i].length()  ==  0  ||  replacementList[i]  ==  null)  {  continue;  }  tempIndex  =  text.indexOf(searchList[i]);  [CLASS]  StringUtils  [METHOD]  replaceEach  [RETURN_TYPE]  String  String  text  String[]  searchList  String[]  replacementList  boolean  repeat  int  timeToLive  	projects/Lang39/src/java/org/apache/commons/lang3/StringUtils.java	0.7071067811865475	3640	3640	1	replace	int  tempIndex  =(searchLength  >  0)?  searchList.length  :  0;	  int    tempIndex    =(searchLength    >    0)?    searchLength    :    0;    	non-compiled	[CE]  <identifier>  expected	49	None	replace
2	[BUG]  [BUGGY]  int  tempIndex  =(this.timeToLive  >  0)?  this.timeToLive  :  0;  [CE]  <identifier>  expected  [FE]              NullPointerException      [CONTEXT]        [BUGGY]  int  tempIndex  =(this.timeToLive  >  0)?  this.timeToLive  :  0;  [BUGGY]          for  (int  i  =  0;  i  <  searchLength;  i++)  {  if  (noMoreMatchesForReplIndex[i]  ||  searchList[i]  ==  null  ||  searchList[i].length()  ==  0  ||  replacementList[i]  ==  null)  {  continue;  }  tempIndex  =  text.indexOf(searchList[i]);  [CLASS]  StringUtils  [METHOD]  replaceEach  [RETURN_TYPE]  String  String  text  String[]  searchList  String[]  replacementList  boolean  repeat  int  timeToLive  	projects/Lang39/src/java/org/apache/commons/lang3/StringUtils.java	0.7071067811865475	3640	3640	1	replace	int  tempIndex  =(this.timeToLive  >  0)?  this.timeToLive  :  0;	  int    tempIndex    =(searchLength    >    0)?    searchLength    :    0;    	non-compiled	[CE]  <identifier>  expected	49	None	replace
3	[BUG]  [BUGGY]  int  tempIndex  =(searchLength  <  0)?  searchLength  :  0;  [CE]  <identifier>  expected  [FE]                NullPointerException      [CONTEXT]        [BUGGY]  int  tempIndex  =(searchLength  <  0)?  searchLength  :  0;  [BUGGY]          for  (int  i  =  0;  i  <  searchLength;  i++)  {  if  (noMoreMatchesForReplIndex[i]  ||  searchList[i]  ==  null  ||  searchList[i].length()  ==  0  ||  replacementList[i]  ==  null)  {  continue;  }  tempIndex  =  text.indexOf(searchList[i]);  [CLASS]  StringUtils  [METHOD]  replaceEach  [RETURN_TYPE]  String  String  text  String[]  searchList  String[]  replacementList  boolean  repeat  int  timeToLive  	projects/Lang39/src/java/org/apache/commons/lang3/StringUtils.java	0.7071067811865475	3640	3640	1	replace	int  tempIndex  =(searchLength  <  0)?  searchLength  :  0;	  int    tempIndex    =(searchLength    >    0)?    searchLength    :    0;    	non-compiled	[CE]  <identifier>  expected	49	None	replace
4	[BUG]  [BUGGY]  int  tempIndex  =(searchLength  >  0)?  searchList[0]  :  0;  [CE]  <identifier>  expected  [FE]                  NullPointerException      [CONTEXT]        [BUGGY]  int  tempIndex  =(searchLength  >  0)?  searchList[0]  :  0;  [BUGGY]          for  (int  i  =  0;  i  <  searchLength;  i++)  {  if  (noMoreMatchesForReplIndex[i]  ||  searchList[i]  ==  null  ||  searchList[i].length()  ==  0  ||  replacementList[i]  ==  null)  {  continue;  }  tempIndex  =  text.indexOf(searchList[i]);  [CLASS]  StringUtils  [METHOD]  replaceEach  [RETURN_TYPE]  String  String  text  String[]  searchList  String[]  replacementList  boolean  repeat  int  timeToLive  	projects/Lang39/src/java/org/apache/commons/lang3/StringUtils.java	0.7071067811865475	3640	3640	1	replace	int  tempIndex  =(searchLength  >  0)?  searchList[0]  :  0;	  int    tempIndex    =(searchLength    >    0)?    searchLength    :    0;    	non-compiled	[CE]  <identifier>  expected	49	None	replace
5	[BUG]  [BUGGY]  String  repeat  =  replacementList[i].indexOf(replacementList[i]);  [CE]  <identifier>  expected  [FE]                  NullPointerException      [CONTEXT]        [BUGGY]  String  repeat  =  replacementList[i].indexOf(replacementList[i]);  [BUGGY]      int  tempIndex  =  -1;    for  (int  i  =  0;  i  <  searchLength;  i++)  {  if  (noMoreMatchesForReplIndex[i]  ||  searchList[i]  ==  null  ||  searchList[i].length()  ==  0  ||  replacementList[i]  ==  null)  {  continue;  }  tempIndex  =  text.indexOf(searchList[i]);  [CLASS]  StringUtils  [METHOD]  replaceEach  [RETURN_TYPE]  String  String  text  String[]  searchList  String[]  replacementList  boolean  repeat  int  timeToLive  	projects/Lang39/src/java/org/apache/commons/lang3/StringUtils.java	0.7071067811865475	3640	3640	1	replace	String  repeat  =  replacementList[i].indexOf(replacementList[i]);	  String    repeat    =    replaceList[i].indexOf(replacementList[i]);    	non-compiled	[CE]  <identifier>  expected	29	None	replace
6	[BUG]  [BUGGY]  String  repeat  =  replacementList[i].indexOf(noMoreMatchesForReplIndex[i])+  1;  [CE]  <identifier>  expected  [FE]                    NullPointerException      [CONTEXT]        [BUGGY]  String  repeat  =  replacementList[i].indexOf(noMoreMatchesForReplIndex[i])+  1;  [BUGGY]      int  tempIndex  =  -1;    for  (int  i  =  0;  i  <  searchLength;  i++)  {  if  (noMoreMatchesForReplIndex[i]  ||  searchList[i]  ==  null  ||  searchList[i].length()  ==  0  ||  replacementList[i]  ==  null)  {  continue;  }  tempIndex  =  text.indexOf(searchList[i]);  [CLASS]  StringUtils  [METHOD]  replaceEach  [RETURN_TYPE]  String  String  text  String[]  searchList  String[]  replacementList  boolean  repeat  int  timeToLive  	projects/Lang39/src/java/org/apache/commons/lang3/StringUtils.java	0.7071067811865475	3640	3640	1	replace	String  repeat  =  replacementList[i].indexOf(noMoreMatchesForReplIndex[i])+  1;	  String    repeat    =    replaceList[i].indexOf(replacementList[i]);    	non-compiled	[CE]  <identifier>  expected	29	None	replace
7	[BUG]  [BUGGY]  String  repeat  =  replacementList[i].indexOf(noMoreMatchesForReplIndex[i]);  [CE]  <identifier>  expected  [FE]                      NullPointerException      [CONTEXT]        [BUGGY]  String  repeat  =  replacementList[i].indexOf(noMoreMatchesForReplIndex[i]);  [BUGGY]      int  tempIndex  =  -1;    for  (int  i  =  0;  i  <  searchLength;  i++)  {  if  (noMoreMatchesForReplIndex[i]  ||  searchList[i]  ==  null  ||  searchList[i].length()  ==  0  ||  replacementList[i]  ==  null)  {  continue;  }  tempIndex  =  text.indexOf(searchList[i]);  [CLASS]  StringUtils  [METHOD]  replaceEach  [RETURN_TYPE]  String  String  text  String[]  searchList  String[]  replacementList  boolean  repeat  int  timeToLive  	projects/Lang39/src/java/org/apache/commons/lang3/StringUtils.java	0.7071067811865475	3640	3640	1	replace	String  repeat  =  replacementList[i].indexOf(noMoreMatchesForReplIndex[i]);	  String    repeat    =    replaceList[i].indexOf(replacementList[i]);    	non-compiled	[CE]  <identifier>  expected	29	None	replace
8	[BUG]  [BUGGY]  int  searchLength  =  this.searchList.length()  -  1;  [CE]  <identifier>  expected  [FE]                    NullPointerException      [CONTEXT]        [BUGGY]  int  searchLength  =  this.searchList.length()  -  1;  [BUGGY]      int  tempIndex  =  -1;    for  (int  i  =  0;  i  <  searchLength;  i++)  {  if  (noMoreMatchesForReplIndex[i]  ||  searchList[i]  ==  null  ||  searchList[i].length()  ==  0  ||  replacementList[i]  ==  null)  {  continue;  }  tempIndex  =  text.indexOf(searchList[i]);  [CLASS]  StringUtils  [METHOD]  replaceEach  [RETURN_TYPE]  String  String  text  String[]  searchList  String[]  replacementList  boolean  repeat  int  timeToLive  	projects/Lang39/src/java/org/apache/commons/lang3/StringUtils.java	0.7071067811865475	3640	3640	1	replace	int  searchLength  =  this.searchList.length()  -  1;	  int    searchLength    =    this.searchList.length();    	non-compiled	[CE]  <identifier>  expected	6	None	replace
9	[BUG]  [BUGGY]  int  searchLength  =  this.searchList.length()  +  1;  [CE]  <identifier>  expected  [FE]                      NullPointerException      [CONTEXT]        [BUGGY]  int  searchLength  =  this.searchList.length()  +  1;  [BUGGY]      int  tempIndex  =  -1;    for  (int  i  =  0;  i  <  searchLength;  i++)  {  if  (noMoreMatchesForReplIndex[i]  ||  searchList[i]  ==  null  ||  searchList[i].length()  ==  0  ||  replacementList[i]  ==  null)  {  continue;  }  tempIndex  =  text.indexOf(searchList[i]);  [CLASS]  StringUtils  [METHOD]  replaceEach  [RETURN_TYPE]  String  String  text  String[]  searchList  String[]  replacementList  boolean  repeat  int  timeToLive  	projects/Lang39/src/java/org/apache/commons/lang3/StringUtils.java	0.7071067811865475	3640	3640	1	replace	int  searchLength  =  this.searchList.length()  +  1;	  int    searchLength    =    this.searchList.length();    	non-compiled	[CE]  <identifier>  expected	6	None	replace
10	[BUG]  [BUGGY]  int  searchLength  =  this.searchList.length()  -  2;  [CE]  <identifier>  expected  [FE]                        NullPointerException      [CONTEXT]        [BUGGY]  int  searchLength  =  this.searchList.length()  -  2;  [BUGGY]      int  tempIndex  =  -1;    for  (int  i  =  0;  i  <  searchLength;  i++)  {  if  (noMoreMatchesForReplIndex[i]  ||  searchList[i]  ==  null  ||  searchList[i].length()  ==  0  ||  replacementList[i]  ==  null)  {  continue;  }  tempIndex  =  text.indexOf(searchList[i]);  [CLASS]  StringUtils  [METHOD]  replaceEach  [RETURN_TYPE]  String  String  text  String[]  searchList  String[]  replacementList  boolean  repeat  int  timeToLive  	projects/Lang39/src/java/org/apache/commons/lang3/StringUtils.java	0.7071067811865475	3640	3640	1	replace	int  searchLength  =  this.searchList.length()  -  2;	  int    searchLength    =    this.searchList.length();    	non-compiled	[CE]  <identifier>  expected	6	None	replace
11	[BUG]  [BUGGY]  String[]  replacementList  =  getReplacementList(replacementList);  [CE]  <identifier>  expected  [FE]            NullPointerException      [CONTEXT]        [BUGGY]  String[]  replacementList  =  getReplacementList(replacementList);  [BUGGY]      int  tempIndex  =  -1;    for  (int  i  =  0;  i  <  searchLength;  i++)  {  if  (noMoreMatchesForReplIndex[i]  ||  searchList[i]  ==  null  ||  searchList[i].length()  ==  0  ||  replacementList[i]  ==  null)  {  continue;  }  tempIndex  =  text.indexOf(searchList[i]);  [CLASS]  StringUtils  [METHOD]  replaceEach  [RETURN_TYPE]  String  String  text  String[]  searchList  String[]  replacementList  boolean  repeat  int  timeToLive  	projects/Lang39/src/java/org/apache/commons/lang3/StringUtils.java	0.7071067811865475	3640	3640	1	replace	String[]  replacementList  =  getReplacementList(replacementList);	  String[]    replacementList    =    getReplacementList(searchList);    	non-compiled	[CE]  <identifier>  expected	36	None	replace
12	[BUG]  [BUGGY]  String[]  replacementList  =  getReplacementList(replacements);  [CE]  <identifier>  expected  [FE]              NullPointerException      [CONTEXT]        [BUGGY]  String[]  replacementList  =  getReplacementList(replacements);  [BUGGY]      int  tempIndex  =  -1;    for  (int  i  =  0;  i  <  searchLength;  i++)  {  if  (noMoreMatchesForReplIndex[i]  ||  searchList[i]  ==  null  ||  searchList[i].length()  ==  0  ||  replacementList[i]  ==  null)  {  continue;  }  tempIndex  =  text.indexOf(searchList[i]);  [CLASS]  StringUtils  [METHOD]  replaceEach  [RETURN_TYPE]  String  String  text  String[]  searchList  String[]  replacementList  boolean  repeat  int  timeToLive  	projects/Lang39/src/java/org/apache/commons/lang3/StringUtils.java	0.7071067811865475	3640	3640	1	replace	String[]  replacementList  =  getReplacementList(replacements);	  String[]    replacementList    =    getReplacementList(searchList);    	non-compiled	[CE]  <identifier>  expected	36	None	replace
13	[BUG]  [BUGGY]  String[]  replacementList  =  getReplacementList(this.replacementList);  [CE]  <identifier>  expected  [FE]                NullPointerException      [CONTEXT]        [BUGGY]  String[]  replacementList  =  getReplacementList(this.replacementList);  [BUGGY]      int  tempIndex  =  -1;    for  (int  i  =  0;  i  <  searchLength;  i++)  {  if  (noMoreMatchesForReplIndex[i]  ||  searchList[i]  ==  null  ||  searchList[i].length()  ==  0  ||  replacementList[i]  ==  null)  {  continue;  }  tempIndex  =  text.indexOf(searchList[i]);  [CLASS]  StringUtils  [METHOD]  replaceEach  [RETURN_TYPE]  String  String  text  String[]  searchList  String[]  replacementList  boolean  repeat  int  timeToLive  	projects/Lang39/src/java/org/apache/commons/lang3/StringUtils.java	0.7071067811865475	3640	3640	1	replace	String[]  replacementList  =  getReplacementList(this.replacementList);	  String[]    replacementList    =    getReplacementList(searchList);    	non-compiled	[CE]  <identifier>  expected	36	None	replace
14	[BUG]  [BUGGY]  String[]  replacementList  =  getReplacementList(searchList.length);  [CE]  <identifier>  expected  [FE]                  NullPointerException      [CONTEXT]        [BUGGY]  String[]  replacementList  =  getReplacementList(searchList.length);  [BUGGY]      int  tempIndex  =  -1;    for  (int  i  =  0;  i  <  searchLength;  i++)  {  if  (noMoreMatchesForReplIndex[i]  ||  searchList[i]  ==  null  ||  searchList[i].length()  ==  0  ||  replacementList[i]  ==  null)  {  continue;  }  tempIndex  =  text.indexOf(searchList[i]);  [CLASS]  StringUtils  [METHOD]  replaceEach  [RETURN_TYPE]  String  String  text  String[]  searchList  String[]  replacementList  boolean  repeat  int  timeToLive  	projects/Lang39/src/java/org/apache/commons/lang3/StringUtils.java	0.7071067811865475	3640	3640	1	replace	String[]  replacementList  =  getReplacementList(searchList.length);	  String[]    replacementList    =    getReplacementList(searchList);    	non-compiled	[CE]  <identifier>  expected	36	None	replace
15	[BUG]  [BUGGY]  Int  searchLength  =  searchList.length();  [CE]  <identifier>  expected  [FE]                      NullPointerException      [CONTEXT]        [BUGGY]  Int  searchLength  =  searchList.length();  [BUGGY]      int  tempIndex  =  -1;    for  (int  i  =  0;  i  <  searchLength;  i++)  {  if  (noMoreMatchesForReplIndex[i]  ||  searchList[i]  ==  null  ||  searchList[i].length()  ==  0  ||  replacementList[i]  ==  null)  {  continue;  }  tempIndex  =  text.indexOf(searchList[i]);  [CLASS]  StringUtils  [METHOD]  replaceEach  [RETURN_TYPE]  String  String  text  String[]  searchList  String[]  replacementList  boolean  repeat  int  timeToLive  	projects/Lang39/src/java/org/apache/commons/lang3/StringUtils.java	0.7071067811865475	3640	3640	1	replace	Int  searchLength  =  searchList.length();	  int    searchLength    =    searchList.length()    -    2;    	non-compiled	[CE]  <identifier>  expected	7	None	replace
16	[BUG]  [BUGGY]  int  searchLength  =  searchList[0].length()  +  1;  [CE]  <identifier>  expected  [FE]                  NullPointerException      [CONTEXT]        [BUGGY]  int  searchLength  =  searchList[0].length()  +  1;  [BUGGY]      int  tempIndex  =  -1;    for  (int  i  =  0;  i  <  searchLength;  i++)  {  if  (noMoreMatchesForReplIndex[i]  ||  searchList[i]  ==  null  ||  searchList[i].length()  ==  0  ||  replacementList[i]  ==  null)  {  continue;  }  tempIndex  =  text.indexOf(searchList[i]);  [CLASS]  StringUtils  [METHOD]  replaceEach  [RETURN_TYPE]  String  String  text  String[]  searchList  String[]  replacementList  boolean  repeat  int  timeToLive  	projects/Lang39/src/java/org/apache/commons/lang3/StringUtils.java	0.7071067811865475	3640	3640	1	replace	int  searchLength  =  searchList[0].length()  +  1;	  int    searchLength    =    searchList[0].length();    	non-compiled	[CE]  <identifier>  expected	20	None	replace
17	[BUG]  [BUGGY]  int  searchLength  =  searchList[0].length()  -  1;  [CE]  <identifier>  expected  [FE]                    NullPointerException      [CONTEXT]        [BUGGY]  int  searchLength  =  searchList[0].length()  -  1;  [BUGGY]      int  tempIndex  =  -1;    for  (int  i  =  0;  i  <  searchLength;  i++)  {  if  (noMoreMatchesForReplIndex[i]  ||  searchList[i]  ==  null  ||  searchList[i].length()  ==  0  ||  replacementList[i]  ==  null)  {  continue;  }  tempIndex  =  text.indexOf(searchList[i]);  [CLASS]  StringUtils  [METHOD]  replaceEach  [RETURN_TYPE]  String  String  text  String[]  searchList  String[]  replacementList  boolean  repeat  int  timeToLive  	projects/Lang39/src/java/org/apache/commons/lang3/StringUtils.java	0.7071067811865475	3640	3640	1	replace	int  searchLength  =  searchList[0].length()  -  1;	  int    searchLength    =    searchList[0].length();    	non-compiled	[CE]  <identifier>  expected	20	None	replace
18	[BUG]  [BUGGY]  int  searchLength  =  searchList[1].length();  [CE]  <identifier>  expected  [FE]                      NullPointerException      [CONTEXT]        [BUGGY]  int  searchLength  =  searchList[1].length();  [BUGGY]      int  tempIndex  =  -1;    for  (int  i  =  0;  i  <  searchLength;  i++)  {  if  (noMoreMatchesForReplIndex[i]  ||  searchList[i]  ==  null  ||  searchList[i].length()  ==  0  ||  replacementList[i]  ==  null)  {  continue;  }  tempIndex  =  text.indexOf(searchList[i]);  [CLASS]  StringUtils  [METHOD]  replaceEach  [RETURN_TYPE]  String  String  text  String[]  searchList  String[]  replacementList  boolean  repeat  int  timeToLive  	projects/Lang39/src/java/org/apache/commons/lang3/StringUtils.java	0.7071067811865475	3640	3640	1	replace	int  searchLength  =  searchList[1].length();	  int    searchLength    =    searchList[0].length();    	non-compiled	[CE]  <identifier>  expected	20	None	replace
19	[BUG]  [BUGGY]  String[]  replacementList  =  getReplacementList(noMoreMatchesForReplIndex,  searchList);  [CE]  <identifier>  expected  [FE]            NullPointerException      [CONTEXT]        [BUGGY]  String[]  replacementList  =  getReplacementList(noMoreMatchesForReplIndex,  searchList);  [BUGGY]      int  tempIndex  =  -1;    for  (int  i  =  0;  i  <  searchLength;  i++)  {  if  (noMoreMatchesForReplIndex[i]  ||  searchList[i]  ==  null  ||  searchList[i].length()  ==  0  ||  replacementList[i]  ==  null)  {  continue;  }  tempIndex  =  text.indexOf(searchList[i]);  [CLASS]  StringUtils  [METHOD]  replaceEach  [RETURN_TYPE]  String  String  text  String[]  searchList  String[]  replacementList  boolean  repeat  int  timeToLive  	projects/Lang39/src/java/org/apache/commons/lang3/StringUtils.java	0.7071067811865475	3640	3640	1	replace	String[]  replacementList  =  getReplacementList(noMoreMatchesForReplIndex,  searchList);	  String[]    replacementList    =    getReplacementList(noMoreMatchesForReplIndex);    	non-compiled	[CE]  <identifier>  expected	12	None	replace
20	[BUG]  [BUGGY]  String[]  replacementList  =  getReplacementList(replacementIndex);  [CE]  <identifier>  expected  [FE]              NullPointerException      [CONTEXT]        [BUGGY]  String[]  replacementList  =  getReplacementList(replacementIndex);  [BUGGY]      int  tempIndex  =  -1;    for  (int  i  =  0;  i  <  searchLength;  i++)  {  if  (noMoreMatchesForReplIndex[i]  ||  searchList[i]  ==  null  ||  searchList[i].length()  ==  0  ||  replacementList[i]  ==  null)  {  continue;  }  tempIndex  =  text.indexOf(searchList[i]);  [CLASS]  StringUtils  [METHOD]  replaceEach  [RETURN_TYPE]  String  String  text  String[]  searchList  String[]  replacementList  boolean  repeat  int  timeToLive  	projects/Lang39/src/java/org/apache/commons/lang3/StringUtils.java	0.7071067811865475	3640	3640	1	replace	String[]  replacementList  =  getReplacementList(replacementIndex);	  String[]    replacementList    =    getReplacementList(noMoreMatchesForReplIndex);    	non-compiled	[CE]  <identifier>  expected	12	None	replace
21	[BUG]  [BUGGY]  String[]  replacementList  =  getReplacementList(timeToLive);  [CE]  <identifier>  expected  [FE]                NullPointerException      [CONTEXT]        [BUGGY]  String[]  replacementList  =  getReplacementList(timeToLive);  [BUGGY]      int  tempIndex  =  -1;    for  (int  i  =  0;  i  <  searchLength;  i++)  {  if  (noMoreMatchesForReplIndex[i]  ||  searchList[i]  ==  null  ||  searchList[i].length()  ==  0  ||  replacementList[i]  ==  null)  {  continue;  }  tempIndex  =  text.indexOf(searchList[i]);  [CLASS]  StringUtils  [METHOD]  replaceEach  [RETURN_TYPE]  String  String  text  String[]  searchList  String[]  replacementList  boolean  repeat  int  timeToLive  	projects/Lang39/src/java/org/apache/commons/lang3/StringUtils.java	0.7071067811865475	3640	3640	1	replace	String[]  replacementList  =  getReplacementList(timeToLive);	  String[]    replacementList    =    getReplacementList(noMoreMatchesForReplIndex);    	non-compiled	[CE]  <identifier>  expected	12	None	replace
22	[BUG]  [BUGGY]  tempIndex  =  text.indexOf(searchList[0]);  [CE]  <identifier>  expected  [FE]            NullPointerException      [CONTEXT]        [BUGGY]  tempIndex  =  text.indexOf(searchList[0]);  [BUGGY]      int  tempIndex  =  -1;    for  (int  i  =  0;  i  <  searchLength;  i++)  {  if  (noMoreMatchesForReplIndex[i]  ||  searchList[i]  ==  null  ||  searchList[i].length()  ==  0  ||  replacementList[i]  ==  null)  {  continue;  }  tempIndex  =  text.indexOf(searchList[i]);  [CLASS]  StringUtils  [METHOD]  replaceEach  [RETURN_TYPE]  String  String  text  String[]  searchList  String[]  replacementList  boolean  repeat  int  timeToLive  	projects/Lang39/src/java/org/apache/commons/lang3/StringUtils.java	0.7071067811865475	3640	3640	1	replace	tempIndex  =  text.indexOf(searchList[0]);	  tempIndex    =    text.indexOf(replacementList[0]);    	non-compiled	[CE]  <identifier>  expected	21	None	replace
23	[BUG]  [BUGGY]  tempIndex  =  text.indexOf(replacementList[0]  +  searchLength);  [CE]  <identifier>  expected  [FE]              NullPointerException      [CONTEXT]        [BUGGY]  tempIndex  =  text.indexOf(replacementList[0]  +  searchLength);  [BUGGY]      int  tempIndex  =  -1;    for  (int  i  =  0;  i  <  searchLength;  i++)  {  if  (noMoreMatchesForReplIndex[i]  ||  searchList[i]  ==  null  ||  searchList[i].length()  ==  0  ||  replacementList[i]  ==  null)  {  continue;  }  tempIndex  =  text.indexOf(searchList[i]);  [CLASS]  StringUtils  [METHOD]  replaceEach  [RETURN_TYPE]  String  String  text  String[]  searchList  String[]  replacementList  boolean  repeat  int  timeToLive  	projects/Lang39/src/java/org/apache/commons/lang3/StringUtils.java	0.7071067811865475	3640	3640	1	replace	tempIndex  =  text.indexOf(replacementList[0]  +  searchLength);	  tempIndex    =    text.indexOf(replacementList[0]);    	non-compiled	[CE]  <identifier>  expected	21	None	replace
24	[BUG]  [BUGGY]  tempIndex  =  text.indexOf(replacementList[0]  +  1);  [CE]  <identifier>  expected  [FE]                NullPointerException      [CONTEXT]        [BUGGY]  tempIndex  =  text.indexOf(replacementList[0]  +  1);  [BUGGY]      int  tempIndex  =  -1;    for  (int  i  =  0;  i  <  searchLength;  i++)  {  if  (noMoreMatchesForReplIndex[i]  ||  searchList[i]  ==  null  ||  searchList[i].length()  ==  0  ||  replacementList[i]  ==  null)  {  continue;  }  tempIndex  =  text.indexOf(searchList[i]);  [CLASS]  StringUtils  [METHOD]  replaceEach  [RETURN_TYPE]  String  String  text  String[]  searchList  String[]  replacementList  boolean  repeat  int  timeToLive  	projects/Lang39/src/java/org/apache/commons/lang3/StringUtils.java	0.7071067811865475	3640	3640	1	replace	tempIndex  =  text.indexOf(replacementList[0]  +  1);	  tempIndex    =    text.indexOf(replacementList[0]);    	non-compiled	[CE]  <identifier>  expected	21	None	replace
25	[BUG]  [BUGGY]  String  tempIndex  =  0;  [CE]  <identifier>  expected  [FE]            NullPointerException      [CONTEXT]        [BUGGY]  String  tempIndex  =  0;  [BUGGY]          for  (int  i  =  0;  i  <  searchLength;  i++)  {  if  (noMoreMatchesForReplIndex[i]  ||  searchList[i]  ==  null  ||  searchList[i].length()  ==  0  ||  replacementList[i]  ==  null)  {  continue;  }  tempIndex  =  text.indexOf(searchList[i]);  [CLASS]  StringUtils  [METHOD]  replaceEach  [RETURN_TYPE]  String  String  text  String[]  searchList  String[]  replacementList  boolean  repeat  int  timeToLive  	projects/Lang39/src/java/org/apache/commons/lang3/StringUtils.java	0.7071067811865475	3640	3640	1	replace	String  tempIndex  =  0;	  String    tempIndex    =    -1;    	non-compiled	[CE]  <identifier>  expected	15	None	replace
26	[BUG]  [BUGGY]  String  tempIndex  =  -1L;  [CE]  <identifier>  expected  [FE]              NullPointerException      [CONTEXT]        [BUGGY]  String  tempIndex  =  -1L;  [BUGGY]          for  (int  i  =  0;  i  <  searchLength;  i++)  {  if  (noMoreMatchesForReplIndex[i]  ||  searchList[i]  ==  null  ||  searchList[i].length()  ==  0  ||  replacementList[i]  ==  null)  {  continue;  }  tempIndex  =  text.indexOf(searchList[i]);  [CLASS]  StringUtils  [METHOD]  replaceEach  [RETURN_TYPE]  String  String  text  String[]  searchList  String[]  replacementList  boolean  repeat  int  timeToLive  	projects/Lang39/src/java/org/apache/commons/lang3/StringUtils.java	0.7071067811865475	3640	3640	1	replace	String  tempIndex  =  -1L;	  String    tempIndex    =    -1;    	non-compiled	[CE]  <identifier>  expected	15	None	replace
27	[BUG]  [BUGGY]  long  tempIndex  =  0L;  [CE]  <identifier>  expected  [FE]              NullPointerException      [CONTEXT]        [BUGGY]  long  tempIndex  =  0L;  [BUGGY]          for  (int  i  =  0;  i  <  searchLength;  i++)  {  if  (noMoreMatchesForReplIndex[i]  ||  searchList[i]  ==  null  ||  searchList[i].length()  ==  0  ||  replacementList[i]  ==  null)  {  continue;  }  tempIndex  =  text.indexOf(searchList[i]);  [CLASS]  StringUtils  [METHOD]  replaceEach  [RETURN_TYPE]  String  String  text  String[]  searchList  String[]  replacementList  boolean  repeat  int  timeToLive  	projects/Lang39/src/java/org/apache/commons/lang3/StringUtils.java	0.7071067811865475	3640	3640	1	replace	long  tempIndex  =  0L;	  long    tempIndex    =    0;    	non-compiled	[CE]  <identifier>  expected	9	None	replace
28	[BUG]  [BUGGY]  int  searchLength  =  this.replacementList[i].length();  [CE]  <identifier>  expected  [FE]              NullPointerException      [CONTEXT]        [BUGGY]  int  searchLength  =  this.replacementList[i].length();  [BUGGY]      int  tempIndex  =  -1;    for  (int  i  =  0;  i  <  searchLength;  i++)  {  if  (noMoreMatchesForReplIndex[i]  ||  searchList[i]  ==  null  ||  searchList[i].length()  ==  0  ||  replacementList[i]  ==  null)  {  continue;  }  tempIndex  =  text.indexOf(searchList[i]);  [CLASS]  StringUtils  [METHOD]  replaceEach  [RETURN_TYPE]  String  String  text  String[]  searchList  String[]  replacementList  boolean  repeat  int  timeToLive  	projects/Lang39/src/java/org/apache/commons/lang3/StringUtils.java	0.7071067811865475	3640	3640	1	replace	int  searchLength  =  this.replacementList[i].length();	  int    searchLength    =    replacementList[i].length();    	non-compiled	[CE]  <identifier>  expected	37	None	replace
29	[BUG]  [BUGGY]  int  searchLength  =  this.replacements[i].length();  [CE]  <identifier>  expected  [FE]                NullPointerException      [CONTEXT]        [BUGGY]  int  searchLength  =  this.replacements[i].length();  [BUGGY]      int  tempIndex  =  -1;    for  (int  i  =  0;  i  <  searchLength;  i++)  {  if  (noMoreMatchesForReplIndex[i]  ||  searchList[i]  ==  null  ||  searchList[i].length()  ==  0  ||  replacementList[i]  ==  null)  {  continue;  }  tempIndex  =  text.indexOf(searchList[i]);  [CLASS]  StringUtils  [METHOD]  replaceEach  [RETURN_TYPE]  String  String  text  String[]  searchList  String[]  replacementList  boolean  repeat  int  timeToLive  	projects/Lang39/src/java/org/apache/commons/lang3/StringUtils.java	0.7071067811865475	3640	3640	1	replace	int  searchLength  =  this.replacements[i].length();	  int    searchLength    =    replacementList[i].length();    	non-compiled	[CE]  <identifier>  expected	37	None	replace
30	[BUG]  [BUGGY]  int  searchLength  =  replacementList[i].length()  +  1;  [CE]  <identifier>  expected  [FE]                  NullPointerException      [CONTEXT]        [BUGGY]  int  searchLength  =  replacementList[i].length()  +  1;  [BUGGY]      int  tempIndex  =  -1;    for  (int  i  =  0;  i  <  searchLength;  i++)  {  if  (noMoreMatchesForReplIndex[i]  ||  searchList[i]  ==  null  ||  searchList[i].length()  ==  0  ||  replacementList[i]  ==  null)  {  continue;  }  tempIndex  =  text.indexOf(searchList[i]);  [CLASS]  StringUtils  [METHOD]  replaceEach  [RETURN_TYPE]  String  String  text  String[]  searchList  String[]  replacementList  boolean  repeat  int  timeToLive  	projects/Lang39/src/java/org/apache/commons/lang3/StringUtils.java	0.7071067811865475	3640	3640	1	replace	int  searchLength  =  replacementList[i].length()  +  1;	  int    searchLength    =    replacementList[i].length();    	non-compiled	[CE]  <identifier>  expected	37	None	replace
31	[BUG]  [BUGGY]  String  repeat  =  searchList.indexOf(text);  [CE]  <identifier>  expected  [FE]              NullPointerException      [CONTEXT]        [BUGGY]  String  repeat  =  searchList.indexOf(text);  [BUGGY]      int  tempIndex  =  -1;    for  (int  i  =  0;  i  <  searchLength;  i++)  {  if  (noMoreMatchesForReplIndex[i]  ||  searchList[i]  ==  null  ||  searchList[i].length()  ==  0  ||  replacementList[i]  ==  null)  {  continue;  }  tempIndex  =  text.indexOf(searchList[i]);  [CLASS]  StringUtils  [METHOD]  replaceEach  [RETURN_TYPE]  String  String  text  String[]  searchList  String[]  replacementList  boolean  repeat  int  timeToLive  	projects/Lang39/src/java/org/apache/commons/lang3/StringUtils.java	0.7071067811865475	3640	3640	1	replace	String  repeat  =  searchList.indexOf(text);	  String    repeat    =    text.indexOf(searchList[i]);    	non-compiled	[CE]  <identifier>  expected	45	None	replace
32	[BUG]  [BUGGY]  String  repeat  =  searchList[i].indexOf(text);  [CE]  <identifier>  expected  [FE]                NullPointerException      [CONTEXT]        [BUGGY]  String  repeat  =  searchList[i].indexOf(text);  [BUGGY]      int  tempIndex  =  -1;    for  (int  i  =  0;  i  <  searchLength;  i++)  {  if  (noMoreMatchesForReplIndex[i]  ||  searchList[i]  ==  null  ||  searchList[i].length()  ==  0  ||  replacementList[i]  ==  null)  {  continue;  }  tempIndex  =  text.indexOf(searchList[i]);  [CLASS]  StringUtils  [METHOD]  replaceEach  [RETURN_TYPE]  String  String  text  String[]  searchList  String[]  replacementList  boolean  repeat  int  timeToLive  	projects/Lang39/src/java/org/apache/commons/lang3/StringUtils.java	0.7071067811865475	3640	3640	1	replace	String  repeat  =  searchList[i].indexOf(text);	  String    repeat    =    text.indexOf(searchList[i]);    	non-compiled	[CE]  <identifier>  expected	45	None	replace
33	[BUG]  [BUGGY]  String  repeat  =  searchList[i].toLowerCase();  [CE]  <identifier>  expected  [FE]                  NullPointerException      [CONTEXT]        [BUGGY]  String  repeat  =  searchList[i].toLowerCase();  [BUGGY]      int  tempIndex  =  -1;    for  (int  i  =  0;  i  <  searchLength;  i++)  {  if  (noMoreMatchesForReplIndex[i]  ||  searchList[i]  ==  null  ||  searchList[i].length()  ==  0  ||  replacementList[i]  ==  null)  {  continue;  }  tempIndex  =  text.indexOf(searchList[i]);  [CLASS]  StringUtils  [METHOD]  replaceEach  [RETURN_TYPE]  String  String  text  String[]  searchList  String[]  replacementList  boolean  repeat  int  timeToLive  	projects/Lang39/src/java/org/apache/commons/lang3/StringUtils.java	0.7071067811865475	3640	3640	1	replace	String  repeat  =  searchList[i].toLowerCase();	  String    repeat    =    text.indexOf(searchList[i]);    	non-compiled	[CE]  <identifier>  expected	45	None	replace
34	[BUG]  [BUGGY]  String  repeat  =  searchList[i].trim();  [CE]  <identifier>  expected  [FE]                    NullPointerException      [CONTEXT]        [BUGGY]  String  repeat  =  searchList[i].trim();  [BUGGY]      int  tempIndex  =  -1;    for  (int  i  =  0;  i  <  searchLength;  i++)  {  if  (noMoreMatchesForReplIndex[i]  ||  searchList[i]  ==  null  ||  searchList[i].length()  ==  0  ||  replacementList[i]  ==  null)  {  continue;  }  tempIndex  =  text.indexOf(searchList[i]);  [CLASS]  StringUtils  [METHOD]  replaceEach  [RETURN_TYPE]  String  String  text  String[]  searchList  String[]  replacementList  boolean  repeat  int  timeToLive  	projects/Lang39/src/java/org/apache/commons/lang3/StringUtils.java	0.7071067811865475	3640	3640	1	replace	String  repeat  =  searchList[i].trim();	  String    repeat    =    text.indexOf(searchList[i]);    	non-compiled	[CE]  <identifier>  expected	45	None	replace
35	[BUG]  [BUGGY]  int  tempIndex  =  this.timeToLive;  [CE]  <identifier>  expected  [FE]              NullPointerException      [CONTEXT]        [BUGGY]  int  tempIndex  =  this.timeToLive;  [BUGGY]          for  (int  i  =  0;  i  <  searchLength;  i++)  {  if  (noMoreMatchesForReplIndex[i]  ||  searchList[i]  ==  null  ||  searchList[i].length()  ==  0  ||  replacementList[i]  ==  null)  {  continue;  }  tempIndex  =  text.indexOf(searchList[i]);  [CLASS]  StringUtils  [METHOD]  replaceEach  [RETURN_TYPE]  String  String  text  String[]  searchList  String[]  replacementList  boolean  repeat  int  timeToLive  	projects/Lang39/src/java/org/apache/commons/lang3/StringUtils.java	0.7071067811865475	3640	3640	1	replace	int  tempIndex  =  this.timeToLive;	  int    tempIndex    =    searchLength;    	non-compiled	[CE]  <identifier>  expected	23	None	replace
36	[BUG]  [BUGGY]  int  tempIndex  =  searchList.length;  [CE]  <identifier>  expected  [FE]                NullPointerException      [CONTEXT]        [BUGGY]  int  tempIndex  =  searchList.length;  [BUGGY]          for  (int  i  =  0;  i  <  searchLength;  i++)  {  if  (noMoreMatchesForReplIndex[i]  ||  searchList[i]  ==  null  ||  searchList[i].length()  ==  0  ||  replacementList[i]  ==  null)  {  continue;  }  tempIndex  =  text.indexOf(searchList[i]);  [CLASS]  StringUtils  [METHOD]  replaceEach  [RETURN_TYPE]  String  String  text  String[]  searchList  String[]  replacementList  boolean  repeat  int  timeToLive  	projects/Lang39/src/java/org/apache/commons/lang3/StringUtils.java	0.7071067811865475	3640	3640	1	replace	int  tempIndex  =  searchList.length;	  int    tempIndex    =    searchLength;    	non-compiled	[CE]  <identifier>  expected	23	None	replace
37	[BUG]  [BUGGY]  long  tempIndex  =  searchLength;  [CE]  <identifier>  expected  [FE]                  NullPointerException      [CONTEXT]        [BUGGY]  long  tempIndex  =  searchLength;  [BUGGY]          for  (int  i  =  0;  i  <  searchLength;  i++)  {  if  (noMoreMatchesForReplIndex[i]  ||  searchList[i]  ==  null  ||  searchList[i].length()  ==  0  ||  replacementList[i]  ==  null)  {  continue;  }  tempIndex  =  text.indexOf(searchList[i]);  [CLASS]  StringUtils  [METHOD]  replaceEach  [RETURN_TYPE]  String  String  text  String[]  searchList  String[]  replacementList  boolean  repeat  int  timeToLive  	projects/Lang39/src/java/org/apache/commons/lang3/StringUtils.java	0.7071067811865475	3640	3640	1	replace	long  tempIndex  =  searchLength;	  int    tempIndex    =    searchLength;    	non-compiled	[CE]  <identifier>  expected	23	None	replace
38	[BUG]  [BUGGY]  String[]  replacementList  =  getReplacementList(i);  [CE]  <identifier>  expected  [FE]            NullPointerException      [CONTEXT]        [BUGGY]  String[]  replacementList  =  getReplacementList(i);  [BUGGY]      int  tempIndex  =  -1;    for  (int  i  =  0;  i  <  searchLength;  i++)  {  if  (noMoreMatchesForReplIndex[i]  ||  searchList[i]  ==  null  ||  searchList[i].length()  ==  0  ||  replacementList[i]  ==  null)  {  continue;  }  tempIndex  =  text.indexOf(searchList[i]);  [CLASS]  StringUtils  [METHOD]  replaceEach  [RETURN_TYPE]  String  String  text  String[]  searchList  String[]  replacementList  boolean  repeat  int  timeToLive  	projects/Lang39/src/java/org/apache/commons/lang3/StringUtils.java	0.7071067811865475	3640	3640	1	replace	String[]  replacementList  =  getReplacementList(i);	  String[]    replacementList    =    getReplacementList(searchLength);    	non-compiled	[CE]  <identifier>  expected	53	None	replace
39	[BUG]  [BUGGY]  String[]  replacementList  =  getReplacementList(0,  searchLength);  [CE]  <identifier>  expected  [FE]              NullPointerException      [CONTEXT]        [BUGGY]  String[]  replacementList  =  getReplacementList(0,  searchLength);  [BUGGY]      int  tempIndex  =  -1;    for  (int  i  =  0;  i  <  searchLength;  i++)  {  if  (noMoreMatchesForReplIndex[i]  ||  searchList[i]  ==  null  ||  searchList[i].length()  ==  0  ||  replacementList[i]  ==  null)  {  continue;  }  tempIndex  =  text.indexOf(searchList[i]);  [CLASS]  StringUtils  [METHOD]  replaceEach  [RETURN_TYPE]  String  String  text  String[]  searchList  String[]  replacementList  boolean  repeat  int  timeToLive  	projects/Lang39/src/java/org/apache/commons/lang3/StringUtils.java	0.7071067811865475	3640	3640	1	replace	String[]  replacementList  =  getReplacementList(0,  searchLength);	  String[]    replacementList    =    getReplacementList(searchLength);    	non-compiled	[CE]  <identifier>  expected	53	None	replace
40	[BUG]  [BUGGY]  int  searchLength  =  this.replacements.length;  [CE]  <identifier>  expected  [FE]                NullPointerException      [CONTEXT]        [BUGGY]  int  searchLength  =  this.replacements.length;  [BUGGY]      int  tempIndex  =  -1;    for  (int  i  =  0;  i  <  searchLength;  i++)  {  if  (noMoreMatchesForReplIndex[i]  ||  searchList[i]  ==  null  ||  searchList[i].length()  ==  0  ||  replacementList[i]  ==  null)  {  continue;  }  tempIndex  =  text.indexOf(searchList[i]);  [CLASS]  StringUtils  [METHOD]  replaceEach  [RETURN_TYPE]  String  String  text  String[]  searchList  String[]  replacementList  boolean  repeat  int  timeToLive  	projects/Lang39/src/java/org/apache/commons/lang3/StringUtils.java	0.7071067811865475	3640	3640	1	replace	int  searchLength  =  this.replacements.length;	  int    searchLength    =    replacementList.length();    	non-compiled	[CE]  <identifier>  expected	57	None	replace
41	[BUG]  [BUGGY]  int  searchLength  =  this.replaceList.length();  [CE]  <identifier>  expected  [FE]                  NullPointerException      [CONTEXT]        [BUGGY]  int  searchLength  =  this.replaceList.length();  [BUGGY]      int  tempIndex  =  -1;    for  (int  i  =  0;  i  <  searchLength;  i++)  {  if  (noMoreMatchesForReplIndex[i]  ||  searchList[i]  ==  null  ||  searchList[i].length()  ==  0  ||  replacementList[i]  ==  null)  {  continue;  }  tempIndex  =  text.indexOf(searchList[i]);  [CLASS]  StringUtils  [METHOD]  replaceEach  [RETURN_TYPE]  String  String  text  String[]  searchList  String[]  replacementList  boolean  repeat  int  timeToLive  	projects/Lang39/src/java/org/apache/commons/lang3/StringUtils.java	0.7071067811865475	3640	3640	1	replace	int  searchLength  =  this.replaceList.length();	  int    searchLength    =    replacementList.length();    	non-compiled	[CE]  <identifier>  expected	57	None	replace
42	[BUG]  [BUGGY]  int  searchLength  =  searchList.length;  [CE]  <identifier>  expected  [FE]                    NullPointerException      [CONTEXT]        [BUGGY]  int  searchLength  =  searchList.length;  [BUGGY]      int  tempIndex  =  -1;    for  (int  i  =  0;  i  <  searchLength;  i++)  {  if  (noMoreMatchesForReplIndex[i]  ||  searchList[i]  ==  null  ||  searchList[i].length()  ==  0  ||  replacementList[i]  ==  null)  {  continue;  }  tempIndex  =  text.indexOf(searchList[i]);  [CLASS]  StringUtils  [METHOD]  replaceEach  [RETURN_TYPE]  String  String  text  String[]  searchList  String[]  replacementList  boolean  repeat  int  timeToLive  	projects/Lang39/src/java/org/apache/commons/lang3/StringUtils.java	0.7071067811865475	3640	3640	1	replace	int  searchLength  =  searchList.length;	  int    searchLength    =    replacementList.length;    	non-compiled	[CE]  <identifier>  expected	59	None	replace
43	[BUG]  [BUGGY]  int  searchLength  =  this.replacementList.length;  [CE]  <identifier>  expected  [FE]                      NullPointerException      [CONTEXT]        [BUGGY]  int  searchLength  =  this.replacementList.length;  [BUGGY]      int  tempIndex  =  -1;    for  (int  i  =  0;  i  <  searchLength;  i++)  {  if  (noMoreMatchesForReplIndex[i]  ||  searchList[i]  ==  null  ||  searchList[i].length()  ==  0  ||  replacementList[i]  ==  null)  {  continue;  }  tempIndex  =  text.indexOf(searchList[i]);  [CLASS]  StringUtils  [METHOD]  replaceEach  [RETURN_TYPE]  String  String  text  String[]  searchList  String[]  replacementList  boolean  repeat  int  timeToLive  	projects/Lang39/src/java/org/apache/commons/lang3/StringUtils.java	0.7071067811865475	3640	3640	1	replace	int  searchLength  =  this.replacementList.length;	  int    searchLength    =    replacementList.length;    	non-compiled	[CE]  <identifier>  expected	59	None	replace
44	[BUG]  [BUGGY]  int  searchLength  =  0;  [CE]  <identifier>  expected  [FE]                        NullPointerException      [CONTEXT]        [BUGGY]  int  searchLength  =  0;  [BUGGY]      int  tempIndex  =  -1;    for  (int  i  =  0;  i  <  searchLength;  i++)  {  if  (noMoreMatchesForReplIndex[i]  ||  searchList[i]  ==  null  ||  searchList[i].length()  ==  0  ||  replacementList[i]  ==  null)  {  continue;  }  tempIndex  =  text.indexOf(searchList[i]);  [CLASS]  StringUtils  [METHOD]  replaceEach  [RETURN_TYPE]  String  String  text  String[]  searchList  String[]  replacementList  boolean  repeat  int  timeToLive  	projects/Lang39/src/java/org/apache/commons/lang3/StringUtils.java	0.7071067811865475	3640	3640	1	replace	int  searchLength  =  0;	  int    searchLength    =    replacementList.length;    	non-compiled	[CE]  <identifier>  expected	59	None	replace
45	[BUG]  [BUGGY]  String  repeat  =  searchList[i].indexOf(replacementList[i]  +  1);  [CE]  <identifier>  expected  [FE]                NullPointerException      [CONTEXT]        [BUGGY]  String  repeat  =  searchList[i].indexOf(replacementList[i]  +  1);  [BUGGY]      int  tempIndex  =  -1;    for  (int  i  =  0;  i  <  searchLength;  i++)  {  if  (noMoreMatchesForReplIndex[i]  ||  searchList[i]  ==  null  ||  searchList[i].length()  ==  0  ||  replacementList[i]  ==  null)  {  continue;  }  tempIndex  =  text.indexOf(searchList[i]);  [CLASS]  StringUtils  [METHOD]  replaceEach  [RETURN_TYPE]  String  String  text  String[]  searchList  String[]  replacementList  boolean  repeat  int  timeToLive  	projects/Lang39/src/java/org/apache/commons/lang3/StringUtils.java	0.7071067811865475	3640	3640	1	replace	String  repeat  =  searchList[i].indexOf(replacementList[i]  +  1);	  String    repeat    =    text.indexOf(replacementList[i]    +    1);    	non-compiled	[CE]  <identifier>  expected	28	None	replace
46	[BUG]  [BUGGY]  String  repeat  =  this.replacementList[i]  +  1;  [CE]  <identifier>  expected  [FE]                  NullPointerException      [CONTEXT]        [BUGGY]  String  repeat  =  this.replacementList[i]  +  1;  [BUGGY]      int  tempIndex  =  -1;    for  (int  i  =  0;  i  <  searchLength;  i++)  {  if  (noMoreMatchesForReplIndex[i]  ||  searchList[i]  ==  null  ||  searchList[i].length()  ==  0  ||  replacementList[i]  ==  null)  {  continue;  }  tempIndex  =  text.indexOf(searchList[i]);  [CLASS]  StringUtils  [METHOD]  replaceEach  [RETURN_TYPE]  String  String  text  String[]  searchList  String[]  replacementList  boolean  repeat  int  timeToLive  	projects/Lang39/src/java/org/apache/commons/lang3/StringUtils.java	0.7071067811865475	3640	3640	1	replace	String  repeat  =  this.replacementList[i]  +  1;	  String    repeat    =    text.indexOf(replacementList[i]    +    1);    	non-compiled	[CE]  <identifier>  expected	28	None	replace
47	[BUG]  [BUGGY]  String[]  replacementList  =  getReplacements().toArray(new  String[replacements.size()  ]);  [CE]  <identifier>  expected  [FE]                NullPointerException      [CONTEXT]        [BUGGY]  String[]  replacementList  =  getReplacements().toArray(new  String[replacements.size()  ]);  [BUGGY]          for  (int  i  =  0;  i  <  searchLength;  i++)  {  if  (noMoreMatchesForReplIndex[i]  ||  searchList[i]  ==  null  ||  searchList[i].length()  ==  0  ||  replacementList[i]  ==  null)  {  continue;  }  tempIndex  =  text.indexOf(searchList[i]);  [CLASS]  StringUtils  [METHOD]  replaceEach  [RETURN_TYPE]  String  String  text  String[]  searchList  String[]  replacementList  boolean  repeat  int  timeToLive  	projects/Lang39/src/java/org/apache/commons/lang3/StringUtils.java	0.7071067811865475	3640	3640	1	replace	String[]  replacementList  =  getReplacements().toArray(new  String[replacements.size()  ]);	  String[]    replacementList    =    getReplacements();    	non-compiled	[CE]  <identifier>  expected	10	None	replace
48	[BUG]  [BUGGY]  String[]  replacementList  =  getReplacements().toArray(replacementList);  [CE]  <identifier>  expected  [FE]                  NullPointerException      [CONTEXT]        [BUGGY]  String[]  replacementList  =  getReplacements().toArray(replacementList);  [BUGGY]          for  (int  i  =  0;  i  <  searchLength;  i++)  {  if  (noMoreMatchesForReplIndex[i]  ||  searchList[i]  ==  null  ||  searchList[i].length()  ==  0  ||  replacementList[i]  ==  null)  {  continue;  }  tempIndex  =  text.indexOf(searchList[i]);  [CLASS]  StringUtils  [METHOD]  replaceEach  [RETURN_TYPE]  String  String  text  String[]  searchList  String[]  replacementList  boolean  repeat  int  timeToLive  	projects/Lang39/src/java/org/apache/commons/lang3/StringUtils.java	0.7071067811865475	3640	3640	1	replace	String[]  replacementList  =  getReplacements().toArray(replacementList);	  String[]    replacementList    =    getReplacements();    	non-compiled	[CE]  <identifier>  expected	10	None	replace
49	[BUG]  [BUGGY]  tempIndex  =  searchList.indexOf(replacements[i]);  [CE]  <identifier>  expected  [FE]            NullPointerException      [CONTEXT]        [BUGGY]  tempIndex  =  searchList.indexOf(replacements[i]);  [BUGGY]      int  tempIndex  =  -1;    for  (int  i  =  0;  i  <  searchLength;  i++)  {  if  (noMoreMatchesForReplIndex[i]  ||  searchList[i]  ==  null  ||  searchList[i].length()  ==  0  ||  replacementList[i]  ==  null)  {  continue;  }  tempIndex  =  text.indexOf(searchList[i]);  [CLASS]  StringUtils  [METHOD]  replaceEach  [RETURN_TYPE]  String  String  text  String[]  searchList  String[]  replacementList  boolean  repeat  int  timeToLive  	projects/Lang39/src/java/org/apache/commons/lang3/StringUtils.java	0.7071067811865475	3640	3640	1	replace	tempIndex  =  searchList.indexOf(replacements[i]);	  tempIndex    =    text.indexOf(replacements[i]);    	non-compiled	[CE]  <identifier>  expected	34	None	replace
50	[BUG]  [BUGGY]  tempIndex  =  searchList[i].indexOf(replacements[i]);  [CE]  <identifier>  expected  [FE]              NullPointerException      [CONTEXT]        [BUGGY]  tempIndex  =  searchList[i].indexOf(replacements[i]);  [BUGGY]      int  tempIndex  =  -1;    for  (int  i  =  0;  i  <  searchLength;  i++)  {  if  (noMoreMatchesForReplIndex[i]  ||  searchList[i]  ==  null  ||  searchList[i].length()  ==  0  ||  replacementList[i]  ==  null)  {  continue;  }  tempIndex  =  text.indexOf(searchList[i]);  [CLASS]  StringUtils  [METHOD]  replaceEach  [RETURN_TYPE]  String  String  text  String[]  searchList  String[]  replacementList  boolean  repeat  int  timeToLive  	projects/Lang39/src/java/org/apache/commons/lang3/StringUtils.java	0.7071067811865475	3640	3640	1	replace	tempIndex  =  searchList[i].indexOf(replacements[i]);	  tempIndex    =    text.indexOf(replacements[i]);    	non-compiled	[CE]  <identifier>  expected	34	None	replace
51	[BUG]  [BUGGY]  bucketIndex  =  searchList.indexOf(repl);  [CE]  <identifier>  expected  [FE]                    NullPointerException      [CONTEXT]        [BUGGY]  bucketIndex  =  searchList.indexOf(repl);  [BUGGY]      int  tempIndex  =  -1;    for  (int  i  =  0;  i  <  searchLength;  i++)  {  if  (noMoreMatchesForReplIndex[i]  ||  searchList[i]  ==  null  ||  searchList[i].length()  ==  0  ||  replacementList[i]  ==  null)  {  continue;  }  tempIndex  =  text.indexOf(searchList[i]);  [CLASS]  StringUtils  [METHOD]  replaceEach  [RETURN_TYPE]  String  String  text  String[]  searchList  String[]  replacementList  boolean  repeat  int  timeToLive  	projects/Lang39/src/java/org/apache/commons/lang3/StringUtils.java	0.7071067811865475	3640	3640	1	replace	bucketIndex  =  searchList.indexOf(repl);	  bucketIndex    =    text.indexOf(repl);    	non-compiled	[CE]  <identifier>  expected	35	None	replace
52	[BUG]  [BUGGY]  bucketIndex  =  text.indexOf(repl  +  1);  [CE]  <identifier>  expected  [FE]                      NullPointerException      [CONTEXT]        [BUGGY]  bucketIndex  =  text.indexOf(repl  +  1);  [BUGGY]      int  tempIndex  =  -1;    for  (int  i  =  0;  i  <  searchLength;  i++)  {  if  (noMoreMatchesForReplIndex[i]  ||  searchList[i]  ==  null  ||  searchList[i].length()  ==  0  ||  replacementList[i]  ==  null)  {  continue;  }  tempIndex  =  text.indexOf(searchList[i]);  [CLASS]  StringUtils  [METHOD]  replaceEach  [RETURN_TYPE]  String  String  text  String[]  searchList  String[]  replacementList  boolean  repeat  int  timeToLive  	projects/Lang39/src/java/org/apache/commons/lang3/StringUtils.java	0.7071067811865475	3640	3640	1	replace	bucketIndex  =  text.indexOf(repl  +  1);	  bucketIndex    =    text.indexOf(repl);    	non-compiled	[CE]  <identifier>  expected	35	None	replace
53	[BUG]  [BUGGY]  bucket  =  searchList.indexOf(text);  [CE]  <identifier>  expected  [FE]                      NullPointerException      [CONTEXT]        [BUGGY]  bucket  =  searchList.indexOf(text);  [BUGGY]      int  tempIndex  =  -1;    for  (int  i  =  0;  i  <  searchLength;  i++)  {  if  (noMoreMatchesForReplIndex[i]  ||  searchList[i]  ==  null  ||  searchList[i].length()  ==  0  ||  replacementList[i]  ==  null)  {  continue;  }  tempIndex  =  text.indexOf(searchList[i]);  [CLASS]  StringUtils  [METHOD]  replaceEach  [RETURN_TYPE]  String  String  text  String[]  searchList  String[]  replacementList  boolean  repeat  int  timeToLive  	projects/Lang39/src/java/org/apache/commons/lang3/StringUtils.java	0.7071067811865475	3640	3640	1	replace	bucket  =  searchList.indexOf(text);	  bucket    =    text.indexOf(searchList[i]);    	non-compiled	[CE]  <identifier>  expected	3	None	replace
54	[BUG]  [BUGGY]  bucket  =  searchList[i].indexOf(text);  [CE]  <identifier>  expected  [FE]                        NullPointerException      [CONTEXT]        [BUGGY]  bucket  =  searchList[i].indexOf(text);  [BUGGY]      int  tempIndex  =  -1;    for  (int  i  =  0;  i  <  searchLength;  i++)  {  if  (noMoreMatchesForReplIndex[i]  ||  searchList[i]  ==  null  ||  searchList[i].length()  ==  0  ||  replacementList[i]  ==  null)  {  continue;  }  tempIndex  =  text.indexOf(searchList[i]);  [CLASS]  StringUtils  [METHOD]  replaceEach  [RETURN_TYPE]  String  String  text  String[]  searchList  String[]  replacementList  boolean  repeat  int  timeToLive  	projects/Lang39/src/java/org/apache/commons/lang3/StringUtils.java	0.7071067811865475	3640	3640	1	replace	bucket  =  searchList[i].indexOf(text);	  bucket    =    text.indexOf(searchList[i]);    	non-compiled	[CE]  <identifier>  expected	3	None	replace
55	[BUG]  [BUGGY]  String  repeat  =  replacementList[i].indexOf(searchList[i]);  [CE]  <identifier>  expected  [FE]            NullPointerException      [CONTEXT]        [BUGGY]  String  repeat  =  replacementList[i].indexOf(searchList[i]);  [BUGGY]      int  tempIndex  =  -1;    for  (int  i  =  0;  i  <  searchLength;  i++)  {  if  (noMoreMatchesForReplIndex[i]  ||  searchList[i]  ==  null  ||  searchList[i].length()  ==  0  ||  replacementList[i]  ==  null)  {  continue;  }  tempIndex  =  text.indexOf(searchList[i]);  [CLASS]  StringUtils  [METHOD]  replaceEach  [RETURN_TYPE]  String  String  text  String[]  searchList  String[]  replacementList  boolean  repeat  int  timeToLive  	projects/Lang39/src/java/org/apache/commons/lang3/StringUtils.java	0.7071067811865475	3640	3640	1	replace	String  repeat  =  replacementList[i].indexOf(searchList[i]);	  String    repeat    =    searchList[i].indexOf(replacementList[i]);    	non-compiled	[CE]  <identifier>  expected	26	None	replace
56	[BUG]  [BUGGY]  String  repeat  =  searchList[i].indexOf(replacementList[i])+  1;  [CE]  <identifier>  expected  [FE]              NullPointerException      [CONTEXT]        [BUGGY]  String  repeat  =  searchList[i].indexOf(replacementList[i])+  1;  [BUGGY]      int  tempIndex  =  -1;    for  (int  i  =  0;  i  <  searchLength;  i++)  {  if  (noMoreMatchesForReplIndex[i]  ||  searchList[i]  ==  null  ||  searchList[i].length()  ==  0  ||  replacementList[i]  ==  null)  {  continue;  }  tempIndex  =  text.indexOf(searchList[i]);  [CLASS]  StringUtils  [METHOD]  replaceEach  [RETURN_TYPE]  String  String  text  String[]  searchList  String[]  replacementList  boolean  repeat  int  timeToLive  	projects/Lang39/src/java/org/apache/commons/lang3/StringUtils.java	0.7071067811865475	3640	3640	1	replace	String  repeat  =  searchList[i].indexOf(replacementList[i])+  1;	  String    repeat    =    searchList[i].indexOf(replacementList[i]);    	non-compiled	[CE]  <identifier>  expected	26	None	replace
57	[BUG]  [BUGGY]  String[]  replacementList  =  new  String[tempIndex.length()  +  1];  [CE]  <identifier>  expected  [FE]                  NullPointerException      [CONTEXT]        [BUGGY]  String[]  replacementList  =  new  String[tempIndex.length()  +  1];  [BUGGY]          for  (int  i  =  0;  i  <  searchLength;  i++)  {  if  (noMoreMatchesForReplIndex[i]  ||  searchList[i]  ==  null  ||  searchList[i].length()  ==  0  ||  replacementList[i]  ==  null)  {  continue;  }  tempIndex  =  text.indexOf(searchList[i]);  [CLASS]  StringUtils  [METHOD]  replaceEach  [RETURN_TYPE]  String  String  text  String[]  searchList  String[]  replacementList  boolean  repeat  int  timeToLive  	projects/Lang39/src/java/org/apache/commons/lang3/StringUtils.java	0.7071067811865475	3640	3640	1	replace	String[]  replacementList  =  new  String[tempIndex.length()  +  1];	  String[]    replacementList    =    new    String[tempIndex.length()    ];    	non-compiled	[CE]  <identifier>  expected	48	None	replace
58	[BUG]  [BUGGY]  String[]  replacementList  =  new  String[replIndex.length()  ];  [CE]  <identifier>  expected  [FE]                    NullPointerException      [CONTEXT]        [BUGGY]  String[]  replacementList  =  new  String[replIndex.length()  ];  [BUGGY]          for  (int  i  =  0;  i  <  searchLength;  i++)  {  if  (noMoreMatchesForReplIndex[i]  ||  searchList[i]  ==  null  ||  searchList[i].length()  ==  0  ||  replacementList[i]  ==  null)  {  continue;  }  tempIndex  =  text.indexOf(searchList[i]);  [CLASS]  StringUtils  [METHOD]  replaceEach  [RETURN_TYPE]  String  String  text  String[]  searchList  String[]  replacementList  boolean  repeat  int  timeToLive  	projects/Lang39/src/java/org/apache/commons/lang3/StringUtils.java	0.7071067811865475	3640	3640	1	replace	String[]  replacementList  =  new  String[replIndex.length()  ];	  String[]    replacementList    =    new    String[tempIndex.length()    ];    	non-compiled	[CE]  <identifier>  expected	48	None	replace
59	[BUG]  [BUGGY]  String[]  replacementList  =  new  String[repeat.length()  ];  [CE]  <identifier>  expected  [FE]                      NullPointerException      [CONTEXT]        [BUGGY]  String[]  replacementList  =  new  String[repeat.length()  ];  [BUGGY]          for  (int  i  =  0;  i  <  searchLength;  i++)  {  if  (noMoreMatchesForReplIndex[i]  ||  searchList[i]  ==  null  ||  searchList[i].length()  ==  0  ||  replacementList[i]  ==  null)  {  continue;  }  tempIndex  =  text.indexOf(searchList[i]);  [CLASS]  StringUtils  [METHOD]  replaceEach  [RETURN_TYPE]  String  String  text  String[]  searchList  String[]  replacementList  boolean  repeat  int  timeToLive  	projects/Lang39/src/java/org/apache/commons/lang3/StringUtils.java	0.7071067811865475	3640	3640	1	replace	String[]  replacementList  =  new  String[repeat.length()  ];	  String[]    replacementList    =    new    String[tempIndex.length()    ];    	non-compiled	[CE]  <identifier>  expected	48	None	replace
60	[BUG]  [BUGGY]  String  repeat  =  searchList.indexOf(replacementList[i]  +  1);  [CE]  <identifier>  expected  [FE]                NullPointerException      [CONTEXT]        [BUGGY]  String  repeat  =  searchList.indexOf(replacementList[i]  +  1);  [BUGGY]      int  tempIndex  =  -1;    for  (int  i  =  0;  i  <  searchLength;  i++)  {  if  (noMoreMatchesForReplIndex[i]  ||  searchList[i]  ==  null  ||  searchList[i].length()  ==  0  ||  replacementList[i]  ==  null)  {  continue;  }  tempIndex  =  text.indexOf(searchList[i]);  [CLASS]  StringUtils  [METHOD]  replaceEach  [RETURN_TYPE]  String  String  text  String[]  searchList  String[]  replacementList  boolean  repeat  int  timeToLive  	projects/Lang39/src/java/org/apache/commons/lang3/StringUtils.java	0.7071067811865475	3640	3640	1	replace	String  repeat  =  searchList.indexOf(replacementList[i]  +  1);	  String    repeat    =    searchList.indexOf(replacementList[i]);    	non-compiled	[CE]  <identifier>  expected	46	None	replace
61	[BUG]  [BUGGY]  String  repeat  =  searchList.indexOf(replacementList[0]);  [CE]  <identifier>  expected  [FE]                  NullPointerException      [CONTEXT]        [BUGGY]  String  repeat  =  searchList.indexOf(replacementList[0]);  [BUGGY]      int  tempIndex  =  -1;    for  (int  i  =  0;  i  <  searchLength;  i++)  {  if  (noMoreMatchesForReplIndex[i]  ||  searchList[i]  ==  null  ||  searchList[i].length()  ==  0  ||  replacementList[i]  ==  null)  {  continue;  }  tempIndex  =  text.indexOf(searchList[i]);  [CLASS]  StringUtils  [METHOD]  replaceEach  [RETURN_TYPE]  String  String  text  String[]  searchList  String[]  replacementList  boolean  repeat  int  timeToLive  	projects/Lang39/src/java/org/apache/commons/lang3/StringUtils.java	0.7071067811865475	3640	3640	1	replace	String  repeat  =  searchList.indexOf(replacementList[0]);	  String    repeat    =    searchList.indexOf(replacementList[i]);    	non-compiled	[CE]  <identifier>  expected	46	None	replace
62	[BUG]  [BUGGY]  String  repeat  =  searchList.indexOf(replacementList[i]).toLowerCase();  [CE]  <identifier>  expected  [FE]                    NullPointerException      [CONTEXT]        [BUGGY]  String  repeat  =  searchList.indexOf(replacementList[i]).toLowerCase();  [BUGGY]      int  tempIndex  =  -1;    for  (int  i  =  0;  i  <  searchLength;  i++)  {  if  (noMoreMatchesForReplIndex[i]  ||  searchList[i]  ==  null  ||  searchList[i].length()  ==  0  ||  replacementList[i]  ==  null)  {  continue;  }  tempIndex  =  text.indexOf(searchList[i]);  [CLASS]  StringUtils  [METHOD]  replaceEach  [RETURN_TYPE]  String  String  text  String[]  searchList  String[]  replacementList  boolean  repeat  int  timeToLive  	projects/Lang39/src/java/org/apache/commons/lang3/StringUtils.java	0.7071067811865475	3640	3640	1	replace	String  repeat  =  searchList.indexOf(replacementList[i]).toLowerCase();	  String    repeat    =    searchList.indexOf(replacementList[i]);    	non-compiled	[CE]  <identifier>  expected	46	None	replace
63	[BUG]  [BUGGY]  String  repeat  =  this.replacementList.indexOf(text);  [CE]  <identifier>  expected  [FE]              NullPointerException      [CONTEXT]        [BUGGY]  String  repeat  =  this.replacementList.indexOf(text);  [BUGGY]      int  tempIndex  =  -1;    for  (int  i  =  0;  i  <  searchLength;  i++)  {  if  (noMoreMatchesForReplIndex[i]  ||  searchList[i]  ==  null  ||  searchList[i].length()  ==  0  ||  replacementList[i]  ==  null)  {  continue;  }  tempIndex  =  text.indexOf(searchList[i]);  [CLASS]  StringUtils  [METHOD]  replaceEach  [RETURN_TYPE]  String  String  text  String[]  searchList  String[]  replacementList  boolean  repeat  int  timeToLive  	projects/Lang39/src/java/org/apache/commons/lang3/StringUtils.java	0.7071067811865475	3640	3640	1	replace	String  repeat  =  this.replacementList.indexOf(text);	  String    repeat    =    replacementList.indexOf(text);    	non-compiled	[CE]  <identifier>  expected	27	None	replace
64	[BUG]  [BUGGY]  String  repeat  =  replacementList.indexOf(searchList[i]);  [CE]  <identifier>  expected  [FE]                NullPointerException      [CONTEXT]        [BUGGY]  String  repeat  =  replacementList.indexOf(searchList[i]);  [BUGGY]      int  tempIndex  =  -1;    for  (int  i  =  0;  i  <  searchLength;  i++)  {  if  (noMoreMatchesForReplIndex[i]  ||  searchList[i]  ==  null  ||  searchList[i].length()  ==  0  ||  replacementList[i]  ==  null)  {  continue;  }  tempIndex  =  text.indexOf(searchList[i]);  [CLASS]  StringUtils  [METHOD]  replaceEach  [RETURN_TYPE]  String  String  text  String[]  searchList  String[]  replacementList  boolean  repeat  int  timeToLive  	projects/Lang39/src/java/org/apache/commons/lang3/StringUtils.java	0.7071067811865475	3640	3640	1	replace	String  repeat  =  replacementList.indexOf(searchList[i]);	  String    repeat    =    replacementList.indexOf(text);    	non-compiled	[CE]  <identifier>  expected	27	None	replace
65	[BUG]  [BUGGY]  int  searchLength  =  this.searchList[i].length();  [CE]  <identifier>  expected  [FE]                NullPointerException      [CONTEXT]        [BUGGY]  int  searchLength  =  this.searchList[i].length();  [BUGGY]      int  tempIndex  =  -1;    for  (int  i  =  0;  i  <  searchLength;  i++)  {  if  (noMoreMatchesForReplIndex[i]  ||  searchList[i]  ==  null  ||  searchList[i].length()  ==  0  ||  replacementList[i]  ==  null)  {  continue;  }  tempIndex  =  text.indexOf(searchList[i]);  [CLASS]  StringUtils  [METHOD]  replaceEach  [RETURN_TYPE]  String  String  text  String[]  searchList  String[]  replacementList  boolean  repeat  int  timeToLive  	projects/Lang39/src/java/org/apache/commons/lang3/StringUtils.java	0.7071067811865475	3640	3640	1	replace	int  searchLength  =  this.searchList[i].length();	  int    searchLength    =    searchList[i].length()    -    1;    	non-compiled	[CE]  <identifier>  expected	19	None	replace
66	[BUG]  [BUGGY]  long  searchLength  =  searchList[i].length();  [CE]  <identifier>  expected  [FE]                  NullPointerException      [CONTEXT]        [BUGGY]  long  searchLength  =  searchList[i].length();  [BUGGY]      int  tempIndex  =  -1;    for  (int  i  =  0;  i  <  searchLength;  i++)  {  if  (noMoreMatchesForReplIndex[i]  ||  searchList[i]  ==  null  ||  searchList[i].length()  ==  0  ||  replacementList[i]  ==  null)  {  continue;  }  tempIndex  =  text.indexOf(searchList[i]);  [CLASS]  StringUtils  [METHOD]  replaceEach  [RETURN_TYPE]  String  String  text  String[]  searchList  String[]  replacementList  boolean  repeat  int  timeToLive  	projects/Lang39/src/java/org/apache/commons/lang3/StringUtils.java	0.7071067811865475	3640	3640	1	replace	long  searchLength  =  searchList[i].length();	  int    searchLength    =    searchList[i].length()    -    1;    	non-compiled	[CE]  <identifier>  expected	19	None	replace
67	[BUG]  [BUGGY]  bucket  <  0  ||  searchList[i].length()  ==  0)  {  tempIndex  =  text.indexOf(searchList[i]);  [CE]  <identifier>  expected  [FE]                        NullPointerException      [CONTEXT]        [BUGGY]  bucket  <  0  ||  searchList[i].length()  ==  0)  {  tempIndex  =  text.indexOf(searchList[i]);  [BUGGY]      int  tempIndex  =  -1;    for  (int  i  =  0;  i  <  searchLength;  i++)  {  if  (noMoreMatchesForReplIndex[i]  ||  searchList[i]  ==  null  ||  searchList[i].length()  ==  0  ||  replacementList[i]  ==  null)  {  continue;  }  tempIndex  =  text.indexOf(searchList[i]);  [CLASS]  StringUtils  [METHOD]  replaceEach  [RETURN_TYPE]  String  String  text  String[]  searchList  String[]  replacementList  boolean  repeat  int  timeToLive  	projects/Lang39/src/java/org/apache/commons/lang3/StringUtils.java	0.7071067811865475	3640	3640	1	replace	bucket  <  0  ||  searchList[i].length()  ==  0)  {  tempIndex  =  text.indexOf(searchList[i]);	  bucket    <    0    ||    repeat)    {    tempIndex    =    text.indexOf(searchList[i]);    	non-compiled	[CE]  <identifier>  expected	33	None	replace
68	[BUG]  [BUGGY]  bucket  <  0  ||  searchLength  >  0)  {  tempIndex  =  text.indexOf(searchList[i]);  [CE]  <identifier>  expected  [FE]                          NullPointerException      [CONTEXT]        [BUGGY]  bucket  <  0  ||  searchLength  >  0)  {  tempIndex  =  text.indexOf(searchList[i]);  [BUGGY]      int  tempIndex  =  -1;    for  (int  i  =  0;  i  <  searchLength;  i++)  {  if  (noMoreMatchesForReplIndex[i]  ||  searchList[i]  ==  null  ||  searchList[i].length()  ==  0  ||  replacementList[i]  ==  null)  {  continue;  }  tempIndex  =  text.indexOf(searchList[i]);  [CLASS]  StringUtils  [METHOD]  replaceEach  [RETURN_TYPE]  String  String  text  String[]  searchList  String[]  replacementList  boolean  repeat  int  timeToLive  	projects/Lang39/src/java/org/apache/commons/lang3/StringUtils.java	0.7071067811865475	3640	3640	1	replace	bucket  <  0  ||  searchLength  >  0)  {  tempIndex  =  text.indexOf(searchList[i]);	  bucket    <    0    ||    repeat)    {    tempIndex    =    text.indexOf(searchList[i]);    	non-compiled	[CE]  <identifier>  expected	33	None	replace
69	[BUG]  [BUGGY]  bucket  <  0  ||  timeToLive)  {  tempIndex  =  text.indexOf(searchList[i]);  [CE]  <identifier>  expected  [FE]                            NullPointerException      [CONTEXT]        [BUGGY]  bucket  <  0  ||  timeToLive)  {  tempIndex  =  text.indexOf(searchList[i]);  [BUGGY]      int  tempIndex  =  -1;    for  (int  i  =  0;  i  <  searchLength;  i++)  {  if  (noMoreMatchesForReplIndex[i]  ||  searchList[i]  ==  null  ||  searchList[i].length()  ==  0  ||  replacementList[i]  ==  null)  {  continue;  }  tempIndex  =  text.indexOf(searchList[i]);  [CLASS]  StringUtils  [METHOD]  replaceEach  [RETURN_TYPE]  String  String  text  String[]  searchList  String[]  replacementList  boolean  repeat  int  timeToLive  	projects/Lang39/src/java/org/apache/commons/lang3/StringUtils.java	0.7071067811865475	3640	3640	1	replace	bucket  <  0  ||  timeToLive)  {  tempIndex  =  text.indexOf(searchList[i]);	  bucket    <    0    ||    repeat)    {    tempIndex    =    text.indexOf(searchList[i]);    	non-compiled	[CE]  <identifier>  expected	33	None	replace
70	[BUG]  [BUGGY]  String  tempIndex  =  null;  [CE]  <identifier>  expected  [FE]              NullPointerException      [CONTEXT]        [BUGGY]  String  tempIndex  =  null;  [BUGGY]          for  (int  i  =  0;  i  <  searchLength;  i++)  {  if  (noMoreMatchesForReplIndex[i]  ||  searchList[i]  ==  null  ||  searchList[i].length()  ==  0  ||  replacementList[i]  ==  null)  {  continue;  }  tempIndex  =  text.indexOf(searchList[i]);  [CLASS]  StringUtils  [METHOD]  replaceEach  [RETURN_TYPE]  String  String  text  String[]  searchList  String[]  replacementList  boolean  repeat  int  timeToLive  	projects/Lang39/src/java/org/apache/commons/lang3/StringUtils.java	0.7071067811865475	3640	3640	1	replace	String  tempIndex  =  null;	  char    tempIndex    =    0;    	non-compiled	[CE]  <identifier>  expected	16	None	replace
71	[BUG]  [BUGGY]  String  tempIndex  =(searchLength  >  0)?  searchList[0].substring(0,  searchLength  -  searchLength):  null;  [CE]  <identifier>  expected  [FE]            NullPointerException      [CONTEXT]        [BUGGY]  String  tempIndex  =(searchLength  >  0)?  searchList[0].substring(0,  searchLength  -  searchLength):  null;  [BUGGY]          for  (int  i  =  0;  i  <  searchLength;  i++)  {  if  (noMoreMatchesForReplIndex[i]  ||  searchList[i]  ==  null  ||  searchList[i].length()  ==  0  ||  replacementList[i]  ==  null)  {  continue;  }  tempIndex  =  text.indexOf(searchList[i]);  [CLASS]  StringUtils  [METHOD]  replaceEach  [RETURN_TYPE]  String  String  text  String[]  searchList  String[]  replacementList  boolean  repeat  int  timeToLive  	projects/Lang39/src/java/org/apache/commons/lang3/StringUtils.java	0.7071067811865475	3640	3640	1	replace	String  tempIndex  =(searchLength  >  0)?  searchList[0].substring(0,  searchLength  -  searchLength):  null;	  String    tempIndex    =    1;    	non-compiled	[CE]  <identifier>  expected	43	None	replace
72	[BUG]  [BUGGY]  String  tempIndex  =(searchLength  >  0)?  searchList[0].substring(0,  searchLength  -  1):  null;  [CE]  <identifier>  expected  [FE]              NullPointerException      [CONTEXT]        [BUGGY]  String  tempIndex  =(searchLength  >  0)?  searchList[0].substring(0,  searchLength  -  1):  null;  [BUGGY]          for  (int  i  =  0;  i  <  searchLength;  i++)  {  if  (noMoreMatchesForReplIndex[i]  ||  searchList[i]  ==  null  ||  searchList[i].length()  ==  0  ||  replacementList[i]  ==  null)  {  continue;  }  tempIndex  =  text.indexOf(searchList[i]);  [CLASS]  StringUtils  [METHOD]  replaceEach  [RETURN_TYPE]  String  String  text  String[]  searchList  String[]  replacementList  boolean  repeat  int  timeToLive  	projects/Lang39/src/java/org/apache/commons/lang3/StringUtils.java	0.7071067811865475	3640	3640	1	replace	String  tempIndex  =(searchLength  >  0)?  searchList[0].substring(0,  searchLength  -  1):  null;	  String    tempIndex    =    1;    	non-compiled	[CE]  <identifier>  expected	43	None	replace
73	[BUG]  [BUGGY]  String  tempIndex  =(searchLength  >  0)?  searchLength  :  1;  [CE]  <identifier>  expected  [FE]                NullPointerException      [CONTEXT]        [BUGGY]  String  tempIndex  =(searchLength  >  0)?  searchLength  :  1;  [BUGGY]          for  (int  i  =  0;  i  <  searchLength;  i++)  {  if  (noMoreMatchesForReplIndex[i]  ||  searchList[i]  ==  null  ||  searchList[i].length()  ==  0  ||  replacementList[i]  ==  null)  {  continue;  }  tempIndex  =  text.indexOf(searchList[i]);  [CLASS]  StringUtils  [METHOD]  replaceEach  [RETURN_TYPE]  String  String  text  String[]  searchList  String[]  replacementList  boolean  repeat  int  timeToLive  	projects/Lang39/src/java/org/apache/commons/lang3/StringUtils.java	0.7071067811865475	3640	3640	1	replace	String  tempIndex  =(searchLength  >  0)?  searchLength  :  1;	  String    tempIndex    =    1;    	non-compiled	[CE]  <identifier>  expected	43	None	replace
74	[BUG]  [BUGGY]  tempIndex  =  searchList.indexOf(replacementList[i]);  [CE]  <identifier>  expected  [FE]                  NullPointerException      [CONTEXT]        [BUGGY]  tempIndex  =  searchList.indexOf(replacementList[i]);  [BUGGY]      int  tempIndex  =  -1;    for  (int  i  =  0;  i  <  searchLength;  i++)  {  if  (noMoreMatchesForReplIndex[i]  ||  searchList[i]  ==  null  ||  searchList[i].length()  ==  0  ||  replacementList[i]  ==  null)  {  continue;  }  tempIndex  =  text.indexOf(searchList[i]);  [CLASS]  StringUtils  [METHOD]  replaceEach  [RETURN_TYPE]  String  String  text  String[]  searchList  String[]  replacementList  boolean  repeat  int  timeToLive  	projects/Lang39/src/java/org/apache/commons/lang3/StringUtils.java	0.7071067811865475	3640	3640	1	replace	tempIndex  =  searchList.indexOf(replacementList[i]);	  tempIndex    =    text.indexOf(replacementList[i]);    	non-compiled	[CE]  <identifier>  expected	1	None	replace
75	[BUG]  [BUGGY]  tempIndex  =  searchList[i].indexOf(replacementList[i]);  [CE]  <identifier>  expected  [FE]                    NullPointerException      [CONTEXT]        [BUGGY]  tempIndex  =  searchList[i].indexOf(replacementList[i]);  [BUGGY]      int  tempIndex  =  -1;    for  (int  i  =  0;  i  <  searchLength;  i++)  {  if  (noMoreMatchesForReplIndex[i]  ||  searchList[i]  ==  null  ||  searchList[i].length()  ==  0  ||  replacementList[i]  ==  null)  {  continue;  }  tempIndex  =  text.indexOf(searchList[i]);  [CLASS]  StringUtils  [METHOD]  replaceEach  [RETURN_TYPE]  String  String  text  String[]  searchList  String[]  replacementList  boolean  repeat  int  timeToLive  	projects/Lang39/src/java/org/apache/commons/lang3/StringUtils.java	0.7071067811865475	3640	3640	1	replace	tempIndex  =  searchList[i].indexOf(replacementList[i]);	  tempIndex    =    text.indexOf(replacementList[i]);    	non-compiled	[CE]  <identifier>  expected	1	None	replace
76	[BUG]  [BUGGY]  tempIndex  =  text.indexOf(replacementList[i]  +  1);  [CE]  <identifier>  expected  [FE]                      NullPointerException      [CONTEXT]        [BUGGY]  tempIndex  =  text.indexOf(replacementList[i]  +  1);  [BUGGY]      int  tempIndex  =  -1;    for  (int  i  =  0;  i  <  searchLength;  i++)  {  if  (noMoreMatchesForReplIndex[i]  ||  searchList[i]  ==  null  ||  searchList[i].length()  ==  0  ||  replacementList[i]  ==  null)  {  continue;  }  tempIndex  =  text.indexOf(searchList[i]);  [CLASS]  StringUtils  [METHOD]  replaceEach  [RETURN_TYPE]  String  String  text  String[]  searchList  String[]  replacementList  boolean  repeat  int  timeToLive  	projects/Lang39/src/java/org/apache/commons/lang3/StringUtils.java	0.7071067811865475	3640	3640	1	replace	tempIndex  =  text.indexOf(replacementList[i]  +  1);	  tempIndex    =    text.indexOf(replacementList[i]);    	non-compiled	[CE]  <identifier>  expected	1	None	replace
77	[BUG]  [BUGGY]  short  tempIndex  =  0;  [CE]  <identifier>  expected  [FE]              NullPointerException      [CONTEXT]        [BUGGY]  short  tempIndex  =  0;  [BUGGY]          for  (int  i  =  0;  i  <  searchLength;  i++)  {  if  (noMoreMatchesForReplIndex[i]  ||  searchList[i]  ==  null  ||  searchList[i].length()  ==  0  ||  replacementList[i]  ==  null)  {  continue;  }  tempIndex  =  text.indexOf(searchList[i]);  [CLASS]  StringUtils  [METHOD]  replaceEach  [RETURN_TYPE]  String  String  text  String[]  searchList  String[]  replacementList  boolean  repeat  int  timeToLive  	projects/Lang39/src/java/org/apache/commons/lang3/StringUtils.java	0.7071067811865475	3640	3640	1	replace	short  tempIndex  =  0;	  short    tempIndex    =    -1;    	non-compiled	[CE]  <identifier>  expected	51	None	replace
78	[BUG]  [BUGGY]  float  tempIndex  =  0L;  [CE]  <identifier>  expected  [FE]            NullPointerException      [CONTEXT]        [BUGGY]  float  tempIndex  =  0L;  [BUGGY]          for  (int  i  =  0;  i  <  searchLength;  i++)  {  if  (noMoreMatchesForReplIndex[i]  ||  searchList[i]  ==  null  ||  searchList[i].length()  ==  0  ||  replacementList[i]  ==  null)  {  continue;  }  tempIndex  =  text.indexOf(searchList[i]);  [CLASS]  StringUtils  [METHOD]  replaceEach  [RETURN_TYPE]  String  String  text  String[]  searchList  String[]  replacementList  boolean  repeat  int  timeToLive  	projects/Lang39/src/java/org/apache/commons/lang3/StringUtils.java	0.7071067811865475	3640	3640	1	replace	float  tempIndex  =  0L;	  int    tempIndex    =    0L;    	non-compiled	[CE]  <identifier>  expected	22	None	replace
79	[BUG]  [BUGGY]  int  searchLength  =  this.replacementList.length()  -  1;  [CE]  <identifier>  expected  [FE]                  NullPointerException      [CONTEXT]        [BUGGY]  int  searchLength  =  this.replacementList.length()  -  1;  [BUGGY]      int  tempIndex  =  -1;    for  (int  i  =  0;  i  <  searchLength;  i++)  {  if  (noMoreMatchesForReplIndex[i]  ||  searchList[i]  ==  null  ||  searchList[i].length()  ==  0  ||  replacementList[i]  ==  null)  {  continue;  }  tempIndex  =  text.indexOf(searchList[i]);  [CLASS]  StringUtils  [METHOD]  replaceEach  [RETURN_TYPE]  String  String  text  String[]  searchList  String[]  replacementList  boolean  repeat  int  timeToLive  	projects/Lang39/src/java/org/apache/commons/lang3/StringUtils.java	0.7071067811865475	3640	3640	1	replace	int  searchLength  =  this.replacementList.length()  -  1;	  int    searchLength    =    this.replacementList.length();    	non-compiled	[CE]  <identifier>  expected	58	None	replace
80	[BUG]  [BUGGY]  int  searchLength  =  this.replacementList.length()  +  1;  [CE]  <identifier>  expected  [FE]                    NullPointerException      [CONTEXT]        [BUGGY]  int  searchLength  =  this.replacementList.length()  +  1;  [BUGGY]      int  tempIndex  =  -1;    for  (int  i  =  0;  i  <  searchLength;  i++)  {  if  (noMoreMatchesForReplIndex[i]  ||  searchList[i]  ==  null  ||  searchList[i].length()  ==  0  ||  replacementList[i]  ==  null)  {  continue;  }  tempIndex  =  text.indexOf(searchList[i]);  [CLASS]  StringUtils  [METHOD]  replaceEach  [RETURN_TYPE]  String  String  text  String[]  searchList  String[]  replacementList  boolean  repeat  int  timeToLive  	projects/Lang39/src/java/org/apache/commons/lang3/StringUtils.java	0.7071067811865475	3640	3640	1	replace	int  searchLength  =  this.replacementList.length()  +  1;	  int    searchLength    =    this.replacementList.length();    	non-compiled	[CE]  <identifier>  expected	58	None	replace
81	[BUG]  [BUGGY]  int  searchLength  =  this.replacementList.length()  -  2;  [CE]  <identifier>  expected  [FE]                      NullPointerException      [CONTEXT]        [BUGGY]  int  searchLength  =  this.replacementList.length()  -  2;  [BUGGY]      int  tempIndex  =  -1;    for  (int  i  =  0;  i  <  searchLength;  i++)  {  if  (noMoreMatchesForReplIndex[i]  ||  searchList[i]  ==  null  ||  searchList[i].length()  ==  0  ||  replacementList[i]  ==  null)  {  continue;  }  tempIndex  =  text.indexOf(searchList[i]);  [CLASS]  StringUtils  [METHOD]  replaceEach  [RETURN_TYPE]  String  String  text  String[]  searchList  String[]  replacementList  boolean  repeat  int  timeToLive  	projects/Lang39/src/java/org/apache/commons/lang3/StringUtils.java	0.7071067811865475	3640	3640	1	replace	int  searchLength  =  this.replacementList.length()  -  2;	  int    searchLength    =    this.replacementList.length();    	non-compiled	[CE]  <identifier>  expected	58	None	replace
82	[BUG]  [BUGGY]  bucket  =  searchList[i].indexOf(replacementList[i]);  [CE]  <identifier>  expected  [FE]              NullPointerException      [CONTEXT]        [BUGGY]  bucket  =  searchList[i].indexOf(replacementList[i]);  [BUGGY]      int  tempIndex  =  -1;    for  (int  i  =  0;  i  <  searchLength;  i++)  {  if  (noMoreMatchesForReplIndex[i]  ||  searchList[i]  ==  null  ||  searchList[i].length()  ==  0  ||  replacementList[i]  ==  null)  {  continue;  }  tempIndex  =  text.indexOf(searchList[i]);  [CLASS]  StringUtils  [METHOD]  replaceEach  [RETURN_TYPE]  String  String  text  String[]  searchList  String[]  replacementList  boolean  repeat  int  timeToLive  	projects/Lang39/src/java/org/apache/commons/lang3/StringUtils.java	0.7071067811865475	3640	3640	1	replace	bucket  =  searchList[i].indexOf(replacementList[i]);	  bucket    =    text.indexOf(replacementList[i]);    	non-compiled	[CE]  <identifier>  expected	17	None	replace
83	[BUG]  [BUGGY]  bucket  =  text.indexOf(replacementList[i]  +  1);  [CE]  <identifier>  expected  [FE]                NullPointerException      [CONTEXT]        [BUGGY]  bucket  =  text.indexOf(replacementList[i]  +  1);  [BUGGY]      int  tempIndex  =  -1;    for  (int  i  =  0;  i  <  searchLength;  i++)  {  if  (noMoreMatchesForReplIndex[i]  ||  searchList[i]  ==  null  ||  searchList[i].length()  ==  0  ||  replacementList[i]  ==  null)  {  continue;  }  tempIndex  =  text.indexOf(searchList[i]);  [CLASS]  StringUtils  [METHOD]  replaceEach  [RETURN_TYPE]  String  String  text  String[]  searchList  String[]  replacementList  boolean  repeat  int  timeToLive  	projects/Lang39/src/java/org/apache/commons/lang3/StringUtils.java	0.7071067811865475	3640	3640	1	replace	bucket  =  text.indexOf(replacementList[i]  +  1);	  bucket    =    text.indexOf(replacementList[i]);    	non-compiled	[CE]  <identifier>  expected	17	None	replace
84	[BUG]  [BUGGY]  int  timeToLive  =  searchList.size();  [CE]  <identifier>  expected  [FE]                NullPointerException      [CONTEXT]        [BUGGY]  int  timeToLive  =  searchList.size();  [BUGGY]          for  (int  i  =  0;  i  <  searchLength;  i++)  {  if  (noMoreMatchesForReplIndex[i]  ||  searchList[i]  ==  null  ||  searchList[i].length()  ==  0  ||  replacementList[i]  ==  null)  {  continue;  }  tempIndex  =  text.indexOf(searchList[i]);  [CLASS]  StringUtils  [METHOD]  replaceEach  [RETURN_TYPE]  String  String  text  String[]  searchList  String[]  replacementList  boolean  repeat  int  timeToLive  	projects/Lang39/src/java/org/apache/commons/lang3/StringUtils.java	0.7071067811865475	3640	3640	1	replace	int  timeToLive  =  searchList.size();	  int    timeToLive    =    searchList.size()    >    0;    	non-compiled	[CE]  <identifier>  expected	52	None	replace
85	[BUG]  [BUGGY]  int  timeToLive  =  searchList.size()  >  1;  [CE]  <identifier>  expected  [FE]                  NullPointerException      [CONTEXT]        [BUGGY]  int  timeToLive  =  searchList.size()  >  1;  [BUGGY]          for  (int  i  =  0;  i  <  searchLength;  i++)  {  if  (noMoreMatchesForReplIndex[i]  ||  searchList[i]  ==  null  ||  searchList[i].length()  ==  0  ||  replacementList[i]  ==  null)  {  continue;  }  tempIndex  =  text.indexOf(searchList[i]);  [CLASS]  StringUtils  [METHOD]  replaceEach  [RETURN_TYPE]  String  String  text  String[]  searchList  String[]  replacementList  boolean  repeat  int  timeToLive  	projects/Lang39/src/java/org/apache/commons/lang3/StringUtils.java	0.7071067811865475	3640	3640	1	replace	int  timeToLive  =  searchList.size()  >  1;	  int    timeToLive    =    searchList.size()    >    0;    	non-compiled	[CE]  <identifier>  expected	52	None	replace
86	[BUG]  [BUGGY]  int  timeToLive  =  searchList.size()  <  0;  [CE]  <identifier>  expected  [FE]                    NullPointerException      [CONTEXT]        [BUGGY]  int  timeToLive  =  searchList.size()  <  0;  [BUGGY]          for  (int  i  =  0;  i  <  searchLength;  i++)  {  if  (noMoreMatchesForReplIndex[i]  ||  searchList[i]  ==  null  ||  searchList[i].length()  ==  0  ||  replacementList[i]  ==  null)  {  continue;  }  tempIndex  =  text.indexOf(searchList[i]);  [CLASS]  StringUtils  [METHOD]  replaceEach  [RETURN_TYPE]  String  String  text  String[]  searchList  String[]  replacementList  boolean  repeat  int  timeToLive  	projects/Lang39/src/java/org/apache/commons/lang3/StringUtils.java	0.7071067811865475	3640	3640	1	replace	int  timeToLive  =  searchList.size()  <  0;	  int    timeToLive    =    searchList.size()    >    0;    	non-compiled	[CE]  <identifier>  expected	52	None	replace
87	[BUG]  [BUGGY]  long  searchLength  =  searchList.length();  [CE]  <identifier>  expected  [FE]                NullPointerException      [CONTEXT]        [BUGGY]  long  searchLength  =  searchList.length();  [BUGGY]      int  tempIndex  =  -1;    for  (int  i  =  0;  i  <  searchLength;  i++)  {  if  (noMoreMatchesForReplIndex[i]  ||  searchList[i]  ==  null  ||  searchList[i].length()  ==  0  ||  replacementList[i]  ==  null)  {  continue;  }  tempIndex  =  text.indexOf(searchList[i]);  [CLASS]  StringUtils  [METHOD]  replaceEach  [RETURN_TYPE]  String  String  text  String[]  searchList  String[]  replacementList  boolean  repeat  int  timeToLive  	projects/Lang39/src/java/org/apache/commons/lang3/StringUtils.java	0.7071067811865475	3640	3640	1	replace	long  searchLength  =  searchList.length();	  int    searchLength    =    searchList.length()    -    1;    	non-compiled	[CE]  <identifier>  expected	4	None	replace
88	[BUG]  [BUGGY]  bucketIndex  =  searchList.indexOf(replacementList[i]);  [CE]  <identifier>  expected  [FE]              NullPointerException      [CONTEXT]        [BUGGY]  bucketIndex  =  searchList.indexOf(replacementList[i]);  [BUGGY]      int  tempIndex  =  -1;    for  (int  i  =  0;  i  <  searchLength;  i++)  {  if  (noMoreMatchesForReplIndex[i]  ||  searchList[i]  ==  null  ||  searchList[i].length()  ==  0  ||  replacementList[i]  ==  null)  {  continue;  }  tempIndex  =  text.indexOf(searchList[i]);  [CLASS]  StringUtils  [METHOD]  replaceEach  [RETURN_TYPE]  String  String  text  String[]  searchList  String[]  replacementList  boolean  repeat  int  timeToLive  	projects/Lang39/src/java/org/apache/commons/lang3/StringUtils.java	0.7071067811865475	3640	3640	1	replace	bucketIndex  =  searchList.indexOf(replacementList[i]);	  bucketIndex    =    text.indexOf(replacementList[i]);    	non-compiled	[CE]  <identifier>  expected	40	None	replace
89	[BUG]  [BUGGY]  bucketIndex  =  searchList[i].indexOf(replacementList[i]);  [CE]  <identifier>  expected  [FE]                NullPointerException      [CONTEXT]        [BUGGY]  bucketIndex  =  searchList[i].indexOf(replacementList[i]);  [BUGGY]      int  tempIndex  =  -1;    for  (int  i  =  0;  i  <  searchLength;  i++)  {  if  (noMoreMatchesForReplIndex[i]  ||  searchList[i]  ==  null  ||  searchList[i].length()  ==  0  ||  replacementList[i]  ==  null)  {  continue;  }  tempIndex  =  text.indexOf(searchList[i]);  [CLASS]  StringUtils  [METHOD]  replaceEach  [RETURN_TYPE]  String  String  text  String[]  searchList  String[]  replacementList  boolean  repeat  int  timeToLive  	projects/Lang39/src/java/org/apache/commons/lang3/StringUtils.java	0.7071067811865475	3640	3640	1	replace	bucketIndex  =  searchList[i].indexOf(replacementList[i]);	  bucketIndex    =    text.indexOf(replacementList[i]);    	non-compiled	[CE]  <identifier>  expected	40	None	replace
90	[BUG]  [BUGGY]  bucketIndex  =  text.indexOf(replacementList[i]  +  1);  [CE]  <identifier>  expected  [FE]                  NullPointerException      [CONTEXT]        [BUGGY]  bucketIndex  =  text.indexOf(replacementList[i]  +  1);  [BUGGY]      int  tempIndex  =  -1;    for  (int  i  =  0;  i  <  searchLength;  i++)  {  if  (noMoreMatchesForReplIndex[i]  ||  searchList[i]  ==  null  ||  searchList[i].length()  ==  0  ||  replacementList[i]  ==  null)  {  continue;  }  tempIndex  =  text.indexOf(searchList[i]);  [CLASS]  StringUtils  [METHOD]  replaceEach  [RETURN_TYPE]  String  String  text  String[]  searchList  String[]  replacementList  boolean  repeat  int  timeToLive  	projects/Lang39/src/java/org/apache/commons/lang3/StringUtils.java	0.7071067811865475	3640	3640	1	replace	bucketIndex  =  text.indexOf(replacementList[i]  +  1);	  bucketIndex    =    text.indexOf(replacementList[i]);    	non-compiled	[CE]  <identifier>  expected	40	None	replace
91	[BUG]  [BUGGY]  String  repeat  =  searchList[0].indexOf(replacementList[0]);  [CE]  <identifier>  expected  [FE]            NullPointerException      [CONTEXT]        [BUGGY]  String  repeat  =  searchList[0].indexOf(replacementList[0]);  [BUGGY]      int  tempIndex  =  -1;    for  (int  i  =  0;  i  <  searchLength;  i++)  {  if  (noMoreMatchesForReplIndex[i]  ||  searchList[i]  ==  null  ||  searchList[i].length()  ==  0  ||  replacementList[i]  ==  null)  {  continue;  }  tempIndex  =  text.indexOf(searchList[i]);  [CLASS]  StringUtils  [METHOD]  replaceEach  [RETURN_TYPE]  String  String  text  String[]  searchList  String[]  replacementList  boolean  repeat  int  timeToLive  	projects/Lang39/src/java/org/apache/commons/lang3/StringUtils.java	0.7071067811865475	3640	3640	1	replace	String  repeat  =  searchList[0].indexOf(replacementList[0]);	  String    repeat    =    text.indexOf(replacementList[0]);    	non-compiled	[CE]  <identifier>  expected	44	None	replace
92	[BUG]  [BUGGY]  String  repeat  =  this.replacementList[0];  [CE]  <identifier>  expected  [FE]              NullPointerException      [CONTEXT]        [BUGGY]  String  repeat  =  this.replacementList[0];  [BUGGY]      int  tempIndex  =  -1;    for  (int  i  =  0;  i  <  searchLength;  i++)  {  if  (noMoreMatchesForReplIndex[i]  ||  searchList[i]  ==  null  ||  searchList[i].length()  ==  0  ||  replacementList[i]  ==  null)  {  continue;  }  tempIndex  =  text.indexOf(searchList[i]);  [CLASS]  StringUtils  [METHOD]  replaceEach  [RETURN_TYPE]  String  String  text  String[]  searchList  String[]  replacementList  boolean  repeat  int  timeToLive  	projects/Lang39/src/java/org/apache/commons/lang3/StringUtils.java	0.7071067811865475	3640	3640	1	replace	String  repeat  =  this.replacementList[0];	  String    repeat    =    text.indexOf(replacementList[0]);    	non-compiled	[CE]  <identifier>  expected	44	None	replace
93	[BUG]  [BUGGY]  bucket  <  0  ||  searchLength  >  0)  {  tempIndex  =  text.indexOf(searchList[i]);  }  [CE]  <identifier>  expected  [FE]                  NullPointerException      [CONTEXT]        [BUGGY]  bucket  <  0  ||  searchLength  >  0)  {  tempIndex  =  text.indexOf(searchList[i]);  }  [BUGGY]      int  tempIndex  =  -1;    for  (int  i  =  0;  i  <  searchLength;  i++)  {  if  (noMoreMatchesForReplIndex[i]  ||  searchList[i]  ==  null  ||  searchList[i].length()  ==  0  ||  replacementList[i]  ==  null)  {  continue;  }  tempIndex  =  text.indexOf(searchList[i]);  [CLASS]  StringUtils  [METHOD]  replaceEach  [RETURN_TYPE]  String  String  text  String[]  searchList  String[]  replacementList  boolean  repeat  int  timeToLive  	projects/Lang39/src/java/org/apache/commons/lang3/StringUtils.java	0.7071067811865475	3640	3640	1	replace	bucket  <  0  ||  searchLength  >  0)  {  tempIndex  =  text.indexOf(searchList[i]);  }	  bucket    <    0    ||    repeat)    {    tempIndex    =    text.indexOf(searchList[i]);    }    	non-compiled	[CE]  <identifier>  expected	30	None	replace
94	[BUG]  [BUGGY]  bucket  <  0  ||  searchList[i].length()  ==  0)  {  tempIndex  =  text.indexOf(searchList[i]);  }  [CE]  <identifier>  expected  [FE]                    NullPointerException      [CONTEXT]        [BUGGY]  bucket  <  0  ||  searchList[i].length()  ==  0)  {  tempIndex  =  text.indexOf(searchList[i]);  }  [BUGGY]      int  tempIndex  =  -1;    for  (int  i  =  0;  i  <  searchLength;  i++)  {  if  (noMoreMatchesForReplIndex[i]  ||  searchList[i]  ==  null  ||  searchList[i].length()  ==  0  ||  replacementList[i]  ==  null)  {  continue;  }  tempIndex  =  text.indexOf(searchList[i]);  [CLASS]  StringUtils  [METHOD]  replaceEach  [RETURN_TYPE]  String  String  text  String[]  searchList  String[]  replacementList  boolean  repeat  int  timeToLive  	projects/Lang39/src/java/org/apache/commons/lang3/StringUtils.java	0.7071067811865475	3640	3640	1	replace	bucket  <  0  ||  searchList[i].length()  ==  0)  {  tempIndex  =  text.indexOf(searchList[i]);  }	  bucket    <    0    ||    repeat)    {    tempIndex    =    text.indexOf(searchList[i]);    }    	non-compiled	[CE]  <identifier>  expected	30	None	replace
95	[BUG]  [BUGGY]  bucket  <  0  ||  timeToLive)  {  tempIndex  =  text.indexOf(searchList[i]);  }  [CE]  <identifier>  expected  [FE]                      NullPointerException      [CONTEXT]        [BUGGY]  bucket  <  0  ||  timeToLive)  {  tempIndex  =  text.indexOf(searchList[i]);  }  [BUGGY]      int  tempIndex  =  -1;    for  (int  i  =  0;  i  <  searchLength;  i++)  {  if  (noMoreMatchesForReplIndex[i]  ||  searchList[i]  ==  null  ||  searchList[i].length()  ==  0  ||  replacementList[i]  ==  null)  {  continue;  }  tempIndex  =  text.indexOf(searchList[i]);  [CLASS]  StringUtils  [METHOD]  replaceEach  [RETURN_TYPE]  String  String  text  String[]  searchList  String[]  replacementList  boolean  repeat  int  timeToLive  	projects/Lang39/src/java/org/apache/commons/lang3/StringUtils.java	0.7071067811865475	3640	3640	1	replace	bucket  <  0  ||  timeToLive)  {  tempIndex  =  text.indexOf(searchList[i]);  }	  bucket    <    0    ||    repeat)    {    tempIndex    =    text.indexOf(searchList[i]);    }    	non-compiled	[CE]  <identifier>  expected	30	None	replace
96	[BUG]  [BUGGY]  bucket  <  0  ||  searchLength)  {  tempIndex  =  text.indexOf(searchList[i]);  }  [CE]  <identifier>  expected  [FE]                        NullPointerException      [CONTEXT]        [BUGGY]  bucket  <  0  ||  searchLength)  {  tempIndex  =  text.indexOf(searchList[i]);  }  [BUGGY]      int  tempIndex  =  -1;    for  (int  i  =  0;  i  <  searchLength;  i++)  {  if  (noMoreMatchesForReplIndex[i]  ||  searchList[i]  ==  null  ||  searchList[i].length()  ==  0  ||  replacementList[i]  ==  null)  {  continue;  }  tempIndex  =  text.indexOf(searchList[i]);  [CLASS]  StringUtils  [METHOD]  replaceEach  [RETURN_TYPE]  String  String  text  String[]  searchList  String[]  replacementList  boolean  repeat  int  timeToLive  	projects/Lang39/src/java/org/apache/commons/lang3/StringUtils.java	0.7071067811865475	3640	3640	1	replace	bucket  <  0  ||  searchLength)  {  tempIndex  =  text.indexOf(searchList[i]);  }	  bucket    <    0    ||    repeat)    {    tempIndex    =    text.indexOf(searchList[i]);    }    	non-compiled	[CE]  <identifier>  expected	30	None	replace
97	[BUG]  [BUGGY]  bucket  <  0  ||  searchLength  >  0)  {  tempIndex  =  text.indexOf(replacementList[i]);  [CE]  <identifier>  expected  [FE]                NullPointerException      [CONTEXT]        [BUGGY]  bucket  <  0  ||  searchLength  >  0)  {  tempIndex  =  text.indexOf(replacementList[i]);  [BUGGY]      int  tempIndex  =  -1;    for  (int  i  =  0;  i  <  searchLength;  i++)  {  if  (noMoreMatchesForReplIndex[i]  ||  searchList[i]  ==  null  ||  searchList[i].length()  ==  0  ||  replacementList[i]  ==  null)  {  continue;  }  tempIndex  =  text.indexOf(searchList[i]);  [CLASS]  StringUtils  [METHOD]  replaceEach  [RETURN_TYPE]  String  String  text  String[]  searchList  String[]  replacementList  boolean  repeat  int  timeToLive  	projects/Lang39/src/java/org/apache/commons/lang3/StringUtils.java	0.7071067811865475	3640	3640	1	replace	bucket  <  0  ||  searchLength  >  0)  {  tempIndex  =  text.indexOf(replacementList[i]);	  bucket    <    0    ||    repeat)    {    tempIndex    =    text.indexOf(replacementList[i]);    	non-compiled	[CE]  <identifier>  expected	41	None	replace
98	[BUG]  [BUGGY]  bucket  <  0  ||  timeToLive)  {  tempIndex  =  text.indexOf(replacementList[i]);  [CE]  <identifier>  expected  [FE]                  NullPointerException      [CONTEXT]        [BUGGY]  bucket  <  0  ||  timeToLive)  {  tempIndex  =  text.indexOf(replacementList[i]);  [BUGGY]      int  tempIndex  =  -1;    for  (int  i  =  0;  i  <  searchLength;  i++)  {  if  (noMoreMatchesForReplIndex[i]  ||  searchList[i]  ==  null  ||  searchList[i].length()  ==  0  ||  replacementList[i]  ==  null)  {  continue;  }  tempIndex  =  text.indexOf(searchList[i]);  [CLASS]  StringUtils  [METHOD]  replaceEach  [RETURN_TYPE]  String  String  text  String[]  searchList  String[]  replacementList  boolean  repeat  int  timeToLive  	projects/Lang39/src/java/org/apache/commons/lang3/StringUtils.java	0.7071067811865475	3640	3640	1	replace	bucket  <  0  ||  timeToLive)  {  tempIndex  =  text.indexOf(replacementList[i]);	  bucket    <    0    ||    repeat)    {    tempIndex    =    text.indexOf(replacementList[i]);    	non-compiled	[CE]  <identifier>  expected	41	None	replace
99	[BUG]  [BUGGY]  bucket  <  0  ||  searchList[i].length()  ==  0)  {  tempIndex  =  text.indexOf(replacementList[i]);  [CE]  <identifier>  expected  [FE]                    NullPointerException      [CONTEXT]        [BUGGY]  bucket  <  0  ||  searchList[i].length()  ==  0)  {  tempIndex  =  text.indexOf(replacementList[i]);  [BUGGY]      int  tempIndex  =  -1;    for  (int  i  =  0;  i  <  searchLength;  i++)  {  if  (noMoreMatchesForReplIndex[i]  ||  searchList[i]  ==  null  ||  searchList[i].length()  ==  0  ||  replacementList[i]  ==  null)  {  continue;  }  tempIndex  =  text.indexOf(searchList[i]);  [CLASS]  StringUtils  [METHOD]  replaceEach  [RETURN_TYPE]  String  String  text  String[]  searchList  String[]  replacementList  boolean  repeat  int  timeToLive  	projects/Lang39/src/java/org/apache/commons/lang3/StringUtils.java	0.7071067811865475	3640	3640	1	replace	bucket  <  0  ||  searchList[i].length()  ==  0)  {  tempIndex  =  text.indexOf(replacementList[i]);	  bucket    <    0    ||    repeat)    {    tempIndex    =    text.indexOf(replacementList[i]);    	non-compiled	[CE]  <identifier>  expected	41	None	replace
100	[BUG]  [BUGGY]  String[]  replacementList  =  getReplacementList(null,  null);  [CE]  <identifier>  expected  [FE]                NullPointerException      [CONTEXT]        [BUGGY]  String[]  replacementList  =  getReplacementList(null,  null);  [BUGGY]      int  tempIndex  =  -1;    for  (int  i  =  0;  i  <  searchLength;  i++)  {  if  (noMoreMatchesForReplIndex[i]  ||  searchList[i]  ==  null  ||  searchList[i].length()  ==  0  ||  replacementList[i]  ==  null)  {  continue;  }  tempIndex  =  text.indexOf(searchList[i]);  [CLASS]  StringUtils  [METHOD]  replaceEach  [RETURN_TYPE]  String  String  text  String[]  searchList  String[]  replacementList  boolean  repeat  int  timeToLive  	projects/Lang39/src/java/org/apache/commons/lang3/StringUtils.java	0.7071067811865475	3640	3640	1	replace	String[]  replacementList  =  getReplacementList(null,  null);	  String[]    replacementList    =    getReplacementList(null);    	non-compiled	[CE]  <identifier>  expected	14	None	replace
101	[BUG]  [BUGGY]  String[]  replacementList  =  getReplacementList(this);  [CE]  <identifier>  expected  [FE]                  NullPointerException      [CONTEXT]        [BUGGY]  String[]  replacementList  =  getReplacementList(this);  [BUGGY]      int  tempIndex  =  -1;    for  (int  i  =  0;  i  <  searchLength;  i++)  {  if  (noMoreMatchesForReplIndex[i]  ||  searchList[i]  ==  null  ||  searchList[i].length()  ==  0  ||  replacementList[i]  ==  null)  {  continue;  }  tempIndex  =  text.indexOf(searchList[i]);  [CLASS]  StringUtils  [METHOD]  replaceEach  [RETURN_TYPE]  String  String  text  String[]  searchList  String[]  replacementList  boolean  repeat  int  timeToLive  	projects/Lang39/src/java/org/apache/commons/lang3/StringUtils.java	0.7071067811865475	3640	3640	1	replace	String[]  replacementList  =  getReplacementList(this);	  String[]    replacementList    =    getReplacementList(null);    	non-compiled	[CE]  <identifier>  expected	14	None	replace
102	[BUG]  [BUGGY]  int  timeToLive  =  searchList.length()  -  1;  [CE]  <identifier>  expected  [FE]                NullPointerException      [CONTEXT]        [BUGGY]  int  timeToLive  =  searchList.length()  -  1;  [BUGGY]          for  (int  i  =  0;  i  <  searchLength;  i++)  {  if  (noMoreMatchesForReplIndex[i]  ||  searchList[i]  ==  null  ||  searchList[i].length()  ==  0  ||  replacementList[i]  ==  null)  {  continue;  }  tempIndex  =  text.indexOf(searchList[i]);  [CLASS]  StringUtils  [METHOD]  replaceEach  [RETURN_TYPE]  String  String  text  String[]  searchList  String[]  replacementList  boolean  repeat  int  timeToLive  	projects/Lang39/src/java/org/apache/commons/lang3/StringUtils.java	0.7071067811865475	3640	3640	1	replace	int  timeToLive  =  searchList.length()  -  1;	  int    timeToLive    =    searchList.length();    	non-compiled	[CE]  <identifier>  expected	47	None	replace
103	[BUG]  [BUGGY]  int  timeToLive  =  searchList.length()  +  1;  [CE]  <identifier>  expected  [FE]                  NullPointerException      [CONTEXT]        [BUGGY]  int  timeToLive  =  searchList.length()  +  1;  [BUGGY]          for  (int  i  =  0;  i  <  searchLength;  i++)  {  if  (noMoreMatchesForReplIndex[i]  ||  searchList[i]  ==  null  ||  searchList[i].length()  ==  0  ||  replacementList[i]  ==  null)  {  continue;  }  tempIndex  =  text.indexOf(searchList[i]);  [CLASS]  StringUtils  [METHOD]  replaceEach  [RETURN_TYPE]  String  String  text  String[]  searchList  String[]  replacementList  boolean  repeat  int  timeToLive  	projects/Lang39/src/java/org/apache/commons/lang3/StringUtils.java	0.7071067811865475	3640	3640	1	replace	int  timeToLive  =  searchList.length()  +  1;	  int    timeToLive    =    searchList.length();    	non-compiled	[CE]  <identifier>  expected	47	None	replace
104	[BUG]  [BUGGY]  int  timeToLive  =  searchList.length()  -  2;  [CE]  <identifier>  expected  [FE]                    NullPointerException      [CONTEXT]        [BUGGY]  int  timeToLive  =  searchList.length()  -  2;  [BUGGY]          for  (int  i  =  0;  i  <  searchLength;  i++)  {  if  (noMoreMatchesForReplIndex[i]  ||  searchList[i]  ==  null  ||  searchList[i].length()  ==  0  ||  replacementList[i]  ==  null)  {  continue;  }  tempIndex  =  text.indexOf(searchList[i]);  [CLASS]  StringUtils  [METHOD]  replaceEach  [RETURN_TYPE]  String  String  text  String[]  searchList  String[]  replacementList  boolean  repeat  int  timeToLive  	projects/Lang39/src/java/org/apache/commons/lang3/StringUtils.java	0.7071067811865475	3640	3640	1	replace	int  timeToLive  =  searchList.length()  -  2;	  int    timeToLive    =    searchList.length();    	non-compiled	[CE]  <identifier>  expected	47	None	replace
105	[BUG]  [BUGGY]  long  timeToLive  =  searchList.length();  [CE]  <identifier>  expected  [FE]                      NullPointerException      [CONTEXT]        [BUGGY]  long  timeToLive  =  searchList.length();  [BUGGY]          for  (int  i  =  0;  i  <  searchLength;  i++)  {  if  (noMoreMatchesForReplIndex[i]  ||  searchList[i]  ==  null  ||  searchList[i].length()  ==  0  ||  replacementList[i]  ==  null)  {  continue;  }  tempIndex  =  text.indexOf(searchList[i]);  [CLASS]  StringUtils  [METHOD]  replaceEach  [RETURN_TYPE]  String  String  text  String[]  searchList  String[]  replacementList  boolean  repeat  int  timeToLive  	projects/Lang39/src/java/org/apache/commons/lang3/StringUtils.java	0.7071067811865475	3640	3640	1	replace	long  timeToLive  =  searchList.length();	  int    timeToLive    =    searchList.length();    	non-compiled	[CE]  <identifier>  expected	47	None	replace
106	[BUG]  [BUGGY]  bucket  <  0  ||  searchLength  >  0)  {  tempIndex  =  text.indexOf(replacementList[i]);  }  [CE]  <identifier>  expected  [FE]                      NullPointerException      [CONTEXT]        [BUGGY]  bucket  <  0  ||  searchLength  >  0)  {  tempIndex  =  text.indexOf(replacementList[i]);  }  [BUGGY]      int  tempIndex  =  -1;    for  (int  i  =  0;  i  <  searchLength;  i++)  {  if  (noMoreMatchesForReplIndex[i]  ||  searchList[i]  ==  null  ||  searchList[i].length()  ==  0  ||  replacementList[i]  ==  null)  {  continue;  }  tempIndex  =  text.indexOf(searchList[i]);  [CLASS]  StringUtils  [METHOD]  replaceEach  [RETURN_TYPE]  String  String  text  String[]  searchList  String[]  replacementList  boolean  repeat  int  timeToLive  	projects/Lang39/src/java/org/apache/commons/lang3/StringUtils.java	0.7071067811865475	3640	3640	1	replace	bucket  <  0  ||  searchLength  >  0)  {  tempIndex  =  text.indexOf(replacementList[i]);  }	  bucket    <    0    ||    repeat)    {    tempIndex    =    text.indexOf(replacementList[i]);    }    	non-compiled	[CE]  <identifier>  expected	32	None	replace
107	[BUG]  [BUGGY]  bucket  <  0  ||  timeToLive)  {  tempIndex  =  text.indexOf(replacementList[i]);  }  [CE]  <identifier>  expected  [FE]                        NullPointerException      [CONTEXT]        [BUGGY]  bucket  <  0  ||  timeToLive)  {  tempIndex  =  text.indexOf(replacementList[i]);  }  [BUGGY]      int  tempIndex  =  -1;    for  (int  i  =  0;  i  <  searchLength;  i++)  {  if  (noMoreMatchesForReplIndex[i]  ||  searchList[i]  ==  null  ||  searchList[i].length()  ==  0  ||  replacementList[i]  ==  null)  {  continue;  }  tempIndex  =  text.indexOf(searchList[i]);  [CLASS]  StringUtils  [METHOD]  replaceEach  [RETURN_TYPE]  String  String  text  String[]  searchList  String[]  replacementList  boolean  repeat  int  timeToLive  	projects/Lang39/src/java/org/apache/commons/lang3/StringUtils.java	0.7071067811865475	3640	3640	1	replace	bucket  <  0  ||  timeToLive)  {  tempIndex  =  text.indexOf(replacementList[i]);  }	  bucket    <    0    ||    repeat)    {    tempIndex    =    text.indexOf(replacementList[i]);    }    	non-compiled	[CE]  <identifier>  expected	32	None	replace
108	[BUG]  [BUGGY]  bucket  <  0  ||  searchList[i].length()  ==  0)  {  tempIndex  =  text.indexOf(replacementList[i]);  }  [CE]  <identifier>  expected  [FE]                          NullPointerException      [CONTEXT]        [BUGGY]  bucket  <  0  ||  searchList[i].length()  ==  0)  {  tempIndex  =  text.indexOf(replacementList[i]);  }  [BUGGY]      int  tempIndex  =  -1;    for  (int  i  =  0;  i  <  searchLength;  i++)  {  if  (noMoreMatchesForReplIndex[i]  ||  searchList[i]  ==  null  ||  searchList[i].length()  ==  0  ||  replacementList[i]  ==  null)  {  continue;  }  tempIndex  =  text.indexOf(searchList[i]);  [CLASS]  StringUtils  [METHOD]  replaceEach  [RETURN_TYPE]  String  String  text  String[]  searchList  String[]  replacementList  boolean  repeat  int  timeToLive  	projects/Lang39/src/java/org/apache/commons/lang3/StringUtils.java	0.7071067811865475	3640	3640	1	replace	bucket  <  0  ||  searchList[i].length()  ==  0)  {  tempIndex  =  text.indexOf(replacementList[i]);  }	  bucket    <    0    ||    repeat)    {    tempIndex    =    text.indexOf(replacementList[i]);    }    	non-compiled	[CE]  <identifier>  expected	32	None	replace
109	[BUG]  [BUGGY]  bucket  <  0  ||  searchLength)  {  tempIndex  =  text.indexOf(replacementList[i]);  }  [CE]  <identifier>  expected  [FE]                            NullPointerException      [CONTEXT]        [BUGGY]  bucket  <  0  ||  searchLength)  {  tempIndex  =  text.indexOf(replacementList[i]);  }  [BUGGY]      int  tempIndex  =  -1;    for  (int  i  =  0;  i  <  searchLength;  i++)  {  if  (noMoreMatchesForReplIndex[i]  ||  searchList[i]  ==  null  ||  searchList[i].length()  ==  0  ||  replacementList[i]  ==  null)  {  continue;  }  tempIndex  =  text.indexOf(searchList[i]);  [CLASS]  StringUtils  [METHOD]  replaceEach  [RETURN_TYPE]  String  String  text  String[]  searchList  String[]  replacementList  boolean  repeat  int  timeToLive  	projects/Lang39/src/java/org/apache/commons/lang3/StringUtils.java	0.7071067811865475	3640	3640	1	replace	bucket  <  0  ||  searchLength)  {  tempIndex  =  text.indexOf(replacementList[i]);  }	  bucket    <    0    ||    repeat)    {    tempIndex    =    text.indexOf(replacementList[i]);    }    	non-compiled	[CE]  <identifier>  expected	32	None	replace
110	[BUG]  [BUGGY]  tempIndex  =  text.indexOf(replacementList[1]);  [CE]  <identifier>  expected  [FE]            NullPointerException      [CONTEXT]        [BUGGY]  tempIndex  =  text.indexOf(replacementList[1]);  [BUGGY]      int  tempIndex  =  -1;    for  (int  i  =  0;  i  <  searchLength;  i++)  {  if  (noMoreMatchesForReplIndex[i]  ||  searchList[i]  ==  null  ||  searchList[i].length()  ==  0  ||  replacementList[i]  ==  null)  {  continue;  }  tempIndex  =  text.indexOf(searchList[i]);  [CLASS]  StringUtils  [METHOD]  replaceEach  [RETURN_TYPE]  String  String  text  String[]  searchList  String[]  replacementList  boolean  repeat  int  timeToLive  	projects/Lang39/src/java/org/apache/commons/lang3/StringUtils.java	0.7071067811865475	3640	3640	1	replace	tempIndex  =  text.indexOf(replacementList[1]);	  if(replacementList!=    null)    {    tempIndex    =    text.indexOf(replacementList[0]);    }    	non-compiled	[CE]  <identifier>  expected	50	None	replace
111	[BUG]  [BUGGY]  bucketMap.put(replacementList[i],  this);  [CE]  <identifier>  expected  [FE]                  NullPointerException      [CONTEXT]        [BUGGY]  bucketMap.put(replacementList[i],  this);  [BUGGY]      int  tempIndex  =  -1;    for  (int  i  =  0;  i  <  searchLength;  i++)  {  if  (noMoreMatchesForReplIndex[i]  ||  searchList[i]  ==  null  ||  searchList[i].length()  ==  0  ||  replacementList[i]  ==  null)  {  continue;  }  tempIndex  =  text.indexOf(searchList[i]);  [CLASS]  StringUtils  [METHOD]  replaceEach  [RETURN_TYPE]  String  String  text  String[]  searchList  String[]  replacementList  boolean  repeat  int  timeToLive  	projects/Lang39/src/java/org/apache/commons/lang3/StringUtils.java	0.7071067811865475	3640	3640	1	replace	bucketMap.put(replacementList[i],  this);	  bucketMap.put(replacementList[i],    null);    	non-compiled	[CE]  <identifier>  expected	42	None	replace
112	[BUG]  [BUGGY]  bucketMap.put(replacementList[0],  null);  [CE]  <identifier>  expected  [FE]                    NullPointerException      [CONTEXT]        [BUGGY]  bucketMap.put(replacementList[0],  null);  [BUGGY]      int  tempIndex  =  -1;    for  (int  i  =  0;  i  <  searchLength;  i++)  {  if  (noMoreMatchesForReplIndex[i]  ||  searchList[i]  ==  null  ||  searchList[i].length()  ==  0  ||  replacementList[i]  ==  null)  {  continue;  }  tempIndex  =  text.indexOf(searchList[i]);  [CLASS]  StringUtils  [METHOD]  replaceEach  [RETURN_TYPE]  String  String  text  String[]  searchList  String[]  replacementList  boolean  repeat  int  timeToLive  	projects/Lang39/src/java/org/apache/commons/lang3/StringUtils.java	0.7071067811865475	3640	3640	1	replace	bucketMap.put(replacementList[0],  null);	  bucketMap.put(replacementList[i],    null);    	non-compiled	[CE]  <identifier>  expected	42	None	replace
113	[BUG]  [BUGGY]  bucketMap.put(replacementList[i],  text);  [CE]  <identifier>  expected  [FE]                      NullPointerException      [CONTEXT]        [BUGGY]  bucketMap.put(replacementList[i],  text);  [BUGGY]      int  tempIndex  =  -1;    for  (int  i  =  0;  i  <  searchLength;  i++)  {  if  (noMoreMatchesForReplIndex[i]  ||  searchList[i]  ==  null  ||  searchList[i].length()  ==  0  ||  replacementList[i]  ==  null)  {  continue;  }  tempIndex  =  text.indexOf(searchList[i]);  [CLASS]  StringUtils  [METHOD]  replaceEach  [RETURN_TYPE]  String  String  text  String[]  searchList  String[]  replacementList  boolean  repeat  int  timeToLive  	projects/Lang39/src/java/org/apache/commons/lang3/StringUtils.java	0.7071067811865475	3640	3640	1	replace	bucketMap.put(replacementList[i],  text);	  bucketMap.put(replacementList[i],    null);    	non-compiled	[CE]  <identifier>  expected	42	None	replace
114	[BUG]  [BUGGY]  String[]  replacementList  =(String[])this.repeat.toArray(new  String[this.repeat.size()  ]);  [CE]  <identifier>  expected  [FE]                  NullPointerException      [CONTEXT]        [BUGGY]  String[]  replacementList  =(String[])this.repeat.toArray(new  String[this.repeat.size()  ]);  [BUGGY]          for  (int  i  =  0;  i  <  searchLength;  i++)  {  if  (noMoreMatchesForReplIndex[i]  ||  searchList[i]  ==  null  ||  searchList[i].length()  ==  0  ||  replacementList[i]  ==  null)  {  continue;  }  tempIndex  =  text.indexOf(searchList[i]);  [CLASS]  StringUtils  [METHOD]  replaceEach  [RETURN_TYPE]  String  String  text  String[]  searchList  String[]  replacementList  boolean  repeat  int  timeToLive  	projects/Lang39/src/java/org/apache/commons/lang3/StringUtils.java	0.7071067811865475	3640	3640	1	replace	String[]  replacementList  =(String[])this.repeat.toArray(new  String[this.repeat.size()  ]);	  String[]    replacementList    =(String[])this.repeat.clone();    	non-compiled	[CE]  <identifier>  expected	11	None	replace
115	[BUG]  [BUGGY]  String[]  replacementList  =(String[])this.repeat.cloneTree();  [CE]  <identifier>  expected  [FE]                    NullPointerException      [CONTEXT]        [BUGGY]  String[]  replacementList  =(String[])this.repeat.cloneTree();  [BUGGY]          for  (int  i  =  0;  i  <  searchLength;  i++)  {  if  (noMoreMatchesForReplIndex[i]  ||  searchList[i]  ==  null  ||  searchList[i].length()  ==  0  ||  replacementList[i]  ==  null)  {  continue;  }  tempIndex  =  text.indexOf(searchList[i]);  [CLASS]  StringUtils  [METHOD]  replaceEach  [RETURN_TYPE]  String  String  text  String[]  searchList  String[]  replacementList  boolean  repeat  int  timeToLive  	projects/Lang39/src/java/org/apache/commons/lang3/StringUtils.java	0.7071067811865475	3640	3640	1	replace	String[]  replacementList  =(String[])this.repeat.cloneTree();	  String[]    replacementList    =(String[])this.repeat.clone();    	non-compiled	[CE]  <identifier>  expected	11	None	replace
116	[BUG]  [BUGGY]  String[]  replacementList  =(String[])this.repeat.toArray(new  String[this.repeat.length()  ]);  [CE]  <identifier>  expected  [FE]                      NullPointerException      [CONTEXT]        [BUGGY]  String[]  replacementList  =(String[])this.repeat.toArray(new  String[this.repeat.length()  ]);  [BUGGY]          for  (int  i  =  0;  i  <  searchLength;  i++)  {  if  (noMoreMatchesForReplIndex[i]  ||  searchList[i]  ==  null  ||  searchList[i].length()  ==  0  ||  replacementList[i]  ==  null)  {  continue;  }  tempIndex  =  text.indexOf(searchList[i]);  [CLASS]  StringUtils  [METHOD]  replaceEach  [RETURN_TYPE]  String  String  text  String[]  searchList  String[]  replacementList  boolean  repeat  int  timeToLive  	projects/Lang39/src/java/org/apache/commons/lang3/StringUtils.java	0.7071067811865475	3640	3640	1	replace	String[]  replacementList  =(String[])this.repeat.toArray(new  String[this.repeat.length()  ]);	  String[]    replacementList    =(String[])this.repeat.clone();    	non-compiled	[CE]  <identifier>  expected	11	None	replace
117	[BUG]  [BUGGY]  tempIndex  =  text.indexOf(replacements[0]  +  1);  [CE]  <identifier>  expected  [FE]                    NullPointerException      [CONTEXT]        [BUGGY]  tempIndex  =  text.indexOf(replacements[0]  +  1);  [BUGGY]      int  tempIndex  =  -1;    for  (int  i  =  0;  i  <  searchLength;  i++)  {  if  (noMoreMatchesForReplIndex[i]  ||  searchList[i]  ==  null  ||  searchList[i].length()  ==  0  ||  replacementList[i]  ==  null)  {  continue;  }  tempIndex  =  text.indexOf(searchList[i]);  [CLASS]  StringUtils  [METHOD]  replaceEach  [RETURN_TYPE]  String  String  text  String[]  searchList  String[]  replacementList  boolean  repeat  int  timeToLive  	projects/Lang39/src/java/org/apache/commons/lang3/StringUtils.java	0.7071067811865475	3640	3640	1	replace	tempIndex  =  text.indexOf(replacements[0]  +  1);	  tempIndex    =    text.indexOf(replacements[0]);    	non-compiled	[CE]  <identifier>  expected	54	None	replace
118	[BUG]  [BUGGY]  tempIndex  =  text.indexOf(replacements[0]  +  searchLength);  [CE]  <identifier>  expected  [FE]                      NullPointerException      [CONTEXT]        [BUGGY]  tempIndex  =  text.indexOf(replacements[0]  +  searchLength);  [BUGGY]      int  tempIndex  =  -1;    for  (int  i  =  0;  i  <  searchLength;  i++)  {  if  (noMoreMatchesForReplIndex[i]  ||  searchList[i]  ==  null  ||  searchList[i].length()  ==  0  ||  replacementList[i]  ==  null)  {  continue;  }  tempIndex  =  text.indexOf(searchList[i]);  [CLASS]  StringUtils  [METHOD]  replaceEach  [RETURN_TYPE]  String  String  text  String[]  searchList  String[]  replacementList  boolean  repeat  int  timeToLive  	projects/Lang39/src/java/org/apache/commons/lang3/StringUtils.java	0.7071067811865475	3640	3640	1	replace	tempIndex  =  text.indexOf(replacements[0]  +  searchLength);	  tempIndex    =    text.indexOf(replacements[0]);    	non-compiled	[CE]  <identifier>  expected	54	None	replace
119	[BUG]  [BUGGY]  bucketIndex  =  searchList[i].indexOf(text);  [CE]  <identifier>  expected  [FE]                    NullPointerException      [CONTEXT]        [BUGGY]  bucketIndex  =  searchList[i].indexOf(text);  [BUGGY]      int  tempIndex  =  -1;    for  (int  i  =  0;  i  <  searchLength;  i++)  {  if  (noMoreMatchesForReplIndex[i]  ||  searchList[i]  ==  null  ||  searchList[i].length()  ==  0  ||  replacementList[i]  ==  null)  {  continue;  }  tempIndex  =  text.indexOf(searchList[i]);  [CLASS]  StringUtils  [METHOD]  replaceEach  [RETURN_TYPE]  String  String  text  String[]  searchList  String[]  replacementList  boolean  repeat  int  timeToLive  	projects/Lang39/src/java/org/apache/commons/lang3/StringUtils.java	0.7071067811865475	3640	3640	1	replace	bucketIndex  =  searchList[i].indexOf(text);	  bucketIndex    =    text.indexOf(searchList[i]);    	non-compiled	[CE]  <identifier>  expected	31	None	replace
120	[BUG]  [BUGGY]  bucketIndex  =  searchList.indexOf(text);  [CE]  <identifier>  expected  [FE]                      NullPointerException      [CONTEXT]        [BUGGY]  bucketIndex  =  searchList.indexOf(text);  [BUGGY]      int  tempIndex  =  -1;    for  (int  i  =  0;  i  <  searchLength;  i++)  {  if  (noMoreMatchesForReplIndex[i]  ||  searchList[i]  ==  null  ||  searchList[i].length()  ==  0  ||  replacementList[i]  ==  null)  {  continue;  }  tempIndex  =  text.indexOf(searchList[i]);  [CLASS]  StringUtils  [METHOD]  replaceEach  [RETURN_TYPE]  String  String  text  String[]  searchList  String[]  replacementList  boolean  repeat  int  timeToLive  	projects/Lang39/src/java/org/apache/commons/lang3/StringUtils.java	0.7071067811865475	3640	3640	1	replace	bucketIndex  =  searchList.indexOf(text);	  bucketIndex    =    text.indexOf(searchList[i]);    	non-compiled	[CE]  <identifier>  expected	31	None	replace
121	[BUG]  [BUGGY]  bucketIndex  =  searchList[i].indexOf(this);  [CE]  <identifier>  expected  [FE]                        NullPointerException      [CONTEXT]        [BUGGY]  bucketIndex  =  searchList[i].indexOf(this);  [BUGGY]      int  tempIndex  =  -1;    for  (int  i  =  0;  i  <  searchLength;  i++)  {  if  (noMoreMatchesForReplIndex[i]  ||  searchList[i]  ==  null  ||  searchList[i].length()  ==  0  ||  replacementList[i]  ==  null)  {  continue;  }  tempIndex  =  text.indexOf(searchList[i]);  [CLASS]  StringUtils  [METHOD]  replaceEach  [RETURN_TYPE]  String  String  text  String[]  searchList  String[]  replacementList  boolean  repeat  int  timeToLive  	projects/Lang39/src/java/org/apache/commons/lang3/StringUtils.java	0.7071067811865475	3640	3640	1	replace	bucketIndex  =  searchList[i].indexOf(this);	  bucketIndex    =    text.indexOf(searchList[i]);    	non-compiled	[CE]  <identifier>  expected	31	None	replace
122	[BUG]  [BUGGY]  tempIndex  =  searchList[i].indexOf(text);  [CE]  <identifier>  expected  [FE]                    NullPointerException      [CONTEXT]        [BUGGY]  tempIndex  =  searchList[i].indexOf(text);  [BUGGY]      int  tempIndex  =  -1;    for  (int  i  =  0;  i  <  searchLength;  i++)  {  if  (noMoreMatchesForReplIndex[i]  ||  searchList[i]  ==  null  ||  searchList[i].length()  ==  0  ||  replacementList[i]  ==  null)  {  continue;  }  tempIndex  =  text.indexOf(searchList[i]);  [CLASS]  StringUtils  [METHOD]  replaceEach  [RETURN_TYPE]  String  String  text  String[]  searchList  String[]  replacementList  boolean  repeat  int  timeToLive  	projects/Lang39/src/java/org/apache/commons/lang3/StringUtils.java	0.7071067811865475	3640	3640	1	replace	tempIndex  =  searchList[i].indexOf(text);	  tempIndex    =    text.indexOf(searchList[i]);    	non-compiled	[CE]  <identifier>  expected	2	None	replace
123	[BUG]  [BUGGY]  tempIndex  =  searchList.indexOf(text);  [CE]  <identifier>  expected  [FE]                      NullPointerException      [CONTEXT]        [BUGGY]  tempIndex  =  searchList.indexOf(text);  [BUGGY]      int  tempIndex  =  -1;    for  (int  i  =  0;  i  <  searchLength;  i++)  {  if  (noMoreMatchesForReplIndex[i]  ||  searchList[i]  ==  null  ||  searchList[i].length()  ==  0  ||  replacementList[i]  ==  null)  {  continue;  }  tempIndex  =  text.indexOf(searchList[i]);  [CLASS]  StringUtils  [METHOD]  replaceEach  [RETURN_TYPE]  String  String  text  String[]  searchList  String[]  replacementList  boolean  repeat  int  timeToLive  	projects/Lang39/src/java/org/apache/commons/lang3/StringUtils.java	0.7071067811865475	3640	3640	1	replace	tempIndex  =  searchList.indexOf(text);	  tempIndex    =    text.indexOf(searchList[i]);    	non-compiled	[CE]  <identifier>  expected	2	None	replace
124	[BUG]  [BUGGY]  tempIndex  =  searchList[i].indexOf(this);  [CE]  <identifier>  expected  [FE]                        NullPointerException      [CONTEXT]        [BUGGY]  tempIndex  =  searchList[i].indexOf(this);  [BUGGY]      int  tempIndex  =  -1;    for  (int  i  =  0;  i  <  searchLength;  i++)  {  if  (noMoreMatchesForReplIndex[i]  ||  searchList[i]  ==  null  ||  searchList[i].length()  ==  0  ||  replacementList[i]  ==  null)  {  continue;  }  tempIndex  =  text.indexOf(searchList[i]);  [CLASS]  StringUtils  [METHOD]  replaceEach  [RETURN_TYPE]  String  String  text  String[]  searchList  String[]  replacementList  boolean  repeat  int  timeToLive  	projects/Lang39/src/java/org/apache/commons/lang3/StringUtils.java	0.7071067811865475	3640	3640	1	replace	tempIndex  =  searchList[i].indexOf(this);	  tempIndex    =    text.indexOf(searchList[i]);    	non-compiled	[CE]  <identifier>  expected	2	None	replace
125	[BUG]  [BUGGY]  String[]  replacementList  =  getReplacementList(false);  [CE]  <identifier>  expected  [FE]              NullPointerException      [CONTEXT]        [BUGGY]  String[]  replacementList  =  getReplacementList(false);  [BUGGY]      int  tempIndex  =  -1;    for  (int  i  =  0;  i  <  searchLength;  i++)  {  if  (noMoreMatchesForReplIndex[i]  ||  searchList[i]  ==  null  ||  searchList[i].length()  ==  0  ||  replacementList[i]  ==  null)  {  continue;  }  tempIndex  =  text.indexOf(searchList[i]);  [CLASS]  StringUtils  [METHOD]  replaceEach  [RETURN_TYPE]  String  String  text  String[]  searchList  String[]  replacementList  boolean  repeat  int  timeToLive  	projects/Lang39/src/java/org/apache/commons/lang3/StringUtils.java	0.7071067811865475	3640	3640	1	replace	String[]  replacementList  =  getReplacementList(false);	  String[]    replacementList    =    getReplacementList(true);    	non-compiled	[CE]  <identifier>  expected	13	None	replace
126	[BUG]  [BUGGY]  String[]  replacementList  =  getReplacementList(false,  false);  [CE]  <identifier>  expected  [FE]                NullPointerException      [CONTEXT]        [BUGGY]  String[]  replacementList  =  getReplacementList(false,  false);  [BUGGY]      int  tempIndex  =  -1;    for  (int  i  =  0;  i  <  searchLength;  i++)  {  if  (noMoreMatchesForReplIndex[i]  ||  searchList[i]  ==  null  ||  searchList[i].length()  ==  0  ||  replacementList[i]  ==  null)  {  continue;  }  tempIndex  =  text.indexOf(searchList[i]);  [CLASS]  StringUtils  [METHOD]  replaceEach  [RETURN_TYPE]  String  String  text  String[]  searchList  String[]  replacementList  boolean  repeat  int  timeToLive  	projects/Lang39/src/java/org/apache/commons/lang3/StringUtils.java	0.7071067811865475	3640	3640	1	replace	String[]  replacementList  =  getReplacementList(false,  false);	  String[]    replacementList    =    getReplacementList(true);    	non-compiled	[CE]  <identifier>  expected	13	None	replace
127	[BUG]  [BUGGY]  String[]  replacementList  =  getReplacementList(false,  true);  [CE]  <identifier>  expected  [FE]                  NullPointerException      [CONTEXT]        [BUGGY]  String[]  replacementList  =  getReplacementList(false,  true);  [BUGGY]      int  tempIndex  =  -1;    for  (int  i  =  0;  i  <  searchLength;  i++)  {  if  (noMoreMatchesForReplIndex[i]  ||  searchList[i]  ==  null  ||  searchList[i].length()  ==  0  ||  replacementList[i]  ==  null)  {  continue;  }  tempIndex  =  text.indexOf(searchList[i]);  [CLASS]  StringUtils  [METHOD]  replaceEach  [RETURN_TYPE]  String  String  text  String[]  searchList  String[]  replacementList  boolean  repeat  int  timeToLive  	projects/Lang39/src/java/org/apache/commons/lang3/StringUtils.java	0.7071067811865475	3640	3640	1	replace	String[]  replacementList  =  getReplacementList(false,  true);	  String[]    replacementList    =    getReplacementList(true);    	non-compiled	[CE]  <identifier>  expected	13	None	replace
128	[BUG]  [BUGGY]  String[]  replacementList  =  getReplacementList(false,  null);  [CE]  <identifier>  expected  [FE]                    NullPointerException      [CONTEXT]        [BUGGY]  String[]  replacementList  =  getReplacementList(false,  null);  [BUGGY]      int  tempIndex  =  -1;    for  (int  i  =  0;  i  <  searchLength;  i++)  {  if  (noMoreMatchesForReplIndex[i]  ||  searchList[i]  ==  null  ||  searchList[i].length()  ==  0  ||  replacementList[i]  ==  null)  {  continue;  }  tempIndex  =  text.indexOf(searchList[i]);  [CLASS]  StringUtils  [METHOD]  replaceEach  [RETURN_TYPE]  String  String  text  String[]  searchList  String[]  replacementList  boolean  repeat  int  timeToLive  	projects/Lang39/src/java/org/apache/commons/lang3/StringUtils.java	0.7071067811865475	3640	3640	1	replace	String[]  replacementList  =  getReplacementList(false,  null);	  String[]    replacementList    =    getReplacementList(true);    	non-compiled	[CE]  <identifier>  expected	13	None	replace
129	[BUG]  [BUGGY]  tempIndex  =  text.indexOf(replacementList[0]);  continue;  [CE]  <identifier>  expected  [FE]                NullPointerException      [CONTEXT]        [BUGGY]  tempIndex  =  text.indexOf(replacementList[0]);  continue;  [BUGGY]      int  tempIndex  =  -1;    for  (int  i  =  0;  i  <  searchLength;  i++)  {  if  (noMoreMatchesForReplIndex[i]  ||  searchList[i]  ==  null  ||  searchList[i].length()  ==  0  ||  replacementList[i]  ==  null)  {  continue;  }  tempIndex  =  text.indexOf(searchList[i]);  [CLASS]  StringUtils  [METHOD]  replaceEach  [RETURN_TYPE]  String  String  text  String[]  searchList  String[]  replacementList  boolean  repeat  int  timeToLive  	projects/Lang39/src/java/org/apache/commons/lang3/StringUtils.java	0.7071067811865475	3640	3640	1	replace	tempIndex  =  text.indexOf(replacementList[0]);  continue;	  if(replacementList!=    null)    {    tempIndex    =    text.indexOf(replacementList[0]);    continue;    }    	non-compiled	[CE]  <identifier>  expected	39	None	replace
130	[BUG]  [BUGGY]  bucketIndex  =  text.indexOf(replacementList[0]);  [CE]  <identifier>  expected  [FE]              NullPointerException      [CONTEXT]        [BUGGY]  bucketIndex  =  text.indexOf(replacementList[0]);  [BUGGY]      int  tempIndex  =  -1;    for  (int  i  =  0;  i  <  searchLength;  i++)  {  if  (noMoreMatchesForReplIndex[i]  ||  searchList[i]  ==  null  ||  searchList[i].length()  ==  0  ||  replacementList[i]  ==  null)  {  continue;  }  tempIndex  =  text.indexOf(searchList[i]);  [CLASS]  StringUtils  [METHOD]  replaceEach  [RETURN_TYPE]  String  String  text  String[]  searchList  String[]  replacementList  boolean  repeat  int  timeToLive  	projects/Lang39/src/java/org/apache/commons/lang3/StringUtils.java	0.7071067811865475	3640	3640	1	replace	bucketIndex  =  text.indexOf(replacementList[0]);	  bucketIndex    =    text.indexOf(replacementList[i]);    	non-compiled	[CE]  <identifier>  expected	40	None	replace
131	[BUG]  [BUGGY]  String[]  replacementList  =  getReplacementList(noMoreMatchesForReplIndex,  searchLength);  [CE]  <identifier>  expected  [FE]            NullPointerException      [CONTEXT]        [BUGGY]  String[]  replacementList  =  getReplacementList(noMoreMatchesForReplIndex,  searchLength);  [BUGGY]      int  tempIndex  =  -1;    for  (int  i  =  0;  i  <  searchLength;  i++)  {  if  (noMoreMatchesForReplIndex[i]  ||  searchList[i]  ==  null  ||  searchList[i].length()  ==  0  ||  replacementList[i]  ==  null)  {  continue;  }  tempIndex  =  text.indexOf(searchList[i]);  [CLASS]  StringUtils  [METHOD]  replaceEach  [RETURN_TYPE]  String  String  text  String[]  searchList  String[]  replacementList  boolean  repeat  int  timeToLive  	projects/Lang39/src/java/org/apache/commons/lang3/StringUtils.java	0.7071067811865475	3640	3640	1	replace	String[]  replacementList  =  getReplacementList(noMoreMatchesForReplIndex,  searchLength);	  String[]    replacementList    =    getReplacementList(noMoreMatchesForReplIndex);    	non-compiled	[CE]  <identifier>  expected	12	None	replace
132	[BUG]  [BUGGY]  String  repeat  =  searchList[i].indexOf(replacementList[i]).trim();  [CE]  <identifier>  expected  [FE]            NullPointerException      [CONTEXT]        [BUGGY]  String  repeat  =  searchList[i].indexOf(replacementList[i]).trim();  [BUGGY]      int  tempIndex  =  -1;    for  (int  i  =  0;  i  <  searchLength;  i++)  {  if  (noMoreMatchesForReplIndex[i]  ||  searchList[i]  ==  null  ||  searchList[i].length()  ==  0  ||  replacementList[i]  ==  null)  {  continue;  }  tempIndex  =  text.indexOf(searchList[i]);  [CLASS]  StringUtils  [METHOD]  replaceEach  [RETURN_TYPE]  String  String  text  String[]  searchList  String[]  replacementList  boolean  repeat  int  timeToLive  	projects/Lang39/src/java/org/apache/commons/lang3/StringUtils.java	0.7071067811865475	3640	3640	1	replace	String  repeat  =  searchList[i].indexOf(replacementList[i]).trim();	  String    repeat    =    searchList[i].indexOf(replacementList[i]);    	non-compiled	[CE]  <identifier>  expected	26	None	replace
133	[BUG]  [BUGGY]  String  repeat  =  searchList[i].indexOf(replacementList[i]).toLowerCase();  [CE]  <identifier>  expected  [FE]              NullPointerException      [CONTEXT]        [BUGGY]  String  repeat  =  searchList[i].indexOf(replacementList[i]).toLowerCase();  [BUGGY]      int  tempIndex  =  -1;    for  (int  i  =  0;  i  <  searchLength;  i++)  {  if  (noMoreMatchesForReplIndex[i]  ||  searchList[i]  ==  null  ||  searchList[i].length()  ==  0  ||  replacementList[i]  ==  null)  {  continue;  }  tempIndex  =  text.indexOf(searchList[i]);  [CLASS]  StringUtils  [METHOD]  replaceEach  [RETURN_TYPE]  String  String  text  String[]  searchList  String[]  replacementList  boolean  repeat  int  timeToLive  	projects/Lang39/src/java/org/apache/commons/lang3/StringUtils.java	0.7071067811865475	3640	3640	1	replace	String  repeat  =  searchList[i].indexOf(replacementList[i]).toLowerCase();	  String    repeat    =    searchList[i].indexOf(replacementList[i]);    	non-compiled	[CE]  <identifier>  expected	26	None	replace
134	[BUG]  [BUGGY]  bucket  =  text.indexOf(replacementList[0]);  [CE]  <identifier>  expected  [FE]              NullPointerException      [CONTEXT]        [BUGGY]  bucket  =  text.indexOf(replacementList[0]);  [BUGGY]      int  tempIndex  =  -1;    for  (int  i  =  0;  i  <  searchLength;  i++)  {  if  (noMoreMatchesForReplIndex[i]  ||  searchList[i]  ==  null  ||  searchList[i].length()  ==  0  ||  replacementList[i]  ==  null)  {  continue;  }  tempIndex  =  text.indexOf(searchList[i]);  [CLASS]  StringUtils  [METHOD]  replaceEach  [RETURN_TYPE]  String  String  text  String[]  searchList  String[]  replacementList  boolean  repeat  int  timeToLive  	projects/Lang39/src/java/org/apache/commons/lang3/StringUtils.java	0.7071067811865475	3640	3640	1	replace	bucket  =  text.indexOf(replacementList[0]);	  bucket    =    text.indexOf(replacementList[i]);    	non-compiled	[CE]  <identifier>  expected	17	None	replace
135	[BUG]  [BUGGY]  bucket  <  0  ||  searchLength  >  replacementList.length)  {  tempIndex  =  text.indexOf(replacementList[i]);  }  [CE]  <identifier>  expected  [FE]                      NullPointerException      [CONTEXT]        [BUGGY]  bucket  <  0  ||  searchLength  >  replacementList.length)  {  tempIndex  =  text.indexOf(replacementList[i]);  }  [BUGGY]      int  tempIndex  =  -1;    for  (int  i  =  0;  i  <  searchLength;  i++)  {  if  (noMoreMatchesForReplIndex[i]  ||  searchList[i]  ==  null  ||  searchList[i].length()  ==  0  ||  replacementList[i]  ==  null)  {  continue;  }  tempIndex  =  text.indexOf(searchList[i]);  [CLASS]  StringUtils  [METHOD]  replaceEach  [RETURN_TYPE]  String  String  text  String[]  searchList  String[]  replacementList  boolean  repeat  int  timeToLive  	projects/Lang39/src/java/org/apache/commons/lang3/StringUtils.java	0.7071067811865475	3640	3640	1	replace	bucket  <  0  ||  searchLength  >  replacementList.length)  {  tempIndex  =  text.indexOf(replacementList[i]);  }	  bucket    <    0    ||    repeat)    {    tempIndex    =    text.indexOf(replacementList[i]);    }    	non-compiled	[CE]  <identifier>  expected	32	None	replace
136	[BUG]  [BUGGY]  read  =  text.indexOf(replacementList[i]);  [CE]  <identifier>  expected  [FE]              NullPointerException      [CONTEXT]        [BUGGY]  read  =  text.indexOf(replacementList[i]);  [BUGGY]      int  tempIndex  =  -1;    for  (int  i  =  0;  i  <  searchLength;  i++)  {  if  (noMoreMatchesForReplIndex[i]  ||  searchList[i]  ==  null  ||  searchList[i].length()  ==  0  ||  replacementList[i]  ==  null)  {  continue;  }  tempIndex  =  text.indexOf(searchList[i]);  [CLASS]  StringUtils  [METHOD]  replaceEach  [RETURN_TYPE]  String  String  text  String[]  searchList  String[]  replacementList  boolean  repeat  int  timeToLive  	projects/Lang39/src/java/org/apache/commons/lang3/StringUtils.java	0.7071067811865475	3640	3640	1	replace	read  =  text.indexOf(replacementList[i]);	  if(repl!=    null)    {    tempIndex    =    text.indexOf(replacementList[i]);    }    	non-compiled	[CE]  <identifier>  expected	55	None	replace
137	[BUG]  [BUGGY]  mutation  =  text.indexOf(replacementList[i]);  [CE]  <identifier>  expected  [FE]                NullPointerException      [CONTEXT]        [BUGGY]  mutation  =  text.indexOf(replacementList[i]);  [BUGGY]      int  tempIndex  =  -1;    for  (int  i  =  0;  i  <  searchLength;  i++)  {  if  (noMoreMatchesForReplIndex[i]  ||  searchList[i]  ==  null  ||  searchList[i].length()  ==  0  ||  replacementList[i]  ==  null)  {  continue;  }  tempIndex  =  text.indexOf(searchList[i]);  [CLASS]  StringUtils  [METHOD]  replaceEach  [RETURN_TYPE]  String  String  text  String[]  searchList  String[]  replacementList  boolean  repeat  int  timeToLive  	projects/Lang39/src/java/org/apache/commons/lang3/StringUtils.java	0.7071067811865475	3640	3640	1	replace	mutation  =  text.indexOf(replacementList[i]);	  if(repl!=    null)    {    tempIndex    =    text.indexOf(replacementList[i]);    }    	non-compiled	[CE]  <identifier>  expected	55	None	replace
138	[BUG]  [BUGGY]  int  tempIndex  =(this.searchLength  >  0)?  this.searchLength  :  0;  [CE]  <identifier>  expected  [FE]            NullPointerException      [CONTEXT]        [BUGGY]  int  tempIndex  =(this.searchLength  >  0)?  this.searchLength  :  0;  [BUGGY]          for  (int  i  =  0;  i  <  searchLength;  i++)  {  if  (noMoreMatchesForReplIndex[i]  ||  searchList[i]  ==  null  ||  searchList[i].length()  ==  0  ||  replacementList[i]  ==  null)  {  continue;  }  tempIndex  =  text.indexOf(searchList[i]);  [CLASS]  StringUtils  [METHOD]  replaceEach  [RETURN_TYPE]  String  String  text  String[]  searchList  String[]  replacementList  boolean  repeat  int  timeToLive  	projects/Lang39/src/java/org/apache/commons/lang3/StringUtils.java	0.7071067811865475	3640	3640	1	replace	int  tempIndex  =(this.searchLength  >  0)?  this.searchLength  :  0;	  int    tempIndex    =(searchLength    >    0)?    searchLength    :    0;    	non-compiled	[CE]  <identifier>  expected	49	None	replace
139	[BUG]  [BUGGY]  int  tempIndex  =(searchLength  >  0)?  searchLength  -  1  :  0;  [CE]  <identifier>  expected  [FE]              NullPointerException      [CONTEXT]        [BUGGY]  int  tempIndex  =(searchLength  >  0)?  searchLength  -  1  :  0;  [BUGGY]          for  (int  i  =  0;  i  <  searchLength;  i++)  {  if  (noMoreMatchesForReplIndex[i]  ||  searchList[i]  ==  null  ||  searchList[i].length()  ==  0  ||  replacementList[i]  ==  null)  {  continue;  }  tempIndex  =  text.indexOf(searchList[i]);  [CLASS]  StringUtils  [METHOD]  replaceEach  [RETURN_TYPE]  String  String  text  String[]  searchList  String[]  replacementList  boolean  repeat  int  timeToLive  	projects/Lang39/src/java/org/apache/commons/lang3/StringUtils.java	0.7071067811865475	3640	3640	1	replace	int  tempIndex  =(searchLength  >  0)?  searchLength  -  1  :  0;	  int    tempIndex    =(searchLength    >    0)?    searchLength    :    0;    	non-compiled	[CE]  <identifier>  expected	49	None	replace
140	[BUG]  [BUGGY]  bucket  <  0  ||  searchLength  >  replacementList.length)  {  tempIndex  =  text.indexOf(replacementList[i]);  [CE]  <identifier>  expected  [FE]                NullPointerException      [CONTEXT]        [BUGGY]  bucket  <  0  ||  searchLength  >  replacementList.length)  {  tempIndex  =  text.indexOf(replacementList[i]);  [BUGGY]      int  tempIndex  =  -1;    for  (int  i  =  0;  i  <  searchLength;  i++)  {  if  (noMoreMatchesForReplIndex[i]  ||  searchList[i]  ==  null  ||  searchList[i].length()  ==  0  ||  replacementList[i]  ==  null)  {  continue;  }  tempIndex  =  text.indexOf(searchList[i]);  [CLASS]  StringUtils  [METHOD]  replaceEach  [RETURN_TYPE]  String  String  text  String[]  searchList  String[]  replacementList  boolean  repeat  int  timeToLive  	projects/Lang39/src/java/org/apache/commons/lang3/StringUtils.java	0.7071067811865475	3640	3640	1	replace	bucket  <  0  ||  searchLength  >  replacementList.length)  {  tempIndex  =  text.indexOf(replacementList[i]);	  bucket    <    0    ||    repeat)    {    tempIndex    =    text.indexOf(replacementList[i]);    	non-compiled	[CE]  <identifier>  expected	41	None	replace
141	[BUG]  [BUGGY]  int  tempIndex  =  searchLength  -  1;  [CE]  <identifier>  expected  [FE]              NullPointerException      [CONTEXT]        [BUGGY]  int  tempIndex  =  searchLength  -  1;  [BUGGY]          for  (int  i  =  0;  i  <  searchLength;  i++)  {  if  (noMoreMatchesForReplIndex[i]  ||  searchList[i]  ==  null  ||  searchList[i].length()  ==  0  ||  replacementList[i]  ==  null)  {  continue;  }  tempIndex  =  text.indexOf(searchList[i]);  [CLASS]  StringUtils  [METHOD]  replaceEach  [RETURN_TYPE]  String  String  text  String[]  searchList  String[]  replacementList  boolean  repeat  int  timeToLive  	projects/Lang39/src/java/org/apache/commons/lang3/StringUtils.java	0.7071067811865475	3640	3640	1	replace	int  tempIndex  =  searchLength  -  1;	  int    tempIndex    =    searchLength;    	non-compiled	[CE]  <identifier>  expected	23	None	replace
142	[BUG]  [BUGGY]  int  tempIndex  =  searchLength  +  1;  [CE]  <identifier>  expected  [FE]                NullPointerException      [CONTEXT]        [BUGGY]  int  tempIndex  =  searchLength  +  1;  [BUGGY]          for  (int  i  =  0;  i  <  searchLength;  i++)  {  if  (noMoreMatchesForReplIndex[i]  ||  searchList[i]  ==  null  ||  searchList[i].length()  ==  0  ||  replacementList[i]  ==  null)  {  continue;  }  tempIndex  =  text.indexOf(searchList[i]);  [CLASS]  StringUtils  [METHOD]  replaceEach  [RETURN_TYPE]  String  String  text  String[]  searchList  String[]  replacementList  boolean  repeat  int  timeToLive  	projects/Lang39/src/java/org/apache/commons/lang3/StringUtils.java	0.7071067811865475	3640	3640	1	replace	int  tempIndex  =  searchLength  +  1;	  int    tempIndex    =    searchLength;    	non-compiled	[CE]  <identifier>  expected	23	None	replace
143	[BUG]  [BUGGY]  mutableReplacements  =  text.indexOf(replacementList[0]);  [CE]  <identifier>  expected  [FE]            NullPointerException      [CONTEXT]        [BUGGY]  mutableReplacements  =  text.indexOf(replacementList[0]);  [BUGGY]      int  tempIndex  =  -1;    for  (int  i  =  0;  i  <  searchLength;  i++)  {  if  (noMoreMatchesForReplIndex[i]  ||  searchList[i]  ==  null  ||  searchList[i].length()  ==  0  ||  replacementList[i]  ==  null)  {  continue;  }  tempIndex  =  text.indexOf(searchList[i]);  [CLASS]  StringUtils  [METHOD]  replaceEach  [RETURN_TYPE]  String  String  text  String[]  searchList  String[]  replacementList  boolean  repeat  int  timeToLive  	projects/Lang39/src/java/org/apache/commons/lang3/StringUtils.java	0.7071067811865475	3640	3640	1	replace	mutableReplacements  =  text.indexOf(replacementList[0]);	  if(replacementList!=    null)    {    tempIndex    =    text.indexOf(replacementList[0]);    }    	non-compiled	[CE]  <identifier>  expected	50	None	replace
144	[BUG]  [BUGGY]  String  tempIndex  =(searchLength  >  0)?  searchLength  :  -1;  [CE]  <identifier>  expected  [FE]            NullPointerException      [CONTEXT]        [BUGGY]  String  tempIndex  =(searchLength  >  0)?  searchLength  :  -1;  [BUGGY]          for  (int  i  =  0;  i  <  searchLength;  i++)  {  if  (noMoreMatchesForReplIndex[i]  ||  searchList[i]  ==  null  ||  searchList[i].length()  ==  0  ||  replacementList[i]  ==  null)  {  continue;  }  tempIndex  =  text.indexOf(searchList[i]);  [CLASS]  StringUtils  [METHOD]  replaceEach  [RETURN_TYPE]  String  String  text  String[]  searchList  String[]  replacementList  boolean  repeat  int  timeToLive  	projects/Lang39/src/java/org/apache/commons/lang3/StringUtils.java	0.7071067811865475	3640	3640	1	replace	String  tempIndex  =(searchLength  >  0)?  searchLength  :  -1;	  String    tempIndex    =    -1;    	non-compiled	[CE]  <identifier>  expected	15	None	replace
145	[BUG]  [BUGGY]  int  searchLength  =  replacementList.length  -  1;  [CE]  <identifier>  expected  [FE]                    NullPointerException      [CONTEXT]        [BUGGY]  int  searchLength  =  replacementList.length  -  1;  [BUGGY]      int  tempIndex  =  -1;    for  (int  i  =  0;  i  <  searchLength;  i++)  {  if  (noMoreMatchesForReplIndex[i]  ||  searchList[i]  ==  null  ||  searchList[i].length()  ==  0  ||  replacementList[i]  ==  null)  {  continue;  }  tempIndex  =  text.indexOf(searchList[i]);  [CLASS]  StringUtils  [METHOD]  replaceEach  [RETURN_TYPE]  String  String  text  String[]  searchList  String[]  replacementList  boolean  repeat  int  timeToLive  	projects/Lang39/src/java/org/apache/commons/lang3/StringUtils.java	0.7071067811865475	3640	3640	1	replace	int  searchLength  =  replacementList.length  -  1;	  int    searchLength    =    replacementList.length;    	non-compiled	[CE]  <identifier>  expected	59	None	replace
146	[BUG]  [BUGGY]  Integer  searchLength  =  searchList.length();  [CE]  <identifier>  expected  [FE]                  NullPointerException      [CONTEXT]        [BUGGY]  Integer  searchLength  =  searchList.length();  [BUGGY]      int  tempIndex  =  -1;    for  (int  i  =  0;  i  <  searchLength;  i++)  {  if  (noMoreMatchesForReplIndex[i]  ||  searchList[i]  ==  null  ||  searchList[i].length()  ==  0  ||  replacementList[i]  ==  null)  {  continue;  }  tempIndex  =  text.indexOf(searchList[i]);  [CLASS]  StringUtils  [METHOD]  replaceEach  [RETURN_TYPE]  String  String  text  String[]  searchList  String[]  replacementList  boolean  repeat  int  timeToLive  	projects/Lang39/src/java/org/apache/commons/lang3/StringUtils.java	0.7071067811865475	3640	3640	1	replace	Integer  searchLength  =  searchList.length();	  int    searchLength    =    searchList.length()    +    1;    	non-compiled	[CE]  <identifier>  expected	5	None	replace
147	[BUG]  [BUGGY]  if(replacementList  ==  null)  {  tempIndex  =  text.indexOf(replacementList[0]);  continue;  }  [CE]  <identifier>  expected  [FE]                NullPointerException      [CONTEXT]        [BUGGY]  if(replacementList  ==  null)  {  tempIndex  =  text.indexOf(replacementList[0]);  continue;  }  [BUGGY]      int  tempIndex  =  -1;    for  (int  i  =  0;  i  <  searchLength;  i++)  {  if  (noMoreMatchesForReplIndex[i]  ||  searchList[i]  ==  null  ||  searchList[i].length()  ==  0  ||  replacementList[i]  ==  null)  {  continue;  }  tempIndex  =  text.indexOf(searchList[i]);  [CLASS]  StringUtils  [METHOD]  replaceEach  [RETURN_TYPE]  String  String  text  String[]  searchList  String[]  replacementList  boolean  repeat  int  timeToLive  	projects/Lang39/src/java/org/apache/commons/lang3/StringUtils.java	0.7071067811865475	3640	3640	1	replace	if(replacementList  ==  null)  {  tempIndex  =  text.indexOf(replacementList[0]);  continue;  }	  if(replacementList!=    null)    {    tempIndex    =    text.indexOf(replacementList[0]);    continue;    }    	non-compiled	[CE]  <identifier>  expected	39	None	replace
148	[BUG]  [BUGGY]  bucketIndex  =  text.indexOf(searchList[i]  +  1);  [CE]  <identifier>  expected  [FE]                    NullPointerException      [CONTEXT]        [BUGGY]  bucketIndex  =  text.indexOf(searchList[i]  +  1);  [BUGGY]      int  tempIndex  =  -1;    for  (int  i  =  0;  i  <  searchLength;  i++)  {  if  (noMoreMatchesForReplIndex[i]  ||  searchList[i]  ==  null  ||  searchList[i].length()  ==  0  ||  replacementList[i]  ==  null)  {  continue;  }  tempIndex  =  text.indexOf(searchList[i]);  [CLASS]  StringUtils  [METHOD]  replaceEach  [RETURN_TYPE]  String  String  text  String[]  searchList  String[]  replacementList  boolean  repeat  int  timeToLive  	projects/Lang39/src/java/org/apache/commons/lang3/StringUtils.java	0.7071067811865475	3640	3640	1	replace	bucketIndex  =  text.indexOf(searchList[i]  +  1);	  bucketIndex    =    text.indexOf(searchList[i]);    	non-compiled	[CE]  <identifier>  expected	31	None	replace
149	[BUG]  [BUGGY]  bucketIndex  =  text.indexOf(searchList[0]);  [CE]  <identifier>  expected  [FE]                      NullPointerException      [CONTEXT]        [BUGGY]  bucketIndex  =  text.indexOf(searchList[0]);  [BUGGY]      int  tempIndex  =  -1;    for  (int  i  =  0;  i  <  searchLength;  i++)  {  if  (noMoreMatchesForReplIndex[i]  ||  searchList[i]  ==  null  ||  searchList[i].length()  ==  0  ||  replacementList[i]  ==  null)  {  continue;  }  tempIndex  =  text.indexOf(searchList[i]);  [CLASS]  StringUtils  [METHOD]  replaceEach  [RETURN_TYPE]  String  String  text  String[]  searchList  String[]  replacementList  boolean  repeat  int  timeToLive  	projects/Lang39/src/java/org/apache/commons/lang3/StringUtils.java	0.7071067811865475	3640	3640	1	replace	bucketIndex  =  text.indexOf(searchList[0]);	  bucketIndex    =    text.indexOf(searchList[i]);    	non-compiled	[CE]  <identifier>  expected	31	None	replace
150	[BUG]  [BUGGY]  tempIndex  =  text.indexOf(searchList[i]  +  1);  [CE]  <identifier>  expected  [FE]                    NullPointerException      [CONTEXT]        [BUGGY]  tempIndex  =  text.indexOf(searchList[i]  +  1);  [BUGGY]      int  tempIndex  =  -1;    for  (int  i  =  0;  i  <  searchLength;  i++)  {  if  (noMoreMatchesForReplIndex[i]  ||  searchList[i]  ==  null  ||  searchList[i].length()  ==  0  ||  replacementList[i]  ==  null)  {  continue;  }  tempIndex  =  text.indexOf(searchList[i]);  [CLASS]  StringUtils  [METHOD]  replaceEach  [RETURN_TYPE]  String  String  text  String[]  searchList  String[]  replacementList  boolean  repeat  int  timeToLive  	projects/Lang39/src/java/org/apache/commons/lang3/StringUtils.java	0.7071067811865475	3640	3640	1	replace	tempIndex  =  text.indexOf(searchList[i]  +  1);	  tempIndex    =    text.indexOf(searchList[i]);    	non-compiled	[CE]  <identifier>  expected	2	None	replace
151	[BUG]  [BUGGY]  String  repeat  =  text.indexOf(searchList[0]);  [CE]  <identifier>  expected  [FE]            NullPointerException      [CONTEXT]        [BUGGY]  String  repeat  =  text.indexOf(searchList[0]);  [BUGGY]      int  tempIndex  =  -1;    for  (int  i  =  0;  i  <  searchLength;  i++)  {  if  (noMoreMatchesForReplIndex[i]  ||  searchList[i]  ==  null  ||  searchList[i].length()  ==  0  ||  replacementList[i]  ==  null)  {  continue;  }  tempIndex  =  text.indexOf(searchList[i]);  [CLASS]  StringUtils  [METHOD]  replaceEach  [RETURN_TYPE]  String  String  text  String[]  searchList  String[]  replacementList  boolean  repeat  int  timeToLive  	projects/Lang39/src/java/org/apache/commons/lang3/StringUtils.java	0.7071067811865475	3640	3640	1	replace	String  repeat  =  text.indexOf(searchList[0]);	  String    repeat    =    text.indexOf(replacementList[0]);    	non-compiled	[CE]  <identifier>  expected	44	None	replace
152	[BUG]  [BUGGY]  String  repeat  =  text.indexOf(replacementList[0]).toLowerCase();  [CE]  <identifier>  expected  [FE]              NullPointerException      [CONTEXT]        [BUGGY]  String  repeat  =  text.indexOf(replacementList[0]).toLowerCase();  [BUGGY]      int  tempIndex  =  -1;    for  (int  i  =  0;  i  <  searchLength;  i++)  {  if  (noMoreMatchesForReplIndex[i]  ||  searchList[i]  ==  null  ||  searchList[i].length()  ==  0  ||  replacementList[i]  ==  null)  {  continue;  }  tempIndex  =  text.indexOf(searchList[i]);  [CLASS]  StringUtils  [METHOD]  replaceEach  [RETURN_TYPE]  String  String  text  String[]  searchList  String[]  replacementList  boolean  repeat  int  timeToLive  	projects/Lang39/src/java/org/apache/commons/lang3/StringUtils.java	0.7071067811865475	3640	3640	1	replace	String  repeat  =  text.indexOf(replacementList[0]).toLowerCase();	  String    repeat    =    text.indexOf(replacementList[0]);    	non-compiled	[CE]  <identifier>  expected	44	None	replace
153	[BUG]  [BUGGY]  String  repeat  =  text.indexOf(replacementList[0]).trim();  [CE]  <identifier>  expected  [FE]                NullPointerException      [CONTEXT]        [BUGGY]  String  repeat  =  text.indexOf(replacementList[0]).trim();  [BUGGY]      int  tempIndex  =  -1;    for  (int  i  =  0;  i  <  searchLength;  i++)  {  if  (noMoreMatchesForReplIndex[i]  ||  searchList[i]  ==  null  ||  searchList[i].length()  ==  0  ||  replacementList[i]  ==  null)  {  continue;  }  tempIndex  =  text.indexOf(searchList[i]);  [CLASS]  StringUtils  [METHOD]  replaceEach  [RETURN_TYPE]  String  String  text  String[]  searchList  String[]  replacementList  boolean  repeat  int  timeToLive  	projects/Lang39/src/java/org/apache/commons/lang3/StringUtils.java	0.7071067811865475	3640	3640	1	replace	String  repeat  =  text.indexOf(replacementList[0]).trim();	  String    repeat    =    text.indexOf(replacementList[0]);    	non-compiled	[CE]  <identifier>  expected	44	None	replace
154	[BUG]  [BUGGY]  bucketIndex  =  text.indexOf(repl,  searchLength);  [CE]  <identifier>  expected  [FE]                    NullPointerException      [CONTEXT]        [BUGGY]  bucketIndex  =  text.indexOf(repl,  searchLength);  [BUGGY]      int  tempIndex  =  -1;    for  (int  i  =  0;  i  <  searchLength;  i++)  {  if  (noMoreMatchesForReplIndex[i]  ||  searchList[i]  ==  null  ||  searchList[i].length()  ==  0  ||  replacementList[i]  ==  null)  {  continue;  }  tempIndex  =  text.indexOf(searchList[i]);  [CLASS]  StringUtils  [METHOD]  replaceEach  [RETURN_TYPE]  String  String  text  String[]  searchList  String[]  replacementList  boolean  repeat  int  timeToLive  	projects/Lang39/src/java/org/apache/commons/lang3/StringUtils.java	0.7071067811865475	3640	3640	1	replace	bucketIndex  =  text.indexOf(repl,  searchLength);	  bucketIndex    =    text.indexOf(repl);    	non-compiled	[CE]  <identifier>  expected	35	None	replace
155	[BUG]  [BUGGY]  int  searchLength  =  replacementList[i].length()  -  1;  [CE]  <identifier>  expected  [FE]              NullPointerException      [CONTEXT]        [BUGGY]  int  searchLength  =  replacementList[i].length()  -  1;  [BUGGY]      int  tempIndex  =  -1;    for  (int  i  =  0;  i  <  searchLength;  i++)  {  if  (noMoreMatchesForReplIndex[i]  ||  searchList[i]  ==  null  ||  searchList[i].length()  ==  0  ||  replacementList[i]  ==  null)  {  continue;  }  tempIndex  =  text.indexOf(searchList[i]);  [CLASS]  StringUtils  [METHOD]  replaceEach  [RETURN_TYPE]  String  String  text  String[]  searchList  String[]  replacementList  boolean  repeat  int  timeToLive  	projects/Lang39/src/java/org/apache/commons/lang3/StringUtils.java	0.7071067811865475	3640	3640	1	replace	int  searchLength  =  replacementList[i].length()  -  1;	  int    searchLength    =    replacementList[i].length();    	non-compiled	[CE]  <identifier>  expected	37	None	replace
156	[BUG]  [BUGGY]  String[]  replacementList  =(String[])super.repeat.clone();  [CE]  <identifier>  expected  [FE]                  NullPointerException      [CONTEXT]        [BUGGY]  String[]  replacementList  =(String[])super.repeat.clone();  [BUGGY]          for  (int  i  =  0;  i  <  searchLength;  i++)  {  if  (noMoreMatchesForReplIndex[i]  ||  searchList[i]  ==  null  ||  searchList[i].length()  ==  0  ||  replacementList[i]  ==  null)  {  continue;  }  tempIndex  =  text.indexOf(searchList[i]);  [CLASS]  StringUtils  [METHOD]  replaceEach  [RETURN_TYPE]  String  String  text  String[]  searchList  String[]  replacementList  boolean  repeat  int  timeToLive  	projects/Lang39/src/java/org/apache/commons/lang3/StringUtils.java	0.7071067811865475	3640	3640	1	replace	String[]  replacementList  =(String[])super.repeat.clone();	  String[]    replacementList    =(String[])this.repeat.clone();    	non-compiled	[CE]  <identifier>  expected	11	None	replace
157	[BUG]  [BUGGY]  String  repeat  =  searchList.indexOf(replacementList);  [CE]  <identifier>  expected  [FE]              NullPointerException      [CONTEXT]        [BUGGY]  String  repeat  =  searchList.indexOf(replacementList);  [BUGGY]      int  tempIndex  =  -1;    for  (int  i  =  0;  i  <  searchLength;  i++)  {  if  (noMoreMatchesForReplIndex[i]  ||  searchList[i]  ==  null  ||  searchList[i].length()  ==  0  ||  replacementList[i]  ==  null)  {  continue;  }  tempIndex  =  text.indexOf(searchList[i]);  [CLASS]  StringUtils  [METHOD]  replaceEach  [RETURN_TYPE]  String  String  text  String[]  searchList  String[]  replacementList  boolean  repeat  int  timeToLive  	projects/Lang39/src/java/org/apache/commons/lang3/StringUtils.java	0.7071067811865475	3640	3640	1	replace	String  repeat  =  searchList.indexOf(replacementList);	  String    repeat    =    replacementList.indexOf(text);    	non-compiled	[CE]  <identifier>  expected	27	None	replace
158	[BUG]  [BUGGY]  String  repeat  =  text.indexOf(replacementList);  [CE]  <identifier>  expected  [FE]                NullPointerException      [CONTEXT]        [BUGGY]  String  repeat  =  text.indexOf(replacementList);  [BUGGY]      int  tempIndex  =  -1;    for  (int  i  =  0;  i  <  searchLength;  i++)  {  if  (noMoreMatchesForReplIndex[i]  ||  searchList[i]  ==  null  ||  searchList[i].length()  ==  0  ||  replacementList[i]  ==  null)  {  continue;  }  tempIndex  =  text.indexOf(searchList[i]);  [CLASS]  StringUtils  [METHOD]  replaceEach  [RETURN_TYPE]  String  String  text  String[]  searchList  String[]  replacementList  boolean  repeat  int  timeToLive  	projects/Lang39/src/java/org/apache/commons/lang3/StringUtils.java	0.7071067811865475	3640	3640	1	replace	String  repeat  =  text.indexOf(replacementList);	  String    repeat    =    replacementList.indexOf(text);    	non-compiled	[CE]  <identifier>  expected	27	None	replace
159	[BUG]  [BUGGY]  String  tempIndex  =(searchLength  >  0)?  searchLength  :  0;  [CE]  <identifier>  expected  [FE]            NullPointerException      [CONTEXT]        [BUGGY]  String  tempIndex  =(searchLength  >  0)?  searchLength  :  0;  [BUGGY]          for  (int  i  =  0;  i  <  searchLength;  i++)  {  if  (noMoreMatchesForReplIndex[i]  ||  searchList[i]  ==  null  ||  searchList[i].length()  ==  0  ||  replacementList[i]  ==  null)  {  continue;  }  tempIndex  =  text.indexOf(searchList[i]);  [CLASS]  StringUtils  [METHOD]  replaceEach  [RETURN_TYPE]  String  String  text  String[]  searchList  String[]  replacementList  boolean  repeat  int  timeToLive  	projects/Lang39/src/java/org/apache/commons/lang3/StringUtils.java	0.7071067811865475	3640	3640	1	replace	String  tempIndex  =(searchLength  >  0)?  searchLength  :  0;	  String    tempIndex    =    1;    	non-compiled	[CE]  <identifier>  expected	43	None	replace
160	[BUG]  [BUGGY]  String  tempIndex  =  System.identityHashCode(searchList);  [CE]  <identifier>  expected  [FE]              NullPointerException      [CONTEXT]        [BUGGY]  String  tempIndex  =  System.identityHashCode(searchList);  [BUGGY]          for  (int  i  =  0;  i  <  searchLength;  i++)  {  if  (noMoreMatchesForReplIndex[i]  ||  searchList[i]  ==  null  ||  searchList[i].length()  ==  0  ||  replacementList[i]  ==  null)  {  continue;  }  tempIndex  =  text.indexOf(searchList[i]);  [CLASS]  StringUtils  [METHOD]  replaceEach  [RETURN_TYPE]  String  String  text  String[]  searchList  String[]  replacementList  boolean  repeat  int  timeToLive  	projects/Lang39/src/java/org/apache/commons/lang3/StringUtils.java	0.7071067811865475	3640	3640	1	replace	String  tempIndex  =  System.identityHashCode(searchList);	  String    tempIndex    =    1;    	non-compiled	[CE]  <identifier>  expected	43	None	replace
161	[BUG]  [BUGGY]  String  repeat  =  searchList.indexOf(replacementList[i]).trim();  [CE]  <identifier>  expected  [FE]                NullPointerException      [CONTEXT]        [BUGGY]  String  repeat  =  searchList.indexOf(replacementList[i]).trim();  [BUGGY]      int  tempIndex  =  -1;    for  (int  i  =  0;  i  <  searchLength;  i++)  {  if  (noMoreMatchesForReplIndex[i]  ||  searchList[i]  ==  null  ||  searchList[i].length()  ==  0  ||  replacementList[i]  ==  null)  {  continue;  }  tempIndex  =  text.indexOf(searchList[i]);  [CLASS]  StringUtils  [METHOD]  replaceEach  [RETURN_TYPE]  String  String  text  String[]  searchList  String[]  replacementList  boolean  repeat  int  timeToLive  	projects/Lang39/src/java/org/apache/commons/lang3/StringUtils.java	0.7071067811865475	3640	3640	1	replace	String  repeat  =  searchList.indexOf(replacementList[i]).trim();	  String    repeat    =    searchList.indexOf(replacementList[i]);    	non-compiled	[CE]  <identifier>  expected	46	None	replace
162	[BUG]  [BUGGY]  bucketMap.put(replacementList[i],  null,  searchLength);  [CE]  <identifier>  expected  [FE]                  NullPointerException      [CONTEXT]        [BUGGY]  bucketMap.put(replacementList[i],  null,  searchLength);  [BUGGY]      int  tempIndex  =  -1;    for  (int  i  =  0;  i  <  searchLength;  i++)  {  if  (noMoreMatchesForReplIndex[i]  ||  searchList[i]  ==  null  ||  searchList[i].length()  ==  0  ||  replacementList[i]  ==  null)  {  continue;  }  tempIndex  =  text.indexOf(searchList[i]);  [CLASS]  StringUtils  [METHOD]  replaceEach  [RETURN_TYPE]  String  String  text  String[]  searchList  String[]  replacementList  boolean  repeat  int  timeToLive  	projects/Lang39/src/java/org/apache/commons/lang3/StringUtils.java	0.7071067811865475	3640	3640	1	replace	bucketMap.put(replacementList[i],  null,  searchLength);	  bucketMap.put(replacementList[i],    null);    	non-compiled	[CE]  <identifier>  expected	42	None	replace
163	[BUG]  [BUGGY]  String[]  replacementList  =  new  String[replacementList.length()  ];  [CE]  <identifier>  expected  [FE]                  NullPointerException      [CONTEXT]        [BUGGY]  String[]  replacementList  =  new  String[replacementList.length()  ];  [BUGGY]          for  (int  i  =  0;  i  <  searchLength;  i++)  {  if  (noMoreMatchesForReplIndex[i]  ||  searchList[i]  ==  null  ||  searchList[i].length()  ==  0  ||  replacementList[i]  ==  null)  {  continue;  }  tempIndex  =  text.indexOf(searchList[i]);  [CLASS]  StringUtils  [METHOD]  replaceEach  [RETURN_TYPE]  String  String  text  String[]  searchList  String[]  replacementList  boolean  repeat  int  timeToLive  	projects/Lang39/src/java/org/apache/commons/lang3/StringUtils.java	0.7071067811865475	3640	3640	1	replace	String[]  replacementList  =  new  String[replacementList.length()  ];	  String[]    replacementList    =    new    String[tempIndex.length()    ];    	non-compiled	[CE]  <identifier>  expected	48	None	replace
164	[BUG]  [BUGGY]  String[]  replacementList  =  new  String[tempIndex.length()  -  1];  [CE]  <identifier>  expected  [FE]                    NullPointerException      [CONTEXT]        [BUGGY]  String[]  replacementList  =  new  String[tempIndex.length()  -  1];  [BUGGY]          for  (int  i  =  0;  i  <  searchLength;  i++)  {  if  (noMoreMatchesForReplIndex[i]  ||  searchList[i]  ==  null  ||  searchList[i].length()  ==  0  ||  replacementList[i]  ==  null)  {  continue;  }  tempIndex  =  text.indexOf(searchList[i]);  [CLASS]  StringUtils  [METHOD]  replaceEach  [RETURN_TYPE]  String  String  text  String[]  searchList  String[]  replacementList  boolean  repeat  int  timeToLive  	projects/Lang39/src/java/org/apache/commons/lang3/StringUtils.java	0.7071067811865475	3640	3640	1	replace	String[]  replacementList  =  new  String[tempIndex.length()  -  1];	  String[]    replacementList    =    new    String[tempIndex.length()    ];    	non-compiled	[CE]  <identifier>  expected	48	None	replace
165	[BUG]  [BUGGY]  int  searchLength  =  replacementList.length()  -  1;  [CE]  <identifier>  expected  [FE]                NullPointerException      [CONTEXT]        [BUGGY]  int  searchLength  =  replacementList.length()  -  1;  [BUGGY]      int  tempIndex  =  -1;    for  (int  i  =  0;  i  <  searchLength;  i++)  {  if  (noMoreMatchesForReplIndex[i]  ||  searchList[i]  ==  null  ||  searchList[i].length()  ==  0  ||  replacementList[i]  ==  null)  {  continue;  }  tempIndex  =  text.indexOf(searchList[i]);  [CLASS]  StringUtils  [METHOD]  replaceEach  [RETURN_TYPE]  String  String  text  String[]  searchList  String[]  replacementList  boolean  repeat  int  timeToLive  	projects/Lang39/src/java/org/apache/commons/lang3/StringUtils.java	0.7071067811865475	3640	3640	1	replace	int  searchLength  =  replacementList.length()  -  1;	  int    searchLength    =    replacementList.length();    	non-compiled	[CE]  <identifier>  expected	57	None	replace
166	[BUG]  [BUGGY]  tempIndex  =  text.indexOf(replacements[i]  +  1);  [CE]  <identifier>  expected  [FE]            NullPointerException      [CONTEXT]        [BUGGY]  tempIndex  =  text.indexOf(replacements[i]  +  1);  [BUGGY]      int  tempIndex  =  -1;    for  (int  i  =  0;  i  <  searchLength;  i++)  {  if  (noMoreMatchesForReplIndex[i]  ||  searchList[i]  ==  null  ||  searchList[i].length()  ==  0  ||  replacementList[i]  ==  null)  {  continue;  }  tempIndex  =  text.indexOf(searchList[i]);  [CLASS]  StringUtils  [METHOD]  replaceEach  [RETURN_TYPE]  String  String  text  String[]  searchList  String[]  replacementList  boolean  repeat  int  timeToLive  	projects/Lang39/src/java/org/apache/commons/lang3/StringUtils.java	0.7071067811865475	3640	3640	1	replace	tempIndex  =  text.indexOf(replacements[i]  +  1);	  tempIndex    =    text.indexOf(replacements[i]);    	non-compiled	[CE]  <identifier>  expected	34	None	replace
167	[BUG]  [BUGGY]  String[]  replacementList  =  getReplacements(true);  [CE]  <identifier>  expected  [FE]                NullPointerException      [CONTEXT]        [BUGGY]  String[]  replacementList  =  getReplacements(true);  [BUGGY]          for  (int  i  =  0;  i  <  searchLength;  i++)  {  if  (noMoreMatchesForReplIndex[i]  ||  searchList[i]  ==  null  ||  searchList[i].length()  ==  0  ||  replacementList[i]  ==  null)  {  continue;  }  tempIndex  =  text.indexOf(searchList[i]);  [CLASS]  StringUtils  [METHOD]  replaceEach  [RETURN_TYPE]  String  String  text  String[]  searchList  String[]  replacementList  boolean  repeat  int  timeToLive  	projects/Lang39/src/java/org/apache/commons/lang3/StringUtils.java	0.7071067811865475	3640	3640	1	replace	String[]  replacementList  =  getReplacements(true);	  String[]    replacementList    =    getReplacements();    	non-compiled	[CE]  <identifier>  expected	10	None	replace
168	[BUG]  [BUGGY]  bucket  <  0)  {  tempIndex  =  text.indexOf(searchList[i]);  [CE]  <identifier>  expected  [FE]                        NullPointerException      [CONTEXT]        [BUGGY]  bucket  <  0)  {  tempIndex  =  text.indexOf(searchList[i]);  [BUGGY]      int  tempIndex  =  -1;    for  (int  i  =  0;  i  <  searchLength;  i++)  {  if  (noMoreMatchesForReplIndex[i]  ||  searchList[i]  ==  null  ||  searchList[i].length()  ==  0  ||  replacementList[i]  ==  null)  {  continue;  }  tempIndex  =  text.indexOf(searchList[i]);  [CLASS]  StringUtils  [METHOD]  replaceEach  [RETURN_TYPE]  String  String  text  String[]  searchList  String[]  replacementList  boolean  repeat  int  timeToLive  	projects/Lang39/src/java/org/apache/commons/lang3/StringUtils.java	0.7071067811865475	3640	3640	1	replace	bucket  <  0)  {  tempIndex  =  text.indexOf(searchList[i]);	  bucket    <    0    ||    repeat)    {    tempIndex    =    text.indexOf(searchList[i]);    	non-compiled	[CE]  <identifier>  expected	33	None	replace
169	[BUG]  [BUGGY]  String  repeat  =  text.indexOf(searchList[i]  +  1);  [CE]  <identifier>  expected  [FE]              NullPointerException      [CONTEXT]        [BUGGY]  String  repeat  =  text.indexOf(searchList[i]  +  1);  [BUGGY]      int  tempIndex  =  -1;    for  (int  i  =  0;  i  <  searchLength;  i++)  {  if  (noMoreMatchesForReplIndex[i]  ||  searchList[i]  ==  null  ||  searchList[i].length()  ==  0  ||  replacementList[i]  ==  null)  {  continue;  }  tempIndex  =  text.indexOf(searchList[i]);  [CLASS]  StringUtils  [METHOD]  replaceEach  [RETURN_TYPE]  String  String  text  String[]  searchList  String[]  replacementList  boolean  repeat  int  timeToLive  	projects/Lang39/src/java/org/apache/commons/lang3/StringUtils.java	0.7071067811865475	3640	3640	1	replace	String  repeat  =  text.indexOf(searchList[i]  +  1);	  String    repeat    =    text.indexOf(searchList[i]);    	non-compiled	[CE]  <identifier>  expected	45	None	replace
170	[BUG]  [BUGGY]  bucket  =  text.indexOf(searchList[i]  +  1);  [CE]  <identifier>  expected  [FE]                      NullPointerException      [CONTEXT]        [BUGGY]  bucket  =  text.indexOf(searchList[i]  +  1);  [BUGGY]      int  tempIndex  =  -1;    for  (int  i  =  0;  i  <  searchLength;  i++)  {  if  (noMoreMatchesForReplIndex[i]  ||  searchList[i]  ==  null  ||  searchList[i].length()  ==  0  ||  replacementList[i]  ==  null)  {  continue;  }  tempIndex  =  text.indexOf(searchList[i]);  [CLASS]  StringUtils  [METHOD]  replaceEach  [RETURN_TYPE]  String  String  text  String[]  searchList  String[]  replacementList  boolean  repeat  int  timeToLive  	projects/Lang39/src/java/org/apache/commons/lang3/StringUtils.java	0.7071067811865475	3640	3640	1	replace	bucket  =  text.indexOf(searchList[i]  +  1);	  bucket    =    text.indexOf(searchList[i]);    	non-compiled	[CE]  <identifier>  expected	3	None	replace
171	[BUG]  [BUGGY]  String  repeat  =  text.indexOf(replacementList[i]  +  0);  [CE]  <identifier>  expected  [FE]                NullPointerException      [CONTEXT]        [BUGGY]  String  repeat  =  text.indexOf(replacementList[i]  +  0);  [BUGGY]      int  tempIndex  =  -1;    for  (int  i  =  0;  i  <  searchLength;  i++)  {  if  (noMoreMatchesForReplIndex[i]  ||  searchList[i]  ==  null  ||  searchList[i].length()  ==  0  ||  replacementList[i]  ==  null)  {  continue;  }  tempIndex  =  text.indexOf(searchList[i]);  [CLASS]  StringUtils  [METHOD]  replaceEach  [RETURN_TYPE]  String  String  text  String[]  searchList  String[]  replacementList  boolean  repeat  int  timeToLive  	projects/Lang39/src/java/org/apache/commons/lang3/StringUtils.java	0.7071067811865475	3640	3640	1	replace	String  repeat  =  text.indexOf(replacementList[i]  +  0);	  String    repeat    =    text.indexOf(replacementList[i]    +    1);    	non-compiled	[CE]  <identifier>  expected	28	None	replace
172	[BUG]  [BUGGY]  tempIndex  =  text.indexOf(repl  +  1);  [CE]  <identifier>  expected  [FE]                    NullPointerException      [CONTEXT]        [BUGGY]  tempIndex  =  text.indexOf(repl  +  1);  [BUGGY]      int  tempIndex  =  -1;    for  (int  i  =  0;  i  <  searchLength;  i++)  {  if  (noMoreMatchesForReplIndex[i]  ||  searchList[i]  ==  null  ||  searchList[i].length()  ==  0  ||  replacementList[i]  ==  null)  {  continue;  }  tempIndex  =  text.indexOf(searchList[i]);  [CLASS]  StringUtils  [METHOD]  replaceEach  [RETURN_TYPE]  String  String  text  String[]  searchList  String[]  replacementList  boolean  repeat  int  timeToLive  	projects/Lang39/src/java/org/apache/commons/lang3/StringUtils.java	0.7071067811865475	3640	3640	1	replace	tempIndex  =  text.indexOf(repl  +  1);	  tempIndex    =    text.indexOf(repl);    	non-compiled	[CE]  <identifier>  expected	24	None	replace
173	[BUG]  [BUGGY]  tempIndex  =  text.indexOf(replacementList);  [CE]  <identifier>  expected  [FE]                      NullPointerException      [CONTEXT]        [BUGGY]  tempIndex  =  text.indexOf(replacementList);  [BUGGY]      int  tempIndex  =  -1;    for  (int  i  =  0;  i  <  searchLength;  i++)  {  if  (noMoreMatchesForReplIndex[i]  ||  searchList[i]  ==  null  ||  searchList[i].length()  ==  0  ||  replacementList[i]  ==  null)  {  continue;  }  tempIndex  =  text.indexOf(searchList[i]);  [CLASS]  StringUtils  [METHOD]  replaceEach  [RETURN_TYPE]  String  String  text  String[]  searchList  String[]  replacementList  boolean  repeat  int  timeToLive  	projects/Lang39/src/java/org/apache/commons/lang3/StringUtils.java	0.7071067811865475	3640	3640	1	replace	tempIndex  =  text.indexOf(replacementList);	  tempIndex    =    text.indexOf(repl);    	non-compiled	[CE]  <identifier>  expected	24	None	replace
174	[BUG]  [BUGGY]  String[]  replacementList  =  getReplacementList(null,  true);  [CE]  <identifier>  expected  [FE]                NullPointerException      [CONTEXT]        [BUGGY]  String[]  replacementList  =  getReplacementList(null,  true);  [BUGGY]      int  tempIndex  =  -1;    for  (int  i  =  0;  i  <  searchLength;  i++)  {  if  (noMoreMatchesForReplIndex[i]  ||  searchList[i]  ==  null  ||  searchList[i].length()  ==  0  ||  replacementList[i]  ==  null)  {  continue;  }  tempIndex  =  text.indexOf(searchList[i]);  [CLASS]  StringUtils  [METHOD]  replaceEach  [RETURN_TYPE]  String  String  text  String[]  searchList  String[]  replacementList  boolean  repeat  int  timeToLive  	projects/Lang39/src/java/org/apache/commons/lang3/StringUtils.java	0.7071067811865475	3640	3640	1	replace	String[]  replacementList  =  getReplacementList(null,  true);	  String[]    replacementList    =    getReplacementList(null);    	non-compiled	[CE]  <identifier>  expected	14	None	replace
175	[BUG]  [BUGGY]  int  searchLength  =  this.replacementList.length  -  1;  [CE]  <identifier>  expected  [FE]                  NullPointerException      [CONTEXT]        [BUGGY]  int  searchLength  =  this.replacementList.length  -  1;  [BUGGY]      int  tempIndex  =  -1;    for  (int  i  =  0;  i  <  searchLength;  i++)  {  if  (noMoreMatchesForReplIndex[i]  ||  searchList[i]  ==  null  ||  searchList[i].length()  ==  0  ||  replacementList[i]  ==  null)  {  continue;  }  tempIndex  =  text.indexOf(searchList[i]);  [CLASS]  StringUtils  [METHOD]  replaceEach  [RETURN_TYPE]  String  String  text  String[]  searchList  String[]  replacementList  boolean  repeat  int  timeToLive  	projects/Lang39/src/java/org/apache/commons/lang3/StringUtils.java	0.7071067811865475	3640	3640	1	replace	int  searchLength  =  this.replacementList.length  -  1;	  int    searchLength    =    this.replacementList.length();    	non-compiled	[CE]  <identifier>  expected	58	None	replace
176	[BUG]  [BUGGY]  tempIndex  =  text.indexOf(replacementList[0]).trim();  [CE]  <identifier>  expected  [FE]            NullPointerException      [CONTEXT]        [BUGGY]  tempIndex  =  text.indexOf(replacementList[0]).trim();  [BUGGY]      int  tempIndex  =  -1;    for  (int  i  =  0;  i  <  searchLength;  i++)  {  if  (noMoreMatchesForReplIndex[i]  ||  searchList[i]  ==  null  ||  searchList[i].length()  ==  0  ||  replacementList[i]  ==  null)  {  continue;  }  tempIndex  =  text.indexOf(searchList[i]);  [CLASS]  StringUtils  [METHOD]  replaceEach  [RETURN_TYPE]  String  String  text  String[]  searchList  String[]  replacementList  boolean  repeat  int  timeToLive  	projects/Lang39/src/java/org/apache/commons/lang3/StringUtils.java	0.7071067811865475	3640	3640	1	replace	tempIndex  =  text.indexOf(replacementList[0]).trim();	  tempIndex    =    text.indexOf(replacementList[0]);    	non-compiled	[CE]  <identifier>  expected	21	None	replace
177	[BUG]  [BUGGY]  String[]  replacementList  =  getReplacements().toArray(replacements);  [CE]  <identifier>  expected  [FE]                NullPointerException      [CONTEXT]        [BUGGY]  String[]  replacementList  =  getReplacements().toArray(replacements);  [BUGGY]          for  (int  i  =  0;  i  <  searchLength;  i++)  {  if  (noMoreMatchesForReplIndex[i]  ||  searchList[i]  ==  null  ||  searchList[i].length()  ==  0  ||  replacementList[i]  ==  null)  {  continue;  }  tempIndex  =  text.indexOf(searchList[i]);  [CLASS]  StringUtils  [METHOD]  replaceEach  [RETURN_TYPE]  String  String  text  String[]  searchList  String[]  replacementList  boolean  repeat  int  timeToLive  	projects/Lang39/src/java/org/apache/commons/lang3/StringUtils.java	0.7071067811865475	3640	3640	1	replace	String[]  replacementList  =  getReplacements().toArray(replacements);	  String[]    replacementList    =    getReplacements();    	non-compiled	[CE]  <identifier>  expected	10	None	replace
178	[BUG]  [BUGGY]  int  searchLength  =  Arrays.binarySearch(replacementList,  searchList.length);  [CE]  <identifier>  expected  [FE]                    NullPointerException      [CONTEXT]        [BUGGY]  int  searchLength  =  Arrays.binarySearch(replacementList,  searchList.length);  [BUGGY]      int  tempIndex  =  -1;    for  (int  i  =  0;  i  <  searchLength;  i++)  {  if  (noMoreMatchesForReplIndex[i]  ||  searchList[i]  ==  null  ||  searchList[i].length()  ==  0  ||  replacementList[i]  ==  null)  {  continue;  }  tempIndex  =  text.indexOf(searchList[i]);  [CLASS]  StringUtils  [METHOD]  replaceEach  [RETURN_TYPE]  String  String  text  String[]  searchList  String[]  replacementList  boolean  repeat  int  timeToLive  	projects/Lang39/src/java/org/apache/commons/lang3/StringUtils.java	0.7071067811865475	3640	3640	1	replace	int  searchLength  =  Arrays.binarySearch(replacementList,  searchList.length);	  int    searchLength    =    replacementList.length;    	non-compiled	[CE]  <identifier>  expected	59	None	replace
179	[BUG]  [BUGGY]  bucket  =  text.indexOf(replacementList[i]).trim();  [CE]  <identifier>  expected  [FE]              NullPointerException      [CONTEXT]        [BUGGY]  bucket  =  text.indexOf(replacementList[i]).trim();  [BUGGY]      int  tempIndex  =  -1;    for  (int  i  =  0;  i  <  searchLength;  i++)  {  if  (noMoreMatchesForReplIndex[i]  ||  searchList[i]  ==  null  ||  searchList[i].length()  ==  0  ||  replacementList[i]  ==  null)  {  continue;  }  tempIndex  =  text.indexOf(searchList[i]);  [CLASS]  StringUtils  [METHOD]  replaceEach  [RETURN_TYPE]  String  String  text  String[]  searchList  String[]  replacementList  boolean  repeat  int  timeToLive  	projects/Lang39/src/java/org/apache/commons/lang3/StringUtils.java	0.7071067811865475	3640	3640	1	replace	bucket  =  text.indexOf(replacementList[i]).trim();	  bucket    =    text.indexOf(replacementList[i]);    	non-compiled	[CE]  <identifier>  expected	17	None	replace
180	[BUG]  [BUGGY]  bucket  <  0  ||  searchLength  >  replacementList.length)  {  tempIndex  =  text.indexOf(searchList[i]);  }  [CE]  <identifier>  expected  [FE]                  NullPointerException      [CONTEXT]        [BUGGY]  bucket  <  0  ||  searchLength  >  replacementList.length)  {  tempIndex  =  text.indexOf(searchList[i]);  }  [BUGGY]      int  tempIndex  =  -1;    for  (int  i  =  0;  i  <  searchLength;  i++)  {  if  (noMoreMatchesForReplIndex[i]  ||  searchList[i]  ==  null  ||  searchList[i].length()  ==  0  ||  replacementList[i]  ==  null)  {  continue;  }  tempIndex  =  text.indexOf(searchList[i]);  [CLASS]  StringUtils  [METHOD]  replaceEach  [RETURN_TYPE]  String  String  text  String[]  searchList  String[]  replacementList  boolean  repeat  int  timeToLive  	projects/Lang39/src/java/org/apache/commons/lang3/StringUtils.java	0.7071067811865475	3640	3640	1	replace	bucket  <  0  ||  searchLength  >  replacementList.length)  {  tempIndex  =  text.indexOf(searchList[i]);  }	  bucket    <    0    ||    repeat)    {    tempIndex    =    text.indexOf(searchList[i]);    }    	non-compiled	[CE]  <identifier>  expected	30	None	replace
181	[BUG]  [BUGGY]  bucket  <  0  ||  searchLength  >  tempIndex)  {  tempIndex  =  text.indexOf(searchList[i]);  }  [CE]  <identifier>  expected  [FE]                    NullPointerException      [CONTEXT]        [BUGGY]  bucket  <  0  ||  searchLength  >  tempIndex)  {  tempIndex  =  text.indexOf(searchList[i]);  }  [BUGGY]      int  tempIndex  =  -1;    for  (int  i  =  0;  i  <  searchLength;  i++)  {  if  (noMoreMatchesForReplIndex[i]  ||  searchList[i]  ==  null  ||  searchList[i].length()  ==  0  ||  replacementList[i]  ==  null)  {  continue;  }  tempIndex  =  text.indexOf(searchList[i]);  [CLASS]  StringUtils  [METHOD]  replaceEach  [RETURN_TYPE]  String  String  text  String[]  searchList  String[]  replacementList  boolean  repeat  int  timeToLive  	projects/Lang39/src/java/org/apache/commons/lang3/StringUtils.java	0.7071067811865475	3640	3640	1	replace	bucket  <  0  ||  searchLength  >  tempIndex)  {  tempIndex  =  text.indexOf(searchList[i]);  }	  bucket    <    0    ||    repeat)    {    tempIndex    =    text.indexOf(searchList[i]);    }    	non-compiled	[CE]  <identifier>  expected	30	None	replace
182	[BUG]  [BUGGY]  int  tempIndex  =  this.replacementList.length;  [CE]  <identifier>  expected  [FE]              NullPointerException      [CONTEXT]        [BUGGY]  int  tempIndex  =  this.replacementList.length;  [BUGGY]          for  (int  i  =  0;  i  <  searchLength;  i++)  {  if  (noMoreMatchesForReplIndex[i]  ||  searchList[i]  ==  null  ||  searchList[i].length()  ==  0  ||  replacementList[i]  ==  null)  {  continue;  }  tempIndex  =  text.indexOf(searchList[i]);  [CLASS]  StringUtils  [METHOD]  replaceEach  [RETURN_TYPE]  String  String  text  String[]  searchList  String[]  replacementList  boolean  repeat  int  timeToLive  	projects/Lang39/src/java/org/apache/commons/lang3/StringUtils.java	0.7071067811865475	3640	3640	1	replace	int  tempIndex  =  this.replacementList.length;	  int    tempIndex    =    searchLength;    	non-compiled	[CE]  <identifier>  expected	23	None	replace
183	[BUG]  [BUGGY]  bucket  =  text.indexOf(replacements[i]);  [CE]  <identifier>  expected  [FE]                      NullPointerException      [CONTEXT]        [BUGGY]  bucket  =  text.indexOf(replacements[i]);  [BUGGY]      int  tempIndex  =  -1;    for  (int  i  =  0;  i  <  searchLength;  i++)  {  if  (noMoreMatchesForReplIndex[i]  ||  searchList[i]  ==  null  ||  searchList[i].length()  ==  0  ||  replacementList[i]  ==  null)  {  continue;  }  tempIndex  =  text.indexOf(searchList[i]);  [CLASS]  StringUtils  [METHOD]  replaceEach  [RETURN_TYPE]  String  String  text  String[]  searchList  String[]  replacementList  boolean  repeat  int  timeToLive  	projects/Lang39/src/java/org/apache/commons/lang3/StringUtils.java	0.7071067811865475	3640	3640	1	replace	bucket  =  text.indexOf(replacements[i]);	  bucket    =    text.indexOf(searchList[i]);    	non-compiled	[CE]  <identifier>  expected	3	None	replace
184	[BUG]  [BUGGY]  String[]  replacementList  =  this.repeat.toArray(new  String[this.repeat.size()  ]);  [CE]  <identifier>  expected  [FE]                  NullPointerException      [CONTEXT]        [BUGGY]  String[]  replacementList  =  this.repeat.toArray(new  String[this.repeat.size()  ]);  [BUGGY]          for  (int  i  =  0;  i  <  searchLength;  i++)  {  if  (noMoreMatchesForReplIndex[i]  ||  searchList[i]  ==  null  ||  searchList[i].length()  ==  0  ||  replacementList[i]  ==  null)  {  continue;  }  tempIndex  =  text.indexOf(searchList[i]);  [CLASS]  StringUtils  [METHOD]  replaceEach  [RETURN_TYPE]  String  String  text  String[]  searchList  String[]  replacementList  boolean  repeat  int  timeToLive  	projects/Lang39/src/java/org/apache/commons/lang3/StringUtils.java	0.7071067811865475	3640	3640	1	replace	String[]  replacementList  =  this.repeat.toArray(new  String[this.repeat.size()  ]);	  String[]    replacementList    =(String[])this.repeat.clone();    	non-compiled	[CE]  <identifier>  expected	11	None	replace
185	[BUG]  [BUGGY]  String[]  replacementList  =  new  String[this.repeat.size()  ];  [CE]  <identifier>  expected  [FE]                    NullPointerException      [CONTEXT]        [BUGGY]  String[]  replacementList  =  new  String[this.repeat.size()  ];  [BUGGY]          for  (int  i  =  0;  i  <  searchLength;  i++)  {  if  (noMoreMatchesForReplIndex[i]  ||  searchList[i]  ==  null  ||  searchList[i].length()  ==  0  ||  replacementList[i]  ==  null)  {  continue;  }  tempIndex  =  text.indexOf(searchList[i]);  [CLASS]  StringUtils  [METHOD]  replaceEach  [RETURN_TYPE]  String  String  text  String[]  searchList  String[]  replacementList  boolean  repeat  int  timeToLive  	projects/Lang39/src/java/org/apache/commons/lang3/StringUtils.java	0.7071067811865475	3640	3640	1	replace	String[]  replacementList  =  new  String[this.repeat.size()  ];	  String[]    replacementList    =(String[])this.repeat.clone();    	non-compiled	[CE]  <identifier>  expected	11	None	replace
186	[BUG]  [BUGGY]  String  repeat  =  searchList.indexOf(replacementList[i])+  1;  [CE]  <identifier>  expected  [FE]                NullPointerException      [CONTEXT]        [BUGGY]  String  repeat  =  searchList.indexOf(replacementList[i])+  1;  [BUGGY]      int  tempIndex  =  -1;    for  (int  i  =  0;  i  <  searchLength;  i++)  {  if  (noMoreMatchesForReplIndex[i]  ||  searchList[i]  ==  null  ||  searchList[i].length()  ==  0  ||  replacementList[i]  ==  null)  {  continue;  }  tempIndex  =  text.indexOf(searchList[i]);  [CLASS]  StringUtils  [METHOD]  replaceEach  [RETURN_TYPE]  String  String  text  String[]  searchList  String[]  replacementList  boolean  repeat  int  timeToLive  	projects/Lang39/src/java/org/apache/commons/lang3/StringUtils.java	0.7071067811865475	3640	3640	1	replace	String  repeat  =  searchList.indexOf(replacementList[i])+  1;	  String    repeat    =    searchList.indexOf(replacementList[i]);    	non-compiled	[CE]  <identifier>  expected	46	None	replace
187	[BUG]  [BUGGY]  String  tempIndex  =(searchLength  >  0)?  searchLength  -  searchLength  :  -1;  [CE]  <identifier>  expected  [FE]            NullPointerException      [CONTEXT]        [BUGGY]  String  tempIndex  =(searchLength  >  0)?  searchLength  -  searchLength  :  -1;  [BUGGY]          for  (int  i  =  0;  i  <  searchLength;  i++)  {  if  (noMoreMatchesForReplIndex[i]  ||  searchList[i]  ==  null  ||  searchList[i].length()  ==  0  ||  replacementList[i]  ==  null)  {  continue;  }  tempIndex  =  text.indexOf(searchList[i]);  [CLASS]  StringUtils  [METHOD]  replaceEach  [RETURN_TYPE]  String  String  text  String[]  searchList  String[]  replacementList  boolean  repeat  int  timeToLive  	projects/Lang39/src/java/org/apache/commons/lang3/StringUtils.java	0.7071067811865475	3640	3640	1	replace	String  tempIndex  =(searchLength  >  0)?  searchLength  -  searchLength  :  -1;	  String    tempIndex    =    -1;    	non-compiled	[CE]  <identifier>  expected	15	None	replace
188	[BUG]  [BUGGY]  String[]  replacementList  =  new  String[replacements.length  ];  [CE]  <identifier>  expected  [FE]                  NullPointerException      [CONTEXT]        [BUGGY]  String[]  replacementList  =  new  String[replacements.length  ];  [BUGGY]          for  (int  i  =  0;  i  <  searchLength;  i++)  {  if  (noMoreMatchesForReplIndex[i]  ||  searchList[i]  ==  null  ||  searchList[i].length()  ==  0  ||  replacementList[i]  ==  null)  {  continue;  }  tempIndex  =  text.indexOf(searchList[i]);  [CLASS]  StringUtils  [METHOD]  replaceEach  [RETURN_TYPE]  String  String  text  String[]  searchList  String[]  replacementList  boolean  repeat  int  timeToLive  	projects/Lang39/src/java/org/apache/commons/lang3/StringUtils.java	0.7071067811865475	3640	3640	1	replace	String[]  replacementList  =  new  String[replacements.length  ];	  String[]    replacementList    =    new    String[tempIndex.length()    ];    	non-compiled	[CE]  <identifier>  expected	48	None	replace
189	[BUG]  [BUGGY]  int  tempIndex  =(this.replLength  >  0)?  this.replLength  :  0;  [CE]  <identifier>  expected  [FE]            NullPointerException      [CONTEXT]        [BUGGY]  int  tempIndex  =(this.replLength  >  0)?  this.replLength  :  0;  [BUGGY]          for  (int  i  =  0;  i  <  searchLength;  i++)  {  if  (noMoreMatchesForReplIndex[i]  ||  searchList[i]  ==  null  ||  searchList[i].length()  ==  0  ||  replacementList[i]  ==  null)  {  continue;  }  tempIndex  =  text.indexOf(searchList[i]);  [CLASS]  StringUtils  [METHOD]  replaceEach  [RETURN_TYPE]  String  String  text  String[]  searchList  String[]  replacementList  boolean  repeat  int  timeToLive  	projects/Lang39/src/java/org/apache/commons/lang3/StringUtils.java	0.7071067811865475	3640	3640	1	replace	int  tempIndex  =(this.replLength  >  0)?  this.replLength  :  0;	  int    tempIndex    =(searchLength    >    0)?    searchLength    :    0;    	non-compiled	[CE]  <identifier>  expected	49	None	replace
190	[BUG]  [BUGGY]  int  tempIndex  =(this.repeat  >  0)?  this.repeat  :  0;  [CE]  <identifier>  expected  [FE]              NullPointerException      [CONTEXT]        [BUGGY]  int  tempIndex  =(this.repeat  >  0)?  this.repeat  :  0;  [BUGGY]          for  (int  i  =  0;  i  <  searchLength;  i++)  {  if  (noMoreMatchesForReplIndex[i]  ||  searchList[i]  ==  null  ||  searchList[i].length()  ==  0  ||  replacementList[i]  ==  null)  {  continue;  }  tempIndex  =  text.indexOf(searchList[i]);  [CLASS]  StringUtils  [METHOD]  replaceEach  [RETURN_TYPE]  String  String  text  String[]  searchList  String[]  replacementList  boolean  repeat  int  timeToLive  	projects/Lang39/src/java/org/apache/commons/lang3/StringUtils.java	0.7071067811865475	3640	3640	1	replace	int  tempIndex  =(this.repeat  >  0)?  this.repeat  :  0;	  int    tempIndex    =(searchLength    >    0)?    searchLength    :    0;    	non-compiled	[CE]  <identifier>  expected	49	None	replace
191	[BUG]  [BUGGY]  bucketMap.put(searchList[i],  null);  [CE]  <identifier>  expected  [FE]                  NullPointerException      [CONTEXT]        [BUGGY]  bucketMap.put(searchList[i],  null);  [BUGGY]      int  tempIndex  =  -1;    for  (int  i  =  0;  i  <  searchLength;  i++)  {  if  (noMoreMatchesForReplIndex[i]  ||  searchList[i]  ==  null  ||  searchList[i].length()  ==  0  ||  replacementList[i]  ==  null)  {  continue;  }  tempIndex  =  text.indexOf(searchList[i]);  [CLASS]  StringUtils  [METHOD]  replaceEach  [RETURN_TYPE]  String  String  text  String[]  searchList  String[]  replacementList  boolean  repeat  int  timeToLive  	projects/Lang39/src/java/org/apache/commons/lang3/StringUtils.java	0.7071067811865475	3640	3640	1	replace	bucketMap.put(searchList[i],  null);	  bucketMap.put(replacementList[i],    null);    	non-compiled	[CE]  <identifier>  expected	42	None	replace
192	[BUG]  [BUGGY]  String  repeat  =  text.indexOf(replacements[i]);  [CE]  <identifier>  expected  [FE]              NullPointerException      [CONTEXT]        [BUGGY]  String  repeat  =  text.indexOf(replacements[i]);  [BUGGY]      int  tempIndex  =  -1;    for  (int  i  =  0;  i  <  searchLength;  i++)  {  if  (noMoreMatchesForReplIndex[i]  ||  searchList[i]  ==  null  ||  searchList[i].length()  ==  0  ||  replacementList[i]  ==  null)  {  continue;  }  tempIndex  =  text.indexOf(searchList[i]);  [CLASS]  StringUtils  [METHOD]  replaceEach  [RETURN_TYPE]  String  String  text  String[]  searchList  String[]  replacementList  boolean  repeat  int  timeToLive  	projects/Lang39/src/java/org/apache/commons/lang3/StringUtils.java	0.7071067811865475	3640	3640	1	replace	String  repeat  =  text.indexOf(replacements[i]);	  String    repeat    =    text.indexOf(searchList[i]);    	non-compiled	[CE]  <identifier>  expected	45	None	replace
193	[BUG]  [BUGGY]  String  tempIndex  =(searchLength  <  1)?  0  :  searchLength;  [CE]  <identifier>  expected  [FE]            NullPointerException      [CONTEXT]        [BUGGY]  String  tempIndex  =(searchLength  <  1)?  0  :  searchLength;  [BUGGY]          for  (int  i  =  0;  i  <  searchLength;  i++)  {  if  (noMoreMatchesForReplIndex[i]  ||  searchList[i]  ==  null  ||  searchList[i].length()  ==  0  ||  replacementList[i]  ==  null)  {  continue;  }  tempIndex  =  text.indexOf(searchList[i]);  [CLASS]  StringUtils  [METHOD]  replaceEach  [RETURN_TYPE]  String  String  text  String[]  searchList  String[]  replacementList  boolean  repeat  int  timeToLive  	projects/Lang39/src/java/org/apache/commons/lang3/StringUtils.java	0.7071067811865475	3640	3640	1	replace	String  tempIndex  =(searchLength  <  1)?  0  :  searchLength;	  String    tempIndex    =    1;    	non-compiled	[CE]  <identifier>  expected	43	None	replace
194	[BUG]  [BUGGY]  String  repeat  =  replaceList[i].indexOf(searchList[i]);  [CE]  <identifier>  expected  [FE]                  NullPointerException      [CONTEXT]        [BUGGY]  String  repeat  =  replaceList[i].indexOf(searchList[i]);  [BUGGY]      int  tempIndex  =  -1;    for  (int  i  =  0;  i  <  searchLength;  i++)  {  if  (noMoreMatchesForReplIndex[i]  ||  searchList[i]  ==  null  ||  searchList[i].length()  ==  0  ||  replacementList[i]  ==  null)  {  continue;  }  tempIndex  =  text.indexOf(searchList[i]);  [CLASS]  StringUtils  [METHOD]  replaceEach  [RETURN_TYPE]  String  String  text  String[]  searchList  String[]  replacementList  boolean  repeat  int  timeToLive  	projects/Lang39/src/java/org/apache/commons/lang3/StringUtils.java	0.7071067811865475	3640	3640	1	replace	String  repeat  =  replaceList[i].indexOf(searchList[i]);	  String    repeat    =    replaceList[i].indexOf(replacementList[i]);    	non-compiled	[CE]  <identifier>  expected	29	None	replace
195	[BUG]  [BUGGY]  bucketIndex  =  this.replacementList[i].indexOf(replacementList[i])+  1;  [CE]  <identifier>  expected  [FE]                    NullPointerException      [CONTEXT]        [BUGGY]  bucketIndex  =  this.replacementList[i].indexOf(replacementList[i])+  1;  [BUGGY]      int  tempIndex  =  -1;    for  (int  i  =  0;  i  <  searchLength;  i++)  {  if  (noMoreMatchesForReplIndex[i]  ||  searchList[i]  ==  null  ||  searchList[i].length()  ==  0  ||  replacementList[i]  ==  null)  {  continue;  }  tempIndex  =  text.indexOf(searchList[i]);  [CLASS]  StringUtils  [METHOD]  replaceEach  [RETURN_TYPE]  String  String  text  String[]  searchList  String[]  replacementList  boolean  repeat  int  timeToLive  	projects/Lang39/src/java/org/apache/commons/lang3/StringUtils.java	0.7071067811865475	3640	3640	1	replace	bucketIndex  =  this.replacementList[i].indexOf(replacementList[i])+  1;	  bucketIndex    =    text.indexOf(searchList[i]);    	non-compiled	[CE]  <identifier>  expected	31	None	replace
196	[BUG]  [BUGGY]  bucketIndex  =  text.indexOf(replacements[i]);  [CE]  <identifier>  expected  [FE]                      NullPointerException      [CONTEXT]        [BUGGY]  bucketIndex  =  text.indexOf(replacements[i]);  [BUGGY]      int  tempIndex  =  -1;    for  (int  i  =  0;  i  <  searchLength;  i++)  {  if  (noMoreMatchesForReplIndex[i]  ||  searchList[i]  ==  null  ||  searchList[i].length()  ==  0  ||  replacementList[i]  ==  null)  {  continue;  }  tempIndex  =  text.indexOf(searchList[i]);  [CLASS]  StringUtils  [METHOD]  replaceEach  [RETURN_TYPE]  String  String  text  String[]  searchList  String[]  replacementList  boolean  repeat  int  timeToLive  	projects/Lang39/src/java/org/apache/commons/lang3/StringUtils.java	0.7071067811865475	3640	3640	1	replace	bucketIndex  =  text.indexOf(replacements[i]);	  bucketIndex    =    text.indexOf(searchList[i]);    	non-compiled	[CE]  <identifier>  expected	31	None	replace
197	[BUG]  [BUGGY]  int  searchLength  =  replacementList[0].length();  [CE]  <identifier>  expected  [FE]                  NullPointerException      [CONTEXT]        [BUGGY]  int  searchLength  =  replacementList[0].length();  [BUGGY]      int  tempIndex  =  -1;    for  (int  i  =  0;  i  <  searchLength;  i++)  {  if  (noMoreMatchesForReplIndex[i]  ||  searchList[i]  ==  null  ||  searchList[i].length()  ==  0  ||  replacementList[i]  ==  null)  {  continue;  }  tempIndex  =  text.indexOf(searchList[i]);  [CLASS]  StringUtils  [METHOD]  replaceEach  [RETURN_TYPE]  String  String  text  String[]  searchList  String[]  replacementList  boolean  repeat  int  timeToLive  	projects/Lang39/src/java/org/apache/commons/lang3/StringUtils.java	0.7071067811865475	3640	3640	1	replace	int  searchLength  =  replacementList[0].length();	  int    searchLength    =    searchList[0].length();    	non-compiled	[CE]  <identifier>  expected	20	None	replace
198	[BUG]  [BUGGY]  bucket  <  0  ||  searchLength  >  replacementList.length)  {  tempIndex  =  text.indexOf(searchList[i]);  [CE]  <identifier>  expected  [FE]                        NullPointerException      [CONTEXT]        [BUGGY]  bucket  <  0  ||  searchLength  >  replacementList.length)  {  tempIndex  =  text.indexOf(searchList[i]);  [BUGGY]      int  tempIndex  =  -1;    for  (int  i  =  0;  i  <  searchLength;  i++)  {  if  (noMoreMatchesForReplIndex[i]  ||  searchList[i]  ==  null  ||  searchList[i].length()  ==  0  ||  replacementList[i]  ==  null)  {  continue;  }  tempIndex  =  text.indexOf(searchList[i]);  [CLASS]  StringUtils  [METHOD]  replaceEach  [RETURN_TYPE]  String  String  text  String[]  searchList  String[]  replacementList  boolean  repeat  int  timeToLive  	projects/Lang39/src/java/org/apache/commons/lang3/StringUtils.java	0.7071067811865475	3640	3640	1	replace	bucket  <  0  ||  searchLength  >  replacementList.length)  {  tempIndex  =  text.indexOf(searchList[i]);	  bucket    <    0    ||    repeat)    {    tempIndex    =    text.indexOf(searchList[i]);    	non-compiled	[CE]  <identifier>  expected	33	None	replace
199	[BUG]  [BUGGY]  int  searchLength  =  this.searchList.length  -  1;  [CE]  <identifier>  expected  [FE]                    NullPointerException      [CONTEXT]        [BUGGY]  int  searchLength  =  this.searchList.length  -  1;  [BUGGY]      int  tempIndex  =  -1;    for  (int  i  =  0;  i  <  searchLength;  i++)  {  if  (noMoreMatchesForReplIndex[i]  ||  searchList[i]  ==  null  ||  searchList[i].length()  ==  0  ||  replacementList[i]  ==  null)  {  continue;  }  tempIndex  =  text.indexOf(searchList[i]);  [CLASS]  StringUtils  [METHOD]  replaceEach  [RETURN_TYPE]  String  String  text  String[]  searchList  String[]  replacementList  boolean  repeat  int  timeToLive  	projects/Lang39/src/java/org/apache/commons/lang3/StringUtils.java	0.7071067811865475	3640	3640	1	replace	int  searchLength  =  this.searchList.length  -  1;	  int    searchLength    =    this.searchList.length();    	non-compiled	[CE]  <identifier>  expected	6	None	replace
200	[BUG]  [BUGGY]  int  timeToLive  =  searchList.size()  -  1;  [CE]  <identifier>  expected  [FE]                NullPointerException      [CONTEXT]        [BUGGY]  int  timeToLive  =  searchList.size()  -  1;  [BUGGY]          for  (int  i  =  0;  i  <  searchLength;  i++)  {  if  (noMoreMatchesForReplIndex[i]  ||  searchList[i]  ==  null  ||  searchList[i].length()  ==  0  ||  replacementList[i]  ==  null)  {  continue;  }  tempIndex  =  text.indexOf(searchList[i]);  [CLASS]  StringUtils  [METHOD]  replaceEach  [RETURN_TYPE]  String  String  text  String[]  searchList  String[]  replacementList  boolean  repeat  int  timeToLive  	projects/Lang39/src/java/org/apache/commons/lang3/StringUtils.java	0.7071067811865475	3640	3640	1	replace	int  timeToLive  =  searchList.size()  -  1;	  int    timeToLive    =    searchList.size()    >    0;    	non-compiled	[CE]  <identifier>  expected	52	None	replace
201	[BUG]  [BUGGY]  tempIndex  =  text.lastIndexOf(searchList[i]);  [CE]  <identifier>  expected  [FE]                    NullPointerException      [CONTEXT]        [BUGGY]  tempIndex  =  text.lastIndexOf(searchList[i]);  [BUGGY]      int  tempIndex  =  -1;    for  (int  i  =  0;  i  <  searchLength;  i++)  {  if  (noMoreMatchesForReplIndex[i]  ||  searchList[i]  ==  null  ||  searchList[i].length()  ==  0  ||  replacementList[i]  ==  null)  {  continue;  }  tempIndex  =  text.indexOf(searchList[i]);  [CLASS]  StringUtils  [METHOD]  replaceEach  [RETURN_TYPE]  String  String  text  String[]  searchList  String[]  replacementList  boolean  repeat  int  timeToLive  	projects/Lang39/src/java/org/apache/commons/lang3/StringUtils.java	0.7071067811865475	3640	3640	1	replace	tempIndex  =  text.lastIndexOf(searchList[i]);	  tempIndex    =    text.indexOf(searchList[i]);    	non-compiled	[CE]  <identifier>  expected	2	None	replace
202	[BUG]  [BUGGY]  tempIndex  =  text.indexOf(searchList[i].substring(0,  searchLength));  [CE]  <identifier>  expected  [FE]                      NullPointerException      [CONTEXT]        [BUGGY]  tempIndex  =  text.indexOf(searchList[i].substring(0,  searchLength));  [BUGGY]      int  tempIndex  =  -1;    for  (int  i  =  0;  i  <  searchLength;  i++)  {  if  (noMoreMatchesForReplIndex[i]  ||  searchList[i]  ==  null  ||  searchList[i].length()  ==  0  ||  replacementList[i]  ==  null)  {  continue;  }  tempIndex  =  text.indexOf(searchList[i]);  [CLASS]  StringUtils  [METHOD]  replaceEach  [RETURN_TYPE]  String  String  text  String[]  searchList  String[]  replacementList  boolean  repeat  int  timeToLive  	projects/Lang39/src/java/org/apache/commons/lang3/StringUtils.java	0.7071067811865475	3640	3640	1	replace	tempIndex  =  text.indexOf(searchList[i].substring(0,  searchLength));	  tempIndex    =    text.indexOf(searchList[i]);    	non-compiled	[CE]  <identifier>  expected	2	None	replace
203	[BUG]  [BUGGY]  tempIndex  =  text.indexOf(replacementList[i]);  continue;  [CE]  <identifier>  expected  [FE]              NullPointerException      [CONTEXT]        [BUGGY]  tempIndex  =  text.indexOf(replacementList[i]);  continue;  [BUGGY]      int  tempIndex  =  -1;    for  (int  i  =  0;  i  <  searchLength;  i++)  {  if  (noMoreMatchesForReplIndex[i]  ||  searchList[i]  ==  null  ||  searchList[i].length()  ==  0  ||  replacementList[i]  ==  null)  {  continue;  }  tempIndex  =  text.indexOf(searchList[i]);  [CLASS]  StringUtils  [METHOD]  replaceEach  [RETURN_TYPE]  String  String  text  String[]  searchList  String[]  replacementList  boolean  repeat  int  timeToLive  	projects/Lang39/src/java/org/apache/commons/lang3/StringUtils.java	0.7071067811865475	3640	3640	1	replace	tempIndex  =  text.indexOf(replacementList[i]);  continue;	  if(replacementList    ==    null)    {    tempIndex    =    text.indexOf(replacementList[i]);    continue;    }    	non-compiled	[CE]  <identifier>  expected	38	None	replace
204	[BUG]  [BUGGY]  bucketIndex  =  text.indexOf(repeat);  [CE]  <identifier>  expected  [FE]                    NullPointerException      [CONTEXT]        [BUGGY]  bucketIndex  =  text.indexOf(repeat);  [BUGGY]      int  tempIndex  =  -1;    for  (int  i  =  0;  i  <  searchLength;  i++)  {  if  (noMoreMatchesForReplIndex[i]  ||  searchList[i]  ==  null  ||  searchList[i].length()  ==  0  ||  replacementList[i]  ==  null)  {  continue;  }  tempIndex  =  text.indexOf(searchList[i]);  [CLASS]  StringUtils  [METHOD]  replaceEach  [RETURN_TYPE]  String  String  text  String[]  searchList  String[]  replacementList  boolean  repeat  int  timeToLive  	projects/Lang39/src/java/org/apache/commons/lang3/StringUtils.java	0.7071067811865475	3640	3640	1	replace	bucketIndex  =  text.indexOf(repeat);	  bucketIndex    =    text.indexOf(repl);    	non-compiled	[CE]  <identifier>  expected	35	None	replace
205	[BUG]  [BUGGY]  int  timeToLive  =  searchList.length  -  1;  [CE]  <identifier>  expected  [FE]                NullPointerException      [CONTEXT]        [BUGGY]  int  timeToLive  =  searchList.length  -  1;  [BUGGY]          for  (int  i  =  0;  i  <  searchLength;  i++)  {  if  (noMoreMatchesForReplIndex[i]  ||  searchList[i]  ==  null  ||  searchList[i].length()  ==  0  ||  replacementList[i]  ==  null)  {  continue;  }  tempIndex  =  text.indexOf(searchList[i]);  [CLASS]  StringUtils  [METHOD]  replaceEach  [RETURN_TYPE]  String  String  text  String[]  searchList  String[]  replacementList  boolean  repeat  int  timeToLive  	projects/Lang39/src/java/org/apache/commons/lang3/StringUtils.java	0.7071067811865475	3640	3640	1	replace	int  timeToLive  =  searchList.length  -  1;	  int    timeToLive    =    searchList.length();    	non-compiled	[CE]  <identifier>  expected	47	None	replace
