bugid	buggy	buggy_class	suspiciousness	buggy_line	endbuggycode	original_failing_test_number	action	patch	original_buggy	execution_result	diagnosis	previous_bug_id	new_failing_test_number	this_action
1	[BUG]  [BUGGY]  for(int  j  =  0;  j  <  c.length;  ++j)  {  System.arraycopy(c,  0,  c,  0,  c.length);  }  [CE]  illegal  start  of  expression  [FE]            AssertionFailedError    [CONTEXT]    throws  DerivativeException,  IntegratorException  {  sanityChecks(equations,  t0,  y0,  t,  y);  setEquations(equations);  resetEvaluations();  final  boolean  forward  =  t  >  t0;      [BUGGY]  for(int  j  =  0;  j  <  c.length;  ++j)  {  System.arraycopy(c,  0,  c,  0,  c.length);  }  [BUGGY]    final  int  stages  =  c.length  +  1;  if  (y  !=  y0)  {  System.arraycopy(y0,  0,  y,  0,  y0.length);  }  final  double[][]  yDotK  =  new  double[stages][];  for  (int  i  =  0;  i  <  stages;  ++i)  {  yDotK  [i]  =  new  double[y0.length];  }  final  double[]  yTmp  =  new  double[y0.length];    [CLASS]  RungeKuttaIntegrator  [METHOD]  integrate  [RETURN_TYPE]  double  FirstOrderDifferentialEquations  equations  final  double  t0  final  double[]  y0  final  double  t  final  double[]  y  [VARIABLES]  boolean  forward  lastStep  loop  CombinedEventsManager  manager  double[]  b  c  y  y0  yTmp  double  dt  nextStep  step  stopTime  sum  t  t0  double[][]  a  yDotK  AbstractStepInterpolator  interpolator  StepHandler  handler  RungeKuttaStepInterpolator  prototype  rki  int  i  j  k  l  stages  FirstOrderDifferentialEquations  equations  	projects/Math71/src/main/java/org/apache/commons/math/ode/nonstiff/RungeKuttaIntegrator.java	0.2672612419124244	106	106	2	replace	for(int  j  =  0;  j  <  c.length;  ++j)  {  System.arraycopy(c,  0,  c,  0,  c.length);  }	      if(c.length    ==    0)    {    for(int    j    =    0;    j    <    c.length;    ++j)    {    System.arraycopy(c,    0,    c,    0,    c.length);    }    	non-compiled	[CE]  illegal  start  of  expression	17	None	replace
2	[BUG]  [BUGGY]  if(forward)  {  if(c.length  ==  0)  {  for(int  j  =  0;  j  <  c.length;  ++j)  {  System.arraycopy(c,  0,  c,  0,  c.length);  }  [CE]  illegal  start  of  expression  [FE]              AssertionFailedError    [CONTEXT]    throws  DerivativeException,  IntegratorException  {  sanityChecks(equations,  t0,  y0,  t,  y);  setEquations(equations);  resetEvaluations();  final  boolean  forward  =  t  >  t0;      [BUGGY]  if(forward)  {  if(c.length  ==  0)  {  for(int  j  =  0;  j  <  c.length;  ++j)  {  System.arraycopy(c,  0,  c,  0,  c.length);  }  [BUGGY]    final  int  stages  =  c.length  +  1;  if  (y  !=  y0)  {  System.arraycopy(y0,  0,  y,  0,  y0.length);  }  final  double[][]  yDotK  =  new  double[stages][];  for  (int  i  =  0;  i  <  stages;  ++i)  {  yDotK  [i]  =  new  double[y0.length];  }  final  double[]  yTmp  =  new  double[y0.length];    [CLASS]  RungeKuttaIntegrator  [METHOD]  integrate  [RETURN_TYPE]  double  FirstOrderDifferentialEquations  equations  final  double  t0  final  double[]  y0  final  double  t  final  double[]  y  [VARIABLES]  boolean  forward  lastStep  loop  CombinedEventsManager  manager  double[]  b  c  y  y0  yTmp  double  dt  nextStep  step  stopTime  sum  t  t0  double[][]  a  yDotK  AbstractStepInterpolator  interpolator  StepHandler  handler  RungeKuttaStepInterpolator  prototype  rki  int  i  j  k  l  stages  FirstOrderDifferentialEquations  equations  	projects/Math71/src/main/java/org/apache/commons/math/ode/nonstiff/RungeKuttaIntegrator.java	0.2672612419124244	106	106	2	replace	if(forward)  {  if(c.length  ==  0)  {  for(int  j  =  0;  j  <  c.length;  ++j)  {  System.arraycopy(c,  0,  c,  0,  c.length);  }	      if(c.length    ==    0)    {    for(int    j    =    0;    j    <    c.length;    ++j)    {    System.arraycopy(c,    0,    c,    0,    c.length);    }    	non-compiled	[CE]  illegal  start  of  expression	17	None	replace
3	[BUG]  [BUGGY]  if(forward)  {  for(int  j  =  0;  j  <  c.length;  ++j)  {  System.arraycopy(c,  0,  c,  0,  c.length);  }  [CE]  illegal  start  of  expression  [FE]                AssertionFailedError    [CONTEXT]    throws  DerivativeException,  IntegratorException  {  sanityChecks(equations,  t0,  y0,  t,  y);  setEquations(equations);  resetEvaluations();  final  boolean  forward  =  t  >  t0;      [BUGGY]  if(forward)  {  for(int  j  =  0;  j  <  c.length;  ++j)  {  System.arraycopy(c,  0,  c,  0,  c.length);  }  [BUGGY]    final  int  stages  =  c.length  +  1;  if  (y  !=  y0)  {  System.arraycopy(y0,  0,  y,  0,  y0.length);  }  final  double[][]  yDotK  =  new  double[stages][];  for  (int  i  =  0;  i  <  stages;  ++i)  {  yDotK  [i]  =  new  double[y0.length];  }  final  double[]  yTmp  =  new  double[y0.length];    [CLASS]  RungeKuttaIntegrator  [METHOD]  integrate  [RETURN_TYPE]  double  FirstOrderDifferentialEquations  equations  final  double  t0  final  double[]  y0  final  double  t  final  double[]  y  [VARIABLES]  boolean  forward  lastStep  loop  CombinedEventsManager  manager  double[]  b  c  y  y0  yTmp  double  dt  nextStep  step  stopTime  sum  t  t0  double[][]  a  yDotK  AbstractStepInterpolator  interpolator  StepHandler  handler  RungeKuttaStepInterpolator  prototype  rki  int  i  j  k  l  stages  FirstOrderDifferentialEquations  equations  	projects/Math71/src/main/java/org/apache/commons/math/ode/nonstiff/RungeKuttaIntegrator.java	0.2672612419124244	106	106	2	replace	if(forward)  {  for(int  j  =  0;  j  <  c.length;  ++j)  {  System.arraycopy(c,  0,  c,  0,  c.length);  }	      if(c.length    ==    0)    {    for(int    j    =    0;    j    <    c.length;    ++j)    {    System.arraycopy(c,    0,    c,    0,    c.length);    }    	non-compiled	[CE]  illegal  start  of  expression	17	None	replace
4	[BUG]  [BUGGY]  for(int  j  =  0;  j  <  c.length;  ++j)  {  System.arraycopy(c,  0,  c,  0,  c.length  +  1);  }  [CE]  illegal  start  of  expression  [FE]                  AssertionFailedError    [CONTEXT]    throws  DerivativeException,  IntegratorException  {  sanityChecks(equations,  t0,  y0,  t,  y);  setEquations(equations);  resetEvaluations();  final  boolean  forward  =  t  >  t0;      [BUGGY]  for(int  j  =  0;  j  <  c.length;  ++j)  {  System.arraycopy(c,  0,  c,  0,  c.length  +  1);  }  [BUGGY]    final  int  stages  =  c.length  +  1;  if  (y  !=  y0)  {  System.arraycopy(y0,  0,  y,  0,  y0.length);  }  final  double[][]  yDotK  =  new  double[stages][];  for  (int  i  =  0;  i  <  stages;  ++i)  {  yDotK  [i]  =  new  double[y0.length];  }  final  double[]  yTmp  =  new  double[y0.length];    [CLASS]  RungeKuttaIntegrator  [METHOD]  integrate  [RETURN_TYPE]  double  FirstOrderDifferentialEquations  equations  final  double  t0  final  double[]  y0  final  double  t  final  double[]  y  [VARIABLES]  boolean  forward  lastStep  loop  CombinedEventsManager  manager  double[]  b  c  y  y0  yTmp  double  dt  nextStep  step  stopTime  sum  t  t0  double[][]  a  yDotK  AbstractStepInterpolator  interpolator  StepHandler  handler  RungeKuttaStepInterpolator  prototype  rki  int  i  j  k  l  stages  FirstOrderDifferentialEquations  equations  	projects/Math71/src/main/java/org/apache/commons/math/ode/nonstiff/RungeKuttaIntegrator.java	0.2672612419124244	106	106	2	replace	for(int  j  =  0;  j  <  c.length;  ++j)  {  System.arraycopy(c,  0,  c,  0,  c.length  +  1);  }	      if(c.length    ==    0)    {    for(int    j    =    0;    j    <    c.length;    ++j)    {    System.arraycopy(c,    0,    c,    0,    c.length);    }    	non-compiled	[CE]  illegal  start  of  expression	17	None	replace
5	[BUG]  [BUGGY]  Integer  c  =  getIntValue()  +  1;  [CE]  illegal  start  of  expression  [FE]            AssertionFailedError    [CONTEXT]    throws  DerivativeException,  IntegratorException  {  sanityChecks(equations,  t0,  y0,  t,  y);  setEquations(equations);  resetEvaluations();  final  boolean  forward  =  t  >  t0;      [BUGGY]  Integer  c  =  getIntValue()  +  1;  [BUGGY]    final  int  stages  =  c.length  +  1;  if  (y  !=  y0)  {  System.arraycopy(y0,  0,  y,  0,  y0.length);  }  final  double[][]  yDotK  =  new  double[stages][];  for  (int  i  =  0;  i  <  stages;  ++i)  {  yDotK  [i]  =  new  double[y0.length];  }  final  double[]  yTmp  =  new  double[y0.length];    [CLASS]  RungeKuttaIntegrator  [METHOD]  integrate  [RETURN_TYPE]  double  FirstOrderDifferentialEquations  equations  final  double  t0  final  double[]  y0  final  double  t  final  double[]  y  [VARIABLES]  boolean  forward  lastStep  loop  CombinedEventsManager  manager  double[]  b  c  y  y0  yTmp  double  dt  nextStep  step  stopTime  sum  t  t0  double[][]  a  yDotK  AbstractStepInterpolator  interpolator  StepHandler  handler  RungeKuttaStepInterpolator  prototype  rki  int  i  j  k  l  stages  FirstOrderDifferentialEquations  equations  	projects/Math71/src/main/java/org/apache/commons/math/ode/nonstiff/RungeKuttaIntegrator.java	0.2672612419124244	106	106	2	replace	Integer  c  =  getIntValue()  +  1;	      Integer    c    =    getIntValue();    	non-compiled	[CE]  illegal  start  of  expression	3	None	replace
6	[BUG]  [BUGGY]  Integer  c  =  getLongValue();  [CE]  illegal  start  of  expression  [FE]              AssertionFailedError    [CONTEXT]    throws  DerivativeException,  IntegratorException  {  sanityChecks(equations,  t0,  y0,  t,  y);  setEquations(equations);  resetEvaluations();  final  boolean  forward  =  t  >  t0;      [BUGGY]  Integer  c  =  getLongValue();  [BUGGY]    final  int  stages  =  c.length  +  1;  if  (y  !=  y0)  {  System.arraycopy(y0,  0,  y,  0,  y0.length);  }  final  double[][]  yDotK  =  new  double[stages][];  for  (int  i  =  0;  i  <  stages;  ++i)  {  yDotK  [i]  =  new  double[y0.length];  }  final  double[]  yTmp  =  new  double[y0.length];    [CLASS]  RungeKuttaIntegrator  [METHOD]  integrate  [RETURN_TYPE]  double  FirstOrderDifferentialEquations  equations  final  double  t0  final  double[]  y0  final  double  t  final  double[]  y  [VARIABLES]  boolean  forward  lastStep  loop  CombinedEventsManager  manager  double[]  b  c  y  y0  yTmp  double  dt  nextStep  step  stopTime  sum  t  t0  double[][]  a  yDotK  AbstractStepInterpolator  interpolator  StepHandler  handler  RungeKuttaStepInterpolator  prototype  rki  int  i  j  k  l  stages  FirstOrderDifferentialEquations  equations  	projects/Math71/src/main/java/org/apache/commons/math/ode/nonstiff/RungeKuttaIntegrator.java	0.2672612419124244	106	106	2	replace	Integer  c  =  getLongValue();	      Integer    c    =    getIntValue();    	non-compiled	[CE]  illegal  start  of  expression	3	None	replace
7	[BUG]  [BUGGY]  int  c  =  getIntValue();  [CE]  illegal  start  of  expression  [FE]                AssertionFailedError    [CONTEXT]    throws  DerivativeException,  IntegratorException  {  sanityChecks(equations,  t0,  y0,  t,  y);  setEquations(equations);  resetEvaluations();  final  boolean  forward  =  t  >  t0;      [BUGGY]  int  c  =  getIntValue();  [BUGGY]    final  int  stages  =  c.length  +  1;  if  (y  !=  y0)  {  System.arraycopy(y0,  0,  y,  0,  y0.length);  }  final  double[][]  yDotK  =  new  double[stages][];  for  (int  i  =  0;  i  <  stages;  ++i)  {  yDotK  [i]  =  new  double[y0.length];  }  final  double[]  yTmp  =  new  double[y0.length];    [CLASS]  RungeKuttaIntegrator  [METHOD]  integrate  [RETURN_TYPE]  double  FirstOrderDifferentialEquations  equations  final  double  t0  final  double[]  y0  final  double  t  final  double[]  y  [VARIABLES]  boolean  forward  lastStep  loop  CombinedEventsManager  manager  double[]  b  c  y  y0  yTmp  double  dt  nextStep  step  stopTime  sum  t  t0  double[][]  a  yDotK  AbstractStepInterpolator  interpolator  StepHandler  handler  RungeKuttaStepInterpolator  prototype  rki  int  i  j  k  l  stages  FirstOrderDifferentialEquations  equations  	projects/Math71/src/main/java/org/apache/commons/math/ode/nonstiff/RungeKuttaIntegrator.java	0.2672612419124244	106	106	2	replace	int  c  =  getIntValue();	      Integer    c    =    getIntValue();    	non-compiled	[CE]  illegal  start  of  expression	3	None	replace
8	[BUG]  [BUGGY]  Integer  c  =  getInteger(0);  [CE]  illegal  start  of  expression  [FE]              AssertionFailedError    [CONTEXT]    throws  DerivativeException,  IntegratorException  {  sanityChecks(equations,  t0,  y0,  t,  y);  setEquations(equations);  resetEvaluations();  final  boolean  forward  =  t  >  t0;      [BUGGY]  Integer  c  =  getInteger(0);  [BUGGY]    final  int  stages  =  c.length  +  1;  if  (y  !=  y0)  {  System.arraycopy(y0,  0,  y,  0,  y0.length);  }  final  double[][]  yDotK  =  new  double[stages][];  for  (int  i  =  0;  i  <  stages;  ++i)  {  yDotK  [i]  =  new  double[y0.length];  }  final  double[]  yTmp  =  new  double[y0.length];    [CLASS]  RungeKuttaIntegrator  [METHOD]  integrate  [RETURN_TYPE]  double  FirstOrderDifferentialEquations  equations  final  double  t0  final  double[]  y0  final  double  t  final  double[]  y  [VARIABLES]  boolean  forward  lastStep  loop  CombinedEventsManager  manager  double[]  b  c  y  y0  yTmp  double  dt  nextStep  step  stopTime  sum  t  t0  double[][]  a  yDotK  AbstractStepInterpolator  interpolator  StepHandler  handler  RungeKuttaStepInterpolator  prototype  rki  int  i  j  k  l  stages  FirstOrderDifferentialEquations  equations  	projects/Math71/src/main/java/org/apache/commons/math/ode/nonstiff/RungeKuttaIntegrator.java	0.2672612419124244	106	106	2	replace	Integer  c  =  getInteger(0);	      Integer    c    =    getInteger(t0);    	non-compiled	[CE]  illegal  start  of  expression	4	None	replace
9	[BUG]  [BUGGY]  Integer  c  =  getInteger(1);  [CE]  illegal  start  of  expression  [FE]                AssertionFailedError    [CONTEXT]    throws  DerivativeException,  IntegratorException  {  sanityChecks(equations,  t0,  y0,  t,  y);  setEquations(equations);  resetEvaluations();  final  boolean  forward  =  t  >  t0;      [BUGGY]  Integer  c  =  getInteger(1);  [BUGGY]    final  int  stages  =  c.length  +  1;  if  (y  !=  y0)  {  System.arraycopy(y0,  0,  y,  0,  y0.length);  }  final  double[][]  yDotK  =  new  double[stages][];  for  (int  i  =  0;  i  <  stages;  ++i)  {  yDotK  [i]  =  new  double[y0.length];  }  final  double[]  yTmp  =  new  double[y0.length];    [CLASS]  RungeKuttaIntegrator  [METHOD]  integrate  [RETURN_TYPE]  double  FirstOrderDifferentialEquations  equations  final  double  t0  final  double[]  y0  final  double  t  final  double[]  y  [VARIABLES]  boolean  forward  lastStep  loop  CombinedEventsManager  manager  double[]  b  c  y  y0  yTmp  double  dt  nextStep  step  stopTime  sum  t  t0  double[][]  a  yDotK  AbstractStepInterpolator  interpolator  StepHandler  handler  RungeKuttaStepInterpolator  prototype  rki  int  i  j  k  l  stages  FirstOrderDifferentialEquations  equations  	projects/Math71/src/main/java/org/apache/commons/math/ode/nonstiff/RungeKuttaIntegrator.java	0.2672612419124244	106	106	2	replace	Integer  c  =  getInteger(1);	      Integer    c    =    getInteger(t0);    	non-compiled	[CE]  illegal  start  of  expression	4	None	replace
10	[BUG]  [BUGGY]  final  Integer  c  =  getInteger(t0);  [CE]  illegal  start  of  expression  [FE]                  AssertionFailedError    [CONTEXT]    throws  DerivativeException,  IntegratorException  {  sanityChecks(equations,  t0,  y0,  t,  y);  setEquations(equations);  resetEvaluations();  final  boolean  forward  =  t  >  t0;      [BUGGY]  final  Integer  c  =  getInteger(t0);  [BUGGY]    final  int  stages  =  c.length  +  1;  if  (y  !=  y0)  {  System.arraycopy(y0,  0,  y,  0,  y0.length);  }  final  double[][]  yDotK  =  new  double[stages][];  for  (int  i  =  0;  i  <  stages;  ++i)  {  yDotK  [i]  =  new  double[y0.length];  }  final  double[]  yTmp  =  new  double[y0.length];    [CLASS]  RungeKuttaIntegrator  [METHOD]  integrate  [RETURN_TYPE]  double  FirstOrderDifferentialEquations  equations  final  double  t0  final  double[]  y0  final  double  t  final  double[]  y  [VARIABLES]  boolean  forward  lastStep  loop  CombinedEventsManager  manager  double[]  b  c  y  y0  yTmp  double  dt  nextStep  step  stopTime  sum  t  t0  double[][]  a  yDotK  AbstractStepInterpolator  interpolator  StepHandler  handler  RungeKuttaStepInterpolator  prototype  rki  int  i  j  k  l  stages  FirstOrderDifferentialEquations  equations  	projects/Math71/src/main/java/org/apache/commons/math/ode/nonstiff/RungeKuttaIntegrator.java	0.2672612419124244	106	106	2	replace	final  Integer  c  =  getInteger(t0);	      Integer    c    =    getInteger(t0);    	non-compiled	[CE]  illegal  start  of  expression	4	None	replace
11	[BUG]  [BUGGY]  final  int  stages  =  c.length  /  2;  [CE]  illegal  start  of  expression  [FE]        AssertionFailedError    [CONTEXT]    throws  DerivativeException,  IntegratorException  {  sanityChecks(equations,  t0,  y0,  t,  y);  setEquations(equations);  resetEvaluations();  final  boolean  forward  =  t  >  t0;      [BUGGY]  final  int  stages  =  c.length  /  2;  [BUGGY]    if  (y  !=  y0)  {  System.arraycopy(y0,  0,  y,  0,  y0.length);  }  final  double[][]  yDotK  =  new  double[stages][];  for  (int  i  =  0;  i  <  stages;  ++i)  {  yDotK  [i]  =  new  double[y0.length];  }  final  double[]  yTmp  =  new  double[y0.length];    [CLASS]  RungeKuttaIntegrator  [METHOD]  integrate  [RETURN_TYPE]  double  FirstOrderDifferentialEquations  equations  final  double  t0  final  double[]  y0  final  double  t  final  double[]  y  [VARIABLES]  boolean  forward  lastStep  loop  CombinedEventsManager  manager  double[]  b  c  y  y0  yTmp  double  dt  nextStep  step  stopTime  sum  t  t0  double[][]  a  yDotK  AbstractStepInterpolator  interpolator  StepHandler  handler  RungeKuttaStepInterpolator  prototype  rki  int  i  j  k  l  stages  FirstOrderDifferentialEquations  equations  	projects/Math71/src/main/java/org/apache/commons/math/ode/nonstiff/RungeKuttaIntegrator.java	0.2672612419124244	106	106	2	replace	final  int  stages  =  c.length  /  2;	  final    int    stages    =    c.length    /    1;    	non-compiled	[CE]  illegal  start  of  expression	6	None	replace
12	[BUG]  [BUGGY]  final  int  stages  =  t.length  /  1;  [CE]  illegal  start  of  expression  [FE]          AssertionFailedError    [CONTEXT]    throws  DerivativeException,  IntegratorException  {  sanityChecks(equations,  t0,  y0,  t,  y);  setEquations(equations);  resetEvaluations();  final  boolean  forward  =  t  >  t0;      [BUGGY]  final  int  stages  =  t.length  /  1;  [BUGGY]    if  (y  !=  y0)  {  System.arraycopy(y0,  0,  y,  0,  y0.length);  }  final  double[][]  yDotK  =  new  double[stages][];  for  (int  i  =  0;  i  <  stages;  ++i)  {  yDotK  [i]  =  new  double[y0.length];  }  final  double[]  yTmp  =  new  double[y0.length];    [CLASS]  RungeKuttaIntegrator  [METHOD]  integrate  [RETURN_TYPE]  double  FirstOrderDifferentialEquations  equations  final  double  t0  final  double[]  y0  final  double  t  final  double[]  y  [VARIABLES]  boolean  forward  lastStep  loop  CombinedEventsManager  manager  double[]  b  c  y  y0  yTmp  double  dt  nextStep  step  stopTime  sum  t  t0  double[][]  a  yDotK  AbstractStepInterpolator  interpolator  StepHandler  handler  RungeKuttaStepInterpolator  prototype  rki  int  i  j  k  l  stages  FirstOrderDifferentialEquations  equations  	projects/Math71/src/main/java/org/apache/commons/math/ode/nonstiff/RungeKuttaIntegrator.java	0.2672612419124244	106	106	2	replace	final  int  stages  =  t.length  /  1;	  final    int    stages    =    c.length    /    1;    	non-compiled	[CE]  illegal  start  of  expression	6	None	replace
13	[BUG]  [BUGGY]  final  int  stages  =  y.length  /  1;  [CE]  illegal  start  of  expression  [FE]            AssertionFailedError    [CONTEXT]    throws  DerivativeException,  IntegratorException  {  sanityChecks(equations,  t0,  y0,  t,  y);  setEquations(equations);  resetEvaluations();  final  boolean  forward  =  t  >  t0;      [BUGGY]  final  int  stages  =  y.length  /  1;  [BUGGY]    if  (y  !=  y0)  {  System.arraycopy(y0,  0,  y,  0,  y0.length);  }  final  double[][]  yDotK  =  new  double[stages][];  for  (int  i  =  0;  i  <  stages;  ++i)  {  yDotK  [i]  =  new  double[y0.length];  }  final  double[]  yTmp  =  new  double[y0.length];    [CLASS]  RungeKuttaIntegrator  [METHOD]  integrate  [RETURN_TYPE]  double  FirstOrderDifferentialEquations  equations  final  double  t0  final  double[]  y0  final  double  t  final  double[]  y  [VARIABLES]  boolean  forward  lastStep  loop  CombinedEventsManager  manager  double[]  b  c  y  y0  yTmp  double  dt  nextStep  step  stopTime  sum  t  t0  double[][]  a  yDotK  AbstractStepInterpolator  interpolator  StepHandler  handler  RungeKuttaStepInterpolator  prototype  rki  int  i  j  k  l  stages  FirstOrderDifferentialEquations  equations  	projects/Math71/src/main/java/org/apache/commons/math/ode/nonstiff/RungeKuttaIntegrator.java	0.2672612419124244	106	106	2	replace	final  int  stages  =  y.length  /  1;	  final    int    stages    =    c.length    /    1;    	non-compiled	[CE]  illegal  start  of  expression	6	None	replace
14	[BUG]  [BUGGY]  final  double[][]  c  =(double[][])sanityChecks(t0,  y0,  t,  dt);  [CE]  illegal  start  of  expression  [FE]            AssertionFailedError    [CONTEXT]    throws  DerivativeException,  IntegratorException  {  sanityChecks(equations,  t0,  y0,  t,  y);  setEquations(equations);  resetEvaluations();  final  boolean  forward  =  t  >  t0;      [BUGGY]  final  double[][]  c  =(double[][])sanityChecks(t0,  y0,  t,  dt);  [BUGGY]    final  int  stages  =  c.length  +  1;  if  (y  !=  y0)  {  System.arraycopy(y0,  0,  y,  0,  y0.length);  }  final  double[][]  yDotK  =  new  double[stages][];  for  (int  i  =  0;  i  <  stages;  ++i)  {  yDotK  [i]  =  new  double[y0.length];  }  final  double[]  yTmp  =  new  double[y0.length];    [CLASS]  RungeKuttaIntegrator  [METHOD]  integrate  [RETURN_TYPE]  double  FirstOrderDifferentialEquations  equations  final  double  t0  final  double[]  y0  final  double  t  final  double[]  y  [VARIABLES]  boolean  forward  lastStep  loop  CombinedEventsManager  manager  double[]  b  c  y  y0  yTmp  double  dt  nextStep  step  stopTime  sum  t  t0  double[][]  a  yDotK  AbstractStepInterpolator  interpolator  StepHandler  handler  RungeKuttaStepInterpolator  prototype  rki  int  i  j  k  l  stages  FirstOrderDifferentialEquations  equations  	projects/Math71/src/main/java/org/apache/commons/math/ode/nonstiff/RungeKuttaIntegrator.java	0.2672612419124244	106	106	2	replace	final  double[][]  c  =(double[][])sanityChecks(t0,  y0,  t,  dt);	      final    double[][]    c    =(double[][])sanityChecks(t0,    y0,    t,    forward);    	non-compiled	[CE]  illegal  start  of  expression	12	None	replace
15	[BUG]  [BUGGY]  final  double[][]  c  =(double[][])sanityChecks(t0,  y0,  t,  k);  [CE]  illegal  start  of  expression  [FE]              AssertionFailedError    [CONTEXT]    throws  DerivativeException,  IntegratorException  {  sanityChecks(equations,  t0,  y0,  t,  y);  setEquations(equations);  resetEvaluations();  final  boolean  forward  =  t  >  t0;      [BUGGY]  final  double[][]  c  =(double[][])sanityChecks(t0,  y0,  t,  k);  [BUGGY]    final  int  stages  =  c.length  +  1;  if  (y  !=  y0)  {  System.arraycopy(y0,  0,  y,  0,  y0.length);  }  final  double[][]  yDotK  =  new  double[stages][];  for  (int  i  =  0;  i  <  stages;  ++i)  {  yDotK  [i]  =  new  double[y0.length];  }  final  double[]  yTmp  =  new  double[y0.length];    [CLASS]  RungeKuttaIntegrator  [METHOD]  integrate  [RETURN_TYPE]  double  FirstOrderDifferentialEquations  equations  final  double  t0  final  double[]  y0  final  double  t  final  double[]  y  [VARIABLES]  boolean  forward  lastStep  loop  CombinedEventsManager  manager  double[]  b  c  y  y0  yTmp  double  dt  nextStep  step  stopTime  sum  t  t0  double[][]  a  yDotK  AbstractStepInterpolator  interpolator  StepHandler  handler  RungeKuttaStepInterpolator  prototype  rki  int  i  j  k  l  stages  FirstOrderDifferentialEquations  equations  	projects/Math71/src/main/java/org/apache/commons/math/ode/nonstiff/RungeKuttaIntegrator.java	0.2672612419124244	106	106	2	replace	final  double[][]  c  =(double[][])sanityChecks(t0,  y0,  t,  k);	      final    double[][]    c    =(double[][])sanityChecks(t0,    y0,    t,    forward);    	non-compiled	[CE]  illegal  start  of  expression	12	None	replace
16	[BUG]  [BUGGY]  final  int  stages  =  c.length  +  3;  [CE]  illegal  start  of  expression  [FE]            AssertionFailedError    [CONTEXT]    throws  DerivativeException,  IntegratorException  {  sanityChecks(equations,  t0,  y0,  t,  y);  setEquations(equations);  resetEvaluations();  final  boolean  forward  =  t  >  t0;      [BUGGY]  final  int  stages  =  c.length  +  3;  [BUGGY]    if  (y  !=  y0)  {  System.arraycopy(y0,  0,  y,  0,  y0.length);  }  final  double[][]  yDotK  =  new  double[stages][];  for  (int  i  =  0;  i  <  stages;  ++i)  {  yDotK  [i]  =  new  double[y0.length];  }  final  double[]  yTmp  =  new  double[y0.length];    [CLASS]  RungeKuttaIntegrator  [METHOD]  integrate  [RETURN_TYPE]  double  FirstOrderDifferentialEquations  equations  final  double  t0  final  double[]  y0  final  double  t  final  double[]  y  [VARIABLES]  boolean  forward  lastStep  loop  CombinedEventsManager  manager  double[]  b  c  y  y0  yTmp  double  dt  nextStep  step  stopTime  sum  t  t0  double[][]  a  yDotK  AbstractStepInterpolator  interpolator  StepHandler  handler  RungeKuttaStepInterpolator  prototype  rki  int  i  j  k  l  stages  FirstOrderDifferentialEquations  equations  	projects/Math71/src/main/java/org/apache/commons/math/ode/nonstiff/RungeKuttaIntegrator.java	0.2672612419124244	106	106	2	replace	final  int  stages  =  c.length  +  3;	  final    int    stages    =    c.length    +    2;    	non-compiled	[CE]  illegal  start  of  expression	8	None	replace
17	[BUG]  [BUGGY]  final  double[][]  c  =(double[][])sanityChecks(equations,  t0,  y1,  t,  forward);  [CE]  illegal  start  of  expression  [FE]        AssertionFailedError    [CONTEXT]    throws  DerivativeException,  IntegratorException  {  sanityChecks(equations,  t0,  y0,  t,  y);  setEquations(equations);  resetEvaluations();  final  boolean  forward  =  t  >  t0;      [BUGGY]  final  double[][]  c  =(double[][])sanityChecks(equations,  t0,  y1,  t,  forward);  [BUGGY]    final  int  stages  =  c.length  +  1;  if  (y  !=  y0)  {  System.arraycopy(y0,  0,  y,  0,  y0.length);  }  final  double[][]  yDotK  =  new  double[stages][];  for  (int  i  =  0;  i  <  stages;  ++i)  {  yDotK  [i]  =  new  double[y0.length];  }  final  double[]  yTmp  =  new  double[y0.length];    [CLASS]  RungeKuttaIntegrator  [METHOD]  integrate  [RETURN_TYPE]  double  FirstOrderDifferentialEquations  equations  final  double  t0  final  double[]  y0  final  double  t  final  double[]  y  [VARIABLES]  boolean  forward  lastStep  loop  CombinedEventsManager  manager  double[]  b  c  y  y0  yTmp  double  dt  nextStep  step  stopTime  sum  t  t0  double[][]  a  yDotK  AbstractStepInterpolator  interpolator  StepHandler  handler  RungeKuttaStepInterpolator  prototype  rki  int  i  j  k  l  stages  FirstOrderDifferentialEquations  equations  	projects/Math71/src/main/java/org/apache/commons/math/ode/nonstiff/RungeKuttaIntegrator.java	0.2672612419124244	106	106	2	replace	final  double[][]  c  =(double[][])sanityChecks(equations,  t0,  y1,  t,  forward);	      final    double[][]    c    =(double[][])sanityChecks(equations,    t0,    y0,    t,    forward);    	non-compiled	[CE]  illegal  start  of  expression	10	None	replace
18	[BUG]  [BUGGY]  final  double[][]  c  =(double[][])sanityChecks(equations,  t0,  y,  t,  forward);  [CE]  illegal  start  of  expression  [FE]          AssertionFailedError    [CONTEXT]    throws  DerivativeException,  IntegratorException  {  sanityChecks(equations,  t0,  y0,  t,  y);  setEquations(equations);  resetEvaluations();  final  boolean  forward  =  t  >  t0;      [BUGGY]  final  double[][]  c  =(double[][])sanityChecks(equations,  t0,  y,  t,  forward);  [BUGGY]    final  int  stages  =  c.length  +  1;  if  (y  !=  y0)  {  System.arraycopy(y0,  0,  y,  0,  y0.length);  }  final  double[][]  yDotK  =  new  double[stages][];  for  (int  i  =  0;  i  <  stages;  ++i)  {  yDotK  [i]  =  new  double[y0.length];  }  final  double[]  yTmp  =  new  double[y0.length];    [CLASS]  RungeKuttaIntegrator  [METHOD]  integrate  [RETURN_TYPE]  double  FirstOrderDifferentialEquations  equations  final  double  t0  final  double[]  y0  final  double  t  final  double[]  y  [VARIABLES]  boolean  forward  lastStep  loop  CombinedEventsManager  manager  double[]  b  c  y  y0  yTmp  double  dt  nextStep  step  stopTime  sum  t  t0  double[][]  a  yDotK  AbstractStepInterpolator  interpolator  StepHandler  handler  RungeKuttaStepInterpolator  prototype  rki  int  i  j  k  l  stages  FirstOrderDifferentialEquations  equations  	projects/Math71/src/main/java/org/apache/commons/math/ode/nonstiff/RungeKuttaIntegrator.java	0.2672612419124244	106	106	2	replace	final  double[][]  c  =(double[][])sanityChecks(equations,  t0,  y,  t,  forward);	      final    double[][]    c    =(double[][])sanityChecks(equations,    t0,    y0,    t,    forward);    	non-compiled	[CE]  illegal  start  of  expression	10	None	replace
19	[BUG]  [BUGGY]  final  double[][]  c  =(double[][])sanityChecks(equations,  t0,  y0,  t,  k);  [CE]  illegal  start  of  expression  [FE]            AssertionFailedError    [CONTEXT]    throws  DerivativeException,  IntegratorException  {  sanityChecks(equations,  t0,  y0,  t,  y);  setEquations(equations);  resetEvaluations();  final  boolean  forward  =  t  >  t0;      [BUGGY]  final  double[][]  c  =(double[][])sanityChecks(equations,  t0,  y0,  t,  k);  [BUGGY]    final  int  stages  =  c.length  +  1;  if  (y  !=  y0)  {  System.arraycopy(y0,  0,  y,  0,  y0.length);  }  final  double[][]  yDotK  =  new  double[stages][];  for  (int  i  =  0;  i  <  stages;  ++i)  {  yDotK  [i]  =  new  double[y0.length];  }  final  double[]  yTmp  =  new  double[y0.length];    [CLASS]  RungeKuttaIntegrator  [METHOD]  integrate  [RETURN_TYPE]  double  FirstOrderDifferentialEquations  equations  final  double  t0  final  double[]  y0  final  double  t  final  double[]  y  [VARIABLES]  boolean  forward  lastStep  loop  CombinedEventsManager  manager  double[]  b  c  y  y0  yTmp  double  dt  nextStep  step  stopTime  sum  t  t0  double[][]  a  yDotK  AbstractStepInterpolator  interpolator  StepHandler  handler  RungeKuttaStepInterpolator  prototype  rki  int  i  j  k  l  stages  FirstOrderDifferentialEquations  equations  	projects/Math71/src/main/java/org/apache/commons/math/ode/nonstiff/RungeKuttaIntegrator.java	0.2672612419124244	106	106	2	replace	final  double[][]  c  =(double[][])sanityChecks(equations,  t0,  y0,  t,  k);	      final    double[][]    c    =(double[][])sanityChecks(equations,    t0,    y0,    t,    forward);    	non-compiled	[CE]  illegal  start  of  expression	10	None	replace
20	[BUG]  [BUGGY]  for(int  i  =  0;  i  <  c.length;  ++i)  {  System.arraycopy(c,  0,  c,  0,  c.length);  }  [CE]  illegal  start  of  expression  [FE]          AssertionFailedError    [CONTEXT]    throws  DerivativeException,  IntegratorException  {  sanityChecks(equations,  t0,  y0,  t,  y);  setEquations(equations);  resetEvaluations();  final  boolean  forward  =  t  >  t0;      [BUGGY]  for(int  i  =  0;  i  <  c.length;  ++i)  {  System.arraycopy(c,  0,  c,  0,  c.length);  }  [BUGGY]    final  int  stages  =  c.length  +  1;  if  (y  !=  y0)  {  System.arraycopy(y0,  0,  y,  0,  y0.length);  }  final  double[][]  yDotK  =  new  double[stages][];  for  (int  i  =  0;  i  <  stages;  ++i)  {  yDotK  [i]  =  new  double[y0.length];  }  final  double[]  yTmp  =  new  double[y0.length];    [CLASS]  RungeKuttaIntegrator  [METHOD]  integrate  [RETURN_TYPE]  double  FirstOrderDifferentialEquations  equations  final  double  t0  final  double[]  y0  final  double  t  final  double[]  y  [VARIABLES]  boolean  forward  lastStep  loop  CombinedEventsManager  manager  double[]  b  c  y  y0  yTmp  double  dt  nextStep  step  stopTime  sum  t  t0  double[][]  a  yDotK  AbstractStepInterpolator  interpolator  StepHandler  handler  RungeKuttaStepInterpolator  prototype  rki  int  i  j  k  l  stages  FirstOrderDifferentialEquations  equations  	projects/Math71/src/main/java/org/apache/commons/math/ode/nonstiff/RungeKuttaIntegrator.java	0.2672612419124244	106	106	2	replace	for(int  i  =  0;  i  <  c.length;  ++i)  {  System.arraycopy(c,  0,  c,  0,  c.length);  }	      if(c.length    ==    0)    {    for(int    i    =    0;    i    <    c.length;    ++i)    {    System.arraycopy(c,    0,    c,    0,    c.length);    }    	non-compiled	[CE]  illegal  start  of  expression	16	None	replace
21	[BUG]  [BUGGY]  if(forward)  {  if(c.length  ==  0)  {  for(int  i  =  0;  i  <  c.length;  ++i)  {  System.arraycopy(c,  0,  c,  0,  c.length);  }  [CE]  illegal  start  of  expression  [FE]            AssertionFailedError    [CONTEXT]    throws  DerivativeException,  IntegratorException  {  sanityChecks(equations,  t0,  y0,  t,  y);  setEquations(equations);  resetEvaluations();  final  boolean  forward  =  t  >  t0;      [BUGGY]  if(forward)  {  if(c.length  ==  0)  {  for(int  i  =  0;  i  <  c.length;  ++i)  {  System.arraycopy(c,  0,  c,  0,  c.length);  }  [BUGGY]    final  int  stages  =  c.length  +  1;  if  (y  !=  y0)  {  System.arraycopy(y0,  0,  y,  0,  y0.length);  }  final  double[][]  yDotK  =  new  double[stages][];  for  (int  i  =  0;  i  <  stages;  ++i)  {  yDotK  [i]  =  new  double[y0.length];  }  final  double[]  yTmp  =  new  double[y0.length];    [CLASS]  RungeKuttaIntegrator  [METHOD]  integrate  [RETURN_TYPE]  double  FirstOrderDifferentialEquations  equations  final  double  t0  final  double[]  y0  final  double  t  final  double[]  y  [VARIABLES]  boolean  forward  lastStep  loop  CombinedEventsManager  manager  double[]  b  c  y  y0  yTmp  double  dt  nextStep  step  stopTime  sum  t  t0  double[][]  a  yDotK  AbstractStepInterpolator  interpolator  StepHandler  handler  RungeKuttaStepInterpolator  prototype  rki  int  i  j  k  l  stages  FirstOrderDifferentialEquations  equations  	projects/Math71/src/main/java/org/apache/commons/math/ode/nonstiff/RungeKuttaIntegrator.java	0.2672612419124244	106	106	2	replace	if(forward)  {  if(c.length  ==  0)  {  for(int  i  =  0;  i  <  c.length;  ++i)  {  System.arraycopy(c,  0,  c,  0,  c.length);  }	      if(c.length    ==    0)    {    for(int    i    =    0;    i    <    c.length;    ++i)    {    System.arraycopy(c,    0,    c,    0,    c.length);    }    	non-compiled	[CE]  illegal  start  of  expression	16	None	replace
22	[BUG]  [BUGGY]  if(forward)  {  for(int  i  =  0;  i  <  c.length;  ++i)  {  System.arraycopy(c,  0,  c,  0,  c.length);  }  [CE]  illegal  start  of  expression  [FE]              AssertionFailedError    [CONTEXT]    throws  DerivativeException,  IntegratorException  {  sanityChecks(equations,  t0,  y0,  t,  y);  setEquations(equations);  resetEvaluations();  final  boolean  forward  =  t  >  t0;      [BUGGY]  if(forward)  {  for(int  i  =  0;  i  <  c.length;  ++i)  {  System.arraycopy(c,  0,  c,  0,  c.length);  }  [BUGGY]    final  int  stages  =  c.length  +  1;  if  (y  !=  y0)  {  System.arraycopy(y0,  0,  y,  0,  y0.length);  }  final  double[][]  yDotK  =  new  double[stages][];  for  (int  i  =  0;  i  <  stages;  ++i)  {  yDotK  [i]  =  new  double[y0.length];  }  final  double[]  yTmp  =  new  double[y0.length];    [CLASS]  RungeKuttaIntegrator  [METHOD]  integrate  [RETURN_TYPE]  double  FirstOrderDifferentialEquations  equations  final  double  t0  final  double[]  y0  final  double  t  final  double[]  y  [VARIABLES]  boolean  forward  lastStep  loop  CombinedEventsManager  manager  double[]  b  c  y  y0  yTmp  double  dt  nextStep  step  stopTime  sum  t  t0  double[][]  a  yDotK  AbstractStepInterpolator  interpolator  StepHandler  handler  RungeKuttaStepInterpolator  prototype  rki  int  i  j  k  l  stages  FirstOrderDifferentialEquations  equations  	projects/Math71/src/main/java/org/apache/commons/math/ode/nonstiff/RungeKuttaIntegrator.java	0.2672612419124244	106	106	2	replace	if(forward)  {  for(int  i  =  0;  i  <  c.length;  ++i)  {  System.arraycopy(c,  0,  c,  0,  c.length);  }	      if(c.length    ==    0)    {    for(int    i    =    0;    i    <    c.length;    ++i)    {    System.arraycopy(c,    0,    c,    0,    c.length);    }    	non-compiled	[CE]  illegal  start  of  expression	16	None	replace
23	[BUG]  [BUGGY]  if(forward)  {  if(c.length  ==  0)  {  for(int  i  =  0;  i  <  c.length;  ++i)  {  System.arraycopy(c,  0,  c,  0,  c.length  +  1);  }  [CE]  illegal  start  of  expression  [FE]                AssertionFailedError    [CONTEXT]    throws  DerivativeException,  IntegratorException  {  sanityChecks(equations,  t0,  y0,  t,  y);  setEquations(equations);  resetEvaluations();  final  boolean  forward  =  t  >  t0;      [BUGGY]  if(forward)  {  if(c.length  ==  0)  {  for(int  i  =  0;  i  <  c.length;  ++i)  {  System.arraycopy(c,  0,  c,  0,  c.length  +  1);  }  [BUGGY]    final  int  stages  =  c.length  +  1;  if  (y  !=  y0)  {  System.arraycopy(y0,  0,  y,  0,  y0.length);  }  final  double[][]  yDotK  =  new  double[stages][];  for  (int  i  =  0;  i  <  stages;  ++i)  {  yDotK  [i]  =  new  double[y0.length];  }  final  double[]  yTmp  =  new  double[y0.length];    [CLASS]  RungeKuttaIntegrator  [METHOD]  integrate  [RETURN_TYPE]  double  FirstOrderDifferentialEquations  equations  final  double  t0  final  double[]  y0  final  double  t  final  double[]  y  [VARIABLES]  boolean  forward  lastStep  loop  CombinedEventsManager  manager  double[]  b  c  y  y0  yTmp  double  dt  nextStep  step  stopTime  sum  t  t0  double[][]  a  yDotK  AbstractStepInterpolator  interpolator  StepHandler  handler  RungeKuttaStepInterpolator  prototype  rki  int  i  j  k  l  stages  FirstOrderDifferentialEquations  equations  	projects/Math71/src/main/java/org/apache/commons/math/ode/nonstiff/RungeKuttaIntegrator.java	0.2672612419124244	106	106	2	replace	if(forward)  {  if(c.length  ==  0)  {  for(int  i  =  0;  i  <  c.length;  ++i)  {  System.arraycopy(c,  0,  c,  0,  c.length  +  1);  }	      if(c.length    ==    0)    {    for(int    i    =    0;    i    <    c.length;    ++i)    {    System.arraycopy(c,    0,    c,    0,    c.length);    }    	non-compiled	[CE]  illegal  start  of  expression	16	None	replace
24	[BUG]  [BUGGY]  Integer  c  =  getIntValue(t0,  forward);  [CE]  illegal  start  of  expression  [FE]                AssertionFailedError    [CONTEXT]    throws  DerivativeException,  IntegratorException  {  sanityChecks(equations,  t0,  y0,  t,  y);  setEquations(equations);  resetEvaluations();  final  boolean  forward  =  t  >  t0;      [BUGGY]  Integer  c  =  getIntValue(t0,  forward);  [BUGGY]    final  int  stages  =  c.length  +  1;  if  (y  !=  y0)  {  System.arraycopy(y0,  0,  y,  0,  y0.length);  }  final  double[][]  yDotK  =  new  double[stages][];  for  (int  i  =  0;  i  <  stages;  ++i)  {  yDotK  [i]  =  new  double[y0.length];  }  final  double[]  yTmp  =  new  double[y0.length];    [CLASS]  RungeKuttaIntegrator  [METHOD]  integrate  [RETURN_TYPE]  double  FirstOrderDifferentialEquations  equations  final  double  t0  final  double[]  y0  final  double  t  final  double[]  y  [VARIABLES]  boolean  forward  lastStep  loop  CombinedEventsManager  manager  double[]  b  c  y  y0  yTmp  double  dt  nextStep  step  stopTime  sum  t  t0  double[][]  a  yDotK  AbstractStepInterpolator  interpolator  StepHandler  handler  RungeKuttaStepInterpolator  prototype  rki  int  i  j  k  l  stages  FirstOrderDifferentialEquations  equations  	projects/Math71/src/main/java/org/apache/commons/math/ode/nonstiff/RungeKuttaIntegrator.java	0.2672612419124244	106	106	2	replace	Integer  c  =  getIntValue(t0,  forward);	      Integer    c    =    getIntValue(t0);    	non-compiled	[CE]  illegal  start  of  expression	5	None	replace
25	[BUG]  [BUGGY]  Integer  c  =  getIntValue(t0.length);  [CE]  illegal  start  of  expression  [FE]                  AssertionFailedError    [CONTEXT]    throws  DerivativeException,  IntegratorException  {  sanityChecks(equations,  t0,  y0,  t,  y);  setEquations(equations);  resetEvaluations();  final  boolean  forward  =  t  >  t0;      [BUGGY]  Integer  c  =  getIntValue(t0.length);  [BUGGY]    final  int  stages  =  c.length  +  1;  if  (y  !=  y0)  {  System.arraycopy(y0,  0,  y,  0,  y0.length);  }  final  double[][]  yDotK  =  new  double[stages][];  for  (int  i  =  0;  i  <  stages;  ++i)  {  yDotK  [i]  =  new  double[y0.length];  }  final  double[]  yTmp  =  new  double[y0.length];    [CLASS]  RungeKuttaIntegrator  [METHOD]  integrate  [RETURN_TYPE]  double  FirstOrderDifferentialEquations  equations  final  double  t0  final  double[]  y0  final  double  t  final  double[]  y  [VARIABLES]  boolean  forward  lastStep  loop  CombinedEventsManager  manager  double[]  b  c  y  y0  yTmp  double  dt  nextStep  step  stopTime  sum  t  t0  double[][]  a  yDotK  AbstractStepInterpolator  interpolator  StepHandler  handler  RungeKuttaStepInterpolator  prototype  rki  int  i  j  k  l  stages  FirstOrderDifferentialEquations  equations  	projects/Math71/src/main/java/org/apache/commons/math/ode/nonstiff/RungeKuttaIntegrator.java	0.2672612419124244	106	106	2	replace	Integer  c  =  getIntValue(t0.length);	      Integer    c    =    getIntValue(t0);    	non-compiled	[CE]  illegal  start  of  expression	5	None	replace
26	[BUG]  [BUGGY]  final  Integer  c  =  getIntValue(t0);  [CE]  illegal  start  of  expression  [FE]                    AssertionFailedError    [CONTEXT]    throws  DerivativeException,  IntegratorException  {  sanityChecks(equations,  t0,  y0,  t,  y);  setEquations(equations);  resetEvaluations();  final  boolean  forward  =  t  >  t0;      [BUGGY]  final  Integer  c  =  getIntValue(t0);  [BUGGY]    final  int  stages  =  c.length  +  1;  if  (y  !=  y0)  {  System.arraycopy(y0,  0,  y,  0,  y0.length);  }  final  double[][]  yDotK  =  new  double[stages][];  for  (int  i  =  0;  i  <  stages;  ++i)  {  yDotK  [i]  =  new  double[y0.length];  }  final  double[]  yTmp  =  new  double[y0.length];    [CLASS]  RungeKuttaIntegrator  [METHOD]  integrate  [RETURN_TYPE]  double  FirstOrderDifferentialEquations  equations  final  double  t0  final  double[]  y0  final  double  t  final  double[]  y  [VARIABLES]  boolean  forward  lastStep  loop  CombinedEventsManager  manager  double[]  b  c  y  y0  yTmp  double  dt  nextStep  step  stopTime  sum  t  t0  double[][]  a  yDotK  AbstractStepInterpolator  interpolator  StepHandler  handler  RungeKuttaStepInterpolator  prototype  rki  int  i  j  k  l  stages  FirstOrderDifferentialEquations  equations  	projects/Math71/src/main/java/org/apache/commons/math/ode/nonstiff/RungeKuttaIntegrator.java	0.2672612419124244	106	106	2	replace	final  Integer  c  =  getIntValue(t0);	      Integer    c    =    getIntValue(t0);    	non-compiled	[CE]  illegal  start  of  expression	5	None	replace
27	[BUG]  [BUGGY]  final  double  c  =  getC();  [CE]  illegal  start  of  expression  [FE]        AssertionFailedError    [CONTEXT]    throws  DerivativeException,  IntegratorException  {  sanityChecks(equations,  t0,  y0,  t,  y);  setEquations(equations);  resetEvaluations();  final  boolean  forward  =  t  >  t0;      [BUGGY]  final  double  c  =  getC();  [BUGGY]    final  int  stages  =  c.length  +  1;  if  (y  !=  y0)  {  System.arraycopy(y0,  0,  y,  0,  y0.length);  }  final  double[][]  yDotK  =  new  double[stages][];  for  (int  i  =  0;  i  <  stages;  ++i)  {  yDotK  [i]  =  new  double[y0.length];  }  final  double[]  yTmp  =  new  double[y0.length];    [CLASS]  RungeKuttaIntegrator  [METHOD]  integrate  [RETURN_TYPE]  double  FirstOrderDifferentialEquations  equations  final  double  t0  final  double[]  y0  final  double  t  final  double[]  y  [VARIABLES]  boolean  forward  lastStep  loop  CombinedEventsManager  manager  double[]  b  c  y  y0  yTmp  double  dt  nextStep  step  stopTime  sum  t  t0  double[][]  a  yDotK  AbstractStepInterpolator  interpolator  StepHandler  handler  RungeKuttaStepInterpolator  prototype  rki  int  i  j  k  l  stages  FirstOrderDifferentialEquations  equations  	projects/Math71/src/main/java/org/apache/commons/math/ode/nonstiff/RungeKuttaIntegrator.java	0.2672612419124244	106	106	2	replace	final  double  c  =  getC();	      final    int    c    =    getC();    	non-compiled	[CE]  illegal  start  of  expression	1	None	replace
28	[BUG]  [BUGGY]  final  int  c  =  getC()  +  1;  [CE]  illegal  start  of  expression  [FE]          AssertionFailedError    [CONTEXT]    throws  DerivativeException,  IntegratorException  {  sanityChecks(equations,  t0,  y0,  t,  y);  setEquations(equations);  resetEvaluations();  final  boolean  forward  =  t  >  t0;      [BUGGY]  final  int  c  =  getC()  +  1;  [BUGGY]    final  int  stages  =  c.length  +  1;  if  (y  !=  y0)  {  System.arraycopy(y0,  0,  y,  0,  y0.length);  }  final  double[][]  yDotK  =  new  double[stages][];  for  (int  i  =  0;  i  <  stages;  ++i)  {  yDotK  [i]  =  new  double[y0.length];  }  final  double[]  yTmp  =  new  double[y0.length];    [CLASS]  RungeKuttaIntegrator  [METHOD]  integrate  [RETURN_TYPE]  double  FirstOrderDifferentialEquations  equations  final  double  t0  final  double[]  y0  final  double  t  final  double[]  y  [VARIABLES]  boolean  forward  lastStep  loop  CombinedEventsManager  manager  double[]  b  c  y  y0  yTmp  double  dt  nextStep  step  stopTime  sum  t  t0  double[][]  a  yDotK  AbstractStepInterpolator  interpolator  StepHandler  handler  RungeKuttaStepInterpolator  prototype  rki  int  i  j  k  l  stages  FirstOrderDifferentialEquations  equations  	projects/Math71/src/main/java/org/apache/commons/math/ode/nonstiff/RungeKuttaIntegrator.java	0.2672612419124244	106	106	2	replace	final  int  c  =  getC()  +  1;	      final    int    c    =    getC();    	non-compiled	[CE]  illegal  start  of  expression	1	None	replace
29	[BUG]  [BUGGY]  final  int  c  =  getC().length;  [CE]  illegal  start  of  expression  [FE]            AssertionFailedError    [CONTEXT]    throws  DerivativeException,  IntegratorException  {  sanityChecks(equations,  t0,  y0,  t,  y);  setEquations(equations);  resetEvaluations();  final  boolean  forward  =  t  >  t0;      [BUGGY]  final  int  c  =  getC().length;  [BUGGY]    final  int  stages  =  c.length  +  1;  if  (y  !=  y0)  {  System.arraycopy(y0,  0,  y,  0,  y0.length);  }  final  double[][]  yDotK  =  new  double[stages][];  for  (int  i  =  0;  i  <  stages;  ++i)  {  yDotK  [i]  =  new  double[y0.length];  }  final  double[]  yTmp  =  new  double[y0.length];    [CLASS]  RungeKuttaIntegrator  [METHOD]  integrate  [RETURN_TYPE]  double  FirstOrderDifferentialEquations  equations  final  double  t0  final  double[]  y0  final  double  t  final  double[]  y  [VARIABLES]  boolean  forward  lastStep  loop  CombinedEventsManager  manager  double[]  b  c  y  y0  yTmp  double  dt  nextStep  step  stopTime  sum  t  t0  double[][]  a  yDotK  AbstractStepInterpolator  interpolator  StepHandler  handler  RungeKuttaStepInterpolator  prototype  rki  int  i  j  k  l  stages  FirstOrderDifferentialEquations  equations  	projects/Math71/src/main/java/org/apache/commons/math/ode/nonstiff/RungeKuttaIntegrator.java	0.2672612419124244	106	106	2	replace	final  int  c  =  getC().length;	      final    int    c    =    getC();    	non-compiled	[CE]  illegal  start  of  expression	1	None	replace
30	[BUG]  [BUGGY]  if(forward)  {  if(c.length  ==  0)  {  for(int  i  =  0;  i  <  c.length;  ++i)  {  System.arraycopy(c,  0,  c,  0,  c.length);  y  +=  c.length;  }  [CE]  illegal  start  of  expression  [FE]                AssertionFailedError    [CONTEXT]    throws  DerivativeException,  IntegratorException  {  sanityChecks(equations,  t0,  y0,  t,  y);  setEquations(equations);  resetEvaluations();  final  boolean  forward  =  t  >  t0;      [BUGGY]  if(forward)  {  if(c.length  ==  0)  {  for(int  i  =  0;  i  <  c.length;  ++i)  {  System.arraycopy(c,  0,  c,  0,  c.length);  y  +=  c.length;  }  [BUGGY]    final  int  stages  =  c.length  +  1;  if  (y  !=  y0)  {  System.arraycopy(y0,  0,  y,  0,  y0.length);  }  final  double[][]  yDotK  =  new  double[stages][];  for  (int  i  =  0;  i  <  stages;  ++i)  {  yDotK  [i]  =  new  double[y0.length];  }  final  double[]  yTmp  =  new  double[y0.length];    [CLASS]  RungeKuttaIntegrator  [METHOD]  integrate  [RETURN_TYPE]  double  FirstOrderDifferentialEquations  equations  final  double  t0  final  double[]  y0  final  double  t  final  double[]  y  [VARIABLES]  boolean  forward  lastStep  loop  CombinedEventsManager  manager  double[]  b  c  y  y0  yTmp  double  dt  nextStep  step  stopTime  sum  t  t0  double[][]  a  yDotK  AbstractStepInterpolator  interpolator  StepHandler  handler  RungeKuttaStepInterpolator  prototype  rki  int  i  j  k  l  stages  FirstOrderDifferentialEquations  equations  	projects/Math71/src/main/java/org/apache/commons/math/ode/nonstiff/RungeKuttaIntegrator.java	0.2672612419124244	106	106	2	replace	if(forward)  {  if(c.length  ==  0)  {  for(int  i  =  0;  i  <  c.length;  ++i)  {  System.arraycopy(c,  0,  c,  0,  c.length);  y  +=  c.length;  }	      if(c.length    ==    0)    {    for(int    i    =    0;    i    <    c.length;    ++i)    {    System.arraycopy(c,    0,    c,    0,    c.length);    y    +=    c.length;    }    	non-compiled	[CE]  illegal  start  of  expression	19	None	replace
31	[BUG]  [BUGGY]  if(forward)  {  for(int  i  =  0;  i  <  c.length;  ++i)  {  System.arraycopy(c,  0,  c,  0,  c.length);  y  +=  c.length;  }  [CE]  illegal  start  of  expression  [FE]                  AssertionFailedError    [CONTEXT]    throws  DerivativeException,  IntegratorException  {  sanityChecks(equations,  t0,  y0,  t,  y);  setEquations(equations);  resetEvaluations();  final  boolean  forward  =  t  >  t0;      [BUGGY]  if(forward)  {  for(int  i  =  0;  i  <  c.length;  ++i)  {  System.arraycopy(c,  0,  c,  0,  c.length);  y  +=  c.length;  }  [BUGGY]    final  int  stages  =  c.length  +  1;  if  (y  !=  y0)  {  System.arraycopy(y0,  0,  y,  0,  y0.length);  }  final  double[][]  yDotK  =  new  double[stages][];  for  (int  i  =  0;  i  <  stages;  ++i)  {  yDotK  [i]  =  new  double[y0.length];  }  final  double[]  yTmp  =  new  double[y0.length];    [CLASS]  RungeKuttaIntegrator  [METHOD]  integrate  [RETURN_TYPE]  double  FirstOrderDifferentialEquations  equations  final  double  t0  final  double[]  y0  final  double  t  final  double[]  y  [VARIABLES]  boolean  forward  lastStep  loop  CombinedEventsManager  manager  double[]  b  c  y  y0  yTmp  double  dt  nextStep  step  stopTime  sum  t  t0  double[][]  a  yDotK  AbstractStepInterpolator  interpolator  StepHandler  handler  RungeKuttaStepInterpolator  prototype  rki  int  i  j  k  l  stages  FirstOrderDifferentialEquations  equations  	projects/Math71/src/main/java/org/apache/commons/math/ode/nonstiff/RungeKuttaIntegrator.java	0.2672612419124244	106	106	2	replace	if(forward)  {  for(int  i  =  0;  i  <  c.length;  ++i)  {  System.arraycopy(c,  0,  c,  0,  c.length);  y  +=  c.length;  }	      if(c.length    ==    0)    {    for(int    i    =    0;    i    <    c.length;    ++i)    {    System.arraycopy(c,    0,    c,    0,    c.length);    y    +=    c.length;    }    	non-compiled	[CE]  illegal  start  of  expression	19	None	replace
32	[BUG]  [BUGGY]  if(forward)  {  if(c.length  ==  0)  {  for(int  i  =  0;  i  <  c.length;  ++i)  {  System.arraycopy(c,  0,  c,  0,  c.length);  y  +=  c.length;  }  }  [CE]  illegal  start  of  expression  [FE]                    AssertionFailedError    [CONTEXT]    throws  DerivativeException,  IntegratorException  {  sanityChecks(equations,  t0,  y0,  t,  y);  setEquations(equations);  resetEvaluations();  final  boolean  forward  =  t  >  t0;      [BUGGY]  if(forward)  {  if(c.length  ==  0)  {  for(int  i  =  0;  i  <  c.length;  ++i)  {  System.arraycopy(c,  0,  c,  0,  c.length);  y  +=  c.length;  }  }  [BUGGY]    final  int  stages  =  c.length  +  1;  if  (y  !=  y0)  {  System.arraycopy(y0,  0,  y,  0,  y0.length);  }  final  double[][]  yDotK  =  new  double[stages][];  for  (int  i  =  0;  i  <  stages;  ++i)  {  yDotK  [i]  =  new  double[y0.length];  }  final  double[]  yTmp  =  new  double[y0.length];    [CLASS]  RungeKuttaIntegrator  [METHOD]  integrate  [RETURN_TYPE]  double  FirstOrderDifferentialEquations  equations  final  double  t0  final  double[]  y0  final  double  t  final  double[]  y  [VARIABLES]  boolean  forward  lastStep  loop  CombinedEventsManager  manager  double[]  b  c  y  y0  yTmp  double  dt  nextStep  step  stopTime  sum  t  t0  double[][]  a  yDotK  AbstractStepInterpolator  interpolator  StepHandler  handler  RungeKuttaStepInterpolator  prototype  rki  int  i  j  k  l  stages  FirstOrderDifferentialEquations  equations  	projects/Math71/src/main/java/org/apache/commons/math/ode/nonstiff/RungeKuttaIntegrator.java	0.2672612419124244	106	106	2	replace	if(forward)  {  if(c.length  ==  0)  {  for(int  i  =  0;  i  <  c.length;  ++i)  {  System.arraycopy(c,  0,  c,  0,  c.length);  y  +=  c.length;  }  }	      if(c.length    ==    0)    {    for(int    i    =    0;    i    <    c.length;    ++i)    {    System.arraycopy(c,    0,    c,    0,    c.length);    y    +=    c.length;    }    	non-compiled	[CE]  illegal  start  of  expression	19	None	replace
33	[BUG]  [BUGGY]  if(forward)  {  if(c.length  ==  1)  {  for(int  i  =  0;  i  <  c.length;  ++i)  {  System.arraycopy(c,  0,  c,  0,  c.length);  y  +=  c.length;  }  [CE]  illegal  start  of  expression  [FE]                      AssertionFailedError    [CONTEXT]    throws  DerivativeException,  IntegratorException  {  sanityChecks(equations,  t0,  y0,  t,  y);  setEquations(equations);  resetEvaluations();  final  boolean  forward  =  t  >  t0;      [BUGGY]  if(forward)  {  if(c.length  ==  1)  {  for(int  i  =  0;  i  <  c.length;  ++i)  {  System.arraycopy(c,  0,  c,  0,  c.length);  y  +=  c.length;  }  [BUGGY]    final  int  stages  =  c.length  +  1;  if  (y  !=  y0)  {  System.arraycopy(y0,  0,  y,  0,  y0.length);  }  final  double[][]  yDotK  =  new  double[stages][];  for  (int  i  =  0;  i  <  stages;  ++i)  {  yDotK  [i]  =  new  double[y0.length];  }  final  double[]  yTmp  =  new  double[y0.length];    [CLASS]  RungeKuttaIntegrator  [METHOD]  integrate  [RETURN_TYPE]  double  FirstOrderDifferentialEquations  equations  final  double  t0  final  double[]  y0  final  double  t  final  double[]  y  [VARIABLES]  boolean  forward  lastStep  loop  CombinedEventsManager  manager  double[]  b  c  y  y0  yTmp  double  dt  nextStep  step  stopTime  sum  t  t0  double[][]  a  yDotK  AbstractStepInterpolator  interpolator  StepHandler  handler  RungeKuttaStepInterpolator  prototype  rki  int  i  j  k  l  stages  FirstOrderDifferentialEquations  equations  	projects/Math71/src/main/java/org/apache/commons/math/ode/nonstiff/RungeKuttaIntegrator.java	0.2672612419124244	106	106	2	replace	if(forward)  {  if(c.length  ==  1)  {  for(int  i  =  0;  i  <  c.length;  ++i)  {  System.arraycopy(c,  0,  c,  0,  c.length);  y  +=  c.length;  }	      if(c.length    ==    0)    {    for(int    i    =    0;    i    <    c.length;    ++i)    {    System.arraycopy(c,    0,    c,    0,    c.length);    y    +=    c.length;    }    	non-compiled	[CE]  illegal  start  of  expression	19	None	replace
34	[BUG]  [BUGGY]  Integer  c  =  getInteger(y0.length);  [CE]  illegal  start  of  expression  [FE]          AssertionFailedError    [CONTEXT]    throws  DerivativeException,  IntegratorException  {  sanityChecks(equations,  t0,  y0,  t,  y);  setEquations(equations);  resetEvaluations();  final  boolean  forward  =  t  >  t0;      [BUGGY]  Integer  c  =  getInteger(y0.length);  [BUGGY]    final  int  stages  =  c.length  +  1;  if  (y  !=  y0)  {  System.arraycopy(y0,  0,  y,  0,  y0.length);  }  final  double[][]  yDotK  =  new  double[stages][];  for  (int  i  =  0;  i  <  stages;  ++i)  {  yDotK  [i]  =  new  double[y0.length];  }  final  double[]  yTmp  =  new  double[y0.length];    [CLASS]  RungeKuttaIntegrator  [METHOD]  integrate  [RETURN_TYPE]  double  FirstOrderDifferentialEquations  equations  final  double  t0  final  double[]  y0  final  double  t  final  double[]  y  [VARIABLES]  boolean  forward  lastStep  loop  CombinedEventsManager  manager  double[]  b  c  y  y0  yTmp  double  dt  nextStep  step  stopTime  sum  t  t0  double[][]  a  yDotK  AbstractStepInterpolator  interpolator  StepHandler  handler  RungeKuttaStepInterpolator  prototype  rki  int  i  j  k  l  stages  FirstOrderDifferentialEquations  equations  	projects/Math71/src/main/java/org/apache/commons/math/ode/nonstiff/RungeKuttaIntegrator.java	0.2672612419124244	106	106	2	replace	Integer  c  =  getInteger(y0.length);	      Integer    c    =    getInteger(t0.length);    	non-compiled	[CE]  illegal  start  of  expression	2	None	replace
35	[BUG]  [BUGGY]  Integer  c  =  getInteger(t0.length  +  1);  [CE]  illegal  start  of  expression  [FE]            AssertionFailedError    [CONTEXT]    throws  DerivativeException,  IntegratorException  {  sanityChecks(equations,  t0,  y0,  t,  y);  setEquations(equations);  resetEvaluations();  final  boolean  forward  =  t  >  t0;      [BUGGY]  Integer  c  =  getInteger(t0.length  +  1);  [BUGGY]    final  int  stages  =  c.length  +  1;  if  (y  !=  y0)  {  System.arraycopy(y0,  0,  y,  0,  y0.length);  }  final  double[][]  yDotK  =  new  double[stages][];  for  (int  i  =  0;  i  <  stages;  ++i)  {  yDotK  [i]  =  new  double[y0.length];  }  final  double[]  yTmp  =  new  double[y0.length];    [CLASS]  RungeKuttaIntegrator  [METHOD]  integrate  [RETURN_TYPE]  double  FirstOrderDifferentialEquations  equations  final  double  t0  final  double[]  y0  final  double  t  final  double[]  y  [VARIABLES]  boolean  forward  lastStep  loop  CombinedEventsManager  manager  double[]  b  c  y  y0  yTmp  double  dt  nextStep  step  stopTime  sum  t  t0  double[][]  a  yDotK  AbstractStepInterpolator  interpolator  StepHandler  handler  RungeKuttaStepInterpolator  prototype  rki  int  i  j  k  l  stages  FirstOrderDifferentialEquations  equations  	projects/Math71/src/main/java/org/apache/commons/math/ode/nonstiff/RungeKuttaIntegrator.java	0.2672612419124244	106	106	2	replace	Integer  c  =  getInteger(t0.length  +  1);	      Integer    c    =    getInteger(t0.length);    	non-compiled	[CE]  illegal  start  of  expression	2	None	replace
36	[BUG]  [BUGGY]  if(forward)  {  System.arraycopy(c,  0,  c,  0,  c.length);  for(int  i  =  0;  i  <  c.length;  ++i)  {  System.arraycopy(c,  0,  c[i],  0,  c.length);  }  [CE]  illegal  start  of  expression  [FE]              AssertionFailedError    [CONTEXT]    throws  DerivativeException,  IntegratorException  {  sanityChecks(equations,  t0,  y0,  t,  y);  setEquations(equations);  resetEvaluations();  final  boolean  forward  =  t  >  t0;      [BUGGY]  if(forward)  {  System.arraycopy(c,  0,  c,  0,  c.length);  for(int  i  =  0;  i  <  c.length;  ++i)  {  System.arraycopy(c,  0,  c[i],  0,  c.length);  }  [BUGGY]    final  int  stages  =  c.length  +  1;  if  (y  !=  y0)  {  System.arraycopy(y0,  0,  y,  0,  y0.length);  }  final  double[][]  yDotK  =  new  double[stages][];  for  (int  i  =  0;  i  <  stages;  ++i)  {  yDotK  [i]  =  new  double[y0.length];  }  final  double[]  yTmp  =  new  double[y0.length];    [CLASS]  RungeKuttaIntegrator  [METHOD]  integrate  [RETURN_TYPE]  double  FirstOrderDifferentialEquations  equations  final  double  t0  final  double[]  y0  final  double  t  final  double[]  y  [VARIABLES]  boolean  forward  lastStep  loop  CombinedEventsManager  manager  double[]  b  c  y  y0  yTmp  double  dt  nextStep  step  stopTime  sum  t  t0  double[][]  a  yDotK  AbstractStepInterpolator  interpolator  StepHandler  handler  RungeKuttaStepInterpolator  prototype  rki  int  i  j  k  l  stages  FirstOrderDifferentialEquations  equations  	projects/Math71/src/main/java/org/apache/commons/math/ode/nonstiff/RungeKuttaIntegrator.java	0.2672612419124244	106	106	2	replace	if(forward)  {  System.arraycopy(c,  0,  c,  0,  c.length);  for(int  i  =  0;  i  <  c.length;  ++i)  {  System.arraycopy(c,  0,  c[i],  0,  c.length);  }	      if(c.length    ==    0)    {    System.arraycopy(c,    0,    c,    0,    c.length);    for(int    i    =    0;    i    <    c.length;    ++i)    {    System.arraycopy(c,    0,    c[i],    0,    c.length);    }    	non-compiled	[CE]  illegal  start  of  expression	18	None	replace
37	[BUG]  [BUGGY]  if(forward)  {  if(c.length  ==  0)  {  System.arraycopy(c,  0,  c,  0,  c.length);  for(int  i  =  0;  i  <  c.length;  ++i)  {  System.arraycopy(c,  0,  c[i],  0,  [CE]  illegal  start  of  expression  [FE]                AssertionFailedError    [CONTEXT]    throws  DerivativeException,  IntegratorException  {  sanityChecks(equations,  t0,  y0,  t,  y);  setEquations(equations);  resetEvaluations();  final  boolean  forward  =  t  >  t0;      [BUGGY]  if(forward)  {  if(c.length  ==  0)  {  System.arraycopy(c,  0,  c,  0,  c.length);  for(int  i  =  0;  i  <  c.length;  ++i)  {  System.arraycopy(c,  0,  c[i],  0,  [BUGGY]    final  int  stages  =  c.length  +  1;  if  (y  !=  y0)  {  System.arraycopy(y0,  0,  y,  0,  y0.length);  }  final  double[][]  yDotK  =  new  double[stages][];  for  (int  i  =  0;  i  <  stages;  ++i)  {  yDotK  [i]  =  new  double[y0.length];  }  final  double[]  yTmp  =  new  double[y0.length];    [CLASS]  RungeKuttaIntegrator  [METHOD]  integrate  [RETURN_TYPE]  double  FirstOrderDifferentialEquations  equations  final  double  t0  final  double[]  y0  final  double  t  final  double[]  y  [VARIABLES]  boolean  forward  lastStep  loop  CombinedEventsManager  manager  double[]  b  c  y  y0  yTmp  double  dt  nextStep  step  stopTime  sum  t  t0  double[][]  a  yDotK  AbstractStepInterpolator  interpolator  StepHandler  handler  RungeKuttaStepInterpolator  prototype  rki  int  i  j  k  l  stages  FirstOrderDifferentialEquations  equations  	projects/Math71/src/main/java/org/apache/commons/math/ode/nonstiff/RungeKuttaIntegrator.java	0.2672612419124244	106	106	2	replace	if(forward)  {  if(c.length  ==  0)  {  System.arraycopy(c,  0,  c,  0,  c.length);  for(int  i  =  0;  i  <  c.length;  ++i)  {  System.arraycopy(c,  0,  c[i],  0,	      if(c.length    ==    0)    {    System.arraycopy(c,    0,    c,    0,    c.length);    for(int    i    =    0;    i    <    c.length;    ++i)    {    System.arraycopy(c,    0,    c[i],    0,    c.length);    }    	non-compiled	[CE]  illegal  start  of  expression	18	None	replace
38	[BUG]  [BUGGY]  if(forward)  {  if(c.length  ==  0)  {  System.arraycopy(c,  0,  c,  0,  c.length);  for(int  i  =  0;  i  <  c.length;  ++i)  {  System.arraycopy(c,  0,  c[i],  0,  c  [CE]  illegal  start  of  expression  [FE]                  AssertionFailedError    [CONTEXT]    throws  DerivativeException,  IntegratorException  {  sanityChecks(equations,  t0,  y0,  t,  y);  setEquations(equations);  resetEvaluations();  final  boolean  forward  =  t  >  t0;      [BUGGY]  if(forward)  {  if(c.length  ==  0)  {  System.arraycopy(c,  0,  c,  0,  c.length);  for(int  i  =  0;  i  <  c.length;  ++i)  {  System.arraycopy(c,  0,  c[i],  0,  c  [BUGGY]    final  int  stages  =  c.length  +  1;  if  (y  !=  y0)  {  System.arraycopy(y0,  0,  y,  0,  y0.length);  }  final  double[][]  yDotK  =  new  double[stages][];  for  (int  i  =  0;  i  <  stages;  ++i)  {  yDotK  [i]  =  new  double[y0.length];  }  final  double[]  yTmp  =  new  double[y0.length];    [CLASS]  RungeKuttaIntegrator  [METHOD]  integrate  [RETURN_TYPE]  double  FirstOrderDifferentialEquations  equations  final  double  t0  final  double[]  y0  final  double  t  final  double[]  y  [VARIABLES]  boolean  forward  lastStep  loop  CombinedEventsManager  manager  double[]  b  c  y  y0  yTmp  double  dt  nextStep  step  stopTime  sum  t  t0  double[][]  a  yDotK  AbstractStepInterpolator  interpolator  StepHandler  handler  RungeKuttaStepInterpolator  prototype  rki  int  i  j  k  l  stages  FirstOrderDifferentialEquations  equations  	projects/Math71/src/main/java/org/apache/commons/math/ode/nonstiff/RungeKuttaIntegrator.java	0.2672612419124244	106	106	2	replace	if(forward)  {  if(c.length  ==  0)  {  System.arraycopy(c,  0,  c,  0,  c.length);  for(int  i  =  0;  i  <  c.length;  ++i)  {  System.arraycopy(c,  0,  c[i],  0,  c	      if(c.length    ==    0)    {    System.arraycopy(c,    0,    c,    0,    c.length);    for(int    i    =    0;    i    <    c.length;    ++i)    {    System.arraycopy(c,    0,    c[i],    0,    c.length);    }    	non-compiled	[CE]  illegal  start  of  expression	18	None	replace
39	[BUG]  [BUGGY]  if(forward)  {  if(c.length  ==  0)  {  System.arraycopy(c,  0,  c,  0,  c.length);  for(int  i  =  0;  i  <  c.length;  ++i)  {  System.arraycopy(c,  0,  c[i],  0,  c.length);  }  [CE]  illegal  start  of  expression  [FE]                    AssertionFailedError    [CONTEXT]    throws  DerivativeException,  IntegratorException  {  sanityChecks(equations,  t0,  y0,  t,  y);  setEquations(equations);  resetEvaluations();  final  boolean  forward  =  t  >  t0;      [BUGGY]  if(forward)  {  if(c.length  ==  0)  {  System.arraycopy(c,  0,  c,  0,  c.length);  for(int  i  =  0;  i  <  c.length;  ++i)  {  System.arraycopy(c,  0,  c[i],  0,  c.length);  }  [BUGGY]    final  int  stages  =  c.length  +  1;  if  (y  !=  y0)  {  System.arraycopy(y0,  0,  y,  0,  y0.length);  }  final  double[][]  yDotK  =  new  double[stages][];  for  (int  i  =  0;  i  <  stages;  ++i)  {  yDotK  [i]  =  new  double[y0.length];  }  final  double[]  yTmp  =  new  double[y0.length];    [CLASS]  RungeKuttaIntegrator  [METHOD]  integrate  [RETURN_TYPE]  double  FirstOrderDifferentialEquations  equations  final  double  t0  final  double[]  y0  final  double  t  final  double[]  y  [VARIABLES]  boolean  forward  lastStep  loop  CombinedEventsManager  manager  double[]  b  c  y  y0  yTmp  double  dt  nextStep  step  stopTime  sum  t  t0  double[][]  a  yDotK  AbstractStepInterpolator  interpolator  StepHandler  handler  RungeKuttaStepInterpolator  prototype  rki  int  i  j  k  l  stages  FirstOrderDifferentialEquations  equations  	projects/Math71/src/main/java/org/apache/commons/math/ode/nonstiff/RungeKuttaIntegrator.java	0.2672612419124244	106	106	2	replace	if(forward)  {  if(c.length  ==  0)  {  System.arraycopy(c,  0,  c,  0,  c.length);  for(int  i  =  0;  i  <  c.length;  ++i)  {  System.arraycopy(c,  0,  c[i],  0,  c.length);  }	      if(c.length    ==    0)    {    System.arraycopy(c,    0,    c,    0,    c.length);    for(int    i    =    0;    i    <    c.length;    ++i)    {    System.arraycopy(c,    0,    c[i],    0,    c.length);    }    	non-compiled	[CE]  illegal  start  of  expression	18	None	replace
40	[BUG]  [BUGGY]  System.arraycopy(c,  0,  c,  0,  c.length);  for(int  i  =  0;  i  <  c.length;  ++i)  {  System.arraycopy(c,  0,  c,  0,  c.length);  }  [CE]  illegal  start  of  expression  [FE]        AssertionFailedError    [CONTEXT]    throws  DerivativeException,  IntegratorException  {  sanityChecks(equations,  t0,  y0,  t,  y);  setEquations(equations);  resetEvaluations();  final  boolean  forward  =  t  >  t0;      [BUGGY]  System.arraycopy(c,  0,  c,  0,  c.length);  for(int  i  =  0;  i  <  c.length;  ++i)  {  System.arraycopy(c,  0,  c,  0,  c.length);  }  [BUGGY]    final  int  stages  =  c.length  +  1;  if  (y  !=  y0)  {  System.arraycopy(y0,  0,  y,  0,  y0.length);  }  final  double[][]  yDotK  =  new  double[stages][];  for  (int  i  =  0;  i  <  stages;  ++i)  {  yDotK  [i]  =  new  double[y0.length];  }  final  double[]  yTmp  =  new  double[y0.length];    [CLASS]  RungeKuttaIntegrator  [METHOD]  integrate  [RETURN_TYPE]  double  FirstOrderDifferentialEquations  equations  final  double  t0  final  double[]  y0  final  double  t  final  double[]  y  [VARIABLES]  boolean  forward  lastStep  loop  CombinedEventsManager  manager  double[]  b  c  y  y0  yTmp  double  dt  nextStep  step  stopTime  sum  t  t0  double[][]  a  yDotK  AbstractStepInterpolator  interpolator  StepHandler  handler  RungeKuttaStepInterpolator  prototype  rki  int  i  j  k  l  stages  FirstOrderDifferentialEquations  equations  	projects/Math71/src/main/java/org/apache/commons/math/ode/nonstiff/RungeKuttaIntegrator.java	0.2672612419124244	106	106	2	replace	System.arraycopy(c,  0,  c,  0,  c.length);  for(int  i  =  0;  i  <  c.length;  ++i)  {  System.arraycopy(c,  0,  c,  0,  c.length);  }	      if(c.length    ==    0)    {    System.arraycopy(c,    0,    c,    0,    c.length);    for(int    i    =    0;    i    <    c.length;    ++i)    {    System.arraycopy(c,    0,    c,    0,    c.length);    }    	non-compiled	[CE]  illegal  start  of  expression	15	None	replace
41	[BUG]  [BUGGY]  if(forward)  {  System.arraycopy(c,  0,  c,  0,  c.length);  for(int  i  =  0;  i  <  c.length;  ++i)  {  System.arraycopy(c,  0,  c,  0,  c.length);  }  [CE]  illegal  start  of  expression  [FE]          AssertionFailedError    [CONTEXT]    throws  DerivativeException,  IntegratorException  {  sanityChecks(equations,  t0,  y0,  t,  y);  setEquations(equations);  resetEvaluations();  final  boolean  forward  =  t  >  t0;      [BUGGY]  if(forward)  {  System.arraycopy(c,  0,  c,  0,  c.length);  for(int  i  =  0;  i  <  c.length;  ++i)  {  System.arraycopy(c,  0,  c,  0,  c.length);  }  [BUGGY]    final  int  stages  =  c.length  +  1;  if  (y  !=  y0)  {  System.arraycopy(y0,  0,  y,  0,  y0.length);  }  final  double[][]  yDotK  =  new  double[stages][];  for  (int  i  =  0;  i  <  stages;  ++i)  {  yDotK  [i]  =  new  double[y0.length];  }  final  double[]  yTmp  =  new  double[y0.length];    [CLASS]  RungeKuttaIntegrator  [METHOD]  integrate  [RETURN_TYPE]  double  FirstOrderDifferentialEquations  equations  final  double  t0  final  double[]  y0  final  double  t  final  double[]  y  [VARIABLES]  boolean  forward  lastStep  loop  CombinedEventsManager  manager  double[]  b  c  y  y0  yTmp  double  dt  nextStep  step  stopTime  sum  t  t0  double[][]  a  yDotK  AbstractStepInterpolator  interpolator  StepHandler  handler  RungeKuttaStepInterpolator  prototype  rki  int  i  j  k  l  stages  FirstOrderDifferentialEquations  equations  	projects/Math71/src/main/java/org/apache/commons/math/ode/nonstiff/RungeKuttaIntegrator.java	0.2672612419124244	106	106	2	replace	if(forward)  {  System.arraycopy(c,  0,  c,  0,  c.length);  for(int  i  =  0;  i  <  c.length;  ++i)  {  System.arraycopy(c,  0,  c,  0,  c.length);  }	      if(c.length    ==    0)    {    System.arraycopy(c,    0,    c,    0,    c.length);    for(int    i    =    0;    i    <    c.length;    ++i)    {    System.arraycopy(c,    0,    c,    0,    c.length);    }    	non-compiled	[CE]  illegal  start  of  expression	15	None	replace
42	[BUG]  [BUGGY]  if(forward)  {  if(c.length  ==  0)  {  System.arraycopy(c,  0,  c,  0,  c.length);  for(int  i  =  0;  i  <  c.length;  ++i)  {  System.arraycopy(c,  0,  c,  0,  c.length);  }  [CE]  illegal  start  of  expression  [FE]            AssertionFailedError    [CONTEXT]    throws  DerivativeException,  IntegratorException  {  sanityChecks(equations,  t0,  y0,  t,  y);  setEquations(equations);  resetEvaluations();  final  boolean  forward  =  t  >  t0;      [BUGGY]  if(forward)  {  if(c.length  ==  0)  {  System.arraycopy(c,  0,  c,  0,  c.length);  for(int  i  =  0;  i  <  c.length;  ++i)  {  System.arraycopy(c,  0,  c,  0,  c.length);  }  [BUGGY]    final  int  stages  =  c.length  +  1;  if  (y  !=  y0)  {  System.arraycopy(y0,  0,  y,  0,  y0.length);  }  final  double[][]  yDotK  =  new  double[stages][];  for  (int  i  =  0;  i  <  stages;  ++i)  {  yDotK  [i]  =  new  double[y0.length];  }  final  double[]  yTmp  =  new  double[y0.length];    [CLASS]  RungeKuttaIntegrator  [METHOD]  integrate  [RETURN_TYPE]  double  FirstOrderDifferentialEquations  equations  final  double  t0  final  double[]  y0  final  double  t  final  double[]  y  [VARIABLES]  boolean  forward  lastStep  loop  CombinedEventsManager  manager  double[]  b  c  y  y0  yTmp  double  dt  nextStep  step  stopTime  sum  t  t0  double[][]  a  yDotK  AbstractStepInterpolator  interpolator  StepHandler  handler  RungeKuttaStepInterpolator  prototype  rki  int  i  j  k  l  stages  FirstOrderDifferentialEquations  equations  	projects/Math71/src/main/java/org/apache/commons/math/ode/nonstiff/RungeKuttaIntegrator.java	0.2672612419124244	106	106	2	replace	if(forward)  {  if(c.length  ==  0)  {  System.arraycopy(c,  0,  c,  0,  c.length);  for(int  i  =  0;  i  <  c.length;  ++i)  {  System.arraycopy(c,  0,  c,  0,  c.length);  }	      if(c.length    ==    0)    {    System.arraycopy(c,    0,    c,    0,    c.length);    for(int    i    =    0;    i    <    c.length;    ++i)    {    System.arraycopy(c,    0,    c,    0,    c.length);    }    	non-compiled	[CE]  illegal  start  of  expression	15	None	replace
43	[BUG]  [BUGGY]  if(forward)  {  if(c.length  ==  0)  {  System.arraycopy(c,  0,  c,  0,  c.length);  for(int  i  =  0;  i  <  c.length;  ++i)  {  System.arraycopy(c,  0,  c,  0,  [CE]  illegal  start  of  expression  [FE]              AssertionFailedError    [CONTEXT]    throws  DerivativeException,  IntegratorException  {  sanityChecks(equations,  t0,  y0,  t,  y);  setEquations(equations);  resetEvaluations();  final  boolean  forward  =  t  >  t0;      [BUGGY]  if(forward)  {  if(c.length  ==  0)  {  System.arraycopy(c,  0,  c,  0,  c.length);  for(int  i  =  0;  i  <  c.length;  ++i)  {  System.arraycopy(c,  0,  c,  0,  [BUGGY]    final  int  stages  =  c.length  +  1;  if  (y  !=  y0)  {  System.arraycopy(y0,  0,  y,  0,  y0.length);  }  final  double[][]  yDotK  =  new  double[stages][];  for  (int  i  =  0;  i  <  stages;  ++i)  {  yDotK  [i]  =  new  double[y0.length];  }  final  double[]  yTmp  =  new  double[y0.length];    [CLASS]  RungeKuttaIntegrator  [METHOD]  integrate  [RETURN_TYPE]  double  FirstOrderDifferentialEquations  equations  final  double  t0  final  double[]  y0  final  double  t  final  double[]  y  [VARIABLES]  boolean  forward  lastStep  loop  CombinedEventsManager  manager  double[]  b  c  y  y0  yTmp  double  dt  nextStep  step  stopTime  sum  t  t0  double[][]  a  yDotK  AbstractStepInterpolator  interpolator  StepHandler  handler  RungeKuttaStepInterpolator  prototype  rki  int  i  j  k  l  stages  FirstOrderDifferentialEquations  equations  	projects/Math71/src/main/java/org/apache/commons/math/ode/nonstiff/RungeKuttaIntegrator.java	0.2672612419124244	106	106	2	replace	if(forward)  {  if(c.length  ==  0)  {  System.arraycopy(c,  0,  c,  0,  c.length);  for(int  i  =  0;  i  <  c.length;  ++i)  {  System.arraycopy(c,  0,  c,  0,	      if(c.length    ==    0)    {    System.arraycopy(c,    0,    c,    0,    c.length);    for(int    i    =    0;    i    <    c.length;    ++i)    {    System.arraycopy(c,    0,    c,    0,    c.length);    }    	non-compiled	[CE]  illegal  start  of  expression	15	None	replace
44	[BUG]  [BUGGY]  final  int  stages  =  c.length  *  2;  [CE]  illegal  start  of  expression  [FE]        AssertionFailedError    [CONTEXT]    throws  DerivativeException,  IntegratorException  {  sanityChecks(equations,  t0,  y0,  t,  y);  setEquations(equations);  resetEvaluations();  final  boolean  forward  =  t  >  t0;      [BUGGY]  final  int  stages  =  c.length  *  2;  [BUGGY]    if  (y  !=  y0)  {  System.arraycopy(y0,  0,  y,  0,  y0.length);  }  final  double[][]  yDotK  =  new  double[stages][];  for  (int  i  =  0;  i  <  stages;  ++i)  {  yDotK  [i]  =  new  double[y0.length];  }  final  double[]  yTmp  =  new  double[y0.length];    [CLASS]  RungeKuttaIntegrator  [METHOD]  integrate  [RETURN_TYPE]  double  FirstOrderDifferentialEquations  equations  final  double  t0  final  double[]  y0  final  double  t  final  double[]  y  [VARIABLES]  boolean  forward  lastStep  loop  CombinedEventsManager  manager  double[]  b  c  y  y0  yTmp  double  dt  nextStep  step  stopTime  sum  t  t0  double[][]  a  yDotK  AbstractStepInterpolator  interpolator  StepHandler  handler  RungeKuttaStepInterpolator  prototype  rki  int  i  j  k  l  stages  FirstOrderDifferentialEquations  equations  	projects/Math71/src/main/java/org/apache/commons/math/ode/nonstiff/RungeKuttaIntegrator.java	0.2672612419124244	106	106	2	replace	final  int  stages  =  c.length  *  2;	  final    int    stages    =    c.length    *    1;    	non-compiled	[CE]  illegal  start  of  expression	9	None	replace
45	[BUG]  [BUGGY]  final  int  stages  =  t.length  *  1;  [CE]  illegal  start  of  expression  [FE]          AssertionFailedError    [CONTEXT]    throws  DerivativeException,  IntegratorException  {  sanityChecks(equations,  t0,  y0,  t,  y);  setEquations(equations);  resetEvaluations();  final  boolean  forward  =  t  >  t0;      [BUGGY]  final  int  stages  =  t.length  *  1;  [BUGGY]    if  (y  !=  y0)  {  System.arraycopy(y0,  0,  y,  0,  y0.length);  }  final  double[][]  yDotK  =  new  double[stages][];  for  (int  i  =  0;  i  <  stages;  ++i)  {  yDotK  [i]  =  new  double[y0.length];  }  final  double[]  yTmp  =  new  double[y0.length];    [CLASS]  RungeKuttaIntegrator  [METHOD]  integrate  [RETURN_TYPE]  double  FirstOrderDifferentialEquations  equations  final  double  t0  final  double[]  y0  final  double  t  final  double[]  y  [VARIABLES]  boolean  forward  lastStep  loop  CombinedEventsManager  manager  double[]  b  c  y  y0  yTmp  double  dt  nextStep  step  stopTime  sum  t  t0  double[][]  a  yDotK  AbstractStepInterpolator  interpolator  StepHandler  handler  RungeKuttaStepInterpolator  prototype  rki  int  i  j  k  l  stages  FirstOrderDifferentialEquations  equations  	projects/Math71/src/main/java/org/apache/commons/math/ode/nonstiff/RungeKuttaIntegrator.java	0.2672612419124244	106	106	2	replace	final  int  stages  =  t.length  *  1;	  final    int    stages    =    c.length    *    1;    	non-compiled	[CE]  illegal  start  of  expression	9	None	replace
46	[BUG]  [BUGGY]  final  int  stages  =  c.length  -  2;  [CE]  illegal  start  of  expression  [FE]          AssertionFailedError    [CONTEXT]    throws  DerivativeException,  IntegratorException  {  sanityChecks(equations,  t0,  y0,  t,  y);  setEquations(equations);  resetEvaluations();  final  boolean  forward  =  t  >  t0;      [BUGGY]  final  int  stages  =  c.length  -  2;  [BUGGY]    if  (y  !=  y0)  {  System.arraycopy(y0,  0,  y,  0,  y0.length);  }  final  double[][]  yDotK  =  new  double[stages][];  for  (int  i  =  0;  i  <  stages;  ++i)  {  yDotK  [i]  =  new  double[y0.length];  }  final  double[]  yTmp  =  new  double[y0.length];    [CLASS]  RungeKuttaIntegrator  [METHOD]  integrate  [RETURN_TYPE]  double  FirstOrderDifferentialEquations  equations  final  double  t0  final  double[]  y0  final  double  t  final  double[]  y  [VARIABLES]  boolean  forward  lastStep  loop  CombinedEventsManager  manager  double[]  b  c  y  y0  yTmp  double  dt  nextStep  step  stopTime  sum  t  t0  double[][]  a  yDotK  AbstractStepInterpolator  interpolator  StepHandler  handler  RungeKuttaStepInterpolator  prototype  rki  int  i  j  k  l  stages  FirstOrderDifferentialEquations  equations  	projects/Math71/src/main/java/org/apache/commons/math/ode/nonstiff/RungeKuttaIntegrator.java	0.2672612419124244	106	106	2	replace	final  int  stages  =  c.length  -  2;	  final    int    stages    =    c.length    -    1;    	non-compiled	[CE]  illegal  start  of  expression	7	None	replace
47	[BUG]  [BUGGY]  final  int  stages  =  c.length  -  1  +  1;  [CE]  illegal  start  of  expression  [FE]            AssertionFailedError    [CONTEXT]    throws  DerivativeException,  IntegratorException  {  sanityChecks(equations,  t0,  y0,  t,  y);  setEquations(equations);  resetEvaluations();  final  boolean  forward  =  t  >  t0;      [BUGGY]  final  int  stages  =  c.length  -  1  +  1;  [BUGGY]    if  (y  !=  y0)  {  System.arraycopy(y0,  0,  y,  0,  y0.length);  }  final  double[][]  yDotK  =  new  double[stages][];  for  (int  i  =  0;  i  <  stages;  ++i)  {  yDotK  [i]  =  new  double[y0.length];  }  final  double[]  yTmp  =  new  double[y0.length];    [CLASS]  RungeKuttaIntegrator  [METHOD]  integrate  [RETURN_TYPE]  double  FirstOrderDifferentialEquations  equations  final  double  t0  final  double[]  y0  final  double  t  final  double[]  y  [VARIABLES]  boolean  forward  lastStep  loop  CombinedEventsManager  manager  double[]  b  c  y  y0  yTmp  double  dt  nextStep  step  stopTime  sum  t  t0  double[][]  a  yDotK  AbstractStepInterpolator  interpolator  StepHandler  handler  RungeKuttaStepInterpolator  prototype  rki  int  i  j  k  l  stages  FirstOrderDifferentialEquations  equations  	projects/Math71/src/main/java/org/apache/commons/math/ode/nonstiff/RungeKuttaIntegrator.java	0.2672612419124244	106	106	2	replace	final  int  stages  =  c.length  -  1  +  1;	  final    int    stages    =    c.length    -    1;    	non-compiled	[CE]  illegal  start  of  expression	7	None	replace
48	[BUG]  [BUGGY]  final  double[][]  c  =(double[][])sanityChecks(equations,  t0,  y1,  t,  forward);  setEvaluations(c);  [CE]  illegal  start  of  expression  [FE]          AssertionFailedError    [CONTEXT]    throws  DerivativeException,  IntegratorException  {  sanityChecks(equations,  t0,  y0,  t,  y);  setEquations(equations);  resetEvaluations();  final  boolean  forward  =  t  >  t0;      [BUGGY]  final  double[][]  c  =(double[][])sanityChecks(equations,  t0,  y1,  t,  forward);  setEvaluations(c);  [BUGGY]    final  int  stages  =  c.length  +  1;  if  (y  !=  y0)  {  System.arraycopy(y0,  0,  y,  0,  y0.length);  }  final  double[][]  yDotK  =  new  double[stages][];  for  (int  i  =  0;  i  <  stages;  ++i)  {  yDotK  [i]  =  new  double[y0.length];  }  final  double[]  yTmp  =  new  double[y0.length];    [CLASS]  RungeKuttaIntegrator  [METHOD]  integrate  [RETURN_TYPE]  double  FirstOrderDifferentialEquations  equations  final  double  t0  final  double[]  y0  final  double  t  final  double[]  y  [VARIABLES]  boolean  forward  lastStep  loop  CombinedEventsManager  manager  double[]  b  c  y  y0  yTmp  double  dt  nextStep  step  stopTime  sum  t  t0  double[][]  a  yDotK  AbstractStepInterpolator  interpolator  StepHandler  handler  RungeKuttaStepInterpolator  prototype  rki  int  i  j  k  l  stages  FirstOrderDifferentialEquations  equations  	projects/Math71/src/main/java/org/apache/commons/math/ode/nonstiff/RungeKuttaIntegrator.java	0.2672612419124244	106	106	2	replace	final  double[][]  c  =(double[][])sanityChecks(equations,  t0,  y1,  t,  forward);  setEvaluations(c);	      final    double[][]    c    =(double[][])sanityChecks(equations,    t0,    y0,    t,    forward);    setEvaluations(c);    	non-compiled	[CE]  illegal  start  of  expression	11	None	replace
49	[BUG]  [BUGGY]  final  double[][]  c  =(double[][])sanityChecks(equations,  t0,  y,  t,  forward);  setEvaluations(c);  [CE]  illegal  start  of  expression  [FE]            AssertionFailedError    [CONTEXT]    throws  DerivativeException,  IntegratorException  {  sanityChecks(equations,  t0,  y0,  t,  y);  setEquations(equations);  resetEvaluations();  final  boolean  forward  =  t  >  t0;      [BUGGY]  final  double[][]  c  =(double[][])sanityChecks(equations,  t0,  y,  t,  forward);  setEvaluations(c);  [BUGGY]    final  int  stages  =  c.length  +  1;  if  (y  !=  y0)  {  System.arraycopy(y0,  0,  y,  0,  y0.length);  }  final  double[][]  yDotK  =  new  double[stages][];  for  (int  i  =  0;  i  <  stages;  ++i)  {  yDotK  [i]  =  new  double[y0.length];  }  final  double[]  yTmp  =  new  double[y0.length];    [CLASS]  RungeKuttaIntegrator  [METHOD]  integrate  [RETURN_TYPE]  double  FirstOrderDifferentialEquations  equations  final  double  t0  final  double[]  y0  final  double  t  final  double[]  y  [VARIABLES]  boolean  forward  lastStep  loop  CombinedEventsManager  manager  double[]  b  c  y  y0  yTmp  double  dt  nextStep  step  stopTime  sum  t  t0  double[][]  a  yDotK  AbstractStepInterpolator  interpolator  StepHandler  handler  RungeKuttaStepInterpolator  prototype  rki  int  i  j  k  l  stages  FirstOrderDifferentialEquations  equations  	projects/Math71/src/main/java/org/apache/commons/math/ode/nonstiff/RungeKuttaIntegrator.java	0.2672612419124244	106	106	2	replace	final  double[][]  c  =(double[][])sanityChecks(equations,  t0,  y,  t,  forward);  setEvaluations(c);	      final    double[][]    c    =(double[][])sanityChecks(equations,    t0,    y0,    t,    forward);    setEvaluations(c);    	non-compiled	[CE]  illegal  start  of  expression	11	None	replace
50	[BUG]  [BUGGY]  final  double[][]  c  =(double[][])sanityChecks(t0,  y0,  t,  dt);  setEvaluations(c);  [CE]  illegal  start  of  expression  [FE]                AssertionFailedError    [CONTEXT]    throws  DerivativeException,  IntegratorException  {  sanityChecks(equations,  t0,  y0,  t,  y);  setEquations(equations);  resetEvaluations();  final  boolean  forward  =  t  >  t0;      [BUGGY]  final  double[][]  c  =(double[][])sanityChecks(t0,  y0,  t,  dt);  setEvaluations(c);  [BUGGY]    final  int  stages  =  c.length  +  1;  if  (y  !=  y0)  {  System.arraycopy(y0,  0,  y,  0,  y0.length);  }  final  double[][]  yDotK  =  new  double[stages][];  for  (int  i  =  0;  i  <  stages;  ++i)  {  yDotK  [i]  =  new  double[y0.length];  }  final  double[]  yTmp  =  new  double[y0.length];    [CLASS]  RungeKuttaIntegrator  [METHOD]  integrate  [RETURN_TYPE]  double  FirstOrderDifferentialEquations  equations  final  double  t0  final  double[]  y0  final  double  t  final  double[]  y  [VARIABLES]  boolean  forward  lastStep  loop  CombinedEventsManager  manager  double[]  b  c  y  y0  yTmp  double  dt  nextStep  step  stopTime  sum  t  t0  double[][]  a  yDotK  AbstractStepInterpolator  interpolator  StepHandler  handler  RungeKuttaStepInterpolator  prototype  rki  int  i  j  k  l  stages  FirstOrderDifferentialEquations  equations  	projects/Math71/src/main/java/org/apache/commons/math/ode/nonstiff/RungeKuttaIntegrator.java	0.2672612419124244	106	106	2	replace	final  double[][]  c  =(double[][])sanityChecks(t0,  y0,  t,  dt);  setEvaluations(c);	      final    double[][]    c    =(double[][])sanityChecks(t0,    y0,    t,    forward);    setEvaluations(c);    	non-compiled	[CE]  illegal  start  of  expression	14	None	replace
51	[BUG]  [BUGGY]  final  double[][]  c  =(double[][])sanityChecks(equations,  t0,  y,  forward);  setEvaluations(c);  [CE]  illegal  start  of  expression  [FE]                  AssertionFailedError    [CONTEXT]    throws  DerivativeException,  IntegratorException  {  sanityChecks(equations,  t0,  y0,  t,  y);  setEquations(equations);  resetEvaluations();  final  boolean  forward  =  t  >  t0;      [BUGGY]  final  double[][]  c  =(double[][])sanityChecks(equations,  t0,  y,  forward);  setEvaluations(c);  [BUGGY]    final  int  stages  =  c.length  +  1;  if  (y  !=  y0)  {  System.arraycopy(y0,  0,  y,  0,  y0.length);  }  final  double[][]  yDotK  =  new  double[stages][];  for  (int  i  =  0;  i  <  stages;  ++i)  {  yDotK  [i]  =  new  double[y0.length];  }  final  double[]  yTmp  =  new  double[y0.length];    [CLASS]  RungeKuttaIntegrator  [METHOD]  integrate  [RETURN_TYPE]  double  FirstOrderDifferentialEquations  equations  final  double  t0  final  double[]  y0  final  double  t  final  double[]  y  [VARIABLES]  boolean  forward  lastStep  loop  CombinedEventsManager  manager  double[]  b  c  y  y0  yTmp  double  dt  nextStep  step  stopTime  sum  t  t0  double[][]  a  yDotK  AbstractStepInterpolator  interpolator  StepHandler  handler  RungeKuttaStepInterpolator  prototype  rki  int  i  j  k  l  stages  FirstOrderDifferentialEquations  equations  	projects/Math71/src/main/java/org/apache/commons/math/ode/nonstiff/RungeKuttaIntegrator.java	0.2672612419124244	106	106	2	replace	final  double[][]  c  =(double[][])sanityChecks(equations,  t0,  y,  forward);  setEvaluations(c);	      final    double[][]    c    =(double[][])sanityChecks(t0,    y0,    t,    forward);    setEvaluations(c);    	non-compiled	[CE]  illegal  start  of  expression	14	None	replace
52	[BUG]  [BUGGY]  final  int  stages  =  c.length  -  1  +  forward;  [CE]  illegal  start  of  expression  [FE]          AssertionFailedError    [CONTEXT]    throws  DerivativeException,  IntegratorException  {  sanityChecks(equations,  t0,  y0,  t,  y);  setEquations(equations);  resetEvaluations();  final  boolean  forward  =  t  >  t0;      [BUGGY]  final  int  stages  =  c.length  -  1  +  forward;  [BUGGY]    if  (y  !=  y0)  {  System.arraycopy(y0,  0,  y,  0,  y0.length);  }  final  double[][]  yDotK  =  new  double[stages][];  for  (int  i  =  0;  i  <  stages;  ++i)  {  yDotK  [i]  =  new  double[y0.length];  }  final  double[]  yTmp  =  new  double[y0.length];    [CLASS]  RungeKuttaIntegrator  [METHOD]  integrate  [RETURN_TYPE]  double  FirstOrderDifferentialEquations  equations  final  double  t0  final  double[]  y0  final  double  t  final  double[]  y  [VARIABLES]  boolean  forward  lastStep  loop  CombinedEventsManager  manager  double[]  b  c  y  y0  yTmp  double  dt  nextStep  step  stopTime  sum  t  t0  double[][]  a  yDotK  AbstractStepInterpolator  interpolator  StepHandler  handler  RungeKuttaStepInterpolator  prototype  rki  int  i  j  k  l  stages  FirstOrderDifferentialEquations  equations  	projects/Math71/src/main/java/org/apache/commons/math/ode/nonstiff/RungeKuttaIntegrator.java	0.2672612419124244	106	106	2	replace	final  int  stages  =  c.length  -  1  +  forward;	  final    int    stages    =    c.length    -    1;    	non-compiled	[CE]  illegal  start  of  expression	7	None	replace
53	[BUG]  [BUGGY]  final  double[][]  c  =(double[][])anityChecks(equations,  t0,  y0,  t,  forward);  [CE]  illegal  start  of  expression  [FE]              AssertionFailedError    [CONTEXT]    throws  DerivativeException,  IntegratorException  {  sanityChecks(equations,  t0,  y0,  t,  y);  setEquations(equations);  resetEvaluations();  final  boolean  forward  =  t  >  t0;      [BUGGY]  final  double[][]  c  =(double[][])anityChecks(equations,  t0,  y0,  t,  forward);  [BUGGY]    final  int  stages  =  c.length  +  1;  if  (y  !=  y0)  {  System.arraycopy(y0,  0,  y,  0,  y0.length);  }  final  double[][]  yDotK  =  new  double[stages][];  for  (int  i  =  0;  i  <  stages;  ++i)  {  yDotK  [i]  =  new  double[y0.length];  }  final  double[]  yTmp  =  new  double[y0.length];    [CLASS]  RungeKuttaIntegrator  [METHOD]  integrate  [RETURN_TYPE]  double  FirstOrderDifferentialEquations  equations  final  double  t0  final  double[]  y0  final  double  t  final  double[]  y  [VARIABLES]  boolean  forward  lastStep  loop  CombinedEventsManager  manager  double[]  b  c  y  y0  yTmp  double  dt  nextStep  step  stopTime  sum  t  t0  double[][]  a  yDotK  AbstractStepInterpolator  interpolator  StepHandler  handler  RungeKuttaStepInterpolator  prototype  rki  int  i  j  k  l  stages  FirstOrderDifferentialEquations  equations  	projects/Math71/src/main/java/org/apache/commons/math/ode/nonstiff/RungeKuttaIntegrator.java	0.2672612419124244	106	106	2	replace	final  double[][]  c  =(double[][])anityChecks(equations,  t0,  y0,  t,  forward);	      final    double[][]    c    =(double[][])sanityChecks(equations,    t0,    y0,    t,    forward);    resetEvaluations();    	non-compiled	[CE]  illegal  start  of  expression	13	None	replace
54	[BUG]  [BUGGY]  Integer  c  =  getIntValue(t0  +  1);  [CE]  illegal  start  of  expression  [FE]                AssertionFailedError    [CONTEXT]    throws  DerivativeException,  IntegratorException  {  sanityChecks(equations,  t0,  y0,  t,  y);  setEquations(equations);  resetEvaluations();  final  boolean  forward  =  t  >  t0;      [BUGGY]  Integer  c  =  getIntValue(t0  +  1);  [BUGGY]    final  int  stages  =  c.length  +  1;  if  (y  !=  y0)  {  System.arraycopy(y0,  0,  y,  0,  y0.length);  }  final  double[][]  yDotK  =  new  double[stages][];  for  (int  i  =  0;  i  <  stages;  ++i)  {  yDotK  [i]  =  new  double[y0.length];  }  final  double[]  yTmp  =  new  double[y0.length];    [CLASS]  RungeKuttaIntegrator  [METHOD]  integrate  [RETURN_TYPE]  double  FirstOrderDifferentialEquations  equations  final  double  t0  final  double[]  y0  final  double  t  final  double[]  y  [VARIABLES]  boolean  forward  lastStep  loop  CombinedEventsManager  manager  double[]  b  c  y  y0  yTmp  double  dt  nextStep  step  stopTime  sum  t  t0  double[][]  a  yDotK  AbstractStepInterpolator  interpolator  StepHandler  handler  RungeKuttaStepInterpolator  prototype  rki  int  i  j  k  l  stages  FirstOrderDifferentialEquations  equations  	projects/Math71/src/main/java/org/apache/commons/math/ode/nonstiff/RungeKuttaIntegrator.java	0.2672612419124244	106	106	2	replace	Integer  c  =  getIntValue(t0  +  1);	      Integer    c    =    getIntValue(t0);    	non-compiled	[CE]  illegal  start  of  expression	5	None	replace
55	[BUG]  [BUGGY]  final  double[][]  c  =(double[][])anityChecks(t0,  y0,  t,  forward);  [CE]  illegal  start  of  expression  [FE]            AssertionFailedError    [CONTEXT]    throws  DerivativeException,  IntegratorException  {  sanityChecks(equations,  t0,  y0,  t,  y);  setEquations(equations);  resetEvaluations();  final  boolean  forward  =  t  >  t0;      [BUGGY]  final  double[][]  c  =(double[][])anityChecks(t0,  y0,  t,  forward);  [BUGGY]    final  int  stages  =  c.length  +  1;  if  (y  !=  y0)  {  System.arraycopy(y0,  0,  y,  0,  y0.length);  }  final  double[][]  yDotK  =  new  double[stages][];  for  (int  i  =  0;  i  <  stages;  ++i)  {  yDotK  [i]  =  new  double[y0.length];  }  final  double[]  yTmp  =  new  double[y0.length];    [CLASS]  RungeKuttaIntegrator  [METHOD]  integrate  [RETURN_TYPE]  double  FirstOrderDifferentialEquations  equations  final  double  t0  final  double[]  y0  final  double  t  final  double[]  y  [VARIABLES]  boolean  forward  lastStep  loop  CombinedEventsManager  manager  double[]  b  c  y  y0  yTmp  double  dt  nextStep  step  stopTime  sum  t  t0  double[][]  a  yDotK  AbstractStepInterpolator  interpolator  StepHandler  handler  RungeKuttaStepInterpolator  prototype  rki  int  i  j  k  l  stages  FirstOrderDifferentialEquations  equations  	projects/Math71/src/main/java/org/apache/commons/math/ode/nonstiff/RungeKuttaIntegrator.java	0.2672612419124244	106	106	2	replace	final  double[][]  c  =(double[][])anityChecks(t0,  y0,  t,  forward);	      final    double[][]    c    =(double[][])sanityChecks(t0,    y0,    t,    forward);    	non-compiled	[CE]  illegal  start  of  expression	12	None	replace
56	[BUG]  [BUGGY]  System.arraycopy(c,  0,  c,  0,  c.length);  for(int  i  =  0;  i  <  c.length;  ++i)  {  System.arraycopy(c,  0,  c[i],  0,  c.length);  }  [CE]  illegal  start  of  expression  [FE]              AssertionFailedError    [CONTEXT]    throws  DerivativeException,  IntegratorException  {  sanityChecks(equations,  t0,  y0,  t,  y);  setEquations(equations);  resetEvaluations();  final  boolean  forward  =  t  >  t0;      [BUGGY]  System.arraycopy(c,  0,  c,  0,  c.length);  for(int  i  =  0;  i  <  c.length;  ++i)  {  System.arraycopy(c,  0,  c[i],  0,  c.length);  }  [BUGGY]    final  int  stages  =  c.length  +  1;  if  (y  !=  y0)  {  System.arraycopy(y0,  0,  y,  0,  y0.length);  }  final  double[][]  yDotK  =  new  double[stages][];  for  (int  i  =  0;  i  <  stages;  ++i)  {  yDotK  [i]  =  new  double[y0.length];  }  final  double[]  yTmp  =  new  double[y0.length];    [CLASS]  RungeKuttaIntegrator  [METHOD]  integrate  [RETURN_TYPE]  double  FirstOrderDifferentialEquations  equations  final  double  t0  final  double[]  y0  final  double  t  final  double[]  y  [VARIABLES]  boolean  forward  lastStep  loop  CombinedEventsManager  manager  double[]  b  c  y  y0  yTmp  double  dt  nextStep  step  stopTime  sum  t  t0  double[][]  a  yDotK  AbstractStepInterpolator  interpolator  StepHandler  handler  RungeKuttaStepInterpolator  prototype  rki  int  i  j  k  l  stages  FirstOrderDifferentialEquations  equations  	projects/Math71/src/main/java/org/apache/commons/math/ode/nonstiff/RungeKuttaIntegrator.java	0.2672612419124244	106	106	2	replace	System.arraycopy(c,  0,  c,  0,  c.length);  for(int  i  =  0;  i  <  c.length;  ++i)  {  System.arraycopy(c,  0,  c[i],  0,  c.length);  }	      if(c.length    ==    0)    {    System.arraycopy(c,    0,    c,    0,    c.length);    for(int    i    =    0;    i    <    c.length;    ++i)    {    System.arraycopy(c,    0,    c[i],    0,    c.length);    }    	non-compiled	[CE]  illegal  start  of  expression	18	None	replace
57	[BUG]  [BUGGY]  if(forward)  {  System.arraycopy(c,  0,  c[i],  0,  c.length);  for(int  i  =  0;  i  <  c.length;  ++i)  {  System.arraycopy(c,  0,  c[i],  0,  c.length);  }  [CE]  illegal  start  of  expression  [FE]                AssertionFailedError    [CONTEXT]    throws  DerivativeException,  IntegratorException  {  sanityChecks(equations,  t0,  y0,  t,  y);  setEquations(equations);  resetEvaluations();  final  boolean  forward  =  t  >  t0;      [BUGGY]  if(forward)  {  System.arraycopy(c,  0,  c[i],  0,  c.length);  for(int  i  =  0;  i  <  c.length;  ++i)  {  System.arraycopy(c,  0,  c[i],  0,  c.length);  }  [BUGGY]    final  int  stages  =  c.length  +  1;  if  (y  !=  y0)  {  System.arraycopy(y0,  0,  y,  0,  y0.length);  }  final  double[][]  yDotK  =  new  double[stages][];  for  (int  i  =  0;  i  <  stages;  ++i)  {  yDotK  [i]  =  new  double[y0.length];  }  final  double[]  yTmp  =  new  double[y0.length];    [CLASS]  RungeKuttaIntegrator  [METHOD]  integrate  [RETURN_TYPE]  double  FirstOrderDifferentialEquations  equations  final  double  t0  final  double[]  y0  final  double  t  final  double[]  y  [VARIABLES]  boolean  forward  lastStep  loop  CombinedEventsManager  manager  double[]  b  c  y  y0  yTmp  double  dt  nextStep  step  stopTime  sum  t  t0  double[][]  a  yDotK  AbstractStepInterpolator  interpolator  StepHandler  handler  RungeKuttaStepInterpolator  prototype  rki  int  i  j  k  l  stages  FirstOrderDifferentialEquations  equations  	projects/Math71/src/main/java/org/apache/commons/math/ode/nonstiff/RungeKuttaIntegrator.java	0.2672612419124244	106	106	2	replace	if(forward)  {  System.arraycopy(c,  0,  c[i],  0,  c.length);  for(int  i  =  0;  i  <  c.length;  ++i)  {  System.arraycopy(c,  0,  c[i],  0,  c.length);  }	      if(c.length    ==    0)    {    System.arraycopy(c,    0,    c,    0,    c.length);    for(int    i    =    0;    i    <    c.length;    ++i)    {    System.arraycopy(c,    0,    c[i],    0,    c.length);    }    	non-compiled	[CE]  illegal  start  of  expression	18	None	replace
58	[BUG]  [BUGGY]  if(forward)  {  System.arraycopy(c,  0,  c,  0,  c.length);  for(int  i  =  0;  i  <  c.length;  ++i)  {  System.arraycopy(c,  0,  c[i],  0,  c.length  [CE]  illegal  start  of  expression  [FE]                  AssertionFailedError    [CONTEXT]    throws  DerivativeException,  IntegratorException  {  sanityChecks(equations,  t0,  y0,  t,  y);  setEquations(equations);  resetEvaluations();  final  boolean  forward  =  t  >  t0;      [BUGGY]  if(forward)  {  System.arraycopy(c,  0,  c,  0,  c.length);  for(int  i  =  0;  i  <  c.length;  ++i)  {  System.arraycopy(c,  0,  c[i],  0,  c.length  [BUGGY]    final  int  stages  =  c.length  +  1;  if  (y  !=  y0)  {  System.arraycopy(y0,  0,  y,  0,  y0.length);  }  final  double[][]  yDotK  =  new  double[stages][];  for  (int  i  =  0;  i  <  stages;  ++i)  {  yDotK  [i]  =  new  double[y0.length];  }  final  double[]  yTmp  =  new  double[y0.length];    [CLASS]  RungeKuttaIntegrator  [METHOD]  integrate  [RETURN_TYPE]  double  FirstOrderDifferentialEquations  equations  final  double  t0  final  double[]  y0  final  double  t  final  double[]  y  [VARIABLES]  boolean  forward  lastStep  loop  CombinedEventsManager  manager  double[]  b  c  y  y0  yTmp  double  dt  nextStep  step  stopTime  sum  t  t0  double[][]  a  yDotK  AbstractStepInterpolator  interpolator  StepHandler  handler  RungeKuttaStepInterpolator  prototype  rki  int  i  j  k  l  stages  FirstOrderDifferentialEquations  equations  	projects/Math71/src/main/java/org/apache/commons/math/ode/nonstiff/RungeKuttaIntegrator.java	0.2672612419124244	106	106	2	replace	if(forward)  {  System.arraycopy(c,  0,  c,  0,  c.length);  for(int  i  =  0;  i  <  c.length;  ++i)  {  System.arraycopy(c,  0,  c[i],  0,  c.length	      if(c.length    ==    0)    {    System.arraycopy(c,    0,    c,    0,    c.length);    for(int    i    =    0;    i    <    c.length;    ++i)    {    System.arraycopy(c,    0,    c[i],    0,    c.length);    }    	non-compiled	[CE]  illegal  start  of  expression	18	None	replace
59	[BUG]  [BUGGY]  final  int  stages  =  c.length  /  1  +  forward;  [CE]  illegal  start  of  expression  [FE]        AssertionFailedError    [CONTEXT]    throws  DerivativeException,  IntegratorException  {  sanityChecks(equations,  t0,  y0,  t,  y);  setEquations(equations);  resetEvaluations();  final  boolean  forward  =  t  >  t0;      [BUGGY]  final  int  stages  =  c.length  /  1  +  forward;  [BUGGY]    if  (y  !=  y0)  {  System.arraycopy(y0,  0,  y,  0,  y0.length);  }  final  double[][]  yDotK  =  new  double[stages][];  for  (int  i  =  0;  i  <  stages;  ++i)  {  yDotK  [i]  =  new  double[y0.length];  }  final  double[]  yTmp  =  new  double[y0.length];    [CLASS]  RungeKuttaIntegrator  [METHOD]  integrate  [RETURN_TYPE]  double  FirstOrderDifferentialEquations  equations  final  double  t0  final  double[]  y0  final  double  t  final  double[]  y  [VARIABLES]  boolean  forward  lastStep  loop  CombinedEventsManager  manager  double[]  b  c  y  y0  yTmp  double  dt  nextStep  step  stopTime  sum  t  t0  double[][]  a  yDotK  AbstractStepInterpolator  interpolator  StepHandler  handler  RungeKuttaStepInterpolator  prototype  rki  int  i  j  k  l  stages  FirstOrderDifferentialEquations  equations  	projects/Math71/src/main/java/org/apache/commons/math/ode/nonstiff/RungeKuttaIntegrator.java	0.2672612419124244	106	106	2	replace	final  int  stages  =  c.length  /  1  +  forward;	  final    int    stages    =    c.length    /    1;    	non-compiled	[CE]  illegal  start  of  expression	6	None	replace
60	[BUG]  [BUGGY]  final  int  stages  =  c.length  /  3;  [CE]  illegal  start  of  expression  [FE]          AssertionFailedError    [CONTEXT]    throws  DerivativeException,  IntegratorException  {  sanityChecks(equations,  t0,  y0,  t,  y);  setEquations(equations);  resetEvaluations();  final  boolean  forward  =  t  >  t0;      [BUGGY]  final  int  stages  =  c.length  /  3;  [BUGGY]    if  (y  !=  y0)  {  System.arraycopy(y0,  0,  y,  0,  y0.length);  }  final  double[][]  yDotK  =  new  double[stages][];  for  (int  i  =  0;  i  <  stages;  ++i)  {  yDotK  [i]  =  new  double[y0.length];  }  final  double[]  yTmp  =  new  double[y0.length];    [CLASS]  RungeKuttaIntegrator  [METHOD]  integrate  [RETURN_TYPE]  double  FirstOrderDifferentialEquations  equations  final  double  t0  final  double[]  y0  final  double  t  final  double[]  y  [VARIABLES]  boolean  forward  lastStep  loop  CombinedEventsManager  manager  double[]  b  c  y  y0  yTmp  double  dt  nextStep  step  stopTime  sum  t  t0  double[][]  a  yDotK  AbstractStepInterpolator  interpolator  StepHandler  handler  RungeKuttaStepInterpolator  prototype  rki  int  i  j  k  l  stages  FirstOrderDifferentialEquations  equations  	projects/Math71/src/main/java/org/apache/commons/math/ode/nonstiff/RungeKuttaIntegrator.java	0.2672612419124244	106	106	2	replace	final  int  stages  =  c.length  /  3;	  final    int    stages    =    c.length    /    1;    	non-compiled	[CE]  illegal  start  of  expression	6	None	replace
61	[BUG]  [BUGGY]  if(forward)  {  for(int  j  =  0;  j  <  c.length;  ++j)  {  System.arraycopy(c,  0,  c,  0,  c.length  +  1);  }  [CE]  illegal  start  of  expression  [FE]            AssertionFailedError    [CONTEXT]    throws  DerivativeException,  IntegratorException  {  sanityChecks(equations,  t0,  y0,  t,  y);  setEquations(equations);  resetEvaluations();  final  boolean  forward  =  t  >  t0;      [BUGGY]  if(forward)  {  for(int  j  =  0;  j  <  c.length;  ++j)  {  System.arraycopy(c,  0,  c,  0,  c.length  +  1);  }  [BUGGY]    final  int  stages  =  c.length  +  1;  if  (y  !=  y0)  {  System.arraycopy(y0,  0,  y,  0,  y0.length);  }  final  double[][]  yDotK  =  new  double[stages][];  for  (int  i  =  0;  i  <  stages;  ++i)  {  yDotK  [i]  =  new  double[y0.length];  }  final  double[]  yTmp  =  new  double[y0.length];    [CLASS]  RungeKuttaIntegrator  [METHOD]  integrate  [RETURN_TYPE]  double  FirstOrderDifferentialEquations  equations  final  double  t0  final  double[]  y0  final  double  t  final  double[]  y  [VARIABLES]  boolean  forward  lastStep  loop  CombinedEventsManager  manager  double[]  b  c  y  y0  yTmp  double  dt  nextStep  step  stopTime  sum  t  t0  double[][]  a  yDotK  AbstractStepInterpolator  interpolator  StepHandler  handler  RungeKuttaStepInterpolator  prototype  rki  int  i  j  k  l  stages  FirstOrderDifferentialEquations  equations  	projects/Math71/src/main/java/org/apache/commons/math/ode/nonstiff/RungeKuttaIntegrator.java	0.2672612419124244	106	106	2	replace	if(forward)  {  for(int  j  =  0;  j  <  c.length;  ++j)  {  System.arraycopy(c,  0,  c,  0,  c.length  +  1);  }	      if(c.length    ==    0)    {    for(int    j    =    0;    j    <    c.length;    ++j)    {    System.arraycopy(c,    0,    c,    0,    c.length);    }    	non-compiled	[CE]  illegal  start  of  expression	17	None	replace
62	[BUG]  [BUGGY]  Integer  c  =  getInteger(forward);  [CE]  illegal  start  of  expression  [FE]              AssertionFailedError    [CONTEXT]    throws  DerivativeException,  IntegratorException  {  sanityChecks(equations,  t0,  y0,  t,  y);  setEquations(equations);  resetEvaluations();  final  boolean  forward  =  t  >  t0;      [BUGGY]  Integer  c  =  getInteger(forward);  [BUGGY]    final  int  stages  =  c.length  +  1;  if  (y  !=  y0)  {  System.arraycopy(y0,  0,  y,  0,  y0.length);  }  final  double[][]  yDotK  =  new  double[stages][];  for  (int  i  =  0;  i  <  stages;  ++i)  {  yDotK  [i]  =  new  double[y0.length];  }  final  double[]  yTmp  =  new  double[y0.length];    [CLASS]  RungeKuttaIntegrator  [METHOD]  integrate  [RETURN_TYPE]  double  FirstOrderDifferentialEquations  equations  final  double  t0  final  double[]  y0  final  double  t  final  double[]  y  [VARIABLES]  boolean  forward  lastStep  loop  CombinedEventsManager  manager  double[]  b  c  y  y0  yTmp  double  dt  nextStep  step  stopTime  sum  t  t0  double[][]  a  yDotK  AbstractStepInterpolator  interpolator  StepHandler  handler  RungeKuttaStepInterpolator  prototype  rki  int  i  j  k  l  stages  FirstOrderDifferentialEquations  equations  	projects/Math71/src/main/java/org/apache/commons/math/ode/nonstiff/RungeKuttaIntegrator.java	0.2672612419124244	106	106	2	replace	Integer  c  =  getInteger(forward);	      Integer    c    =    getInteger(t0);    	non-compiled	[CE]  illegal  start  of  expression	4	None	replace
63	[BUG]  [BUGGY]  final  int  stages  =  c.length  *  3;  [CE]  illegal  start  of  expression  [FE]        AssertionFailedError    [CONTEXT]    throws  DerivativeException,  IntegratorException  {  sanityChecks(equations,  t0,  y0,  t,  y);  setEquations(equations);  resetEvaluations();  final  boolean  forward  =  t  >  t0;      [BUGGY]  final  int  stages  =  c.length  *  3;  [BUGGY]    if  (y  !=  y0)  {  System.arraycopy(y0,  0,  y,  0,  y0.length);  }  final  double[][]  yDotK  =  new  double[stages][];  for  (int  i  =  0;  i  <  stages;  ++i)  {  yDotK  [i]  =  new  double[y0.length];  }  final  double[]  yTmp  =  new  double[y0.length];    [CLASS]  RungeKuttaIntegrator  [METHOD]  integrate  [RETURN_TYPE]  double  FirstOrderDifferentialEquations  equations  final  double  t0  final  double[]  y0  final  double  t  final  double[]  y  [VARIABLES]  boolean  forward  lastStep  loop  CombinedEventsManager  manager  double[]  b  c  y  y0  yTmp  double  dt  nextStep  step  stopTime  sum  t  t0  double[][]  a  yDotK  AbstractStepInterpolator  interpolator  StepHandler  handler  RungeKuttaStepInterpolator  prototype  rki  int  i  j  k  l  stages  FirstOrderDifferentialEquations  equations  	projects/Math71/src/main/java/org/apache/commons/math/ode/nonstiff/RungeKuttaIntegrator.java	0.2672612419124244	106	106	2	replace	final  int  stages  =  c.length  *  3;	  final    int    stages    =    c.length    *    1;    	non-compiled	[CE]  illegal  start  of  expression	9	None	replace
64	[BUG]  [BUGGY]  final  int  stages  =  c.length  *  1  +  forward;  [CE]  illegal  start  of  expression  [FE]          AssertionFailedError    [CONTEXT]    throws  DerivativeException,  IntegratorException  {  sanityChecks(equations,  t0,  y0,  t,  y);  setEquations(equations);  resetEvaluations();  final  boolean  forward  =  t  >  t0;      [BUGGY]  final  int  stages  =  c.length  *  1  +  forward;  [BUGGY]    if  (y  !=  y0)  {  System.arraycopy(y0,  0,  y,  0,  y0.length);  }  final  double[][]  yDotK  =  new  double[stages][];  for  (int  i  =  0;  i  <  stages;  ++i)  {  yDotK  [i]  =  new  double[y0.length];  }  final  double[]  yTmp  =  new  double[y0.length];    [CLASS]  RungeKuttaIntegrator  [METHOD]  integrate  [RETURN_TYPE]  double  FirstOrderDifferentialEquations  equations  final  double  t0  final  double[]  y0  final  double  t  final  double[]  y  [VARIABLES]  boolean  forward  lastStep  loop  CombinedEventsManager  manager  double[]  b  c  y  y0  yTmp  double  dt  nextStep  step  stopTime  sum  t  t0  double[][]  a  yDotK  AbstractStepInterpolator  interpolator  StepHandler  handler  RungeKuttaStepInterpolator  prototype  rki  int  i  j  k  l  stages  FirstOrderDifferentialEquations  equations  	projects/Math71/src/main/java/org/apache/commons/math/ode/nonstiff/RungeKuttaIntegrator.java	0.2672612419124244	106	106	2	replace	final  int  stages  =  c.length  *  1  +  forward;	  final    int    stages    =    c.length    *    1;    	non-compiled	[CE]  illegal  start  of  expression	9	None	replace
65	[BUG]  [BUGGY]  final  int  c  =  getC()  +  forward;  [CE]  illegal  start  of  expression  [FE]        AssertionFailedError    [CONTEXT]    throws  DerivativeException,  IntegratorException  {  sanityChecks(equations,  t0,  y0,  t,  y);  setEquations(equations);  resetEvaluations();  final  boolean  forward  =  t  >  t0;      [BUGGY]  final  int  c  =  getC()  +  forward;  [BUGGY]    final  int  stages  =  c.length  +  1;  if  (y  !=  y0)  {  System.arraycopy(y0,  0,  y,  0,  y0.length);  }  final  double[][]  yDotK  =  new  double[stages][];  for  (int  i  =  0;  i  <  stages;  ++i)  {  yDotK  [i]  =  new  double[y0.length];  }  final  double[]  yTmp  =  new  double[y0.length];    [CLASS]  RungeKuttaIntegrator  [METHOD]  integrate  [RETURN_TYPE]  double  FirstOrderDifferentialEquations  equations  final  double  t0  final  double[]  y0  final  double  t  final  double[]  y  [VARIABLES]  boolean  forward  lastStep  loop  CombinedEventsManager  manager  double[]  b  c  y  y0  yTmp  double  dt  nextStep  step  stopTime  sum  t  t0  double[][]  a  yDotK  AbstractStepInterpolator  interpolator  StepHandler  handler  RungeKuttaStepInterpolator  prototype  rki  int  i  j  k  l  stages  FirstOrderDifferentialEquations  equations  	projects/Math71/src/main/java/org/apache/commons/math/ode/nonstiff/RungeKuttaIntegrator.java	0.2672612419124244	106	106	2	replace	final  int  c  =  getC()  +  forward;	      final    int    c    =    getC();    	non-compiled	[CE]  illegal  start  of  expression	1	None	replace
66	[BUG]  [BUGGY]  Integer  c  =  getIntValue()  +  forward;  [CE]  illegal  start  of  expression  [FE]            AssertionFailedError    [CONTEXT]    throws  DerivativeException,  IntegratorException  {  sanityChecks(equations,  t0,  y0,  t,  y);  setEquations(equations);  resetEvaluations();  final  boolean  forward  =  t  >  t0;      [BUGGY]  Integer  c  =  getIntValue()  +  forward;  [BUGGY]    final  int  stages  =  c.length  +  1;  if  (y  !=  y0)  {  System.arraycopy(y0,  0,  y,  0,  y0.length);  }  final  double[][]  yDotK  =  new  double[stages][];  for  (int  i  =  0;  i  <  stages;  ++i)  {  yDotK  [i]  =  new  double[y0.length];  }  final  double[]  yTmp  =  new  double[y0.length];    [CLASS]  RungeKuttaIntegrator  [METHOD]  integrate  [RETURN_TYPE]  double  FirstOrderDifferentialEquations  equations  final  double  t0  final  double[]  y0  final  double  t  final  double[]  y  [VARIABLES]  boolean  forward  lastStep  loop  CombinedEventsManager  manager  double[]  b  c  y  y0  yTmp  double  dt  nextStep  step  stopTime  sum  t  t0  double[][]  a  yDotK  AbstractStepInterpolator  interpolator  StepHandler  handler  RungeKuttaStepInterpolator  prototype  rki  int  i  j  k  l  stages  FirstOrderDifferentialEquations  equations  	projects/Math71/src/main/java/org/apache/commons/math/ode/nonstiff/RungeKuttaIntegrator.java	0.2672612419124244	106	106	2	replace	Integer  c  =  getIntValue()  +  forward;	      Integer    c    =    getIntValue();    	non-compiled	[CE]  illegal  start  of  expression	3	None	replace
67	[BUG]  [BUGGY]  for(int  c  =  0;  i  <  c.length;  ++i)  {  System.arraycopy(c,  0,  c,  0,  c.length);  }  [CE]  illegal  start  of  expression  [FE]          AssertionFailedError    [CONTEXT]    throws  DerivativeException,  IntegratorException  {  sanityChecks(equations,  t0,  y0,  t,  y);  setEquations(equations);  resetEvaluations();  final  boolean  forward  =  t  >  t0;      [BUGGY]  for(int  c  =  0;  i  <  c.length;  ++i)  {  System.arraycopy(c,  0,  c,  0,  c.length);  }  [BUGGY]    final  int  stages  =  c.length  +  1;  if  (y  !=  y0)  {  System.arraycopy(y0,  0,  y,  0,  y0.length);  }  final  double[][]  yDotK  =  new  double[stages][];  for  (int  i  =  0;  i  <  stages;  ++i)  {  yDotK  [i]  =  new  double[y0.length];  }  final  double[]  yTmp  =  new  double[y0.length];    [CLASS]  RungeKuttaIntegrator  [METHOD]  integrate  [RETURN_TYPE]  double  FirstOrderDifferentialEquations  equations  final  double  t0  final  double[]  y0  final  double  t  final  double[]  y  [VARIABLES]  boolean  forward  lastStep  loop  CombinedEventsManager  manager  double[]  b  c  y  y0  yTmp  double  dt  nextStep  step  stopTime  sum  t  t0  double[][]  a  yDotK  AbstractStepInterpolator  interpolator  StepHandler  handler  RungeKuttaStepInterpolator  prototype  rki  int  i  j  k  l  stages  FirstOrderDifferentialEquations  equations  	projects/Math71/src/main/java/org/apache/commons/math/ode/nonstiff/RungeKuttaIntegrator.java	0.2672612419124244	106	106	2	replace	for(int  c  =  0;  i  <  c.length;  ++i)  {  System.arraycopy(c,  0,  c,  0,  c.length);  }	      if(c.length    ==    0)    {    for(int    i    =    0;    i    <    c.length;    ++i)    {    System.arraycopy(c,    0,    c,    0,    c.length);    }    	non-compiled	[CE]  illegal  start  of  expression	16	None	replace
68	[BUG]  [BUGGY]  for(int  c  =  0;  c  <  c.length;  ++i)  {  System.arraycopy(c,  0,  c,  0,  c.length);  }  [CE]  illegal  start  of  expression  [FE]            AssertionFailedError    [CONTEXT]    throws  DerivativeException,  IntegratorException  {  sanityChecks(equations,  t0,  y0,  t,  y);  setEquations(equations);  resetEvaluations();  final  boolean  forward  =  t  >  t0;      [BUGGY]  for(int  c  =  0;  c  <  c.length;  ++i)  {  System.arraycopy(c,  0,  c,  0,  c.length);  }  [BUGGY]    final  int  stages  =  c.length  +  1;  if  (y  !=  y0)  {  System.arraycopy(y0,  0,  y,  0,  y0.length);  }  final  double[][]  yDotK  =  new  double[stages][];  for  (int  i  =  0;  i  <  stages;  ++i)  {  yDotK  [i]  =  new  double[y0.length];  }  final  double[]  yTmp  =  new  double[y0.length];    [CLASS]  RungeKuttaIntegrator  [METHOD]  integrate  [RETURN_TYPE]  double  FirstOrderDifferentialEquations  equations  final  double  t0  final  double[]  y0  final  double  t  final  double[]  y  [VARIABLES]  boolean  forward  lastStep  loop  CombinedEventsManager  manager  double[]  b  c  y  y0  yTmp  double  dt  nextStep  step  stopTime  sum  t  t0  double[][]  a  yDotK  AbstractStepInterpolator  interpolator  StepHandler  handler  RungeKuttaStepInterpolator  prototype  rki  int  i  j  k  l  stages  FirstOrderDifferentialEquations  equations  	projects/Math71/src/main/java/org/apache/commons/math/ode/nonstiff/RungeKuttaIntegrator.java	0.2672612419124244	106	106	2	replace	for(int  c  =  0;  c  <  c.length;  ++i)  {  System.arraycopy(c,  0,  c,  0,  c.length);  }	      if(c.length    ==    0)    {    for(int    i    =    0;    i    <    c.length;    ++i)    {    System.arraycopy(c,    0,    c,    0,    c.length);    }    	non-compiled	[CE]  illegal  start  of  expression	16	None	replace
69	[BUG]  [BUGGY]  final  double[][]  c  =(double[][])anityChecks(t0,  y0,  t,  forward);  setEvaluations(c);  [CE]  illegal  start  of  expression  [FE]                AssertionFailedError    [CONTEXT]    throws  DerivativeException,  IntegratorException  {  sanityChecks(equations,  t0,  y0,  t,  y);  setEquations(equations);  resetEvaluations();  final  boolean  forward  =  t  >  t0;      [BUGGY]  final  double[][]  c  =(double[][])anityChecks(t0,  y0,  t,  forward);  setEvaluations(c);  [BUGGY]    final  int  stages  =  c.length  +  1;  if  (y  !=  y0)  {  System.arraycopy(y0,  0,  y,  0,  y0.length);  }  final  double[][]  yDotK  =  new  double[stages][];  for  (int  i  =  0;  i  <  stages;  ++i)  {  yDotK  [i]  =  new  double[y0.length];  }  final  double[]  yTmp  =  new  double[y0.length];    [CLASS]  RungeKuttaIntegrator  [METHOD]  integrate  [RETURN_TYPE]  double  FirstOrderDifferentialEquations  equations  final  double  t0  final  double[]  y0  final  double  t  final  double[]  y  [VARIABLES]  boolean  forward  lastStep  loop  CombinedEventsManager  manager  double[]  b  c  y  y0  yTmp  double  dt  nextStep  step  stopTime  sum  t  t0  double[][]  a  yDotK  AbstractStepInterpolator  interpolator  StepHandler  handler  RungeKuttaStepInterpolator  prototype  rki  int  i  j  k  l  stages  FirstOrderDifferentialEquations  equations  	projects/Math71/src/main/java/org/apache/commons/math/ode/nonstiff/RungeKuttaIntegrator.java	0.2672612419124244	106	106	2	replace	final  double[][]  c  =(double[][])anityChecks(t0,  y0,  t,  forward);  setEvaluations(c);	      final    double[][]    c    =(double[][])sanityChecks(t0,    y0,    t,    forward);    setEvaluations(c);    	non-compiled	[CE]  illegal  start  of  expression	14	None	replace
70	[BUG]  [BUGGY]  final  int  stages  =  c.length;  [CE]  illegal  start  of  expression  [FE]            AssertionFailedError    [CONTEXT]    throws  DerivativeException,  IntegratorException  {  sanityChecks(equations,  t0,  y0,  t,  y);  setEquations(equations);  resetEvaluations();  final  boolean  forward  =  t  >  t0;      [BUGGY]  final  int  stages  =  c.length;  [BUGGY]    if  (y  !=  y0)  {  System.arraycopy(y0,  0,  y,  0,  y0.length);  }  final  double[][]  yDotK  =  new  double[stages][];  for  (int  i  =  0;  i  <  stages;  ++i)  {  yDotK  [i]  =  new  double[y0.length];  }  final  double[]  yTmp  =  new  double[y0.length];    [CLASS]  RungeKuttaIntegrator  [METHOD]  integrate  [RETURN_TYPE]  double  FirstOrderDifferentialEquations  equations  final  double  t0  final  double[]  y0  final  double  t  final  double[]  y  [VARIABLES]  boolean  forward  lastStep  loop  CombinedEventsManager  manager  double[]  b  c  y  y0  yTmp  double  dt  nextStep  step  stopTime  sum  t  t0  double[][]  a  yDotK  AbstractStepInterpolator  interpolator  StepHandler  handler  RungeKuttaStepInterpolator  prototype  rki  int  i  j  k  l  stages  FirstOrderDifferentialEquations  equations  	projects/Math71/src/main/java/org/apache/commons/math/ode/nonstiff/RungeKuttaIntegrator.java	0.2672612419124244	106	106	2	replace	final  int  stages  =  c.length;	  final    int    stages    =    c.length    +    2;    	non-compiled	[CE]  illegal  start  of  expression	8	None	replace
71	[BUG]  [BUGGY]  if(forward)  {  System.arraycopy(c,  0,  c,  0,  c.length);  for(int  i  =  0;  i  <  c.length;  ++i)  {  System.arraycopy(c,  0,  c,  0,  c.length  [CE]  illegal  start  of  expression  [FE]        AssertionFailedError    [CONTEXT]    throws  DerivativeException,  IntegratorException  {  sanityChecks(equations,  t0,  y0,  t,  y);  setEquations(equations);  resetEvaluations();  final  boolean  forward  =  t  >  t0;      [BUGGY]  if(forward)  {  System.arraycopy(c,  0,  c,  0,  c.length);  for(int  i  =  0;  i  <  c.length;  ++i)  {  System.arraycopy(c,  0,  c,  0,  c.length  [BUGGY]    final  int  stages  =  c.length  +  1;  if  (y  !=  y0)  {  System.arraycopy(y0,  0,  y,  0,  y0.length);  }  final  double[][]  yDotK  =  new  double[stages][];  for  (int  i  =  0;  i  <  stages;  ++i)  {  yDotK  [i]  =  new  double[y0.length];  }  final  double[]  yTmp  =  new  double[y0.length];    [CLASS]  RungeKuttaIntegrator  [METHOD]  integrate  [RETURN_TYPE]  double  FirstOrderDifferentialEquations  equations  final  double  t0  final  double[]  y0  final  double  t  final  double[]  y  [VARIABLES]  boolean  forward  lastStep  loop  CombinedEventsManager  manager  double[]  b  c  y  y0  yTmp  double  dt  nextStep  step  stopTime  sum  t  t0  double[][]  a  yDotK  AbstractStepInterpolator  interpolator  StepHandler  handler  RungeKuttaStepInterpolator  prototype  rki  int  i  j  k  l  stages  FirstOrderDifferentialEquations  equations  	projects/Math71/src/main/java/org/apache/commons/math/ode/nonstiff/RungeKuttaIntegrator.java	0.2672612419124244	106	106	2	replace	if(forward)  {  System.arraycopy(c,  0,  c,  0,  c.length);  for(int  i  =  0;  i  <  c.length;  ++i)  {  System.arraycopy(c,  0,  c,  0,  c.length	      if(c.length    ==    0)    {    System.arraycopy(c,    0,    c,    0,    c.length);    for(int    i    =    0;    i    <    c.length;    ++i)    {    System.arraycopy(c,    0,    c,    0,    c.length);    }    	non-compiled	[CE]  illegal  start  of  expression	15	None	replace
72	[BUG]  [BUGGY]  if(forward)  {  System.arraycopy(c,  0,  c,  0,  c.length);  for(int  i  =  0;  i  <  c.length;  ++i)  {  System.arraycopy(c,  0,  c  [CE]  illegal  start  of  expression  [FE]          AssertionFailedError    [CONTEXT]    throws  DerivativeException,  IntegratorException  {  sanityChecks(equations,  t0,  y0,  t,  y);  setEquations(equations);  resetEvaluations();  final  boolean  forward  =  t  >  t0;      [BUGGY]  if(forward)  {  System.arraycopy(c,  0,  c,  0,  c.length);  for(int  i  =  0;  i  <  c.length;  ++i)  {  System.arraycopy(c,  0,  c  [BUGGY]    final  int  stages  =  c.length  +  1;  if  (y  !=  y0)  {  System.arraycopy(y0,  0,  y,  0,  y0.length);  }  final  double[][]  yDotK  =  new  double[stages][];  for  (int  i  =  0;  i  <  stages;  ++i)  {  yDotK  [i]  =  new  double[y0.length];  }  final  double[]  yTmp  =  new  double[y0.length];    [CLASS]  RungeKuttaIntegrator  [METHOD]  integrate  [RETURN_TYPE]  double  FirstOrderDifferentialEquations  equations  final  double  t0  final  double[]  y0  final  double  t  final  double[]  y  [VARIABLES]  boolean  forward  lastStep  loop  CombinedEventsManager  manager  double[]  b  c  y  y0  yTmp  double  dt  nextStep  step  stopTime  sum  t  t0  double[][]  a  yDotK  AbstractStepInterpolator  interpolator  StepHandler  handler  RungeKuttaStepInterpolator  prototype  rki  int  i  j  k  l  stages  FirstOrderDifferentialEquations  equations  	projects/Math71/src/main/java/org/apache/commons/math/ode/nonstiff/RungeKuttaIntegrator.java	0.2672612419124244	106	106	2	replace	if(forward)  {  System.arraycopy(c,  0,  c,  0,  c.length);  for(int  i  =  0;  i  <  c.length;  ++i)  {  System.arraycopy(c,  0,  c	      if(c.length    ==    0)    {    System.arraycopy(c,    0,    c,    0,    c.length);    for(int    i    =    0;    i    <    c.length;    ++i)    {    System.arraycopy(c,    0,    c,    0,    c.length);    }    	non-compiled	[CE]  illegal  start  of  expression	15	None	replace
73	[BUG]  [BUGGY]  for(int  i  =  0;  i  <  c.length;  ++i)  {  System.arraycopy(c,  0,  c,  0,  c.length);  y  +=  c.length;  }  [CE]  illegal  start  of  expression  [FE]                AssertionFailedError    [CONTEXT]    throws  DerivativeException,  IntegratorException  {  sanityChecks(equations,  t0,  y0,  t,  y);  setEquations(equations);  resetEvaluations();  final  boolean  forward  =  t  >  t0;      [BUGGY]  for(int  i  =  0;  i  <  c.length;  ++i)  {  System.arraycopy(c,  0,  c,  0,  c.length);  y  +=  c.length;  }  [BUGGY]    final  int  stages  =  c.length  +  1;  if  (y  !=  y0)  {  System.arraycopy(y0,  0,  y,  0,  y0.length);  }  final  double[][]  yDotK  =  new  double[stages][];  for  (int  i  =  0;  i  <  stages;  ++i)  {  yDotK  [i]  =  new  double[y0.length];  }  final  double[]  yTmp  =  new  double[y0.length];    [CLASS]  RungeKuttaIntegrator  [METHOD]  integrate  [RETURN_TYPE]  double  FirstOrderDifferentialEquations  equations  final  double  t0  final  double[]  y0  final  double  t  final  double[]  y  [VARIABLES]  boolean  forward  lastStep  loop  CombinedEventsManager  manager  double[]  b  c  y  y0  yTmp  double  dt  nextStep  step  stopTime  sum  t  t0  double[][]  a  yDotK  AbstractStepInterpolator  interpolator  StepHandler  handler  RungeKuttaStepInterpolator  prototype  rki  int  i  j  k  l  stages  FirstOrderDifferentialEquations  equations  	projects/Math71/src/main/java/org/apache/commons/math/ode/nonstiff/RungeKuttaIntegrator.java	0.2672612419124244	106	106	2	replace	for(int  i  =  0;  i  <  c.length;  ++i)  {  System.arraycopy(c,  0,  c,  0,  c.length);  y  +=  c.length;  }	      if(c.length    ==    0)    {    for(int    i    =    0;    i    <    c.length;    ++i)    {    System.arraycopy(c,    0,    c,    0,    c.length);    y    +=    c.length;    }    	non-compiled	[CE]  illegal  start  of  expression	19	None	replace
74	[BUG]  [BUGGY]  if(forward)  {  for(int  i  =  0;  i  <  c.length;  ++i)  {  System.arraycopy(c,  0,  c,  0,  c.length);  y  +=  e.length;  }  [CE]  illegal  start  of  expression  [FE]                  AssertionFailedError    [CONTEXT]    throws  DerivativeException,  IntegratorException  {  sanityChecks(equations,  t0,  y0,  t,  y);  setEquations(equations);  resetEvaluations();  final  boolean  forward  =  t  >  t0;      [BUGGY]  if(forward)  {  for(int  i  =  0;  i  <  c.length;  ++i)  {  System.arraycopy(c,  0,  c,  0,  c.length);  y  +=  e.length;  }  [BUGGY]    final  int  stages  =  c.length  +  1;  if  (y  !=  y0)  {  System.arraycopy(y0,  0,  y,  0,  y0.length);  }  final  double[][]  yDotK  =  new  double[stages][];  for  (int  i  =  0;  i  <  stages;  ++i)  {  yDotK  [i]  =  new  double[y0.length];  }  final  double[]  yTmp  =  new  double[y0.length];    [CLASS]  RungeKuttaIntegrator  [METHOD]  integrate  [RETURN_TYPE]  double  FirstOrderDifferentialEquations  equations  final  double  t0  final  double[]  y0  final  double  t  final  double[]  y  [VARIABLES]  boolean  forward  lastStep  loop  CombinedEventsManager  manager  double[]  b  c  y  y0  yTmp  double  dt  nextStep  step  stopTime  sum  t  t0  double[][]  a  yDotK  AbstractStepInterpolator  interpolator  StepHandler  handler  RungeKuttaStepInterpolator  prototype  rki  int  i  j  k  l  stages  FirstOrderDifferentialEquations  equations  	projects/Math71/src/main/java/org/apache/commons/math/ode/nonstiff/RungeKuttaIntegrator.java	0.2672612419124244	106	106	2	replace	if(forward)  {  for(int  i  =  0;  i  <  c.length;  ++i)  {  System.arraycopy(c,  0,  c,  0,  c.length);  y  +=  e.length;  }	      if(c.length    ==    0)    {    for(int    i    =    0;    i    <    c.length;    ++i)    {    System.arraycopy(c,    0,    c,    0,    c.length);    y    +=    c.length;    }    	non-compiled	[CE]  illegal  start  of  expression	19	None	replace
75	[BUG]  [BUGGY]  if(forward)  {  for(int  i  =  0;  i  <  c.length;  ++i)  {  System.arraycopy(c,  0,  c,  0,  c.length);  y  +=  dt;  }  [CE]  illegal  start  of  expression  [FE]                    AssertionFailedError    [CONTEXT]    throws  DerivativeException,  IntegratorException  {  sanityChecks(equations,  t0,  y0,  t,  y);  setEquations(equations);  resetEvaluations();  final  boolean  forward  =  t  >  t0;      [BUGGY]  if(forward)  {  for(int  i  =  0;  i  <  c.length;  ++i)  {  System.arraycopy(c,  0,  c,  0,  c.length);  y  +=  dt;  }  [BUGGY]    final  int  stages  =  c.length  +  1;  if  (y  !=  y0)  {  System.arraycopy(y0,  0,  y,  0,  y0.length);  }  final  double[][]  yDotK  =  new  double[stages][];  for  (int  i  =  0;  i  <  stages;  ++i)  {  yDotK  [i]  =  new  double[y0.length];  }  final  double[]  yTmp  =  new  double[y0.length];    [CLASS]  RungeKuttaIntegrator  [METHOD]  integrate  [RETURN_TYPE]  double  FirstOrderDifferentialEquations  equations  final  double  t0  final  double[]  y0  final  double  t  final  double[]  y  [VARIABLES]  boolean  forward  lastStep  loop  CombinedEventsManager  manager  double[]  b  c  y  y0  yTmp  double  dt  nextStep  step  stopTime  sum  t  t0  double[][]  a  yDotK  AbstractStepInterpolator  interpolator  StepHandler  handler  RungeKuttaStepInterpolator  prototype  rki  int  i  j  k  l  stages  FirstOrderDifferentialEquations  equations  	projects/Math71/src/main/java/org/apache/commons/math/ode/nonstiff/RungeKuttaIntegrator.java	0.2672612419124244	106	106	2	replace	if(forward)  {  for(int  i  =  0;  i  <  c.length;  ++i)  {  System.arraycopy(c,  0,  c,  0,  c.length);  y  +=  dt;  }	      if(c.length    ==    0)    {    for(int    i    =    0;    i    <    c.length;    ++i)    {    System.arraycopy(c,    0,    c,    0,    c.length);    y    +=    c.length;    }    	non-compiled	[CE]  illegal  start  of  expression	19	None	replace
76	[BUG]  [BUGGY]  Integer  c  =  getInteger(t0,  forward);  [CE]  illegal  start  of  expression  [FE]              AssertionFailedError    [CONTEXT]    throws  DerivativeException,  IntegratorException  {  sanityChecks(equations,  t0,  y0,  t,  y);  setEquations(equations);  resetEvaluations();  final  boolean  forward  =  t  >  t0;      [BUGGY]  Integer  c  =  getInteger(t0,  forward);  [BUGGY]    final  int  stages  =  c.length  +  1;  if  (y  !=  y0)  {  System.arraycopy(y0,  0,  y,  0,  y0.length);  }  final  double[][]  yDotK  =  new  double[stages][];  for  (int  i  =  0;  i  <  stages;  ++i)  {  yDotK  [i]  =  new  double[y0.length];  }  final  double[]  yTmp  =  new  double[y0.length];    [CLASS]  RungeKuttaIntegrator  [METHOD]  integrate  [RETURN_TYPE]  double  FirstOrderDifferentialEquations  equations  final  double  t0  final  double[]  y0  final  double  t  final  double[]  y  [VARIABLES]  boolean  forward  lastStep  loop  CombinedEventsManager  manager  double[]  b  c  y  y0  yTmp  double  dt  nextStep  step  stopTime  sum  t  t0  double[][]  a  yDotK  AbstractStepInterpolator  interpolator  StepHandler  handler  RungeKuttaStepInterpolator  prototype  rki  int  i  j  k  l  stages  FirstOrderDifferentialEquations  equations  	projects/Math71/src/main/java/org/apache/commons/math/ode/nonstiff/RungeKuttaIntegrator.java	0.2672612419124244	106	106	2	replace	Integer  c  =  getInteger(t0,  forward);	      Integer    c    =    getInteger(t0);    	non-compiled	[CE]  illegal  start  of  expression	4	None	replace
77	[BUG]  [BUGGY]  Integer  c  =  getInteger(t0.length  -  1);  [CE]  illegal  start  of  expression  [FE]          AssertionFailedError    [CONTEXT]    throws  DerivativeException,  IntegratorException  {  sanityChecks(equations,  t0,  y0,  t,  y);  setEquations(equations);  resetEvaluations();  final  boolean  forward  =  t  >  t0;      [BUGGY]  Integer  c  =  getInteger(t0.length  -  1);  [BUGGY]    final  int  stages  =  c.length  +  1;  if  (y  !=  y0)  {  System.arraycopy(y0,  0,  y,  0,  y0.length);  }  final  double[][]  yDotK  =  new  double[stages][];  for  (int  i  =  0;  i  <  stages;  ++i)  {  yDotK  [i]  =  new  double[y0.length];  }  final  double[]  yTmp  =  new  double[y0.length];    [CLASS]  RungeKuttaIntegrator  [METHOD]  integrate  [RETURN_TYPE]  double  FirstOrderDifferentialEquations  equations  final  double  t0  final  double[]  y0  final  double  t  final  double[]  y  [VARIABLES]  boolean  forward  lastStep  loop  CombinedEventsManager  manager  double[]  b  c  y  y0  yTmp  double  dt  nextStep  step  stopTime  sum  t  t0  double[][]  a  yDotK  AbstractStepInterpolator  interpolator  StepHandler  handler  RungeKuttaStepInterpolator  prototype  rki  int  i  j  k  l  stages  FirstOrderDifferentialEquations  equations  	projects/Math71/src/main/java/org/apache/commons/math/ode/nonstiff/RungeKuttaIntegrator.java	0.2672612419124244	106	106	2	replace	Integer  c  =  getInteger(t0.length  -  1);	      Integer    c    =    getInteger(t0.length);    	non-compiled	[CE]  illegal  start  of  expression	2	None	replace
78	[BUG]  [BUGGY]  final  double[][]  c  =(double[][])a.sanityChecks(t0,  y0,  t,  forward);  [CE]  illegal  start  of  expression  [FE]            AssertionFailedError    [CONTEXT]    throws  DerivativeException,  IntegratorException  {  sanityChecks(equations,  t0,  y0,  t,  y);  setEquations(equations);  resetEvaluations();  final  boolean  forward  =  t  >  t0;      [BUGGY]  final  double[][]  c  =(double[][])a.sanityChecks(t0,  y0,  t,  forward);  [BUGGY]    final  int  stages  =  c.length  +  1;  if  (y  !=  y0)  {  System.arraycopy(y0,  0,  y,  0,  y0.length);  }  final  double[][]  yDotK  =  new  double[stages][];  for  (int  i  =  0;  i  <  stages;  ++i)  {  yDotK  [i]  =  new  double[y0.length];  }  final  double[]  yTmp  =  new  double[y0.length];    [CLASS]  RungeKuttaIntegrator  [METHOD]  integrate  [RETURN_TYPE]  double  FirstOrderDifferentialEquations  equations  final  double  t0  final  double[]  y0  final  double  t  final  double[]  y  [VARIABLES]  boolean  forward  lastStep  loop  CombinedEventsManager  manager  double[]  b  c  y  y0  yTmp  double  dt  nextStep  step  stopTime  sum  t  t0  double[][]  a  yDotK  AbstractStepInterpolator  interpolator  StepHandler  handler  RungeKuttaStepInterpolator  prototype  rki  int  i  j  k  l  stages  FirstOrderDifferentialEquations  equations  	projects/Math71/src/main/java/org/apache/commons/math/ode/nonstiff/RungeKuttaIntegrator.java	0.2672612419124244	106	106	2	replace	final  double[][]  c  =(double[][])a.sanityChecks(t0,  y0,  t,  forward);	      final    double[][]    c    =(double[][])sanityChecks(t0,    y0,    t,    forward);    	non-compiled	[CE]  illegal  start  of  expression	12	None	replace
79	[BUG]  [BUGGY]  if(c.length  ==  1)  {  System.arraycopy(c,  0,  c,  0,  c.length);  for(int  i  =  0;  i  <  c.length;  ++i)  {  System.arraycopy(c,  0,  c,  0,  c.length);  }  [CE]  illegal  start  of  expression  [FE]        AssertionFailedError    [CONTEXT]    throws  DerivativeException,  IntegratorException  {  sanityChecks(equations,  t0,  y0,  t,  y);  setEquations(equations);  resetEvaluations();  final  boolean  forward  =  t  >  t0;      [BUGGY]  if(c.length  ==  1)  {  System.arraycopy(c,  0,  c,  0,  c.length);  for(int  i  =  0;  i  <  c.length;  ++i)  {  System.arraycopy(c,  0,  c,  0,  c.length);  }  [BUGGY]    final  int  stages  =  c.length  +  1;  if  (y  !=  y0)  {  System.arraycopy(y0,  0,  y,  0,  y0.length);  }  final  double[][]  yDotK  =  new  double[stages][];  for  (int  i  =  0;  i  <  stages;  ++i)  {  yDotK  [i]  =  new  double[y0.length];  }  final  double[]  yTmp  =  new  double[y0.length];    [CLASS]  RungeKuttaIntegrator  [METHOD]  integrate  [RETURN_TYPE]  double  FirstOrderDifferentialEquations  equations  final  double  t0  final  double[]  y0  final  double  t  final  double[]  y  [VARIABLES]  boolean  forward  lastStep  loop  CombinedEventsManager  manager  double[]  b  c  y  y0  yTmp  double  dt  nextStep  step  stopTime  sum  t  t0  double[][]  a  yDotK  AbstractStepInterpolator  interpolator  StepHandler  handler  RungeKuttaStepInterpolator  prototype  rki  int  i  j  k  l  stages  FirstOrderDifferentialEquations  equations  	projects/Math71/src/main/java/org/apache/commons/math/ode/nonstiff/RungeKuttaIntegrator.java	0.2672612419124244	106	106	2	replace	if(c.length  ==  1)  {  System.arraycopy(c,  0,  c,  0,  c.length);  for(int  i  =  0;  i  <  c.length;  ++i)  {  System.arraycopy(c,  0,  c,  0,  c.length);  }	      if(c.length    ==    0)    {    System.arraycopy(c,    0,    c,    0,    c.length);    for(int    i    =    0;    i    <    c.length;    ++i)    {    System.arraycopy(c,    0,    c,    0,    c.length);    }    	non-compiled	[CE]  illegal  start  of  expression	15	None	replace
80	[BUG]  [BUGGY]  if(c.length!=  0)  {  System.arraycopy(c,  0,  c,  0,  c.length);  for(int  i  =  0;  i  <  c.length;  ++i)  {  System.arraycopy(c,  0,  c,  0,  c.length);  }  [CE]  illegal  start  of  expression  [FE]          AssertionFailedError    [CONTEXT]    throws  DerivativeException,  IntegratorException  {  sanityChecks(equations,  t0,  y0,  t,  y);  setEquations(equations);  resetEvaluations();  final  boolean  forward  =  t  >  t0;      [BUGGY]  if(c.length!=  0)  {  System.arraycopy(c,  0,  c,  0,  c.length);  for(int  i  =  0;  i  <  c.length;  ++i)  {  System.arraycopy(c,  0,  c,  0,  c.length);  }  [BUGGY]    final  int  stages  =  c.length  +  1;  if  (y  !=  y0)  {  System.arraycopy(y0,  0,  y,  0,  y0.length);  }  final  double[][]  yDotK  =  new  double[stages][];  for  (int  i  =  0;  i  <  stages;  ++i)  {  yDotK  [i]  =  new  double[y0.length];  }  final  double[]  yTmp  =  new  double[y0.length];    [CLASS]  RungeKuttaIntegrator  [METHOD]  integrate  [RETURN_TYPE]  double  FirstOrderDifferentialEquations  equations  final  double  t0  final  double[]  y0  final  double  t  final  double[]  y  [VARIABLES]  boolean  forward  lastStep  loop  CombinedEventsManager  manager  double[]  b  c  y  y0  yTmp  double  dt  nextStep  step  stopTime  sum  t  t0  double[][]  a  yDotK  AbstractStepInterpolator  interpolator  StepHandler  handler  RungeKuttaStepInterpolator  prototype  rki  int  i  j  k  l  stages  FirstOrderDifferentialEquations  equations  	projects/Math71/src/main/java/org/apache/commons/math/ode/nonstiff/RungeKuttaIntegrator.java	0.2672612419124244	106	106	2	replace	if(c.length!=  0)  {  System.arraycopy(c,  0,  c,  0,  c.length);  for(int  i  =  0;  i  <  c.length;  ++i)  {  System.arraycopy(c,  0,  c,  0,  c.length);  }	      if(c.length    ==    0)    {    System.arraycopy(c,    0,    c,    0,    c.length);    for(int    i    =    0;    i    <    c.length;    ++i)    {    System.arraycopy(c,    0,    c,    0,    c.length);    }    	non-compiled	[CE]  illegal  start  of  expression	15	None	replace
81	[BUG]  [BUGGY]  if(c.length  ==  1)  {  System.arraycopy(c,  0,  c,  0,  c.length);  for(int  i  =  0;  i  <  c.length;  ++i)  {  System.arraycopy(c,  0,  c,  0,  c.length  +  1);  }  [CE]  illegal  start  of  expression  [FE]            AssertionFailedError    [CONTEXT]    throws  DerivativeException,  IntegratorException  {  sanityChecks(equations,  t0,  y0,  t,  y);  setEquations(equations);  resetEvaluations();  final  boolean  forward  =  t  >  t0;      [BUGGY]  if(c.length  ==  1)  {  System.arraycopy(c,  0,  c,  0,  c.length);  for(int  i  =  0;  i  <  c.length;  ++i)  {  System.arraycopy(c,  0,  c,  0,  c.length  +  1);  }  [BUGGY]    final  int  stages  =  c.length  +  1;  if  (y  !=  y0)  {  System.arraycopy(y0,  0,  y,  0,  y0.length);  }  final  double[][]  yDotK  =  new  double[stages][];  for  (int  i  =  0;  i  <  stages;  ++i)  {  yDotK  [i]  =  new  double[y0.length];  }  final  double[]  yTmp  =  new  double[y0.length];    [CLASS]  RungeKuttaIntegrator  [METHOD]  integrate  [RETURN_TYPE]  double  FirstOrderDifferentialEquations  equations  final  double  t0  final  double[]  y0  final  double  t  final  double[]  y  [VARIABLES]  boolean  forward  lastStep  loop  CombinedEventsManager  manager  double[]  b  c  y  y0  yTmp  double  dt  nextStep  step  stopTime  sum  t  t0  double[][]  a  yDotK  AbstractStepInterpolator  interpolator  StepHandler  handler  RungeKuttaStepInterpolator  prototype  rki  int  i  j  k  l  stages  FirstOrderDifferentialEquations  equations  	projects/Math71/src/main/java/org/apache/commons/math/ode/nonstiff/RungeKuttaIntegrator.java	0.2672612419124244	106	106	2	replace	if(c.length  ==  1)  {  System.arraycopy(c,  0,  c,  0,  c.length);  for(int  i  =  0;  i  <  c.length;  ++i)  {  System.arraycopy(c,  0,  c,  0,  c.length  +  1);  }	      if(c.length    ==    0)    {    System.arraycopy(c,    0,    c,    0,    c.length);    for(int    i    =    0;    i    <    c.length;    ++i)    {    System.arraycopy(c,    0,    c,    0,    c.length);    }    	non-compiled	[CE]  illegal  start  of  expression	15	None	replace
82	[BUG]  [BUGGY]  if(t  >  k)  {  for(int  i  =  0;  i  <  c.length;  ++i)  {  System.arraycopy(c,  0,  c,  0,  c.length);  y  +=  c.length;  }  [CE]  illegal  start  of  expression  [FE]                AssertionFailedError    [CONTEXT]    throws  DerivativeException,  IntegratorException  {  sanityChecks(equations,  t0,  y0,  t,  y);  setEquations(equations);  resetEvaluations();  final  boolean  forward  =  t  >  t0;      [BUGGY]  if(t  >  k)  {  for(int  i  =  0;  i  <  c.length;  ++i)  {  System.arraycopy(c,  0,  c,  0,  c.length);  y  +=  c.length;  }  [BUGGY]    final  int  stages  =  c.length  +  1;  if  (y  !=  y0)  {  System.arraycopy(y0,  0,  y,  0,  y0.length);  }  final  double[][]  yDotK  =  new  double[stages][];  for  (int  i  =  0;  i  <  stages;  ++i)  {  yDotK  [i]  =  new  double[y0.length];  }  final  double[]  yTmp  =  new  double[y0.length];    [CLASS]  RungeKuttaIntegrator  [METHOD]  integrate  [RETURN_TYPE]  double  FirstOrderDifferentialEquations  equations  final  double  t0  final  double[]  y0  final  double  t  final  double[]  y  [VARIABLES]  boolean  forward  lastStep  loop  CombinedEventsManager  manager  double[]  b  c  y  y0  yTmp  double  dt  nextStep  step  stopTime  sum  t  t0  double[][]  a  yDotK  AbstractStepInterpolator  interpolator  StepHandler  handler  RungeKuttaStepInterpolator  prototype  rki  int  i  j  k  l  stages  FirstOrderDifferentialEquations  equations  	projects/Math71/src/main/java/org/apache/commons/math/ode/nonstiff/RungeKuttaIntegrator.java	0.2672612419124244	106	106	2	replace	if(t  >  k)  {  for(int  i  =  0;  i  <  c.length;  ++i)  {  System.arraycopy(c,  0,  c,  0,  c.length);  y  +=  c.length;  }	      if(c.length    ==    0)    {    for(int    i    =    0;    i    <    c.length;    ++i)    {    System.arraycopy(c,    0,    c,    0,    c.length);    y    +=    c.length;    }    	non-compiled	[CE]  illegal  start  of  expression	19	None	replace
83	[BUG]  [BUGGY]  if(c.length!=  0)  {  for(int  i  =  0;  i  <  c.length;  ++i)  {  System.arraycopy(c,  0,  c,  0,  c.length);  y  +=  c.length;  }  [CE]  illegal  start  of  expression  [FE]                  AssertionFailedError    [CONTEXT]    throws  DerivativeException,  IntegratorException  {  sanityChecks(equations,  t0,  y0,  t,  y);  setEquations(equations);  resetEvaluations();  final  boolean  forward  =  t  >  t0;      [BUGGY]  if(c.length!=  0)  {  for(int  i  =  0;  i  <  c.length;  ++i)  {  System.arraycopy(c,  0,  c,  0,  c.length);  y  +=  c.length;  }  [BUGGY]    final  int  stages  =  c.length  +  1;  if  (y  !=  y0)  {  System.arraycopy(y0,  0,  y,  0,  y0.length);  }  final  double[][]  yDotK  =  new  double[stages][];  for  (int  i  =  0;  i  <  stages;  ++i)  {  yDotK  [i]  =  new  double[y0.length];  }  final  double[]  yTmp  =  new  double[y0.length];    [CLASS]  RungeKuttaIntegrator  [METHOD]  integrate  [RETURN_TYPE]  double  FirstOrderDifferentialEquations  equations  final  double  t0  final  double[]  y0  final  double  t  final  double[]  y  [VARIABLES]  boolean  forward  lastStep  loop  CombinedEventsManager  manager  double[]  b  c  y  y0  yTmp  double  dt  nextStep  step  stopTime  sum  t  t0  double[][]  a  yDotK  AbstractStepInterpolator  interpolator  StepHandler  handler  RungeKuttaStepInterpolator  prototype  rki  int  i  j  k  l  stages  FirstOrderDifferentialEquations  equations  	projects/Math71/src/main/java/org/apache/commons/math/ode/nonstiff/RungeKuttaIntegrator.java	0.2672612419124244	106	106	2	replace	if(c.length!=  0)  {  for(int  i  =  0;  i  <  c.length;  ++i)  {  System.arraycopy(c,  0,  c,  0,  c.length);  y  +=  c.length;  }	      if(c.length    ==    0)    {    for(int    i    =    0;    i    <    c.length;    ++i)    {    System.arraycopy(c,    0,    c,    0,    c.length);    y    +=    c.length;    }    	non-compiled	[CE]  illegal  start  of  expression	19	None	replace
84	[BUG]  [BUGGY]  if(t  >  t0)  {  for(int  i  =  0;  i  <  c.length;  ++i)  {  System.arraycopy(c,  0,  c,  0,  c.length);  y  +=  c.length;  }  [CE]  illegal  start  of  expression  [FE]                    AssertionFailedError    [CONTEXT]    throws  DerivativeException,  IntegratorException  {  sanityChecks(equations,  t0,  y0,  t,  y);  setEquations(equations);  resetEvaluations();  final  boolean  forward  =  t  >  t0;      [BUGGY]  if(t  >  t0)  {  for(int  i  =  0;  i  <  c.length;  ++i)  {  System.arraycopy(c,  0,  c,  0,  c.length);  y  +=  c.length;  }  [BUGGY]    final  int  stages  =  c.length  +  1;  if  (y  !=  y0)  {  System.arraycopy(y0,  0,  y,  0,  y0.length);  }  final  double[][]  yDotK  =  new  double[stages][];  for  (int  i  =  0;  i  <  stages;  ++i)  {  yDotK  [i]  =  new  double[y0.length];  }  final  double[]  yTmp  =  new  double[y0.length];    [CLASS]  RungeKuttaIntegrator  [METHOD]  integrate  [RETURN_TYPE]  double  FirstOrderDifferentialEquations  equations  final  double  t0  final  double[]  y0  final  double  t  final  double[]  y  [VARIABLES]  boolean  forward  lastStep  loop  CombinedEventsManager  manager  double[]  b  c  y  y0  yTmp  double  dt  nextStep  step  stopTime  sum  t  t0  double[][]  a  yDotK  AbstractStepInterpolator  interpolator  StepHandler  handler  RungeKuttaStepInterpolator  prototype  rki  int  i  j  k  l  stages  FirstOrderDifferentialEquations  equations  	projects/Math71/src/main/java/org/apache/commons/math/ode/nonstiff/RungeKuttaIntegrator.java	0.2672612419124244	106	106	2	replace	if(t  >  t0)  {  for(int  i  =  0;  i  <  c.length;  ++i)  {  System.arraycopy(c,  0,  c,  0,  c.length);  y  +=  c.length;  }	      if(c.length    ==    0)    {    for(int    i    =    0;    i    <    c.length;    ++i)    {    System.arraycopy(c,    0,    c,    0,    c.length);    y    +=    c.length;    }    	non-compiled	[CE]  illegal  start  of  expression	19	None	replace
85	[BUG]  [BUGGY]  if(c.length  ==  1)  {  for(int  i  =  0;  i  <  c.length;  ++i)  {  System.arraycopy(c,  0,  c,  0,  c.length);  y  +=  c.length;  }  [CE]  illegal  start  of  expression  [FE]                      AssertionFailedError    [CONTEXT]    throws  DerivativeException,  IntegratorException  {  sanityChecks(equations,  t0,  y0,  t,  y);  setEquations(equations);  resetEvaluations();  final  boolean  forward  =  t  >  t0;      [BUGGY]  if(c.length  ==  1)  {  for(int  i  =  0;  i  <  c.length;  ++i)  {  System.arraycopy(c,  0,  c,  0,  c.length);  y  +=  c.length;  }  [BUGGY]    final  int  stages  =  c.length  +  1;  if  (y  !=  y0)  {  System.arraycopy(y0,  0,  y,  0,  y0.length);  }  final  double[][]  yDotK  =  new  double[stages][];  for  (int  i  =  0;  i  <  stages;  ++i)  {  yDotK  [i]  =  new  double[y0.length];  }  final  double[]  yTmp  =  new  double[y0.length];    [CLASS]  RungeKuttaIntegrator  [METHOD]  integrate  [RETURN_TYPE]  double  FirstOrderDifferentialEquations  equations  final  double  t0  final  double[]  y0  final  double  t  final  double[]  y  [VARIABLES]  boolean  forward  lastStep  loop  CombinedEventsManager  manager  double[]  b  c  y  y0  yTmp  double  dt  nextStep  step  stopTime  sum  t  t0  double[][]  a  yDotK  AbstractStepInterpolator  interpolator  StepHandler  handler  RungeKuttaStepInterpolator  prototype  rki  int  i  j  k  l  stages  FirstOrderDifferentialEquations  equations  	projects/Math71/src/main/java/org/apache/commons/math/ode/nonstiff/RungeKuttaIntegrator.java	0.2672612419124244	106	106	2	replace	if(c.length  ==  1)  {  for(int  i  =  0;  i  <  c.length;  ++i)  {  System.arraycopy(c,  0,  c,  0,  c.length);  y  +=  c.length;  }	      if(c.length    ==    0)    {    for(int    i    =    0;    i    <    c.length;    ++i)    {    System.arraycopy(c,    0,    c,    0,    c.length);    y    +=    c.length;    }    	non-compiled	[CE]  illegal  start  of  expression	19	None	replace
86	[BUG]  [BUGGY]  if(c.length  ==  1)  {  System.arraycopy(c,  0,  c,  0,  c.length);  for(int  i  =  0;  i  <  c.length;  ++i)  {  System.arraycopy(c,  0,  c[i],  0,  c.length);  }  [CE]  illegal  start  of  expression  [FE]              AssertionFailedError    [CONTEXT]    throws  DerivativeException,  IntegratorException  {  sanityChecks(equations,  t0,  y0,  t,  y);  setEquations(equations);  resetEvaluations();  final  boolean  forward  =  t  >  t0;      [BUGGY]  if(c.length  ==  1)  {  System.arraycopy(c,  0,  c,  0,  c.length);  for(int  i  =  0;  i  <  c.length;  ++i)  {  System.arraycopy(c,  0,  c[i],  0,  c.length);  }  [BUGGY]    final  int  stages  =  c.length  +  1;  if  (y  !=  y0)  {  System.arraycopy(y0,  0,  y,  0,  y0.length);  }  final  double[][]  yDotK  =  new  double[stages][];  for  (int  i  =  0;  i  <  stages;  ++i)  {  yDotK  [i]  =  new  double[y0.length];  }  final  double[]  yTmp  =  new  double[y0.length];    [CLASS]  RungeKuttaIntegrator  [METHOD]  integrate  [RETURN_TYPE]  double  FirstOrderDifferentialEquations  equations  final  double  t0  final  double[]  y0  final  double  t  final  double[]  y  [VARIABLES]  boolean  forward  lastStep  loop  CombinedEventsManager  manager  double[]  b  c  y  y0  yTmp  double  dt  nextStep  step  stopTime  sum  t  t0  double[][]  a  yDotK  AbstractStepInterpolator  interpolator  StepHandler  handler  RungeKuttaStepInterpolator  prototype  rki  int  i  j  k  l  stages  FirstOrderDifferentialEquations  equations  	projects/Math71/src/main/java/org/apache/commons/math/ode/nonstiff/RungeKuttaIntegrator.java	0.2672612419124244	106	106	2	replace	if(c.length  ==  1)  {  System.arraycopy(c,  0,  c,  0,  c.length);  for(int  i  =  0;  i  <  c.length;  ++i)  {  System.arraycopy(c,  0,  c[i],  0,  c.length);  }	      if(c.length    ==    0)    {    System.arraycopy(c,    0,    c,    0,    c.length);    for(int    i    =    0;    i    <    c.length;    ++i)    {    System.arraycopy(c,    0,    c[i],    0,    c.length);    }    	non-compiled	[CE]  illegal  start  of  expression	18	None	replace
87	[BUG]  [BUGGY]  if(c.length!=  0)  {  System.arraycopy(c,  0,  c,  0,  c.length);  for(int  i  =  0;  i  <  c.length;  ++i)  {  System.arraycopy(c,  0,  c[i],  0,  c.length);  }  [CE]  illegal  start  of  expression  [FE]                AssertionFailedError    [CONTEXT]    throws  DerivativeException,  IntegratorException  {  sanityChecks(equations,  t0,  y0,  t,  y);  setEquations(equations);  resetEvaluations();  final  boolean  forward  =  t  >  t0;      [BUGGY]  if(c.length!=  0)  {  System.arraycopy(c,  0,  c,  0,  c.length);  for(int  i  =  0;  i  <  c.length;  ++i)  {  System.arraycopy(c,  0,  c[i],  0,  c.length);  }  [BUGGY]    final  int  stages  =  c.length  +  1;  if  (y  !=  y0)  {  System.arraycopy(y0,  0,  y,  0,  y0.length);  }  final  double[][]  yDotK  =  new  double[stages][];  for  (int  i  =  0;  i  <  stages;  ++i)  {  yDotK  [i]  =  new  double[y0.length];  }  final  double[]  yTmp  =  new  double[y0.length];    [CLASS]  RungeKuttaIntegrator  [METHOD]  integrate  [RETURN_TYPE]  double  FirstOrderDifferentialEquations  equations  final  double  t0  final  double[]  y0  final  double  t  final  double[]  y  [VARIABLES]  boolean  forward  lastStep  loop  CombinedEventsManager  manager  double[]  b  c  y  y0  yTmp  double  dt  nextStep  step  stopTime  sum  t  t0  double[][]  a  yDotK  AbstractStepInterpolator  interpolator  StepHandler  handler  RungeKuttaStepInterpolator  prototype  rki  int  i  j  k  l  stages  FirstOrderDifferentialEquations  equations  	projects/Math71/src/main/java/org/apache/commons/math/ode/nonstiff/RungeKuttaIntegrator.java	0.2672612419124244	106	106	2	replace	if(c.length!=  0)  {  System.arraycopy(c,  0,  c,  0,  c.length);  for(int  i  =  0;  i  <  c.length;  ++i)  {  System.arraycopy(c,  0,  c[i],  0,  c.length);  }	      if(c.length    ==    0)    {    System.arraycopy(c,    0,    c,    0,    c.length);    for(int    i    =    0;    i    <    c.length;    ++i)    {    System.arraycopy(c,    0,    c[i],    0,    c.length);    }    	non-compiled	[CE]  illegal  start  of  expression	18	None	replace
88	[BUG]  [BUGGY]  if(c.length!=  1)  {  System.arraycopy(c,  0,  c,  0,  c.length);  for(int  i  =  0;  i  <  c.length;  ++i)  {  System.arraycopy(c,  0,  c[i],  0,  c.length);  }  [CE]  illegal  start  of  expression  [FE]                  AssertionFailedError    [CONTEXT]    throws  DerivativeException,  IntegratorException  {  sanityChecks(equations,  t0,  y0,  t,  y);  setEquations(equations);  resetEvaluations();  final  boolean  forward  =  t  >  t0;      [BUGGY]  if(c.length!=  1)  {  System.arraycopy(c,  0,  c,  0,  c.length);  for(int  i  =  0;  i  <  c.length;  ++i)  {  System.arraycopy(c,  0,  c[i],  0,  c.length);  }  [BUGGY]    final  int  stages  =  c.length  +  1;  if  (y  !=  y0)  {  System.arraycopy(y0,  0,  y,  0,  y0.length);  }  final  double[][]  yDotK  =  new  double[stages][];  for  (int  i  =  0;  i  <  stages;  ++i)  {  yDotK  [i]  =  new  double[y0.length];  }  final  double[]  yTmp  =  new  double[y0.length];    [CLASS]  RungeKuttaIntegrator  [METHOD]  integrate  [RETURN_TYPE]  double  FirstOrderDifferentialEquations  equations  final  double  t0  final  double[]  y0  final  double  t  final  double[]  y  [VARIABLES]  boolean  forward  lastStep  loop  CombinedEventsManager  manager  double[]  b  c  y  y0  yTmp  double  dt  nextStep  step  stopTime  sum  t  t0  double[][]  a  yDotK  AbstractStepInterpolator  interpolator  StepHandler  handler  RungeKuttaStepInterpolator  prototype  rki  int  i  j  k  l  stages  FirstOrderDifferentialEquations  equations  	projects/Math71/src/main/java/org/apache/commons/math/ode/nonstiff/RungeKuttaIntegrator.java	0.2672612419124244	106	106	2	replace	if(c.length!=  1)  {  System.arraycopy(c,  0,  c,  0,  c.length);  for(int  i  =  0;  i  <  c.length;  ++i)  {  System.arraycopy(c,  0,  c[i],  0,  c.length);  }	      if(c.length    ==    0)    {    System.arraycopy(c,    0,    c,    0,    c.length);    for(int    i    =    0;    i    <    c.length;    ++i)    {    System.arraycopy(c,    0,    c[i],    0,    c.length);    }    	non-compiled	[CE]  illegal  start  of  expression	18	None	replace
89	[BUG]  [BUGGY]  final  int  stages  =  t.length  -  1;  [CE]  illegal  start  of  expression  [FE]          AssertionFailedError    [CONTEXT]    throws  DerivativeException,  IntegratorException  {  sanityChecks(equations,  t0,  y0,  t,  y);  setEquations(equations);  resetEvaluations();  final  boolean  forward  =  t  >  t0;      [BUGGY]  final  int  stages  =  t.length  -  1;  [BUGGY]    if  (y  !=  y0)  {  System.arraycopy(y0,  0,  y,  0,  y0.length);  }  final  double[][]  yDotK  =  new  double[stages][];  for  (int  i  =  0;  i  <  stages;  ++i)  {  yDotK  [i]  =  new  double[y0.length];  }  final  double[]  yTmp  =  new  double[y0.length];    [CLASS]  RungeKuttaIntegrator  [METHOD]  integrate  [RETURN_TYPE]  double  FirstOrderDifferentialEquations  equations  final  double  t0  final  double[]  y0  final  double  t  final  double[]  y  [VARIABLES]  boolean  forward  lastStep  loop  CombinedEventsManager  manager  double[]  b  c  y  y0  yTmp  double  dt  nextStep  step  stopTime  sum  t  t0  double[][]  a  yDotK  AbstractStepInterpolator  interpolator  StepHandler  handler  RungeKuttaStepInterpolator  prototype  rki  int  i  j  k  l  stages  FirstOrderDifferentialEquations  equations  	projects/Math71/src/main/java/org/apache/commons/math/ode/nonstiff/RungeKuttaIntegrator.java	0.2672612419124244	106	106	2	replace	final  int  stages  =  t.length  -  1;	  final    int    stages    =    c.length    -    1;    	non-compiled	[CE]  illegal  start  of  expression	7	None	replace
90	[BUG]  [BUGGY]  Integer  c  =  getIntValue(t0.toString());  [CE]  illegal  start  of  expression  [FE]                AssertionFailedError    [CONTEXT]    throws  DerivativeException,  IntegratorException  {  sanityChecks(equations,  t0,  y0,  t,  y);  setEquations(equations);  resetEvaluations();  final  boolean  forward  =  t  >  t0;      [BUGGY]  Integer  c  =  getIntValue(t0.toString());  [BUGGY]    final  int  stages  =  c.length  +  1;  if  (y  !=  y0)  {  System.arraycopy(y0,  0,  y,  0,  y0.length);  }  final  double[][]  yDotK  =  new  double[stages][];  for  (int  i  =  0;  i  <  stages;  ++i)  {  yDotK  [i]  =  new  double[y0.length];  }  final  double[]  yTmp  =  new  double[y0.length];    [CLASS]  RungeKuttaIntegrator  [METHOD]  integrate  [RETURN_TYPE]  double  FirstOrderDifferentialEquations  equations  final  double  t0  final  double[]  y0  final  double  t  final  double[]  y  [VARIABLES]  boolean  forward  lastStep  loop  CombinedEventsManager  manager  double[]  b  c  y  y0  yTmp  double  dt  nextStep  step  stopTime  sum  t  t0  double[][]  a  yDotK  AbstractStepInterpolator  interpolator  StepHandler  handler  RungeKuttaStepInterpolator  prototype  rki  int  i  j  k  l  stages  FirstOrderDifferentialEquations  equations  	projects/Math71/src/main/java/org/apache/commons/math/ode/nonstiff/RungeKuttaIntegrator.java	0.2672612419124244	106	106	2	replace	Integer  c  =  getIntValue(t0.toString());	      Integer    c    =    getIntValue(t0);    	non-compiled	[CE]  illegal  start  of  expression	5	None	replace
91	[BUG]  [BUGGY]  if(c.length!=  0)  {  for(int  i  =  0;  i  <  c.length;  ++i)  {  System.arraycopy(c,  0,  c,  0,  c.length);  }  [CE]  illegal  start  of  expression  [FE]          AssertionFailedError    [CONTEXT]    throws  DerivativeException,  IntegratorException  {  sanityChecks(equations,  t0,  y0,  t,  y);  setEquations(equations);  resetEvaluations();  final  boolean  forward  =  t  >  t0;      [BUGGY]  if(c.length!=  0)  {  for(int  i  =  0;  i  <  c.length;  ++i)  {  System.arraycopy(c,  0,  c,  0,  c.length);  }  [BUGGY]    final  int  stages  =  c.length  +  1;  if  (y  !=  y0)  {  System.arraycopy(y0,  0,  y,  0,  y0.length);  }  final  double[][]  yDotK  =  new  double[stages][];  for  (int  i  =  0;  i  <  stages;  ++i)  {  yDotK  [i]  =  new  double[y0.length];  }  final  double[]  yTmp  =  new  double[y0.length];    [CLASS]  RungeKuttaIntegrator  [METHOD]  integrate  [RETURN_TYPE]  double  FirstOrderDifferentialEquations  equations  final  double  t0  final  double[]  y0  final  double  t  final  double[]  y  [VARIABLES]  boolean  forward  lastStep  loop  CombinedEventsManager  manager  double[]  b  c  y  y0  yTmp  double  dt  nextStep  step  stopTime  sum  t  t0  double[][]  a  yDotK  AbstractStepInterpolator  interpolator  StepHandler  handler  RungeKuttaStepInterpolator  prototype  rki  int  i  j  k  l  stages  FirstOrderDifferentialEquations  equations  	projects/Math71/src/main/java/org/apache/commons/math/ode/nonstiff/RungeKuttaIntegrator.java	0.2672612419124244	106	106	2	replace	if(c.length!=  0)  {  for(int  i  =  0;  i  <  c.length;  ++i)  {  System.arraycopy(c,  0,  c,  0,  c.length);  }	      if(c.length    ==    0)    {    for(int    i    =    0;    i    <    c.length;    ++i)    {    System.arraycopy(c,    0,    c,    0,    c.length);    }    	non-compiled	[CE]  illegal  start  of  expression	16	None	replace
92	[BUG]  [BUGGY]  if(c.length  ==  1)  {  for(int  i  =  0;  i  <  c.length;  ++i)  {  System.arraycopy(c,  0,  c,  0,  c.length);  }  [CE]  illegal  start  of  expression  [FE]            AssertionFailedError    [CONTEXT]    throws  DerivativeException,  IntegratorException  {  sanityChecks(equations,  t0,  y0,  t,  y);  setEquations(equations);  resetEvaluations();  final  boolean  forward  =  t  >  t0;      [BUGGY]  if(c.length  ==  1)  {  for(int  i  =  0;  i  <  c.length;  ++i)  {  System.arraycopy(c,  0,  c,  0,  c.length);  }  [BUGGY]    final  int  stages  =  c.length  +  1;  if  (y  !=  y0)  {  System.arraycopy(y0,  0,  y,  0,  y0.length);  }  final  double[][]  yDotK  =  new  double[stages][];  for  (int  i  =  0;  i  <  stages;  ++i)  {  yDotK  [i]  =  new  double[y0.length];  }  final  double[]  yTmp  =  new  double[y0.length];    [CLASS]  RungeKuttaIntegrator  [METHOD]  integrate  [RETURN_TYPE]  double  FirstOrderDifferentialEquations  equations  final  double  t0  final  double[]  y0  final  double  t  final  double[]  y  [VARIABLES]  boolean  forward  lastStep  loop  CombinedEventsManager  manager  double[]  b  c  y  y0  yTmp  double  dt  nextStep  step  stopTime  sum  t  t0  double[][]  a  yDotK  AbstractStepInterpolator  interpolator  StepHandler  handler  RungeKuttaStepInterpolator  prototype  rki  int  i  j  k  l  stages  FirstOrderDifferentialEquations  equations  	projects/Math71/src/main/java/org/apache/commons/math/ode/nonstiff/RungeKuttaIntegrator.java	0.2672612419124244	106	106	2	replace	if(c.length  ==  1)  {  for(int  i  =  0;  i  <  c.length;  ++i)  {  System.arraycopy(c,  0,  c,  0,  c.length);  }	      if(c.length    ==    0)    {    for(int    i    =    0;    i    <    c.length;    ++i)    {    System.arraycopy(c,    0,    c,    0,    c.length);    }    	non-compiled	[CE]  illegal  start  of  expression	16	None	replace
93	[BUG]  [BUGGY]  for(int  i  =  0;  i  <  c.length;  ++i)  {  System.arraycopy(c,  0,  c,  0,  c.length  +  1);  }  [CE]  illegal  start  of  expression  [FE]              AssertionFailedError    [CONTEXT]    throws  DerivativeException,  IntegratorException  {  sanityChecks(equations,  t0,  y0,  t,  y);  setEquations(equations);  resetEvaluations();  final  boolean  forward  =  t  >  t0;      [BUGGY]  for(int  i  =  0;  i  <  c.length;  ++i)  {  System.arraycopy(c,  0,  c,  0,  c.length  +  1);  }  [BUGGY]    final  int  stages  =  c.length  +  1;  if  (y  !=  y0)  {  System.arraycopy(y0,  0,  y,  0,  y0.length);  }  final  double[][]  yDotK  =  new  double[stages][];  for  (int  i  =  0;  i  <  stages;  ++i)  {  yDotK  [i]  =  new  double[y0.length];  }  final  double[]  yTmp  =  new  double[y0.length];    [CLASS]  RungeKuttaIntegrator  [METHOD]  integrate  [RETURN_TYPE]  double  FirstOrderDifferentialEquations  equations  final  double  t0  final  double[]  y0  final  double  t  final  double[]  y  [VARIABLES]  boolean  forward  lastStep  loop  CombinedEventsManager  manager  double[]  b  c  y  y0  yTmp  double  dt  nextStep  step  stopTime  sum  t  t0  double[][]  a  yDotK  AbstractStepInterpolator  interpolator  StepHandler  handler  RungeKuttaStepInterpolator  prototype  rki  int  i  j  k  l  stages  FirstOrderDifferentialEquations  equations  	projects/Math71/src/main/java/org/apache/commons/math/ode/nonstiff/RungeKuttaIntegrator.java	0.2672612419124244	106	106	2	replace	for(int  i  =  0;  i  <  c.length;  ++i)  {  System.arraycopy(c,  0,  c,  0,  c.length  +  1);  }	      if(c.length    ==    0)    {    for(int    i    =    0;    i    <    c.length;    ++i)    {    System.arraycopy(c,    0,    c,    0,    c.length);    }    	non-compiled	[CE]  illegal  start  of  expression	16	None	replace
94	[BUG]  [BUGGY]  if(j  >  0)  {  for(int  c  =  0;  j  <  c.length;  ++j)  {  System.arraycopy(c,  0,  c,  0,  c.length);  }  [CE]  illegal  start  of  expression  [FE]            AssertionFailedError    [CONTEXT]    throws  DerivativeException,  IntegratorException  {  sanityChecks(equations,  t0,  y0,  t,  y);  setEquations(equations);  resetEvaluations();  final  boolean  forward  =  t  >  t0;      [BUGGY]  if(j  >  0)  {  for(int  c  =  0;  j  <  c.length;  ++j)  {  System.arraycopy(c,  0,  c,  0,  c.length);  }  [BUGGY]    final  int  stages  =  c.length  +  1;  if  (y  !=  y0)  {  System.arraycopy(y0,  0,  y,  0,  y0.length);  }  final  double[][]  yDotK  =  new  double[stages][];  for  (int  i  =  0;  i  <  stages;  ++i)  {  yDotK  [i]  =  new  double[y0.length];  }  final  double[]  yTmp  =  new  double[y0.length];    [CLASS]  RungeKuttaIntegrator  [METHOD]  integrate  [RETURN_TYPE]  double  FirstOrderDifferentialEquations  equations  final  double  t0  final  double[]  y0  final  double  t  final  double[]  y  [VARIABLES]  boolean  forward  lastStep  loop  CombinedEventsManager  manager  double[]  b  c  y  y0  yTmp  double  dt  nextStep  step  stopTime  sum  t  t0  double[][]  a  yDotK  AbstractStepInterpolator  interpolator  StepHandler  handler  RungeKuttaStepInterpolator  prototype  rki  int  i  j  k  l  stages  FirstOrderDifferentialEquations  equations  	projects/Math71/src/main/java/org/apache/commons/math/ode/nonstiff/RungeKuttaIntegrator.java	0.2672612419124244	106	106	2	replace	if(j  >  0)  {  for(int  c  =  0;  j  <  c.length;  ++j)  {  System.arraycopy(c,  0,  c,  0,  c.length);  }	      if(c.length    ==    0)    {    for(int    j    =    0;    j    <    c.length;    ++j)    {    System.arraycopy(c,    0,    c,    0,    c.length);    }    	non-compiled	[CE]  illegal  start  of  expression	17	None	replace
95	[BUG]  [BUGGY]  if(j  >  0)  {  for(int  j  =  0;  j  <  c.length;  ++j)  {  System.arraycopy(c,  0,  c,  0,  c.length);  }  [CE]  illegal  start  of  expression  [FE]              AssertionFailedError    [CONTEXT]    throws  DerivativeException,  IntegratorException  {  sanityChecks(equations,  t0,  y0,  t,  y);  setEquations(equations);  resetEvaluations();  final  boolean  forward  =  t  >  t0;      [BUGGY]  if(j  >  0)  {  for(int  j  =  0;  j  <  c.length;  ++j)  {  System.arraycopy(c,  0,  c,  0,  c.length);  }  [BUGGY]    final  int  stages  =  c.length  +  1;  if  (y  !=  y0)  {  System.arraycopy(y0,  0,  y,  0,  y0.length);  }  final  double[][]  yDotK  =  new  double[stages][];  for  (int  i  =  0;  i  <  stages;  ++i)  {  yDotK  [i]  =  new  double[y0.length];  }  final  double[]  yTmp  =  new  double[y0.length];    [CLASS]  RungeKuttaIntegrator  [METHOD]  integrate  [RETURN_TYPE]  double  FirstOrderDifferentialEquations  equations  final  double  t0  final  double[]  y0  final  double  t  final  double[]  y  [VARIABLES]  boolean  forward  lastStep  loop  CombinedEventsManager  manager  double[]  b  c  y  y0  yTmp  double  dt  nextStep  step  stopTime  sum  t  t0  double[][]  a  yDotK  AbstractStepInterpolator  interpolator  StepHandler  handler  RungeKuttaStepInterpolator  prototype  rki  int  i  j  k  l  stages  FirstOrderDifferentialEquations  equations  	projects/Math71/src/main/java/org/apache/commons/math/ode/nonstiff/RungeKuttaIntegrator.java	0.2672612419124244	106	106	2	replace	if(j  >  0)  {  for(int  j  =  0;  j  <  c.length;  ++j)  {  System.arraycopy(c,  0,  c,  0,  c.length);  }	      if(c.length    ==    0)    {    for(int    j    =    0;    j    <    c.length;    ++j)    {    System.arraycopy(c,    0,    c,    0,    c.length);    }    	non-compiled	[CE]  illegal  start  of  expression	17	None	replace
96	[BUG]  [BUGGY]  Integer  c  =  getNumberValue();  [CE]  illegal  start  of  expression  [FE]            AssertionFailedError    [CONTEXT]    throws  DerivativeException,  IntegratorException  {  sanityChecks(equations,  t0,  y0,  t,  y);  setEquations(equations);  resetEvaluations();  final  boolean  forward  =  t  >  t0;      [BUGGY]  Integer  c  =  getNumberValue();  [BUGGY]    final  int  stages  =  c.length  +  1;  if  (y  !=  y0)  {  System.arraycopy(y0,  0,  y,  0,  y0.length);  }  final  double[][]  yDotK  =  new  double[stages][];  for  (int  i  =  0;  i  <  stages;  ++i)  {  yDotK  [i]  =  new  double[y0.length];  }  final  double[]  yTmp  =  new  double[y0.length];    [CLASS]  RungeKuttaIntegrator  [METHOD]  integrate  [RETURN_TYPE]  double  FirstOrderDifferentialEquations  equations  final  double  t0  final  double[]  y0  final  double  t  final  double[]  y  [VARIABLES]  boolean  forward  lastStep  loop  CombinedEventsManager  manager  double[]  b  c  y  y0  yTmp  double  dt  nextStep  step  stopTime  sum  t  t0  double[][]  a  yDotK  AbstractStepInterpolator  interpolator  StepHandler  handler  RungeKuttaStepInterpolator  prototype  rki  int  i  j  k  l  stages  FirstOrderDifferentialEquations  equations  	projects/Math71/src/main/java/org/apache/commons/math/ode/nonstiff/RungeKuttaIntegrator.java	0.2672612419124244	106	106	2	replace	Integer  c  =  getNumberValue();	      Integer    c    =    getIntValue();    	non-compiled	[CE]  illegal  start  of  expression	3	None	replace
