projects/Closure26/src/com/google/javascript/jscomp/ProcessCommonJSModules.java41publicstaticfinalStringDEFAULT_FILENAME_PREFIX="."+File.separator;
projects/Closure26/src/com/google/javascript/jscomp/ProcessCommonJSModules.java41publicstaticfinalStringDEFAULT_FILENAME_PREFIX="."+File.separator+"module$test";
projects/Closure26/src/com/google/javascript/jscomp/ProcessCommonJSModules.java41publicstaticfinalStringDEFAULT_FILENAME_PREFIX="."+a$$module$test;
projects/Closure26/src/com/google/javascript/jscomp/ProcessCommonJSModules.java41publicstaticfinalStringDEFAULT_FILENAME_PREFIX=","+File.separator;
projects/Closure26/src/com/google/javascript/jscomp/ProcessCommonJSModules.java41publicstaticfinalStringDEFAULT_FILENAME_PREFIX="."+File.separator+1;
projects/Closure26/src/com/google/javascript/jscomp/ProcessCommonJSModules.java41
projects/Closure26/src/com/google/javascript/jscomp/ProcessCommonJSModules.java41publicstaticfinalStringDEFAULT_FILENAME_PREFIX="."+File.pathSeparator;
projects/Closure26/src/com/google/javascript/jscomp/ProcessCommonJSModules.java41publicstaticfinalStringDEFAULT_FILENAME_PREFIX=File.separator;
projects/Closure26/src/com/google/javascript/jscomp/ProcessCommonJSModules.java41publicstaticfinalStringDEFAULT_FILENAME_PREFIX=".."+File.separator;
projects/Closure26/src/com/google/javascript/jscomp/ProcessCommonJSModules.java41publicstaticfinalStringDEFAULT_FILENAME_PREFIX="/."+File.separator;
projects/Closure26/src/com/google/javascript/jscomp/ProcessCommonJSModules.java41publicstaticfinalStringDEFAULT_FILENAME_PREFIX=","+a$$module$test;
projects/Closure26/src/com/google/javascript/jscomp/ProcessCommonJSModules.java41publicstaticfinalStringDEFAULT_FILENAME_PREFIX="{"+File.separator;
projects/Closure26/src/com/google/javascript/jscomp/ProcessCommonJSModules.java41publicstaticfinalStringDEFAULT_FILENAME_PREFIX="/.*"+File.separator;
projects/Closure26/src/com/google/javascript/jscomp/ProcessCommonJSModules.java41publicstaticfinalStringDEFAULT_FILENAME_PREFIX="/.html"+File.separator;
projects/Closure26/src/com/google/javascript/jscomp/ProcessCommonJSModules.java41publicstaticfinalStringDEFAULT_FILENAME_PREFIX='/'+File.separator;
projects/Closure26/src/com/google/javascript/jscomp/ProcessCommonJSModules.java41publicstaticfinalStringDEFAULT_FILENAME_PREFIX=System.getProperty("file.separator")+File.separator;
projects/Closure26/src/com/google/javascript/jscomp/ProcessCommonJSModules.java41publicstaticfinalStringDEFAULT_FILENAME_PREFIX=File.pathSeparator;
projects/Closure26/src/com/google/javascript/jscomp/ProcessCommonJSModules.java41publicstaticfinalStringDEFAULT_FILENAME_PREFIX='.'+File.pathSeparator;
projects/Closure26/src/com/google/javascript/jscomp/ProcessCommonJSModules.java41a$$module$test=1
projects/Closure26/src/com/google/javascript/jscomp/ProcessCommonJSModules.java41a$$module$test=1;
projects/Closure26/src/com/google/javascript/jscomp/ProcessCommonJSModules.java41a$$module$test=2;
projects/Closure26/src/com/google/javascript/jscomp/ProcessCommonJSModules.java41a$$module$test=1}
projects/Closure26/src/com/google/javascript/jscomp/ProcessCommonJSModules.java41;vara$$module$test=1
projects/Closure26/src/com/google/javascript/jscomp/ProcessCommonJSModules.java41publicstaticfinalStringDEFAULT_FILENAME_PREFIX=a$$$module$test;
projects/Closure26/src/com/google/javascript/jscomp/ProcessCommonJSModules.java41publicstaticfinalStringDEFAULT_FILENAME_PREFIX="."+module$test;
projects/Closure26/src/com/google/javascript/jscomp/ProcessCommonJSModules.java41publicstaticfinalStringDEFAULT_FILENAME_PREFIX='.'+a$$$module$test;
projects/Closure26/src/com/google/javascript/jscomp/ProcessCommonJSModules.java41publicstaticfinalStringDEFAULT_FILENAME_PREFIX=a$$module$test;
projects/Closure26/src/com/google/javascript/jscomp/ProcessCommonJSModules.java41publicstaticfinalStringDEFAULT_FILENAME_PREFIX="../"+File.separator;
projects/Closure26/src/com/google/javascript/jscomp/ProcessCommonJSModules.java41publicstaticfinalStringDEFAULT_FILENAME_PREFIX='.'+File.separator;
projects/Closure26/src/com/google/javascript/jscomp/ProcessCommonJSModules.java41publicstaticfinalStringDEFAULT_FILENAME_PREFIX="..".equals(File.separator);
projects/Closure26/src/com/google/javascript/jscomp/ProcessCommonJSModules.java41publicstaticfinalStringDEFAULT_FILENAME_PREFIX=File.separator+"module$test";
projects/Closure26/src/com/google/javascript/jscomp/ProcessCommonJSModules.java41publicstaticfinalStringDEFAULT_FILENAME_PREFIX="."+File.separator+".module$test";
projects/Closure26/src/com/google/javascript/jscomp/ProcessCommonJSModules.java41publicstaticfinalStringDEFAULT_FILENAME_PREFIX=".module$test"+File.separator+"module$test";
projects/Closure26/src/com/google/javascript/jscomp/ProcessCommonJSModules.java41publicstaticfinalStringDEFAULT_FILENAME_PREFIX="."+File.separator+"module$test=";
projects/Closure26/src/com/google/javascript/jscomp/ProcessCommonJSModules.java41publicstaticfinalStringDEFAULT_FILENAME_PREFIX="."+File.separator+"module$test=1";
projects/Closure26/src/com/google/javascript/jscomp/ProcessCommonJSModules.java41publicstaticfinalStringDEFAULT_FILENAME_PREFIX=File.separator+1;
projects/Closure26/src/com/google/javascript/jscomp/ProcessCommonJSModules.java41publicstaticfinalStringDEFAULT_FILENAME_PREFIX="."+File.separator+2;
projects/Closure26/src/com/google/javascript/jscomp/ProcessCommonJSModules.java41publicstaticfinalStringDEFAULT_FILENAME_PREFIX=".."+File.separator+1;
projects/Closure26/src/com/google/javascript/jscomp/ProcessCommonJSModules.java41publicstaticfinalStringDEFAULT_FILENAME_PREFIX="."+File.separator+a$$module$test;
projects/Closure26/src/com/google/javascript/jscomp/ProcessCommonJSModules.java41publicstaticfinalStringDEFAULT_FILENAME_PREFIX=System.getProperty("file.separator");
projects/Closure26/src/com/google/javascript/jscomp/ProcessCommonJSModules.java41publicstaticfinalStringDEFAULT_FILENAME_PREFIX=System.getProperty("java.home");
projects/Closure26/src/com/google/javascript/jscomp/ProcessCommonJSModules.java41publicstaticfinalStringDEFAULT_FILENAME_PREFIX="module$test";
projects/Closure26/src/com/google/javascript/jscomp/ProcessCommonJSModules.java41publicstaticfinalStringDEFAULT_FILENAME_PREFIX=System.getProperty("line.separator");
projects/Closure26/src/com/google/javascript/jscomp/ProcessCommonJSModules.java41publicstaticfinalStringDEFAULT_FILENAME_PREFIX=File.separator+a$$module$test;
projects/Closure26/src/com/google/javascript/jscomp/ProcessCommonJSModules.java41publicstaticfinalStringDEFAULT_FILENAME_PREFIX=System.getProperty("user.home")+File.separator;
projects/Closure26/src/com/google/javascript/jscomp/ProcessCommonJSModules.java41publicstaticfinalStringDEFAULT_FILENAME_PREFIX='.'+a$$module$test;
projects/Closure26/src/com/google/javascript/jscomp/ProcessCommonJSModules.java41publicstaticfinalStringDEFAULT_FILENAME_PREFIX="..")+File.separator;
projects/Closure26/src/com/google/javascript/jscomp/ProcessCommonJSModules.java41publicstaticfinalStringDEFAULT_FILENAME_PREFIX="..".+File.separator;
projects/Closure26/src/com/google/javascript/jscomp/ProcessCommonJSModules.java41publicstaticfinalStringDEFAULT_FILENAME_PREFIX="../.."+File.separator;
projects/Closure26/src/com/google/javascript/jscomp/ProcessCommonJSModules.java41publicstaticfinalStringDEFAULT_FILENAME_PREFIX="/.n"+File.separator;
projects/Closure26/src/com/google/javascript/jscomp/ProcessCommonJSModules.java41publicstaticfinalStringDEFAULT_FILENAME_PREFIX=File.separator+File.separator;
projects/Closure26/src/com/google/javascript/jscomp/ProcessCommonJSModules.java41publicstaticfinalStringDEFAULT_FILENAME_PREFIX="/.*".+File.separator;
projects/Closure26/src/com/google/javascript/jscomp/ProcessCommonJSModules.java41:goog.provide("module$test");varmodule$test={};vara$$module$test=1
projects/Closure26/src/com/google/javascript/jscomp/ProcessCommonJSModules.java41:goog.provide("module$test"));varmodule$test={};vara$$module$test=1
projects/Closure26/src/com/google/javascript/jscomp/ProcessCommonJSModules.java41:goog.provide("module$test");varmodule$test={};vara$$module$test=1}
projects/Closure26/src/com/google/javascript/jscomp/ProcessCommonJSModules.java41publicstaticfinalStringDEFAULT_FILENAME_PREFIX=",n"+File.separator;
projects/Closure26/src/com/google/javascript/jscomp/ProcessCommonJSModules.java41publicstaticfinalStringDEFAULT_FILENAME_PREFIX=","+File.separator+1;
projects/Closure26/src/com/google/javascript/jscomp/ProcessCommonJSModules.java41publicstaticfinalStringDEFAULT_FILENAME_PREFIX=File.pathSeparator+File.pathSeparator;
projects/Closure26/src/com/google/javascript/jscomp/ProcessCommonJSModules.java41publicstaticfinalStringDEFAULT_FILENAME_PREFIX=".*"+File.separator+1;
projects/Closure26/src/com/google/javascript/jscomp/ProcessCommonJSModules.java41publicstaticfinalStringDEFAULT_FILENAME_PREFIX="..."+File.separator;
projects/Closure26/src/com/google/javascript/jscomp/ProcessCommonJSModules.java41publicstaticfinalStringDEFAULT_FILENAME_PREFIX="../module/"+File.separator;
projects/Closure26/src/com/google/javascript/jscomp/ProcessCommonJSModules.java41publicstaticfinalStringDEFAULT_FILENAME_PREFIX=",",+File.separator;
projects/Closure26/src/com/google/javascript/jscomp/ProcessCommonJSModules.java41publicstaticfinalStringDEFAULT_FILENAME_PREFIX=a$$module$test.substring(0,a$$module$test.length());
projects/Closure26/src/com/google/javascript/jscomp/ProcessCommonJSModules.java41publicstaticfinalStringDEFAULT_FILENAME_PREFIX=System.getProperty("user.home");
projects/Closure26/src/com/google/javascript/jscomp/ProcessCommonJSModules.java41publicstaticfinalStringDEFAULT_FILENAME_PREFIX=File.separator+"/."+File.separator;
projects/Closure26/src/com/google/javascript/jscomp/ProcessCommonJSModules.java41publicstaticfinalStringDEFAULT_FILENAME_PREFIX=".zip"+File.pathSeparator;
projects/Closure26/src/com/google/javascript/jscomp/ProcessCommonJSModules.java41publicstaticfinalStringDEFAULT_FILENAME_PREFIX=".."+File.pathSeparator;
projects/Closure26/src/com/google/javascript/jscomp/ProcessCommonJSModules.java41publicstaticfinalStringDEFAULT_FILENAME_PREFIX=".*"+File.pathSeparator;
projects/Closure26/src/com/google/javascript/jscomp/ProcessCommonJSModules.java41publicstaticfinalStringDEFAULT_FILENAME_PREFIX=".zip"+File.separator+1;
