bugid	buggy	buggy_class	suspiciousness	buggy_line	endbuggycode	original_failing_test_number	action	patch	original_buggy	execution_result	diagnosis	previous_bug_id	new_failing_test_number	this_action
1	[BUG]  [BUGGY]  junit.framework.AssertionFailedError:  expected  [CE]  not  a  statement  [FE]    junit.framework.AssertionFailedError:  expected:<Range[8.5    [CONTEXT]    maxval  =  item.getMaxOutlier().doubleValue();  }  if  (Double.isNaN(this.maximumRangeValue))  {  this.maximumRangeValue  =  maxval;  this.maximumRangeValueRow  =  r;  this.maximumRangeValueColumn  =  c;  }  else  if  (maxval  >  this.maximumRangeValue)  {  this.maximumRangeValue  =  maxval;    [BUGGY]  junit.framework.AssertionFailedError:  expected  [BUGGY]    this.maximumRangeValueColumn  =  c;  }  if  (Double.isNaN(this.minimumRangeValue))  {  this.minimumRangeValue  =  minval;  this.minimumRangeValueRow  =  r;  this.minimumRangeValueColumn  =  c;  }  else  if  (minval  <  this.minimumRangeValue)  {  this.minimumRangeValue  =  minval;  [CLASS]  DefaultBoxAndWhiskerCategoryDataset  [METHOD]  add  [RETURN_TYPE]  void  BoxAndWhiskerItem  item  Comparable  rowKey  Comparable  columnKey  [VARIABLES]  Comparable  columnKey  rowKey  boolean  double  maximumRangeValue  maxval  minimumRangeValue  minval  Range  rangeBounds  KeyedObjects2D  data  int  c  maximumRangeValueColumn  maximumRangeValueRow  minimumRangeValueColumn  minimumRangeValueRow  r  BoxAndWhiskerItem  item  	projects/Chart21/source/org/jfree/data/statistics/DefaultBoxAndWhiskerCategoryDataset.java	1.0	174	174	1	replace	junit.framework.AssertionFailedError:  expected	      	non-compiled	[CE]  not  a  statement	5	None	replace
2	[BUG]  [BUGGY]  int  r  =  item.getRowCount()  -  1;  [CE]  variable  r  is  already  defined  in  method  add(BoxAndWhiskerItem,Comparable,Comparable)  [FE]        junit.framework.AssertionFailedError:  expected:<Range[8.5    [CONTEXT]    maxval  =  item.getMaxOutlier().doubleValue();  }  if  (Double.isNaN(this.maximumRangeValue))  {  this.maximumRangeValue  =  maxval;  this.maximumRangeValueRow  =  r;  this.maximumRangeValueColumn  =  c;  }  else  if  (maxval  >  this.maximumRangeValue)  {  this.maximumRangeValue  =  maxval;    [BUGGY]  int  r  =  item.getRowCount()  -  1;  [BUGGY]    this.maximumRangeValueRow  =  r;  this.maximumRangeValueColumn  =  c;  }  if  (Double.isNaN(this.minimumRangeValue))  {  this.minimumRangeValue  =  minval;  this.minimumRangeValueRow  =  r;  this.minimumRangeValueColumn  =  c;  }  else  if  (minval  <  this.minimumRangeValue)  {  this.minimumRangeValue  =  minval;  [CLASS]  DefaultBoxAndWhiskerCategoryDataset  [METHOD]  add  [RETURN_TYPE]  void  BoxAndWhiskerItem  item  Comparable  rowKey  Comparable  columnKey  [VARIABLES]  Comparable  columnKey  rowKey  boolean  double  maximumRangeValue  maxval  minimumRangeValue  minval  Range  rangeBounds  KeyedObjects2D  data  int  c  maximumRangeValueColumn  maximumRangeValueRow  minimumRangeValueColumn  minimumRangeValueRow  r  BoxAndWhiskerItem  item  	projects/Chart21/source/org/jfree/data/statistics/DefaultBoxAndWhiskerCategoryDataset.java	1.0	174	174	1	replace	int  r  =  item.getRowCount()  -  1;	      int    r    =    item.getRowCount();    	non-compiled	[CE]  variable  r  is  already  defined  in  method  add(BoxAndWhiskerItem,Comparable,Comparable)	6	None	replace
3	[BUG]  [BUGGY]  int  r  =  item.getColumnCount();  [CE]  variable  r  is  already  defined  in  method  add(BoxAndWhiskerItem,Comparable,Comparable)  [FE]          junit.framework.AssertionFailedError:  expected:<Range[8.5    [CONTEXT]    maxval  =  item.getMaxOutlier().doubleValue();  }  if  (Double.isNaN(this.maximumRangeValue))  {  this.maximumRangeValue  =  maxval;  this.maximumRangeValueRow  =  r;  this.maximumRangeValueColumn  =  c;  }  else  if  (maxval  >  this.maximumRangeValue)  {  this.maximumRangeValue  =  maxval;    [BUGGY]  int  r  =  item.getColumnCount();  [BUGGY]    this.maximumRangeValueRow  =  r;  this.maximumRangeValueColumn  =  c;  }  if  (Double.isNaN(this.minimumRangeValue))  {  this.minimumRangeValue  =  minval;  this.minimumRangeValueRow  =  r;  this.minimumRangeValueColumn  =  c;  }  else  if  (minval  <  this.minimumRangeValue)  {  this.minimumRangeValue  =  minval;  [CLASS]  DefaultBoxAndWhiskerCategoryDataset  [METHOD]  add  [RETURN_TYPE]  void  BoxAndWhiskerItem  item  Comparable  rowKey  Comparable  columnKey  [VARIABLES]  Comparable  columnKey  rowKey  boolean  double  maximumRangeValue  maxval  minimumRangeValue  minval  Range  rangeBounds  KeyedObjects2D  data  int  c  maximumRangeValueColumn  maximumRangeValueRow  minimumRangeValueColumn  minimumRangeValueRow  r  BoxAndWhiskerItem  item  	projects/Chart21/source/org/jfree/data/statistics/DefaultBoxAndWhiskerCategoryDataset.java	1.0	174	174	1	replace	int  r  =  item.getColumnCount();	      int    r    =    item.getRowCount();    	non-compiled	[CE]  variable  r  is  already  defined  in  method  add(BoxAndWhiskerItem,Comparable,Comparable)	6	None	replace
4	[BUG]  [BUGGY]  [FE]  junit.framework.AssertionFailedError:  expected:<Range[8.5  [FE]    junit.framework.AssertionFailedError:  expected:<Range[8.5    [CONTEXT]    maxval  =  item.getMaxOutlier().doubleValue();  }  if  (Double.isNaN(this.maximumRangeValue))  {  this.maximumRangeValue  =  maxval;  this.maximumRangeValueRow  =  r;  this.maximumRangeValueColumn  =  c;  }  else  if  (maxval  >  this.maximumRangeValue)  {  this.maximumRangeValue  =  maxval;    [BUGGY]      this.maximumRangeValueColumn  =  c;  this.maximumRangeValueColumn  =  c;  [BUGGY]    this.maximumRangeValueRow  =  r;  this.maximumRangeValueColumn  =  c;  }  if  (Double.isNaN(this.minimumRangeValue))  {  this.minimumRangeValue  =  minval;  this.minimumRangeValueRow  =  r;  this.minimumRangeValueColumn  =  c;  }  else  if  (minval  <  this.minimumRangeValue)  {  this.minimumRangeValue  =  minval;  [CLASS]  DefaultBoxAndWhiskerCategoryDataset  [METHOD]  add  [RETURN_TYPE]  void  BoxAndWhiskerItem  item  Comparable  rowKey  Comparable  columnKey  [VARIABLES]  Comparable  columnKey  rowKey  boolean  double  maximumRangeValue  maxval  minimumRangeValue  minval  Range  rangeBounds  KeyedObjects2D  data  int  c  maximumRangeValueColumn  maximumRangeValueRow  minimumRangeValueColumn  minimumRangeValueRow  r  BoxAndWhiskerItem  item  	projects/Chart21/source/org/jfree/data/statistics/DefaultBoxAndWhiskerCategoryDataset.java	1.0	174	174	1	add	        this.maximumRangeValueColumn    =    c;    this.maximumRangeValueColumn  =  c;	  	compilable	  [FE]  junit.framework.AssertionFailedError:  expected:<Range[8.5  	7	1	add
5	[BUG]  [BUGGY]      this.maximumRangeValueColumn  =  c;  this.maximumRangeValueColumn  =  c;  [FE]  junit.framework.AssertionFailedError:  expected:<Range[8.5  [FE]    junit.framework.AssertionFailedError:  expected:<Range[8.5    [CONTEXT]    maxval  =  item.getMaxOutlier().doubleValue();  }  if  (Double.isNaN(this.maximumRangeValue))  {  this.maximumRangeValue  =  maxval;  this.maximumRangeValueRow  =  r;  this.maximumRangeValueColumn  =  c;  }  else  if  (maxval  >  this.maximumRangeValue)  {  this.maximumRangeValue  =  maxval;    [BUGGY]      this.maximumRangeValueColumn  =  c;  this.maximumRangeValueColumn  =  c;  [BUGGY]    this.maximumRangeValueRow  =  r;  this.maximumRangeValueColumn  =  c;  }  if  (Double.isNaN(this.minimumRangeValue))  {  this.minimumRangeValue  =  minval;  this.minimumRangeValueRow  =  r;  this.minimumRangeValueColumn  =  c;  }  else  if  (minval  <  this.minimumRangeValue)  {  this.minimumRangeValue  =  minval;  [CLASS]  DefaultBoxAndWhiskerCategoryDataset  [METHOD]  add  [RETURN_TYPE]  void  BoxAndWhiskerItem  item  Comparable  rowKey  Comparable  columnKey  [VARIABLES]  Comparable  columnKey  rowKey  boolean  double  maximumRangeValue  maxval  minimumRangeValue  minval  Range  rangeBounds  KeyedObjects2D  data  int  c  maximumRangeValueColumn  maximumRangeValueRow  minimumRangeValueColumn  minimumRangeValueRow  r  BoxAndWhiskerItem  item  	projects/Chart21/source/org/jfree/data/statistics/DefaultBoxAndWhiskerCategoryDataset.java	1.0	174	174	1	replace	        this.maximumRangeValueColumn    =    c;    this.maximumRangeValueColumn  =  c;	  	compilable	  [FE]  junit.framework.AssertionFailedError:  expected:<Range[8.5  	7	1	add
6	[BUG]  [BUGGY]  [FE]  junit.framework.AssertionFailedError:  expected:<Range[8.5  [FE]      junit.framework.AssertionFailedError:  expected:<Range[8.5    [CONTEXT]    maxval  =  item.getMaxOutlier().doubleValue();  }  if  (Double.isNaN(this.maximumRangeValue))  {  this.maximumRangeValue  =  maxval;  this.maximumRangeValueRow  =  r;  this.maximumRangeValueColumn  =  c;  }  else  if  (maxval  >  this.maximumRangeValue)  {  this.maximumRangeValue  =  maxval;    [BUGGY]      this.maximumRangeValueColumn  =  c;  if(Double.isNaN(c))  {  this.maximumRangeValueColumn  =  c;  }  else  {  this.maximumRangeValueColumn  =  c;  }  [BUGGY]    this.maximumRangeValueRow  =  r;  this.maximumRangeValueColumn  =  c;  }  if  (Double.isNaN(this.minimumRangeValue))  {  this.minimumRangeValue  =  minval;  this.minimumRangeValueRow  =  r;  this.minimumRangeValueColumn  =  c;  }  else  if  (minval  <  this.minimumRangeValue)  {  this.minimumRangeValue  =  minval;  [CLASS]  DefaultBoxAndWhiskerCategoryDataset  [METHOD]  add  [RETURN_TYPE]  void  BoxAndWhiskerItem  item  Comparable  rowKey  Comparable  columnKey  [VARIABLES]  Comparable  columnKey  rowKey  boolean  double  maximumRangeValue  maxval  minimumRangeValue  minval  Range  rangeBounds  KeyedObjects2D  data  int  c  maximumRangeValueColumn  maximumRangeValueRow  minimumRangeValueColumn  minimumRangeValueRow  r  BoxAndWhiskerItem  item  	projects/Chart21/source/org/jfree/data/statistics/DefaultBoxAndWhiskerCategoryDataset.java	1.0	174	174	1	add	        this.maximumRangeValueColumn    =    c;    if(Double.isNaN(c))  {  this.maximumRangeValueColumn  =  c;  }  else  {  this.maximumRangeValueColumn  =  c;  }	  	compilable	  [FE]  junit.framework.AssertionFailedError:  expected:<Range[8.5  	7	1	add
7	[BUG]  [BUGGY]      this.maximumRangeValueColumn  =  c;  if(Double.isNaN(c))  {  this.maximumRangeValueColumn  =  c;  }  else  {  this.maximumRangeValueColumn  =  c;  }  [FE]  junit.framework.AssertionFailedError:  expected:<Range[8.5  [FE]      junit.framework.AssertionFailedError:  expected:<Range[8.5    [CONTEXT]    maxval  =  item.getMaxOutlier().doubleValue();  }  if  (Double.isNaN(this.maximumRangeValue))  {  this.maximumRangeValue  =  maxval;  this.maximumRangeValueRow  =  r;  this.maximumRangeValueColumn  =  c;  }  else  if  (maxval  >  this.maximumRangeValue)  {  this.maximumRangeValue  =  maxval;    [BUGGY]      this.maximumRangeValueColumn  =  c;  if(Double.isNaN(c))  {  this.maximumRangeValueColumn  =  c;  }  else  {  this.maximumRangeValueColumn  =  c;  }  [BUGGY]    this.maximumRangeValueRow  =  r;  this.maximumRangeValueColumn  =  c;  }  if  (Double.isNaN(this.minimumRangeValue))  {  this.minimumRangeValue  =  minval;  this.minimumRangeValueRow  =  r;  this.minimumRangeValueColumn  =  c;  }  else  if  (minval  <  this.minimumRangeValue)  {  this.minimumRangeValue  =  minval;  [CLASS]  DefaultBoxAndWhiskerCategoryDataset  [METHOD]  add  [RETURN_TYPE]  void  BoxAndWhiskerItem  item  Comparable  rowKey  Comparable  columnKey  [VARIABLES]  Comparable  columnKey  rowKey  boolean  double  maximumRangeValue  maxval  minimumRangeValue  minval  Range  rangeBounds  KeyedObjects2D  data  int  c  maximumRangeValueColumn  maximumRangeValueRow  minimumRangeValueColumn  minimumRangeValueRow  r  BoxAndWhiskerItem  item  	projects/Chart21/source/org/jfree/data/statistics/DefaultBoxAndWhiskerCategoryDataset.java	1.0	174	174	1	replace	        this.maximumRangeValueColumn    =    c;    if(Double.isNaN(c))  {  this.maximumRangeValueColumn  =  c;  }  else  {  this.maximumRangeValueColumn  =  c;  }	  	compilable	  [FE]  junit.framework.AssertionFailedError:  expected:<Range[8.5  	7	1	add
8	[BUG]  [BUGGY]      this.maximumRangeValueColumn  =  c;  if(c!=  null)  {  this.maximumRangeValueColumn  =  c;  }  else  {  this.maximumRangeValueColumn  =  c;  }  [CE]  bad  operand  types  for  binary  operator  '!='  [FE]        junit.framework.AssertionFailedError:  expected:<Range[8.5    [CONTEXT]    maxval  =  item.getMaxOutlier().doubleValue();  }  if  (Double.isNaN(this.maximumRangeValue))  {  this.maximumRangeValue  =  maxval;  this.maximumRangeValueRow  =  r;  this.maximumRangeValueColumn  =  c;  }  else  if  (maxval  >  this.maximumRangeValue)  {  this.maximumRangeValue  =  maxval;    [BUGGY]      this.maximumRangeValueColumn  =  c;  if(c!=  null)  {  this.maximumRangeValueColumn  =  c;  }  else  {  this.maximumRangeValueColumn  =  c;  }  [BUGGY]    this.maximumRangeValueRow  =  r;  this.maximumRangeValueColumn  =  c;  }  if  (Double.isNaN(this.minimumRangeValue))  {  this.minimumRangeValue  =  minval;  this.minimumRangeValueRow  =  r;  this.minimumRangeValueColumn  =  c;  }  else  if  (minval  <  this.minimumRangeValue)  {  this.minimumRangeValue  =  minval;  [CLASS]  DefaultBoxAndWhiskerCategoryDataset  [METHOD]  add  [RETURN_TYPE]  void  BoxAndWhiskerItem  item  Comparable  rowKey  Comparable  columnKey  [VARIABLES]  Comparable  columnKey  rowKey  boolean  double  maximumRangeValue  maxval  minimumRangeValue  minval  Range  rangeBounds  KeyedObjects2D  data  int  c  maximumRangeValueColumn  maximumRangeValueRow  minimumRangeValueColumn  minimumRangeValueRow  r  BoxAndWhiskerItem  item  	projects/Chart21/source/org/jfree/data/statistics/DefaultBoxAndWhiskerCategoryDataset.java	1.0	174	174	1	replace	        this.maximumRangeValueColumn    =    c;    if(c!=  null)  {  this.maximumRangeValueColumn  =  c;  }  else  {  this.maximumRangeValueColumn  =  c;  }	  	non-compiled	[CE]  bad  operand  types  for  binary  operator  '!='	7	None	add
9	[BUG]  [BUGGY]      junit.framework.AssertionFailedError:  expected;  [CE]  not  a  statement  [FE]    junit.framework.AssertionFailedError:  expected:<Range[8.5    [CONTEXT]    maxval  =  item.getMaxOutlier().doubleValue();  }  if  (Double.isNaN(this.maximumRangeValue))  {  this.maximumRangeValue  =  maxval;  this.maximumRangeValueRow  =  r;  this.maximumRangeValueColumn  =  c;  }  else  if  (maxval  >  this.maximumRangeValue)  {  this.maximumRangeValue  =  maxval;    [BUGGY]      junit.framework.AssertionFailedError:  expected;  [BUGGY]    this.maximumRangeValueColumn  =  c;  }  if  (Double.isNaN(this.minimumRangeValue))  {  this.minimumRangeValue  =  minval;  this.minimumRangeValueRow  =  r;  this.minimumRangeValueColumn  =  c;  }  else  if  (minval  <  this.minimumRangeValue)  {  this.minimumRangeValue  =  minval;  [CLASS]  DefaultBoxAndWhiskerCategoryDataset  [METHOD]  add  [RETURN_TYPE]  void  BoxAndWhiskerItem  item  Comparable  rowKey  Comparable  columnKey  [VARIABLES]  Comparable  columnKey  rowKey  boolean  double  maximumRangeValue  maxval  minimumRangeValue  minval  Range  rangeBounds  KeyedObjects2D  data  int  c  maximumRangeValueColumn  maximumRangeValueRow  minimumRangeValueColumn  minimumRangeValueRow  r  BoxAndWhiskerItem  item  	projects/Chart21/source/org/jfree/data/statistics/DefaultBoxAndWhiskerCategoryDataset.java	1.0	174	174	1	replace	        junit.framework.AssertionFailedError:  expected;	  	non-compiled	[CE]  not  a  statement	4	None	add
10	[BUG]  [BUGGY]  this.maximumRangeValueRow  =  columnKey;  [CE]  incompatible  types  [FE]          junit.framework.AssertionFailedError:  expected:<Range[8.5    [CONTEXT]    maxval  =  item.getMaxOutlier().doubleValue();  }  if  (Double.isNaN(this.maximumRangeValue))  {  this.maximumRangeValue  =  maxval;  this.maximumRangeValueRow  =  r;  this.maximumRangeValueColumn  =  c;  }  else  if  (maxval  >  this.maximumRangeValue)  {  this.maximumRangeValue  =  maxval;    [BUGGY]  this.maximumRangeValueRow  =  columnKey;  [BUGGY]    this.maximumRangeValueColumn  =  c;  }  if  (Double.isNaN(this.minimumRangeValue))  {  this.minimumRangeValue  =  minval;  this.minimumRangeValueRow  =  r;  this.minimumRangeValueColumn  =  c;  }  else  if  (minval  <  this.minimumRangeValue)  {  this.minimumRangeValue  =  minval;  [CLASS]  DefaultBoxAndWhiskerCategoryDataset  [METHOD]  add  [RETURN_TYPE]  void  BoxAndWhiskerItem  item  Comparable  rowKey  Comparable  columnKey  [VARIABLES]  Comparable  columnKey  rowKey  boolean  double  maximumRangeValue  maxval  minimumRangeValue  minval  Range  rangeBounds  KeyedObjects2D  data  int  c  maximumRangeValueColumn  maximumRangeValueRow  minimumRangeValueColumn  minimumRangeValueRow  r  BoxAndWhiskerItem  item  	projects/Chart21/source/org/jfree/data/statistics/DefaultBoxAndWhiskerCategoryDataset.java	1.0	174	174	1	replace	this.maximumRangeValueRow  =  columnKey;	  this.maximumRangeValueRow    =    rowKey;    	non-compiled	[CE]  incompatible  types	3	None	replace
11	[BUG]  [BUGGY]  int  r  =  item.getRowIndex();  [CE]  variable  r  is  already  defined  in  method  add(BoxAndWhiskerItem,Comparable,Comparable)  [FE]        junit.framework.AssertionFailedError:  expected:<Range[8.5    [CONTEXT]    maxval  =  item.getMaxOutlier().doubleValue();  }  if  (Double.isNaN(this.maximumRangeValue))  {  this.maximumRangeValue  =  maxval;  this.maximumRangeValueRow  =  r;  this.maximumRangeValueColumn  =  c;  }  else  if  (maxval  >  this.maximumRangeValue)  {  this.maximumRangeValue  =  maxval;    [BUGGY]  int  r  =  item.getRowIndex();  [BUGGY]    this.maximumRangeValueRow  =  r;  this.maximumRangeValueColumn  =  c;  }  if  (Double.isNaN(this.minimumRangeValue))  {  this.minimumRangeValue  =  minval;  this.minimumRangeValueRow  =  r;  this.minimumRangeValueColumn  =  c;  }  else  if  (minval  <  this.minimumRangeValue)  {  this.minimumRangeValue  =  minval;  [CLASS]  DefaultBoxAndWhiskerCategoryDataset  [METHOD]  add  [RETURN_TYPE]  void  BoxAndWhiskerItem  item  Comparable  rowKey  Comparable  columnKey  [VARIABLES]  Comparable  columnKey  rowKey  boolean  double  maximumRangeValue  maxval  minimumRangeValue  minval  Range  rangeBounds  KeyedObjects2D  data  int  c  maximumRangeValueColumn  maximumRangeValueRow  minimumRangeValueColumn  minimumRangeValueRow  r  BoxAndWhiskerItem  item  	projects/Chart21/source/org/jfree/data/statistics/DefaultBoxAndWhiskerCategoryDataset.java	1.0	174	174	1	replace	int  r  =  item.getRowIndex();	      int    r    =    this.rowKey.getRowIndex();    	non-compiled	[CE]  variable  r  is  already  defined  in  method  add(BoxAndWhiskerItem,Comparable,Comparable)	9	None	replace
12	[BUG]  [BUGGY]  int  r  =  this.rowKey.getRowIndex()  -  1;  [CE]  variable  r  is  already  defined  in  method  add(BoxAndWhiskerItem,Comparable,Comparable)  [FE]          junit.framework.AssertionFailedError:  expected:<Range[8.5    [CONTEXT]    maxval  =  item.getMaxOutlier().doubleValue();  }  if  (Double.isNaN(this.maximumRangeValue))  {  this.maximumRangeValue  =  maxval;  this.maximumRangeValueRow  =  r;  this.maximumRangeValueColumn  =  c;  }  else  if  (maxval  >  this.maximumRangeValue)  {  this.maximumRangeValue  =  maxval;    [BUGGY]  int  r  =  this.rowKey.getRowIndex()  -  1;  [BUGGY]    this.maximumRangeValueRow  =  r;  this.maximumRangeValueColumn  =  c;  }  if  (Double.isNaN(this.minimumRangeValue))  {  this.minimumRangeValue  =  minval;  this.minimumRangeValueRow  =  r;  this.minimumRangeValueColumn  =  c;  }  else  if  (minval  <  this.minimumRangeValue)  {  this.minimumRangeValue  =  minval;  [CLASS]  DefaultBoxAndWhiskerCategoryDataset  [METHOD]  add  [RETURN_TYPE]  void  BoxAndWhiskerItem  item  Comparable  rowKey  Comparable  columnKey  [VARIABLES]  Comparable  columnKey  rowKey  boolean  double  maximumRangeValue  maxval  minimumRangeValue  minval  Range  rangeBounds  KeyedObjects2D  data  int  c  maximumRangeValueColumn  maximumRangeValueRow  minimumRangeValueColumn  minimumRangeValueRow  r  BoxAndWhiskerItem  item  	projects/Chart21/source/org/jfree/data/statistics/DefaultBoxAndWhiskerCategoryDataset.java	1.0	174	174	1	replace	int  r  =  this.rowKey.getRowIndex()  -  1;	      int    r    =    this.rowKey.getRowIndex();    	non-compiled	[CE]  variable  r  is  already  defined  in  method  add(BoxAndWhiskerItem,Comparable,Comparable)	9	None	replace
13	[BUG]  [BUGGY]  this.maximumRangeValueColumn  =  columnKey;  [CE]  incompatible  types  [FE]    junit.framework.AssertionFailedError:  expected:<Range[8.5    [CONTEXT]    maxval  =  item.getMaxOutlier().doubleValue();  }  if  (Double.isNaN(this.maximumRangeValue))  {  this.maximumRangeValue  =  maxval;  this.maximumRangeValueRow  =  r;  this.maximumRangeValueColumn  =  c;  }  else  if  (maxval  >  this.maximumRangeValue)  {  this.maximumRangeValue  =  maxval;    [BUGGY]  this.maximumRangeValueColumn  =  columnKey;  [BUGGY]    this.maximumRangeValueRow  =  r;  this.maximumRangeValueColumn  =  c;  }  if  (Double.isNaN(this.minimumRangeValue))  {  this.minimumRangeValue  =  minval;  this.minimumRangeValueRow  =  r;  this.minimumRangeValueColumn  =  c;  }  else  if  (minval  <  this.minimumRangeValue)  {  this.minimumRangeValue  =  minval;  [CLASS]  DefaultBoxAndWhiskerCategoryDataset  [METHOD]  add  [RETURN_TYPE]  void  BoxAndWhiskerItem  item  Comparable  rowKey  Comparable  columnKey  [VARIABLES]  Comparable  columnKey  rowKey  boolean  double  maximumRangeValue  maxval  minimumRangeValue  minval  Range  rangeBounds  KeyedObjects2D  data  int  c  maximumRangeValueColumn  maximumRangeValueRow  minimumRangeValueColumn  minimumRangeValueRow  r  BoxAndWhiskerItem  item  	projects/Chart21/source/org/jfree/data/statistics/DefaultBoxAndWhiskerCategoryDataset.java	1.0	174	174	1	replace	this.maximumRangeValueColumn  =  columnKey;	      this.maximumRangeValueColumn    =    c;    	non-compiled	[CE]  incompatible  types	8	None	replace
14	[BUG]  [BUGGY]  [FE]  junit.framework.AssertionFailedError:  expected:<Range[8.5  [FE]    junit.framework.AssertionFailedError:  expected:<Range[8.5    [CONTEXT]    maxval  =  item.getMaxOutlier().doubleValue();  }  if  (Double.isNaN(this.maximumRangeValue))  {  this.maximumRangeValue  =  maxval;  this.maximumRangeValueRow  =  r;  this.maximumRangeValueColumn  =  c;  }  else  if  (maxval  >  this.maximumRangeValue)  {  this.maximumRangeValue  =  maxval;    [BUGGY]  this.maximumRangeValueRow  =  c;  this.maximumRangeValueRow  =  c;  [BUGGY]    this.maximumRangeValueColumn  =  c;  }  if  (Double.isNaN(this.minimumRangeValue))  {  this.minimumRangeValue  =  minval;  this.minimumRangeValueRow  =  r;  this.minimumRangeValueColumn  =  c;  }  else  if  (minval  <  this.minimumRangeValue)  {  this.minimumRangeValue  =  minval;  [CLASS]  DefaultBoxAndWhiskerCategoryDataset  [METHOD]  add  [RETURN_TYPE]  void  BoxAndWhiskerItem  item  Comparable  rowKey  Comparable  columnKey  [VARIABLES]  Comparable  columnKey  rowKey  boolean  double  maximumRangeValue  maxval  minimumRangeValue  minval  Range  rangeBounds  KeyedObjects2D  data  int  c  maximumRangeValueColumn  maximumRangeValueRow  minimumRangeValueColumn  minimumRangeValueRow  r  BoxAndWhiskerItem  item  	projects/Chart21/source/org/jfree/data/statistics/DefaultBoxAndWhiskerCategoryDataset.java	1.0	174	174	1	add	this.maximumRangeValueRow    =    c;    this.maximumRangeValueRow  =  c;	  	compilable	  [FE]  junit.framework.AssertionFailedError:  expected:<Range[8.5  	1	1	add
15	[BUG]  [BUGGY]  this.maximumRangeValueRow  =  c;  this.maximumRangeValueRow  =  c;  [FE]  junit.framework.AssertionFailedError:  expected:<Range[8.5  [FE]    junit.framework.AssertionFailedError:  expected:<Range[8.5    [CONTEXT]    maxval  =  item.getMaxOutlier().doubleValue();  }  if  (Double.isNaN(this.maximumRangeValue))  {  this.maximumRangeValue  =  maxval;  this.maximumRangeValueRow  =  r;  this.maximumRangeValueColumn  =  c;  }  else  if  (maxval  >  this.maximumRangeValue)  {  this.maximumRangeValue  =  maxval;    [BUGGY]  this.maximumRangeValueRow  =  c;  this.maximumRangeValueRow  =  c;  [BUGGY]    this.maximumRangeValueColumn  =  c;  }  if  (Double.isNaN(this.minimumRangeValue))  {  this.minimumRangeValue  =  minval;  this.minimumRangeValueRow  =  r;  this.minimumRangeValueColumn  =  c;  }  else  if  (minval  <  this.minimumRangeValue)  {  this.minimumRangeValue  =  minval;  [CLASS]  DefaultBoxAndWhiskerCategoryDataset  [METHOD]  add  [RETURN_TYPE]  void  BoxAndWhiskerItem  item  Comparable  rowKey  Comparable  columnKey  [VARIABLES]  Comparable  columnKey  rowKey  boolean  double  maximumRangeValue  maxval  minimumRangeValue  minval  Range  rangeBounds  KeyedObjects2D  data  int  c  maximumRangeValueColumn  maximumRangeValueRow  minimumRangeValueColumn  minimumRangeValueRow  r  BoxAndWhiskerItem  item  	projects/Chart21/source/org/jfree/data/statistics/DefaultBoxAndWhiskerCategoryDataset.java	1.0	174	174	1	replace	this.maximumRangeValueRow    =    c;    this.maximumRangeValueRow  =  c;	  	compilable	  [FE]  junit.framework.AssertionFailedError:  expected:<Range[8.5  	1	1	add
16	[BUG]  [BUGGY]  [FE]  junit.framework.AssertionFailedError:  expected:<Range[8.5  [FE]      junit.framework.AssertionFailedError:  expected:<Range[8.5    [CONTEXT]    maxval  =  item.getMaxOutlier().doubleValue();  }  if  (Double.isNaN(this.maximumRangeValue))  {  this.maximumRangeValue  =  maxval;  this.maximumRangeValueRow  =  r;  this.maximumRangeValueColumn  =  c;  }  else  if  (maxval  >  this.maximumRangeValue)  {  this.maximumRangeValue  =  maxval;    [BUGGY]  this.maximumRangeValueRow  =  c;  if(Double.isNaN(c))  {  this.maximumRangeValueRow  =  c;  }  else  {  this.maximumRangeValueColumn  =  c;  }  [BUGGY]    this.maximumRangeValueColumn  =  c;  }  if  (Double.isNaN(this.minimumRangeValue))  {  this.minimumRangeValue  =  minval;  this.minimumRangeValueRow  =  r;  this.minimumRangeValueColumn  =  c;  }  else  if  (minval  <  this.minimumRangeValue)  {  this.minimumRangeValue  =  minval;  [CLASS]  DefaultBoxAndWhiskerCategoryDataset  [METHOD]  add  [RETURN_TYPE]  void  BoxAndWhiskerItem  item  Comparable  rowKey  Comparable  columnKey  [VARIABLES]  Comparable  columnKey  rowKey  boolean  double  maximumRangeValue  maxval  minimumRangeValue  minval  Range  rangeBounds  KeyedObjects2D  data  int  c  maximumRangeValueColumn  maximumRangeValueRow  minimumRangeValueColumn  minimumRangeValueRow  r  BoxAndWhiskerItem  item  	projects/Chart21/source/org/jfree/data/statistics/DefaultBoxAndWhiskerCategoryDataset.java	1.0	174	174	1	add	this.maximumRangeValueRow    =    c;    if(Double.isNaN(c))  {  this.maximumRangeValueRow  =  c;  }  else  {  this.maximumRangeValueColumn  =  c;  }	  	compilable	  [FE]  junit.framework.AssertionFailedError:  expected:<Range[8.5  	1	1	add
17	[BUG]  [BUGGY]  this.maximumRangeValueRow  =  c;  if(Double.isNaN(c))  {  this.maximumRangeValueRow  =  c;  }  else  {  this.maximumRangeValueColumn  =  c;  }  [FE]  junit.framework.AssertionFailedError:  expected:<Range[8.5  [FE]      junit.framework.AssertionFailedError:  expected:<Range[8.5    [CONTEXT]    maxval  =  item.getMaxOutlier().doubleValue();  }  if  (Double.isNaN(this.maximumRangeValue))  {  this.maximumRangeValue  =  maxval;  this.maximumRangeValueRow  =  r;  this.maximumRangeValueColumn  =  c;  }  else  if  (maxval  >  this.maximumRangeValue)  {  this.maximumRangeValue  =  maxval;    [BUGGY]  this.maximumRangeValueRow  =  c;  if(Double.isNaN(c))  {  this.maximumRangeValueRow  =  c;  }  else  {  this.maximumRangeValueColumn  =  c;  }  [BUGGY]    this.maximumRangeValueColumn  =  c;  }  if  (Double.isNaN(this.minimumRangeValue))  {  this.minimumRangeValue  =  minval;  this.minimumRangeValueRow  =  r;  this.minimumRangeValueColumn  =  c;  }  else  if  (minval  <  this.minimumRangeValue)  {  this.minimumRangeValue  =  minval;  [CLASS]  DefaultBoxAndWhiskerCategoryDataset  [METHOD]  add  [RETURN_TYPE]  void  BoxAndWhiskerItem  item  Comparable  rowKey  Comparable  columnKey  [VARIABLES]  Comparable  columnKey  rowKey  boolean  double  maximumRangeValue  maxval  minimumRangeValue  minval  Range  rangeBounds  KeyedObjects2D  data  int  c  maximumRangeValueColumn  maximumRangeValueRow  minimumRangeValueColumn  minimumRangeValueRow  r  BoxAndWhiskerItem  item  	projects/Chart21/source/org/jfree/data/statistics/DefaultBoxAndWhiskerCategoryDataset.java	1.0	174	174	1	replace	this.maximumRangeValueRow    =    c;    if(Double.isNaN(c))  {  this.maximumRangeValueRow  =  c;  }  else  {  this.maximumRangeValueColumn  =  c;  }	  	compilable	  [FE]  junit.framework.AssertionFailedError:  expected:<Range[8.5  	1	1	add
18	[BUG]  [BUGGY]  [FE]  junit.framework.AssertionFailedError:  expected:<Range[8.5  [FE]        junit.framework.AssertionFailedError:  expected:<Range[8.5    [CONTEXT]    maxval  =  item.getMaxOutlier().doubleValue();  }  if  (Double.isNaN(this.maximumRangeValue))  {  this.maximumRangeValue  =  maxval;  this.maximumRangeValueRow  =  r;  this.maximumRangeValueColumn  =  c;  }  else  if  (maxval  >  this.maximumRangeValue)  {  this.maximumRangeValue  =  maxval;    [BUGGY]  this.maximumRangeValueRow  =  c;  if(Double.isNaN(c))  {  this.maximumRangeValueRow  =  c;  }  else  {  this.maximumRangeValueRow  =  c;  }  [BUGGY]    this.maximumRangeValueColumn  =  c;  }  if  (Double.isNaN(this.minimumRangeValue))  {  this.minimumRangeValue  =  minval;  this.minimumRangeValueRow  =  r;  this.minimumRangeValueColumn  =  c;  }  else  if  (minval  <  this.minimumRangeValue)  {  this.minimumRangeValue  =  minval;  [CLASS]  DefaultBoxAndWhiskerCategoryDataset  [METHOD]  add  [RETURN_TYPE]  void  BoxAndWhiskerItem  item  Comparable  rowKey  Comparable  columnKey  [VARIABLES]  Comparable  columnKey  rowKey  boolean  double  maximumRangeValue  maxval  minimumRangeValue  minval  Range  rangeBounds  KeyedObjects2D  data  int  c  maximumRangeValueColumn  maximumRangeValueRow  minimumRangeValueColumn  minimumRangeValueRow  r  BoxAndWhiskerItem  item  	projects/Chart21/source/org/jfree/data/statistics/DefaultBoxAndWhiskerCategoryDataset.java	1.0	174	174	1	add	this.maximumRangeValueRow    =    c;    if(Double.isNaN(c))  {  this.maximumRangeValueRow  =  c;  }  else  {  this.maximumRangeValueRow  =  c;  }	  	compilable	  [FE]  junit.framework.AssertionFailedError:  expected:<Range[8.5  	1	1	add
19	[BUG]  [BUGGY]  this.maximumRangeValueRow  =  c;  if(Double.isNaN(c))  {  this.maximumRangeValueRow  =  c;  }  else  {  this.maximumRangeValueRow  =  c;  }  [FE]  junit.framework.AssertionFailedError:  expected:<Range[8.5  [FE]        junit.framework.AssertionFailedError:  expected:<Range[8.5    [CONTEXT]    maxval  =  item.getMaxOutlier().doubleValue();  }  if  (Double.isNaN(this.maximumRangeValue))  {  this.maximumRangeValue  =  maxval;  this.maximumRangeValueRow  =  r;  this.maximumRangeValueColumn  =  c;  }  else  if  (maxval  >  this.maximumRangeValue)  {  this.maximumRangeValue  =  maxval;    [BUGGY]  this.maximumRangeValueRow  =  c;  if(Double.isNaN(c))  {  this.maximumRangeValueRow  =  c;  }  else  {  this.maximumRangeValueRow  =  c;  }  [BUGGY]    this.maximumRangeValueColumn  =  c;  }  if  (Double.isNaN(this.minimumRangeValue))  {  this.minimumRangeValue  =  minval;  this.minimumRangeValueRow  =  r;  this.minimumRangeValueColumn  =  c;  }  else  if  (minval  <  this.minimumRangeValue)  {  this.minimumRangeValue  =  minval;  [CLASS]  DefaultBoxAndWhiskerCategoryDataset  [METHOD]  add  [RETURN_TYPE]  void  BoxAndWhiskerItem  item  Comparable  rowKey  Comparable  columnKey  [VARIABLES]  Comparable  columnKey  rowKey  boolean  double  maximumRangeValue  maxval  minimumRangeValue  minval  Range  rangeBounds  KeyedObjects2D  data  int  c  maximumRangeValueColumn  maximumRangeValueRow  minimumRangeValueColumn  minimumRangeValueRow  r  BoxAndWhiskerItem  item  	projects/Chart21/source/org/jfree/data/statistics/DefaultBoxAndWhiskerCategoryDataset.java	1.0	174	174	1	replace	this.maximumRangeValueRow    =    c;    if(Double.isNaN(c))  {  this.maximumRangeValueRow  =  c;  }  else  {  this.maximumRangeValueRow  =  c;  }	  	compilable	  [FE]  junit.framework.AssertionFailedError:  expected:<Range[8.5  	1	1	add
20	[BUG]  [BUGGY]  this.maximumRangeValueRow  =  c;  junit.framework.AssertionFailedError:  expected;  [CE]  not  a  statement  [FE]    junit.framework.AssertionFailedError:  expected:<Range[8.5    [CONTEXT]    maxval  =  item.getMaxOutlier().doubleValue();  }  if  (Double.isNaN(this.maximumRangeValue))  {  this.maximumRangeValue  =  maxval;  this.maximumRangeValueRow  =  r;  this.maximumRangeValueColumn  =  c;  }  else  if  (maxval  >  this.maximumRangeValue)  {  this.maximumRangeValue  =  maxval;    [BUGGY]  this.maximumRangeValueRow  =  c;  junit.framework.AssertionFailedError:  expected;  [BUGGY]    this.maximumRangeValueColumn  =  c;  }  if  (Double.isNaN(this.minimumRangeValue))  {  this.minimumRangeValue  =  minval;  this.minimumRangeValueRow  =  r;  this.minimumRangeValueColumn  =  c;  }  else  if  (minval  <  this.minimumRangeValue)  {  this.minimumRangeValue  =  minval;  [CLASS]  DefaultBoxAndWhiskerCategoryDataset  [METHOD]  add  [RETURN_TYPE]  void  BoxAndWhiskerItem  item  Comparable  rowKey  Comparable  columnKey  [VARIABLES]  Comparable  columnKey  rowKey  boolean  double  maximumRangeValue  maxval  minimumRangeValue  minval  Range  rangeBounds  KeyedObjects2D  data  int  c  maximumRangeValueColumn  maximumRangeValueRow  minimumRangeValueColumn  minimumRangeValueRow  r  BoxAndWhiskerItem  item  	projects/Chart21/source/org/jfree/data/statistics/DefaultBoxAndWhiskerCategoryDataset.java	1.0	174	174	1	replace	this.maximumRangeValueRow    =    c;    junit.framework.AssertionFailedError:  expected;	  	non-compiled	[CE]  not  a  statement	1	None	add
21	[BUG]  [BUGGY]  this.maximumRangeValueRow  =  c;  junit.framework.AssertionFailedError:  expected  [CE]  not  a  statement  [FE]      junit.framework.AssertionFailedError:  expected:<Range[8.5    [CONTEXT]    maxval  =  item.getMaxOutlier().doubleValue();  }  if  (Double.isNaN(this.maximumRangeValue))  {  this.maximumRangeValue  =  maxval;  this.maximumRangeValueRow  =  r;  this.maximumRangeValueColumn  =  c;  }  else  if  (maxval  >  this.maximumRangeValue)  {  this.maximumRangeValue  =  maxval;    [BUGGY]  this.maximumRangeValueRow  =  c;  junit.framework.AssertionFailedError:  expected  [BUGGY]    this.maximumRangeValueColumn  =  c;  }  if  (Double.isNaN(this.minimumRangeValue))  {  this.minimumRangeValue  =  minval;  this.minimumRangeValueRow  =  r;  this.minimumRangeValueColumn  =  c;  }  else  if  (minval  <  this.minimumRangeValue)  {  this.minimumRangeValue  =  minval;  [CLASS]  DefaultBoxAndWhiskerCategoryDataset  [METHOD]  add  [RETURN_TYPE]  void  BoxAndWhiskerItem  item  Comparable  rowKey  Comparable  columnKey  [VARIABLES]  Comparable  columnKey  rowKey  boolean  double  maximumRangeValue  maxval  minimumRangeValue  minval  Range  rangeBounds  KeyedObjects2D  data  int  c  maximumRangeValueColumn  maximumRangeValueRow  minimumRangeValueColumn  minimumRangeValueRow  r  BoxAndWhiskerItem  item  	projects/Chart21/source/org/jfree/data/statistics/DefaultBoxAndWhiskerCategoryDataset.java	1.0	174	174	1	replace	this.maximumRangeValueRow    =    c;    junit.framework.AssertionFailedError:  expected	  	non-compiled	[CE]  not  a  statement	1	None	add
22	[BUG]  [BUGGY]  [FE]  junit.framework.AssertionFailedError:  expected:<Range[8.5  [FE]    junit.framework.AssertionFailedError:  expected:<Range[8.5    [CONTEXT]    maxval  =  item.getMaxOutlier().doubleValue();  }  if  (Double.isNaN(this.maximumRangeValue))  {  this.maximumRangeValue  =  maxval;  this.maximumRangeValueRow  =  r;  this.maximumRangeValueColumn  =  c;  }  else  if  (maxval  >  this.maximumRangeValue)  {  this.maximumRangeValue  =  maxval;    [BUGGY]  this.maximumRangeValueRow  =  c  +  1;  [BUGGY]    this.maximumRangeValueColumn  =  c;  }  if  (Double.isNaN(this.minimumRangeValue))  {  this.minimumRangeValue  =  minval;  this.minimumRangeValueRow  =  r;  this.minimumRangeValueColumn  =  c;  }  else  if  (minval  <  this.minimumRangeValue)  {  this.minimumRangeValue  =  minval;  [CLASS]  DefaultBoxAndWhiskerCategoryDataset  [METHOD]  add  [RETURN_TYPE]  void  BoxAndWhiskerItem  item  Comparable  rowKey  Comparable  columnKey  [VARIABLES]  Comparable  columnKey  rowKey  boolean  double  maximumRangeValue  maxval  minimumRangeValue  minval  Range  rangeBounds  KeyedObjects2D  data  int  c  maximumRangeValueColumn  maximumRangeValueRow  minimumRangeValueColumn  minimumRangeValueRow  r  BoxAndWhiskerItem  item  	projects/Chart21/source/org/jfree/data/statistics/DefaultBoxAndWhiskerCategoryDataset.java	1.0	174	174	1	add	this.maximumRangeValueRow  =  c  +  1;	  this.maximumRangeValueRow    =    c;    	compilable	  [FE]  junit.framework.AssertionFailedError:  expected:<Range[8.5  	2	1	replace
23	[BUG]  [BUGGY]  this.maximumRangeValueRow  =  c  +  1;  [FE]  junit.framework.AssertionFailedError:  expected:<Range[8.5  [FE]    junit.framework.AssertionFailedError:  expected:<Range[8.5    [CONTEXT]    maxval  =  item.getMaxOutlier().doubleValue();  }  if  (Double.isNaN(this.maximumRangeValue))  {  this.maximumRangeValue  =  maxval;  this.maximumRangeValueRow  =  r;  this.maximumRangeValueColumn  =  c;  }  else  if  (maxval  >  this.maximumRangeValue)  {  this.maximumRangeValue  =  maxval;    [BUGGY]  this.maximumRangeValueRow  =  c  +  1;  [BUGGY]    this.maximumRangeValueColumn  =  c;  }  if  (Double.isNaN(this.minimumRangeValue))  {  this.minimumRangeValue  =  minval;  this.minimumRangeValueRow  =  r;  this.minimumRangeValueColumn  =  c;  }  else  if  (minval  <  this.minimumRangeValue)  {  this.minimumRangeValue  =  minval;  [CLASS]  DefaultBoxAndWhiskerCategoryDataset  [METHOD]  add  [RETURN_TYPE]  void  BoxAndWhiskerItem  item  Comparable  rowKey  Comparable  columnKey  [VARIABLES]  Comparable  columnKey  rowKey  boolean  double  maximumRangeValue  maxval  minimumRangeValue  minval  Range  rangeBounds  KeyedObjects2D  data  int  c  maximumRangeValueColumn  maximumRangeValueRow  minimumRangeValueColumn  minimumRangeValueRow  r  BoxAndWhiskerItem  item  	projects/Chart21/source/org/jfree/data/statistics/DefaultBoxAndWhiskerCategoryDataset.java	1.0	174	174	1	replace	this.maximumRangeValueRow  =  c  +  1;	  this.maximumRangeValueRow    =    c;    	compilable	  [FE]  junit.framework.AssertionFailedError:  expected:<Range[8.5  	2	1	replace
24	[BUG]  [BUGGY]  int  r  =  this.rowKey.getColumnIndex();  [CE]  variable  r  is  already  defined  in  method  add(BoxAndWhiskerItem,Comparable,Comparable)  [FE]        junit.framework.AssertionFailedError:  expected:<Range[8.5    [CONTEXT]    maxval  =  item.getMaxOutlier().doubleValue();  }  if  (Double.isNaN(this.maximumRangeValue))  {  this.maximumRangeValue  =  maxval;  this.maximumRangeValueRow  =  r;  this.maximumRangeValueColumn  =  c;  }  else  if  (maxval  >  this.maximumRangeValue)  {  this.maximumRangeValue  =  maxval;    [BUGGY]  int  r  =  this.rowKey.getColumnIndex();  [BUGGY]    this.maximumRangeValueRow  =  r;  this.maximumRangeValueColumn  =  c;  }  if  (Double.isNaN(this.minimumRangeValue))  {  this.minimumRangeValue  =  minval;  this.minimumRangeValueRow  =  r;  this.minimumRangeValueColumn  =  c;  }  else  if  (minval  <  this.minimumRangeValue)  {  this.minimumRangeValue  =  minval;  [CLASS]  DefaultBoxAndWhiskerCategoryDataset  [METHOD]  add  [RETURN_TYPE]  void  BoxAndWhiskerItem  item  Comparable  rowKey  Comparable  columnKey  [VARIABLES]  Comparable  columnKey  rowKey  boolean  double  maximumRangeValue  maxval  minimumRangeValue  minval  Range  rangeBounds  KeyedObjects2D  data  int  c  maximumRangeValueColumn  maximumRangeValueRow  minimumRangeValueColumn  minimumRangeValueRow  r  BoxAndWhiskerItem  item  	projects/Chart21/source/org/jfree/data/statistics/DefaultBoxAndWhiskerCategoryDataset.java	1.0	174	174	1	replace	int  r  =  this.rowKey.getColumnIndex();	      int    r    =    this.rowKey.getRowIndex();    	non-compiled	[CE]  variable  r  is  already  defined  in  method  add(BoxAndWhiskerItem,Comparable,Comparable)	9	None	replace
25	[BUG]  [BUGGY]  [FE]  junit.framework.AssertionFailedError:  expected:<Range[8.5  [FE]    junit.framework.AssertionFailedError:  expected:<Range[8.5    [CONTEXT]    maxval  =  item.getMaxOutlier().doubleValue();  }  if  (Double.isNaN(this.maximumRangeValue))  {  this.maximumRangeValue  =  maxval;  this.maximumRangeValueRow  =  r;  this.maximumRangeValueColumn  =  c;  }  else  if  (maxval  >  this.maximumRangeValue)  {  this.maximumRangeValue  =  maxval;    [BUGGY]  this.maximumRangeValueColumn  =  c  +  1;  [BUGGY]    this.maximumRangeValueRow  =  r;  this.maximumRangeValueColumn  =  c;  }  if  (Double.isNaN(this.minimumRangeValue))  {  this.minimumRangeValue  =  minval;  this.minimumRangeValueRow  =  r;  this.minimumRangeValueColumn  =  c;  }  else  if  (minval  <  this.minimumRangeValue)  {  this.minimumRangeValue  =  minval;  [CLASS]  DefaultBoxAndWhiskerCategoryDataset  [METHOD]  add  [RETURN_TYPE]  void  BoxAndWhiskerItem  item  Comparable  rowKey  Comparable  columnKey  [VARIABLES]  Comparable  columnKey  rowKey  boolean  double  maximumRangeValue  maxval  minimumRangeValue  minval  Range  rangeBounds  KeyedObjects2D  data  int  c  maximumRangeValueColumn  maximumRangeValueRow  minimumRangeValueColumn  minimumRangeValueRow  r  BoxAndWhiskerItem  item  	projects/Chart21/source/org/jfree/data/statistics/DefaultBoxAndWhiskerCategoryDataset.java	1.0	174	174	1	add	this.maximumRangeValueColumn  =  c  +  1;	      this.maximumRangeValueColumn    =    c;    	compilable	  [FE]  junit.framework.AssertionFailedError:  expected:<Range[8.5  	8	1	replace
26	[BUG]  [BUGGY]  this.maximumRangeValueColumn  =  c  +  1;  [FE]  junit.framework.AssertionFailedError:  expected:<Range[8.5  [FE]    junit.framework.AssertionFailedError:  expected:<Range[8.5    [CONTEXT]    maxval  =  item.getMaxOutlier().doubleValue();  }  if  (Double.isNaN(this.maximumRangeValue))  {  this.maximumRangeValue  =  maxval;  this.maximumRangeValueRow  =  r;  this.maximumRangeValueColumn  =  c;  }  else  if  (maxval  >  this.maximumRangeValue)  {  this.maximumRangeValue  =  maxval;    [BUGGY]  this.maximumRangeValueColumn  =  c  +  1;  [BUGGY]    this.maximumRangeValueRow  =  r;  this.maximumRangeValueColumn  =  c;  }  if  (Double.isNaN(this.minimumRangeValue))  {  this.minimumRangeValue  =  minval;  this.minimumRangeValueRow  =  r;  this.minimumRangeValueColumn  =  c;  }  else  if  (minval  <  this.minimumRangeValue)  {  this.minimumRangeValue  =  minval;  [CLASS]  DefaultBoxAndWhiskerCategoryDataset  [METHOD]  add  [RETURN_TYPE]  void  BoxAndWhiskerItem  item  Comparable  rowKey  Comparable  columnKey  [VARIABLES]  Comparable  columnKey  rowKey  boolean  double  maximumRangeValue  maxval  minimumRangeValue  minval  Range  rangeBounds  KeyedObjects2D  data  int  c  maximumRangeValueColumn  maximumRangeValueRow  minimumRangeValueColumn  minimumRangeValueRow  r  BoxAndWhiskerItem  item  	projects/Chart21/source/org/jfree/data/statistics/DefaultBoxAndWhiskerCategoryDataset.java	1.0	174	174	1	replace	this.maximumRangeValueColumn  =  c  +  1;	      this.maximumRangeValueColumn    =    c;    	compilable	  [FE]  junit.framework.AssertionFailedError:  expected:<Range[8.5  	8	1	replace
27	[BUG]  [BUGGY]  [FE]  junit.framework.AssertionFailedError:  expected:<Range[8.5  [FE]      junit.framework.AssertionFailedError:  expected:<Range[8.5    [CONTEXT]    maxval  =  item.getMaxOutlier().doubleValue();  }  if  (Double.isNaN(this.maximumRangeValue))  {  this.maximumRangeValue  =  maxval;  this.maximumRangeValueRow  =  r;  this.maximumRangeValueColumn  =  c;  }  else  if  (maxval  >  this.maximumRangeValue)  {  this.maximumRangeValue  =  maxval;    [BUGGY]  this.maximumRangeValueColumn  =  r;  [BUGGY]    this.maximumRangeValueRow  =  r;  this.maximumRangeValueColumn  =  c;  }  if  (Double.isNaN(this.minimumRangeValue))  {  this.minimumRangeValue  =  minval;  this.minimumRangeValueRow  =  r;  this.minimumRangeValueColumn  =  c;  }  else  if  (minval  <  this.minimumRangeValue)  {  this.minimumRangeValue  =  minval;  [CLASS]  DefaultBoxAndWhiskerCategoryDataset  [METHOD]  add  [RETURN_TYPE]  void  BoxAndWhiskerItem  item  Comparable  rowKey  Comparable  columnKey  [VARIABLES]  Comparable  columnKey  rowKey  boolean  double  maximumRangeValue  maxval  minimumRangeValue  minval  Range  rangeBounds  KeyedObjects2D  data  int  c  maximumRangeValueColumn  maximumRangeValueRow  minimumRangeValueColumn  minimumRangeValueRow  r  BoxAndWhiskerItem  item  	projects/Chart21/source/org/jfree/data/statistics/DefaultBoxAndWhiskerCategoryDataset.java	1.0	174	174	1	add	this.maximumRangeValueColumn  =  r;	      this.maximumRangeValueColumn    =    c;    	compilable	  [FE]  junit.framework.AssertionFailedError:  expected:<Range[8.5  	8	1	replace
28	[BUG]  [BUGGY]  this.maximumRangeValueColumn  =  r;  [FE]  junit.framework.AssertionFailedError:  expected:<Range[8.5  [FE]      junit.framework.AssertionFailedError:  expected:<Range[8.5    [CONTEXT]    maxval  =  item.getMaxOutlier().doubleValue();  }  if  (Double.isNaN(this.maximumRangeValue))  {  this.maximumRangeValue  =  maxval;  this.maximumRangeValueRow  =  r;  this.maximumRangeValueColumn  =  c;  }  else  if  (maxval  >  this.maximumRangeValue)  {  this.maximumRangeValue  =  maxval;    [BUGGY]  this.maximumRangeValueColumn  =  r;  [BUGGY]    this.maximumRangeValueRow  =  r;  this.maximumRangeValueColumn  =  c;  }  if  (Double.isNaN(this.minimumRangeValue))  {  this.minimumRangeValue  =  minval;  this.minimumRangeValueRow  =  r;  this.minimumRangeValueColumn  =  c;  }  else  if  (minval  <  this.minimumRangeValue)  {  this.minimumRangeValue  =  minval;  [CLASS]  DefaultBoxAndWhiskerCategoryDataset  [METHOD]  add  [RETURN_TYPE]  void  BoxAndWhiskerItem  item  Comparable  rowKey  Comparable  columnKey  [VARIABLES]  Comparable  columnKey  rowKey  boolean  double  maximumRangeValue  maxval  minimumRangeValue  minval  Range  rangeBounds  KeyedObjects2D  data  int  c  maximumRangeValueColumn  maximumRangeValueRow  minimumRangeValueColumn  minimumRangeValueRow  r  BoxAndWhiskerItem  item  	projects/Chart21/source/org/jfree/data/statistics/DefaultBoxAndWhiskerCategoryDataset.java	1.0	174	174	1	replace	this.maximumRangeValueColumn  =  r;	      this.maximumRangeValueColumn    =    c;    	compilable	  [FE]  junit.framework.AssertionFailedError:  expected:<Range[8.5  	8	1	replace
29	[BUG]  [BUGGY]  this.maximumRangeValueRow  =  maxval  -  1;  [CE]  possible  loss  of  precision  [FE]        junit.framework.AssertionFailedError:  expected:<Range[8.5    [CONTEXT]    maxval  =  item.getMaxOutlier().doubleValue();  }  if  (Double.isNaN(this.maximumRangeValue))  {  this.maximumRangeValue  =  maxval;  this.maximumRangeValueRow  =  r;  this.maximumRangeValueColumn  =  c;  }  else  if  (maxval  >  this.maximumRangeValue)  {  this.maximumRangeValue  =  maxval;    [BUGGY]  this.maximumRangeValueRow  =  maxval  -  1;  [BUGGY]    this.maximumRangeValueColumn  =  c;  }  if  (Double.isNaN(this.minimumRangeValue))  {  this.minimumRangeValue  =  minval;  this.minimumRangeValueRow  =  r;  this.minimumRangeValueColumn  =  c;  }  else  if  (minval  <  this.minimumRangeValue)  {  this.minimumRangeValue  =  minval;  [CLASS]  DefaultBoxAndWhiskerCategoryDataset  [METHOD]  add  [RETURN_TYPE]  void  BoxAndWhiskerItem  item  Comparable  rowKey  Comparable  columnKey  [VARIABLES]  Comparable  columnKey  rowKey  boolean  double  maximumRangeValue  maxval  minimumRangeValue  minval  Range  rangeBounds  KeyedObjects2D  data  int  c  maximumRangeValueColumn  maximumRangeValueRow  minimumRangeValueColumn  minimumRangeValueRow  r  BoxAndWhiskerItem  item  	projects/Chart21/source/org/jfree/data/statistics/DefaultBoxAndWhiskerCategoryDataset.java	1.0	174	174	1	replace	this.maximumRangeValueRow  =  maxval  -  1;	  this.maximumRangeValueRow    =    maxval;    	non-compiled	[CE]  possible  loss  of  precision	10	None	replace
30	[BUG]  [BUGGY]      this.maximumRangeValueColumn  =  c;  junit.framework.AssertionFailedError:  expected;  [CE]  not  a  statement  [FE]    junit.framework.AssertionFailedError:  expected:<Range[8.5    [CONTEXT]    maxval  =  item.getMaxOutlier().doubleValue();  }  if  (Double.isNaN(this.maximumRangeValue))  {  this.maximumRangeValue  =  maxval;  this.maximumRangeValueRow  =  r;  this.maximumRangeValueColumn  =  c;  }  else  if  (maxval  >  this.maximumRangeValue)  {  this.maximumRangeValue  =  maxval;    [BUGGY]      this.maximumRangeValueColumn  =  c;  junit.framework.AssertionFailedError:  expected;  [BUGGY]    this.maximumRangeValueRow  =  r;  this.maximumRangeValueColumn  =  c;  }  if  (Double.isNaN(this.minimumRangeValue))  {  this.minimumRangeValue  =  minval;  this.minimumRangeValueRow  =  r;  this.minimumRangeValueColumn  =  c;  }  else  if  (minval  <  this.minimumRangeValue)  {  this.minimumRangeValue  =  minval;  [CLASS]  DefaultBoxAndWhiskerCategoryDataset  [METHOD]  add  [RETURN_TYPE]  void  BoxAndWhiskerItem  item  Comparable  rowKey  Comparable  columnKey  [VARIABLES]  Comparable  columnKey  rowKey  boolean  double  maximumRangeValue  maxval  minimumRangeValue  minval  Range  rangeBounds  KeyedObjects2D  data  int  c  maximumRangeValueColumn  maximumRangeValueRow  minimumRangeValueColumn  minimumRangeValueRow  r  BoxAndWhiskerItem  item  	projects/Chart21/source/org/jfree/data/statistics/DefaultBoxAndWhiskerCategoryDataset.java	1.0	174	174	1	replace	        this.maximumRangeValueColumn    =    c;    junit.framework.AssertionFailedError:  expected;	  	non-compiled	[CE]  not  a  statement	7	None	add
31	[BUG]  [BUGGY]      this.maximumRangeValueColumn  =  c;  junit.framework.AssertionFailedError:  expected  [CE]  not  a  statement  [FE]      junit.framework.AssertionFailedError:  expected:<Range[8.5    [CONTEXT]    maxval  =  item.getMaxOutlier().doubleValue();  }  if  (Double.isNaN(this.maximumRangeValue))  {  this.maximumRangeValue  =  maxval;  this.maximumRangeValueRow  =  r;  this.maximumRangeValueColumn  =  c;  }  else  if  (maxval  >  this.maximumRangeValue)  {  this.maximumRangeValue  =  maxval;    [BUGGY]      this.maximumRangeValueColumn  =  c;  junit.framework.AssertionFailedError:  expected  [BUGGY]    this.maximumRangeValueRow  =  r;  this.maximumRangeValueColumn  =  c;  }  if  (Double.isNaN(this.minimumRangeValue))  {  this.minimumRangeValue  =  minval;  this.minimumRangeValueRow  =  r;  this.minimumRangeValueColumn  =  c;  }  else  if  (minval  <  this.minimumRangeValue)  {  this.minimumRangeValue  =  minval;  [CLASS]  DefaultBoxAndWhiskerCategoryDataset  [METHOD]  add  [RETURN_TYPE]  void  BoxAndWhiskerItem  item  Comparable  rowKey  Comparable  columnKey  [VARIABLES]  Comparable  columnKey  rowKey  boolean  double  maximumRangeValue  maxval  minimumRangeValue  minval  Range  rangeBounds  KeyedObjects2D  data  int  c  maximumRangeValueColumn  maximumRangeValueRow  minimumRangeValueColumn  minimumRangeValueRow  r  BoxAndWhiskerItem  item  	projects/Chart21/source/org/jfree/data/statistics/DefaultBoxAndWhiskerCategoryDataset.java	1.0	174	174	1	replace	        this.maximumRangeValueColumn    =    c;    junit.framework.AssertionFailedError:  expected	  	non-compiled	[CE]  not  a  statement	7	None	add
32	[BUG]  [BUGGY]      junit.framework.AssertionFailedError:  [CE]  not  a  statement  [FE]    junit.framework.AssertionFailedError:  expected:<Range[8.5    [CONTEXT]    maxval  =  item.getMaxOutlier().doubleValue();  }  if  (Double.isNaN(this.maximumRangeValue))  {  this.maximumRangeValue  =  maxval;  this.maximumRangeValueRow  =  r;  this.maximumRangeValueColumn  =  c;  }  else  if  (maxval  >  this.maximumRangeValue)  {  this.maximumRangeValue  =  maxval;    [BUGGY]      junit.framework.AssertionFailedError:  [BUGGY]    this.maximumRangeValueColumn  =  c;  }  if  (Double.isNaN(this.minimumRangeValue))  {  this.minimumRangeValue  =  minval;  this.minimumRangeValueRow  =  r;  this.minimumRangeValueColumn  =  c;  }  else  if  (minval  <  this.minimumRangeValue)  {  this.minimumRangeValue  =  minval;  [CLASS]  DefaultBoxAndWhiskerCategoryDataset  [METHOD]  add  [RETURN_TYPE]  void  BoxAndWhiskerItem  item  Comparable  rowKey  Comparable  columnKey  [VARIABLES]  Comparable  columnKey  rowKey  boolean  double  maximumRangeValue  maxval  minimumRangeValue  minval  Range  rangeBounds  KeyedObjects2D  data  int  c  maximumRangeValueColumn  maximumRangeValueRow  minimumRangeValueColumn  minimumRangeValueRow  r  BoxAndWhiskerItem  item  	projects/Chart21/source/org/jfree/data/statistics/DefaultBoxAndWhiskerCategoryDataset.java	1.0	174	174	1	replace	        junit.framework.AssertionFailedError:	  	non-compiled	[CE]  not  a  statement	4	None	add
33	[BUG]  [BUGGY]  this.maximumRangeValueRow  =  c;  This.maximumRangeValueRow  =  c;  [CE]  cannot  find  symbol  This  [FE]    junit.framework.AssertionFailedError:  expected:<Range[8.5    [CONTEXT]    maxval  =  item.getMaxOutlier().doubleValue();  }  if  (Double.isNaN(this.maximumRangeValue))  {  this.maximumRangeValue  =  maxval;  this.maximumRangeValueRow  =  r;  this.maximumRangeValueColumn  =  c;  }  else  if  (maxval  >  this.maximumRangeValue)  {  this.maximumRangeValue  =  maxval;    [BUGGY]  this.maximumRangeValueRow  =  c;  This.maximumRangeValueRow  =  c;  [BUGGY]    this.maximumRangeValueColumn  =  c;  }  if  (Double.isNaN(this.minimumRangeValue))  {  this.minimumRangeValue  =  minval;  this.minimumRangeValueRow  =  r;  this.minimumRangeValueColumn  =  c;  }  else  if  (minval  <  this.minimumRangeValue)  {  this.minimumRangeValue  =  minval;  [CLASS]  DefaultBoxAndWhiskerCategoryDataset  [METHOD]  add  [RETURN_TYPE]  void  BoxAndWhiskerItem  item  Comparable  rowKey  Comparable  columnKey  [VARIABLES]  Comparable  columnKey  rowKey  boolean  double  maximumRangeValue  maxval  minimumRangeValue  minval  Range  rangeBounds  KeyedObjects2D  data  int  c  maximumRangeValueColumn  maximumRangeValueRow  minimumRangeValueColumn  minimumRangeValueRow  r  BoxAndWhiskerItem  item  	projects/Chart21/source/org/jfree/data/statistics/DefaultBoxAndWhiskerCategoryDataset.java	1.0	174	174	1	replace	this.maximumRangeValueRow    =    c;    This.maximumRangeValueRow  =  c;	  	non-compiled	[CE]  cannot  find  symbol  This	1	None	add
34	[BUG]  [BUGGY]  [FE]  junit.framework.AssertionFailedError:  expected:<Range[8.5  [FE]    junit.framework.AssertionFailedError:  expected:<Range[8.5    [CONTEXT]    maxval  =  item.getMaxOutlier().doubleValue();  }  if  (Double.isNaN(this.maximumRangeValue))  {  this.maximumRangeValue  =  maxval;  this.maximumRangeValueRow  =  r;  this.maximumRangeValueColumn  =  c;  }  else  if  (maxval  >  this.maximumRangeValue)  {  this.maximumRangeValue  =  maxval;    [BUGGY]  this.maximumRangeValueRow  =  c  -  1;  [BUGGY]    this.maximumRangeValueColumn  =  c;  }  if  (Double.isNaN(this.minimumRangeValue))  {  this.minimumRangeValue  =  minval;  this.minimumRangeValueRow  =  r;  this.minimumRangeValueColumn  =  c;  }  else  if  (minval  <  this.minimumRangeValue)  {  this.minimumRangeValue  =  minval;  [CLASS]  DefaultBoxAndWhiskerCategoryDataset  [METHOD]  add  [RETURN_TYPE]  void  BoxAndWhiskerItem  item  Comparable  rowKey  Comparable  columnKey  [VARIABLES]  Comparable  columnKey  rowKey  boolean  double  maximumRangeValue  maxval  minimumRangeValue  minval  Range  rangeBounds  KeyedObjects2D  data  int  c  maximumRangeValueColumn  maximumRangeValueRow  minimumRangeValueColumn  minimumRangeValueRow  r  BoxAndWhiskerItem  item  	projects/Chart21/source/org/jfree/data/statistics/DefaultBoxAndWhiskerCategoryDataset.java	1.0	174	174	1	add	this.maximumRangeValueRow  =  c  -  1;	  this.maximumRangeValueRow    =    c;    	compilable	  [FE]  junit.framework.AssertionFailedError:  expected:<Range[8.5  	2	1	replace
35	[BUG]  [BUGGY]  this.maximumRangeValueRow  =  c  -  1;  [FE]  junit.framework.AssertionFailedError:  expected:<Range[8.5  [FE]    junit.framework.AssertionFailedError:  expected:<Range[8.5    [CONTEXT]    maxval  =  item.getMaxOutlier().doubleValue();  }  if  (Double.isNaN(this.maximumRangeValue))  {  this.maximumRangeValue  =  maxval;  this.maximumRangeValueRow  =  r;  this.maximumRangeValueColumn  =  c;  }  else  if  (maxval  >  this.maximumRangeValue)  {  this.maximumRangeValue  =  maxval;    [BUGGY]  this.maximumRangeValueRow  =  c  -  1;  [BUGGY]    this.maximumRangeValueColumn  =  c;  }  if  (Double.isNaN(this.minimumRangeValue))  {  this.minimumRangeValue  =  minval;  this.minimumRangeValueRow  =  r;  this.minimumRangeValueColumn  =  c;  }  else  if  (minval  <  this.minimumRangeValue)  {  this.minimumRangeValue  =  minval;  [CLASS]  DefaultBoxAndWhiskerCategoryDataset  [METHOD]  add  [RETURN_TYPE]  void  BoxAndWhiskerItem  item  Comparable  rowKey  Comparable  columnKey  [VARIABLES]  Comparable  columnKey  rowKey  boolean  double  maximumRangeValue  maxval  minimumRangeValue  minval  Range  rangeBounds  KeyedObjects2D  data  int  c  maximumRangeValueColumn  maximumRangeValueRow  minimumRangeValueColumn  minimumRangeValueRow  r  BoxAndWhiskerItem  item  	projects/Chart21/source/org/jfree/data/statistics/DefaultBoxAndWhiskerCategoryDataset.java	1.0	174	174	1	replace	this.maximumRangeValueRow  =  c  -  1;	  this.maximumRangeValueRow    =    c;    	compilable	  [FE]  junit.framework.AssertionFailedError:  expected:<Range[8.5  	2	1	replace
36	[BUG]  [BUGGY]      this.maximumRangeValueColumn  =  c;  This.maximumRangeValueColumn  =  c;  [CE]  cannot  find  symbol  This  [FE]    junit.framework.AssertionFailedError:  expected:<Range[8.5    [CONTEXT]    maxval  =  item.getMaxOutlier().doubleValue();  }  if  (Double.isNaN(this.maximumRangeValue))  {  this.maximumRangeValue  =  maxval;  this.maximumRangeValueRow  =  r;  this.maximumRangeValueColumn  =  c;  }  else  if  (maxval  >  this.maximumRangeValue)  {  this.maximumRangeValue  =  maxval;    [BUGGY]      this.maximumRangeValueColumn  =  c;  This.maximumRangeValueColumn  =  c;  [BUGGY]    this.maximumRangeValueRow  =  r;  this.maximumRangeValueColumn  =  c;  }  if  (Double.isNaN(this.minimumRangeValue))  {  this.minimumRangeValue  =  minval;  this.minimumRangeValueRow  =  r;  this.minimumRangeValueColumn  =  c;  }  else  if  (minval  <  this.minimumRangeValue)  {  this.minimumRangeValue  =  minval;  [CLASS]  DefaultBoxAndWhiskerCategoryDataset  [METHOD]  add  [RETURN_TYPE]  void  BoxAndWhiskerItem  item  Comparable  rowKey  Comparable  columnKey  [VARIABLES]  Comparable  columnKey  rowKey  boolean  double  maximumRangeValue  maxval  minimumRangeValue  minval  Range  rangeBounds  KeyedObjects2D  data  int  c  maximumRangeValueColumn  maximumRangeValueRow  minimumRangeValueColumn  minimumRangeValueRow  r  BoxAndWhiskerItem  item  	projects/Chart21/source/org/jfree/data/statistics/DefaultBoxAndWhiskerCategoryDataset.java	1.0	174	174	1	replace	        this.maximumRangeValueColumn    =    c;    This.maximumRangeValueColumn  =  c;	  	non-compiled	[CE]  cannot  find  symbol  This	7	None	add
37	[BUG]  [BUGGY]  int  r  =  this.minimumRangeValueColumn.getRowCount();  [CE]  variable  r  is  already  defined  in  method  add(BoxAndWhiskerItem,Comparable,Comparable)  [FE]        junit.framework.AssertionFailedError:  expected:<Range[8.5    [CONTEXT]    maxval  =  item.getMaxOutlier().doubleValue();  }  if  (Double.isNaN(this.maximumRangeValue))  {  this.maximumRangeValue  =  maxval;  this.maximumRangeValueRow  =  r;  this.maximumRangeValueColumn  =  c;  }  else  if  (maxval  >  this.maximumRangeValue)  {  this.maximumRangeValue  =  maxval;    [BUGGY]  int  r  =  this.minimumRangeValueColumn.getRowCount();  [BUGGY]    this.maximumRangeValueRow  =  r;  this.maximumRangeValueColumn  =  c;  }  if  (Double.isNaN(this.minimumRangeValue))  {  this.minimumRangeValue  =  minval;  this.minimumRangeValueRow  =  r;  this.minimumRangeValueColumn  =  c;  }  else  if  (minval  <  this.minimumRangeValue)  {  this.minimumRangeValue  =  minval;  [CLASS]  DefaultBoxAndWhiskerCategoryDataset  [METHOD]  add  [RETURN_TYPE]  void  BoxAndWhiskerItem  item  Comparable  rowKey  Comparable  columnKey  [VARIABLES]  Comparable  columnKey  rowKey  boolean  double  maximumRangeValue  maxval  minimumRangeValue  minval  Range  rangeBounds  KeyedObjects2D  data  int  c  maximumRangeValueColumn  maximumRangeValueRow  minimumRangeValueColumn  minimumRangeValueRow  r  BoxAndWhiskerItem  item  	projects/Chart21/source/org/jfree/data/statistics/DefaultBoxAndWhiskerCategoryDataset.java	1.0	174	174	1	replace	int  r  =  this.minimumRangeValueColumn.getRowCount();	      int    r    =    item.getRowCount();    	non-compiled	[CE]  variable  r  is  already  defined  in  method  add(BoxAndWhiskerItem,Comparable,Comparable)	6	None	replace
38	[BUG]  [BUGGY]  [FE]  junit.framework.AssertionFailedError:  expected:<Range[8.5  [FE]    junit.framework.AssertionFailedError:  expected:<Range[8.5    [CONTEXT]    maxval  =  item.getMaxOutlier().doubleValue();  }  if  (Double.isNaN(this.maximumRangeValue))  {  this.maximumRangeValue  =  maxval;  this.maximumRangeValueRow  =  r;  this.maximumRangeValueColumn  =  c;  }  else  if  (maxval  >  this.maximumRangeValue)  {  this.maximumRangeValue  =  maxval;    [BUGGY]  this.maximumRangeValueColumn  =  c  -  1;  [BUGGY]    this.maximumRangeValueRow  =  r;  this.maximumRangeValueColumn  =  c;  }  if  (Double.isNaN(this.minimumRangeValue))  {  this.minimumRangeValue  =  minval;  this.minimumRangeValueRow  =  r;  this.minimumRangeValueColumn  =  c;  }  else  if  (minval  <  this.minimumRangeValue)  {  this.minimumRangeValue  =  minval;  [CLASS]  DefaultBoxAndWhiskerCategoryDataset  [METHOD]  add  [RETURN_TYPE]  void  BoxAndWhiskerItem  item  Comparable  rowKey  Comparable  columnKey  [VARIABLES]  Comparable  columnKey  rowKey  boolean  double  maximumRangeValue  maxval  minimumRangeValue  minval  Range  rangeBounds  KeyedObjects2D  data  int  c  maximumRangeValueColumn  maximumRangeValueRow  minimumRangeValueColumn  minimumRangeValueRow  r  BoxAndWhiskerItem  item  	projects/Chart21/source/org/jfree/data/statistics/DefaultBoxAndWhiskerCategoryDataset.java	1.0	174	174	1	add	this.maximumRangeValueColumn  =  c  -  1;	      this.maximumRangeValueColumn    =    c;    	compilable	  [FE]  junit.framework.AssertionFailedError:  expected:<Range[8.5  	8	1	replace
39	[BUG]  [BUGGY]  this.maximumRangeValueColumn  =  c  -  1;  [FE]  junit.framework.AssertionFailedError:  expected:<Range[8.5  [FE]    junit.framework.AssertionFailedError:  expected:<Range[8.5    [CONTEXT]    maxval  =  item.getMaxOutlier().doubleValue();  }  if  (Double.isNaN(this.maximumRangeValue))  {  this.maximumRangeValue  =  maxval;  this.maximumRangeValueRow  =  r;  this.maximumRangeValueColumn  =  c;  }  else  if  (maxval  >  this.maximumRangeValue)  {  this.maximumRangeValue  =  maxval;    [BUGGY]  this.maximumRangeValueColumn  =  c  -  1;  [BUGGY]    this.maximumRangeValueRow  =  r;  this.maximumRangeValueColumn  =  c;  }  if  (Double.isNaN(this.minimumRangeValue))  {  this.minimumRangeValue  =  minval;  this.minimumRangeValueRow  =  r;  this.minimumRangeValueColumn  =  c;  }  else  if  (minval  <  this.minimumRangeValue)  {  this.minimumRangeValue  =  minval;  [CLASS]  DefaultBoxAndWhiskerCategoryDataset  [METHOD]  add  [RETURN_TYPE]  void  BoxAndWhiskerItem  item  Comparable  rowKey  Comparable  columnKey  [VARIABLES]  Comparable  columnKey  rowKey  boolean  double  maximumRangeValue  maxval  minimumRangeValue  minval  Range  rangeBounds  KeyedObjects2D  data  int  c  maximumRangeValueColumn  maximumRangeValueRow  minimumRangeValueColumn  minimumRangeValueRow  r  BoxAndWhiskerItem  item  	projects/Chart21/source/org/jfree/data/statistics/DefaultBoxAndWhiskerCategoryDataset.java	1.0	174	174	1	replace	this.maximumRangeValueColumn  =  c  -  1;	      this.maximumRangeValueColumn    =    c;    	compilable	  [FE]  junit.framework.AssertionFailedError:  expected:<Range[8.5  	8	1	replace
