projects/Lang23/src/main/java/org/apache/commons/lang3/text/ExtendedMessageFormat.java180
projects/Lang23/src/main/java/org/apache/commons/lang3/text/ExtendedMessageFormat.java180if(format==null){for(inti=0;i<fmtCount;i++){stripCustom.append(DUMMY_PATTERN[i]);}
projects/Lang23/src/main/java/org/apache/commons/lang3/text/ExtendedMessageFormat.java180if(format.length()==0){for(inti=0;i<fmtCount;i++){stripCustom.append(DUMMY_PATTERN[i]);}
projects/Lang23/src/main/java/org/apache/commons/lang3/text/ExtendedMessageFormat.java180if(format.length()==0){for(inti=0;i<fmtCount;i++){stripCustom.append(END_FE);}
projects/Lang23/src/main/java/org/apache/commons/lang3/text/ExtendedMessageFormat.java180if(format==null){for(inti=0;i<fmtCount;i++){stripCustom.append(DUMMY_PATTERN);}
projects/Lang23/src/main/java/org/apache/commons/lang3/text/ExtendedMessageFormat.java180if(format==null){for(inti=0;i<fmtCount;i++){stripCustom.append(END_FE);}
projects/Lang23/src/main/java/org/apache/commons/lang3/text/ExtendedMessageFormat.java180foundFormats.add(format);
projects/Lang23/src/main/java/org/apache/commons/lang3/text/ExtendedMessageFormat.java180if(format!=null){foundFormats.add(format);}
projects/Lang23/src/main/java/org/apache/commons/lang3/text/ExtendedMessageFormat.java180if(format==null){foundFormats.add(format);}
projects/Lang23/src/main/java/org/apache/commons/lang3/text/ExtendedMessageFormat.java180foundFormats.add(format,DUMMY_PATTERN);
projects/Lang23/src/main/java/org/apache/commons/lang3/text/ExtendedMessageFormat.java180if(format!=null){foundFormats.add(format);}else{stripCustom.append(END_FE);}
projects/Lang23/src/main/java/org/apache/commons/lang3/text/ExtendedMessageFormat.java180if(format.length()==0){for(Iteratorit=origFormats.iterator();it.hasNext();){stripCustom.append(DUMMY_PATTERN);}
projects/Lang23/src/main/java/org/apache/commons/lang3/text/ExtendedMessageFormat.java180if(format!=null){for(Iteratorit=origFormats.iterator();it.hasNext();){stripCustom.append(DUMMY_PATTERN);}
projects/Lang23/src/main/java/org/apache/commons/lang3/text/ExtendedMessageFormat.java180if(format.length()==0){for(Iterator<Object>it=origFormats.iterator();it.hasNext();){stripCustom.append(DUMMY_PATTERN);}
projects/Lang23/src/main/java/org/apache/commons/lang3/text/ExtendedMessageFormat.java180if(format.length()==0){for(Iterator<Object>it=origFormats.iterator();it.hasNext();){stripCustom.append(QUOTE);}
projects/Lang23/src/main/java/org/apache/commons/lang3/text/ExtendedMessageFormat.java180if(format.length()==0){for(Iteratorit=origFormats.iterator();it.hasNext();){stripCustom.append(QUOTE);}
projects/Lang23/src/main/java/org/apache/commons/lang3/text/ExtendedMessageFormat.java180intfmtCount=pattern.length();
projects/Lang23/src/main/java/org/apache/commons/lang3/text/ExtendedMessageFormat.java180if(format!=null){for(inti=start;i<fmtCount;++i){stripCustom.append(END_FE);}
projects/Lang23/src/main/java/org/apache/commons/lang3/text/ExtendedMessageFormat.java180if(format==null){for(inti=start;i<fmtCount;++i){stripCustom.append(END_FE);}
projects/Lang23/src/main/java/org/apache/commons/lang3/text/ExtendedMessageFormat.java180if(format!=null){for(inti=start;i<fmtCount;++i){stripCustom.append(DUMMY_PATTERN);}
projects/Lang23/src/main/java/org/apache/commons/lang3/text/ExtendedMessageFormat.java180if(format==null){for(inti=start;i<fmtCount;++i){stripCustom.append(DUMMY_PATTERN);}
projects/Lang23/src/main/java/org/apache/commons/lang3/text/ExtendedMessageFormat.java180foundDescriptions.add(format);
projects/Lang23/src/main/java/org/apache/commons/lang3/text/ExtendedMessageFormat.java180if(format.length()==0){for(inti=start;i<fmtCount;++i){stripCustom.append(DUMMY_PATTERN);}
projects/Lang23/src/main/java/org/apache/commons/lang3/text/ExtendedMessageFormat.java180foundDescriptions.add(format==null?null:formatDescription);
projects/Lang23/src/main/java/org/apache/commons/lang3/text/ExtendedMessageFormat.java180if(format!=null){foundDescriptions.add(format);}
projects/Lang23/src/main/java/org/apache/commons/lang3/text/ExtendedMessageFormat.java180if(format.length()==0){for(Iteratorit=foundDescriptions.iterator();it.hasNext();){stripCustom.append(QUOTE);}
projects/Lang23/src/main/java/org/apache/commons/lang3/text/ExtendedMessageFormat.java180if(origFormats!=null){if(format.length()==0){for(Iteratorit=origFormats.iterator();it.hasNext();){stripCustom.append(QUOTE);}
projects/Lang23/src/main/java/org/apache/commons/lang3/text/ExtendedMessageFormat.java180if(format.length()!=0){for(Iteratorit=foundDescriptions.iterator();it.hasNext();){stripCustom.append(QUOTE);}
projects/Lang23/src/main/java/org/apache/commons/lang3/text/ExtendedMessageFormat.java180for(inti=0;i<fmtCount;i++){stripCustom.append(END_FE);}
projects/Lang23/src/main/java/org/apache/commons/lang3/text/ExtendedMessageFormat.java180if(format.length()!=0){for(inti=0;i<fmtCount;i++){stripCustom.append(END_FE);}
projects/Lang23/src/main/java/org/apache/commons/lang3/text/ExtendedMessageFormat.java180if(format!=null){for(inti=0;i<fmtCount;i++){stripCustom.append(END_FE);}
projects/Lang23/src/main/java/org/apache/commons/lang3/text/ExtendedMessageFormat.java180if(format!=null){for(inti=0;i<fmtCount;i++){stripCustom.append(END_FE,format);}
projects/Lang23/src/main/java/org/apache/commons/lang3/text/ExtendedMessageFormat.java180if(format!=null){for(inti=start;i<0;++i){stripCustom.append(END_FE);}
projects/Lang23/src/main/java/org/apache/commons/lang3/text/ExtendedMessageFormat.java180if(format==null){for(inti=start;i<0;++i){stripCustom.append(END_FE);}
projects/Lang23/src/main/java/org/apache/commons/lang3/text/ExtendedMessageFormat.java180if(format!=null){for(inti=0;i<fmtCount;i++){stripCustom.append(DUMMY_PATTERN);}
projects/Lang23/src/main/java/org/apache/commons/lang3/text/ExtendedMessageFormat.java180for(inti=0;i<fmtCount;i++){stripCustom.append(DUMMY_PATTERN);}
projects/Lang23/src/main/java/org/apache/commons/lang3/text/ExtendedMessageFormat.java180if(format.length()==0){for(Iteratorit=foundDescriptions.iterator();it.hasNext();){stripCustom.append(DUMMY_PATTERN);}
projects/Lang23/src/main/java/org/apache/commons/lang3/text/ExtendedMessageFormat.java180if(origFormats!=null){if(format.length()==0){for(Iteratorit=origFormats.iterator();it.hasNext();){stripCustom.append(DUMMY_PATTERN);}
projects/Lang23/src/main/java/org/apache/commons/lang3/text/ExtendedMessageFormat.java180if(format.length()!=0){for(Iteratorit=foundDescriptions.iterator();it.hasNext();){stripCustom.append(DUMMY_PATTERN);}
projects/Lang23/src/main/java/org/apache/commons/lang3/text/ExtendedMessageFormat.java180if(format.length()==0){for(Iterator<Object>it=foundDescriptions.iterator();it.hasNext();){stripCustom.append(QUOTE);}
projects/Lang23/src/main/java/org/apache/commons/lang3/text/ExtendedMessageFormat.java180if(format.length()!=0){for(Iterator<Object>it=origFormats.iterator();it.hasNext();){stripCustom.append(QUOTE);}
projects/Lang23/src/main/java/org/apache/commons/lang3/text/ExtendedMessageFormat.java180if(format.length()==0){for(Iterator<Object>it=this.origFormats.iterator();it.hasNext();){stripCustom.append(QUOTE);}
projects/Lang23/src/main/java/org/apache/commons/lang3/text/ExtendedMessageFormat.java180if(format!=null){for(inti=0;i<fmtCount;i++){stripCustom.append(DUMMY_PATTERN[i]);}
projects/Lang23/src/main/java/org/apache/commons/lang3/text/ExtendedMessageFormat.java180for(inti=0;i<fmtCount;i++){stripCustom.append(DUMMY_PATTERN[i]);}
projects/Lang23/src/main/java/org/apache/commons/lang3/text/ExtendedMessageFormat.java180if(origFormats!=null){if(format.length()==0){for(Iterator<Object>it=origFormats.iterator();it.hasNext();){stripCustom.append(DUMMY_PATTERN);}
projects/Lang23/src/main/java/org/apache/commons/lang3/text/ExtendedMessageFormat.java180if(format.length()==0){for(Iterator<Object>it=foundDescriptions.iterator();it.hasNext();){stripCustom.append(DUMMY_PATTERN);}
projects/Lang23/src/main/java/org/apache/commons/lang3/text/ExtendedMessageFormat.java180if(format.length()!=0){for(Iterator<Object>it=origFormats.iterator();it.hasNext();){stripCustom.append(DUMMY_PATTERN);}
projects/Lang23/src/main/java/org/apache/commons/lang3/text/ExtendedMessageFormat.java180if(format.length()!=0){for(inti=0;i<fmtCount;i++){stripCustom.append(DUMMY_PATTERN[i]);}
projects/Lang23/src/main/java/org/apache/commons/lang3/text/ExtendedMessageFormat.java180if(format!=null){for(Iteratorit=foundDescriptions.iterator();it.hasNext();){stripCustom.append(DUMMY_PATTERN);}
projects/Lang23/src/main/java/org/apache/commons/lang3/text/ExtendedMessageFormat.java180if(format==null){for(Iteratorit=foundDescriptions.iterator();it.hasNext();){stripCustom.append(DUMMY_PATTERN);}
projects/Lang23/src/main/java/org/apache/commons/lang3/text/ExtendedMessageFormat.java180if(format!=null){for(Iteratorit=foundFormats.iterator();it.hasNext();){stripCustom.append(DUMMY_PATTERN);}
projects/Lang23/src/main/java/org/apache/commons/lang3/text/ExtendedMessageFormat.java180intfmtCount=format.length();
projects/Lang23/src/main/java/org/apache/commons/lang3/text/ExtendedMessageFormat.java180intfmtCount=pattern.length()+1;
projects/Lang23/src/main/java/org/apache/commons/lang3/text/ExtendedMessageFormat.java180intfmtCount=pattern.length()-1;
projects/Lang23/src/main/java/org/apache/commons/lang3/text/ExtendedMessageFormat.java180charfmtCount=pattern.length();
projects/Lang23/src/main/java/org/apache/commons/lang3/text/ExtendedMessageFormat.java180foundFormats.add(format,format);
projects/Lang23/src/main/java/org/apache/commons/lang3/text/ExtendedMessageFormat.java180foundFormats.add(format,ESCAPED_QUOTE);
projects/Lang23/src/main/java/org/apache/commons/lang3/text/ExtendedMessageFormat.java180foundFormats.add(format,DEFAULT_QUOTE);
projects/Lang23/src/main/java/org/apache/commons/lang3/text/ExtendedMessageFormat.java180foundFormats.add(format,QUOTE);
projects/Lang23/src/main/java/org/apache/commons/lang3/text/ExtendedMessageFormat.java180if(format!=null){for(inti=start+fmtCount;++i){stripCustom.append(END_FE);}
projects/Lang23/src/main/java/org/apache/commons/lang3/text/ExtendedMessageFormat.java180if(format!=null){for(inti=0;i<numFormats;i++){stripCustom.append(END_FE);}
projects/Lang23/src/main/java/org/apache/commons/lang3/text/ExtendedMessageFormat.java180if(format!=null){for(inti=0;i<pos.getIndex();i++){stripCustom.append(END_FE);}
projects/Lang23/src/main/java/org/apache/commons/lang3/text/ExtendedMessageFormat.java180if(format!=null){for(Iterator<Object>it=origFormats.iterator();it.hasNext();){stripCustom.append(QUOTE);}
projects/Lang23/src/main/java/org/apache/commons/lang3/text/ExtendedMessageFormat.java180for(Iterator<Object>it=origFormats.iterator();it.hasNext();){stripCustom.append(QUOTE);}
projects/Lang23/src/main/java/org/apache/commons/lang3/text/ExtendedMessageFormat.java180if(format==null){foundFormats.add(format);}else{stripCustom.append(END_FE);}
projects/Lang23/src/main/java/org/apache/commons/lang3/text/ExtendedMessageFormat.java180if(format==null){for(Iteratorit=origFormats.iterator();it.hasNext();){stripCustom.append(DUMMY_PATTERN);}
projects/Lang23/src/main/java/org/apache/commons/lang3/text/ExtendedMessageFormat.java180if(format.length()==0){for(Iteratorit=foundFormats.iterator();it.hasNext();){stripCustom.append(DUMMY_PATTERN);}
projects/Lang23/src/main/java/org/apache/commons/lang3/text/ExtendedMessageFormat.java180if(format!=null){for(inti=0;i<fmtCount;i++){stripCustom.append(END_FE).append(formatDescription);}
projects/Lang23/src/main/java/org/apache/commons/lang3/text/ExtendedMessageFormat.java180if(format!=null){for(Iterator<Object>it=origFormats.iterator();it.hasNext();){stripCustom.append(DUMMY_PATTERN);}
projects/Lang23/src/main/java/org/apache/commons/lang3/text/ExtendedMessageFormat.java180if(format==null){for(Iterator<Object>it=origFormats.iterator();it.hasNext();){stripCustom.append(DUMMY_PATTERN);}
projects/Lang23/src/main/java/org/apache/commons/lang3/text/ExtendedMessageFormat.java180for(Iterator<Object>it=origFormats.iterator();it.hasNext();){stripCustom.append(DUMMY_PATTERN);}
projects/Lang23/src/main/java/org/apache/commons/lang3/text/ExtendedMessageFormat.java180if(format!=null){for(Iteratorit=origFormats.iterator();it.hasNext();){stripCustom.append(QUOTE);}
projects/Lang23/src/main/java/org/apache/commons/lang3/text/ExtendedMessageFormat.java180if(format==null){for(Iteratorit=origFormats.iterator();it.hasNext();){stripCustom.append(QUOTE);}
projects/Lang23/src/main/java/org/apache/commons/lang3/text/ExtendedMessageFormat.java180if(format.length()==0){for(Iteratorit=foundFormats.iterator();it.hasNext();){stripCustom.append(QUOTE);}
projects/Lang23/src/main/java/org/apache/commons/lang3/text/ExtendedMessageFormat.java180intfmtCount=this.format.length();
projects/Lang23/src/main/java/org/apache/commons/lang3/text/ExtendedMessageFormat.java180if(format!=null){for(inti=start;i<0;++i){stripCustom.append(DUMMY_PATTERN);}
projects/Lang23/src/main/java/org/apache/commons/lang3/text/ExtendedMessageFormat.java180if(format==null){for(Iteratorit=foundFormats.iterator();it.hasNext();){stripCustom.append(DUMMY_PATTERN);}
projects/Lang23/src/main/java/org/apache/commons/lang3/text/ExtendedMessageFormat.java180if(format!=null){for(inti=start;i<fmtCount;++i){stripCustom.append(END_FMT);}
projects/Lang23/src/main/java/org/apache/commons/lang3/text/ExtendedMessageFormat.java180if(format!=null){for(Iteratorit=this.origFormats.iterator();it.hasNext();){stripCustom.append(DUMMY_PATTERN);}
projects/Lang23/src/main/java/org/apache/commons/lang3/text/ExtendedMessageFormat.java180if(format==null){for(Iteratorit=origFormats.iterator();it.hasNext();){stripCustom.append(END_FE);}
projects/Lang23/src/main/java/org/apache/commons/lang3/text/ExtendedMessageFormat.java180intfmtCount=this.pattern.length();
projects/Lang23/src/main/java/org/apache/commons/lang3/text/ExtendedMessageFormat.java180if(format.length()==0){for(Iteratorit=this.origFormats.iterator();it.hasNext();){stripCustom.append(QUOTE);}
projects/Lang23/src/main/java/org/apache/commons/lang3/text/ExtendedMessageFormat.java180if(format.length()>0){for(Iteratorit=origFormats.iterator();it.hasNext();){stripCustom.append(QUOTE);}
projects/Lang23/src/main/java/org/apache/commons/lang3/text/ExtendedMessageFormat.java180if(origFormats!=null){for(Iterator<Object>it=origFormats.iterator();it.hasNext();){stripCustom.append(DUMMY_PATTERN);}
projects/Lang23/src/main/java/org/apache/commons/lang3/text/ExtendedMessageFormat.java180if(format.length()>0){for(Iterator<Object>it=origFormats.iterator();it.hasNext();){stripCustom.append(DUMMY_PATTERN);}
projects/Lang23/src/main/java/org/apache/commons/lang3/text/ExtendedMessageFormat.java180if(format.length()==0){for(Iterator<Object>it=this.origFormats.iterator();it.hasNext();){stripCustom.append(DUMMY_PATTERN);}
projects/Lang23/src/main/java/org/apache/commons/lang3/text/ExtendedMessageFormat.java180if(format.length()<=0){for(Iterator<Object>it=origFormats.iterator();it.hasNext();){stripCustom.append(DUMMY_PATTERN);}
projects/Lang23/src/main/java/org/apache/commons/lang3/text/ExtendedMessageFormat.java180if(format!=null){foundFormats.add(format,DUMMY_PATTERN);}
projects/Lang23/src/main/java/org/apache/commons/lang3/text/ExtendedMessageFormat.java180if(format==null){foundFormats.add(format,DUMMY_PATTERN);}
projects/Lang23/src/main/java/org/apache/commons/lang3/text/ExtendedMessageFormat.java180if(format.length()>0){for(Iterator<Object>it=origFormats.iterator();it.hasNext();){stripCustom.append(QUOTE);}
projects/Lang23/src/main/java/org/apache/commons/lang3/text/ExtendedMessageFormat.java180if(format.length()<=0){for(Iterator<Object>it=origFormats.iterator();it.hasNext();){stripCustom.append(QUOTE);}
projects/Lang23/src/main/java/org/apache/commons/lang3/text/ExtendedMessageFormat.java180if(origFormats!=null){for(Iterator<Object>it=origFormats.iterator();it.hasNext();){stripCustom.append(QUOTE);}
projects/Lang23/src/main/java/org/apache/commons/lang3/text/ExtendedMessageFormat.java180if(format.length()<0){for(inti=0;i<fmtCount;i++){stripCustom.append(DUMMY_PATTERN[i]);}
projects/Lang23/src/main/java/org/apache/commons/lang3/text/ExtendedMessageFormat.java180if(origFormats!=null){for(Iteratorit=origFormats.iterator();it.hasNext();){stripCustom.append(DUMMY_PATTERN);}
projects/Lang23/src/main/java/org/apache/commons/lang3/text/ExtendedMessageFormat.java180if(format.length()==0){for(Iteratorit=this.origFormats.iterator();it.hasNext();){stripCustom.append(DUMMY_PATTERN);}
projects/Lang23/src/main/java/org/apache/commons/lang3/text/ExtendedMessageFormat.java180if(format!=null){for(inti=start;i<len;++i){stripCustom.append(END_FE);}
projects/Lang23/src/main/java/org/apache/commons/lang3/text/ExtendedMessageFormat.java180if(format!=null){for(inti=0;i<fmtCount;i++){stripCustom.append(END_FMT);}
projects/Lang23/src/main/java/org/apache/commons/lang3/text/ExtendedMessageFormat.java180if(format==null||format.length()==0){for(inti=0;i<fmtCount;i++){stripCustom.append(END_FE);}
projects/Lang23/src/main/java/org/apache/commons/lang3/text/ExtendedMessageFormat.java180if(format==null){for(inti=0;i<numDescriptions;i++){stripCustom.append(END_FE);}
projects/Lang23/src/main/java/org/apache/commons/lang3/text/ExtendedMessageFormat.java180if(format==null){for(inti=0;i<fmtCount;i++){stripCustom.append(END_FE).append(formatDescription);}
projects/Lang23/src/main/java/org/apache/commons/lang3/text/ExtendedMessageFormat.java180if(format.length()>0){for(inti=0;i<fmtCount;i++){stripCustom.append(END_FE);}
projects/Lang23/src/main/java/org/apache/commons/lang3/text/ExtendedMessageFormat.java180if(format.length()<=0){for(inti=0;i<fmtCount;i++){stripCustom.append(END_FE);}
projects/Lang23/src/main/java/org/apache/commons/lang3/text/ExtendedMessageFormat.java180for(inti=start;i<0;++i){stripCustom.append(END_FE);}
projects/Lang23/src/main/java/org/apache/commons/lang3/text/ExtendedMessageFormat.java180if(format.length()==0){for(inti=0;i<fmtCount;i++){stripCustom.append(END_FE).append(formatDescription);}
projects/Lang23/src/main/java/org/apache/commons/lang3/text/ExtendedMessageFormat.java180if(format!=null){for(inti=0;i<fmtCount;i++){stripCustom.append(START_FE).append(formatDescription);}
projects/Lang23/src/main/java/org/apache/commons/lang3/text/ExtendedMessageFormat.java180if(format.length()>=0){for(Iteratorit=foundDescriptions.iterator();it.hasNext();){stripCustom.append(DUMMY_PATTERN);}
projects/Lang23/src/main/java/org/apache/commons/lang3/text/ExtendedMessageFormat.java180for(Iteratorit=foundDescriptions.iterator();it.hasNext();){stripCustom.append(DUMMY_PATTERN);}
projects/Lang23/src/main/java/org/apache/commons/lang3/text/ExtendedMessageFormat.java180if(format.length()!=0){for(Iterator<Object>it=this.origFormats.iterator();it.hasNext();){stripCustom.append(DUMMY_PATTERN);}
projects/Lang23/src/main/java/org/apache/commons/lang3/text/ExtendedMessageFormat.java180for(Iterator<Object>it=this.origFormats.iterator();it.hasNext();){stripCustom.append(DUMMY_PATTERN);}
projects/Lang23/src/main/java/org/apache/commons/lang3/text/ExtendedMessageFormat.java180if(format!=null){for(Iterator<Object>it=this.origFormats.iterator();it.hasNext();){stripCustom.append(DUMMY_PATTERN);}
projects/Lang23/src/main/java/org/apache/commons/lang3/text/ExtendedMessageFormat.java180if(format!=null){foundFormats.add(format,DEFAULT_QUOTE);}
projects/Lang23/src/main/java/org/apache/commons/lang3/text/ExtendedMessageFormat.java180if(format==null){foundFormats.add(format,DEFAULT_QUOTE);}
projects/Lang23/src/main/java/org/apache/commons/lang3/text/ExtendedMessageFormat.java180if(format!=null){foundFormats.add(format,DEFAULT_QUOTE);}else{stripCustom.append(END_FE);}
projects/Lang23/src/main/java/org/apache/commons/lang3/text/ExtendedMessageFormat.java180StringfmtCount=pattern.length();
projects/Lang23/src/main/java/org/apache/commons/lang3/text/ExtendedMessageFormat.java180charfmtCount=pattern.length()+1;
projects/Lang23/src/main/java/org/apache/commons/lang3/text/ExtendedMessageFormat.java180charfmtCount=format.length();
projects/Lang23/src/main/java/org/apache/commons/lang3/text/ExtendedMessageFormat.java180charfmtCount=this.pattern.length();
projects/Lang23/src/main/java/org/apache/commons/lang3/text/ExtendedMessageFormat.java180foundFormats.add(format,END_FE);
projects/Lang23/src/main/java/org/apache/commons/lang3/text/ExtendedMessageFormat.java180if(format!=null){if(format.length()==0){for(Iteratorit=foundDescriptions.iterator();it.hasNext();){stripCustom.append(DUMMY_PATTERN);}
projects/Lang23/src/main/java/org/apache/commons/lang3/text/ExtendedMessageFormat.java180if(origFormats!=null){if(format.length()!=0){for(Iterator<Object>it=origFormats.iterator();it.hasNext();){stripCustom.append(DUMMY_PATTERN);}
projects/Lang23/src/main/java/org/apache/commons/lang3/text/ExtendedMessageFormat.java180if(format!=null){for(inti=0;i<numDescriptions;i++){stripCustom.append(END_FE);}
projects/Lang23/src/main/java/org/apache/commons/lang3/text/ExtendedMessageFormat.java180foundFormats.add(format,START_FE);
projects/Lang23/src/main/java/org/apache/commons/lang3/text/ExtendedMessageFormat.java180if(format==null){for(inti=start+fmtCount;++i){stripCustom.append(END_FE);}
projects/Lang23/src/main/java/org/apache/commons/lang3/text/ExtendedMessageFormat.java180if(format!=null){for(inti=start+1;++i){stripCustom.append(END_FE);}
projects/Lang23/src/main/java/org/apache/commons/lang3/text/ExtendedMessageFormat.java180if(format==null){for(inti=start+1;++i){stripCustom.append(END_FE);}
projects/Lang23/src/main/java/org/apache/commons/lang3/text/ExtendedMessageFormat.java180if(format.length()!=0){for(Iterator<Object>it=foundDescriptions.iterator();it.hasNext();){stripCustom.append(QUOTE);}
projects/Lang23/src/main/java/org/apache/commons/lang3/text/ExtendedMessageFormat.java180for(Iterator<Object>it=foundDescriptions.iterator();it.hasNext();){stripCustom.append(QUOTE);}
projects/Lang23/src/main/java/org/apache/commons/lang3/text/ExtendedMessageFormat.java180if(format.length()>=0){for(Iterator<Object>it=foundDescriptions.iterator();it.hasNext();){stripCustom.append(QUOTE);}
projects/Lang23/src/main/java/org/apache/commons/lang3/text/ExtendedMessageFormat.java180if(format==null){for(Iterator<Object>it=origFormats.iterator();it.hasNext();){stripCustom.append(QUOTE);}
projects/Lang23/src/main/java/org/apache/commons/lang3/text/ExtendedMessageFormat.java180if(format!=null){for(Iterator<Object>it=foundDescriptions.iterator();it.hasNext();){stripCustom.append(QUOTE);}
projects/Lang23/src/main/java/org/apache/commons/lang3/text/ExtendedMessageFormat.java180if(format==null){for(Iterator<Object>it=foundDescriptions.iterator();it.hasNext();){stripCustom.append(QUOTE);}
projects/Lang23/src/main/java/org/apache/commons/lang3/text/ExtendedMessageFormat.java180if(format==null){for(inti=0;i<fmtCount;i++){stripCustom.append(END_FE,format);}
projects/Lang23/src/main/java/org/apache/commons/lang3/text/ExtendedMessageFormat.java180if(format!=null){for(inti=0;i<pos.getIndex();i++){stripCustom.append(END_FE,format);}
projects/Lang23/src/main/java/org/apache/commons/lang3/text/ExtendedMessageFormat.java180if(format!=null){for(inti=0;i<numFormats;i++){stripCustom.append(END_FE,format);}
projects/Lang23/src/main/java/org/apache/commons/lang3/text/ExtendedMessageFormat.java180if(format.length()!=0){for(Iterator<Object>it=this.origFormats.iterator();it.hasNext();){stripCustom.append(QUOTE);}
projects/Lang23/src/main/java/org/apache/commons/lang3/text/ExtendedMessageFormat.java180for(Iterator<Object>it=this.origFormats.iterator();it.hasNext();){stripCustom.append(QUOTE);}
projects/Lang23/src/main/java/org/apache/commons/lang3/text/ExtendedMessageFormat.java180if(format.length()>=0){for(Iterator<Object>it=this.origFormats.iterator();it.hasNext();){stripCustom.append(QUOTE);}
projects/Lang23/src/main/java/org/apache/commons/lang3/text/ExtendedMessageFormat.java180if(format==null){for(inti=start;i<0;++i){stripCustom.append(DUMMY_PATTERN);}
projects/Lang23/src/main/java/org/apache/commons/lang3/text/ExtendedMessageFormat.java180if(format!=null){for(Iterator<Object>it=foundDescriptions.iterator();it.hasNext();){stripCustom.append(DUMMY_PATTERN);}
projects/Lang23/src/main/java/org/apache/commons/lang3/text/ExtendedMessageFormat.java180if(format==null){for(Iterator<Object>it=foundDescriptions.iterator();it.hasNext();){stripCustom.append(DUMMY_PATTERN);}
projects/Lang23/src/main/java/org/apache/commons/lang3/text/ExtendedMessageFormat.java180for(Iteratorit=foundDescriptions.iterator();it.hasNext();){stripCustom.append(QUOTE);}
projects/Lang23/src/main/java/org/apache/commons/lang3/text/ExtendedMessageFormat.java180if(format!=null){for(Iteratorit=foundDescriptions.iterator();it.hasNext();){stripCustom.append(QUOTE);}
projects/Lang23/src/main/java/org/apache/commons/lang3/text/ExtendedMessageFormat.java180if(format==null){for(Iteratorit=foundDescriptions.iterator();it.hasNext();){stripCustom.append(QUOTE);}
projects/Lang23/src/main/java/org/apache/commons/lang3/text/ExtendedMessageFormat.java180if(format!=null){for(Iteratorit=foundFormats.iterator();it.hasNext();){stripCustom.append(QUOTE);}
projects/Lang23/src/main/java/org/apache/commons/lang3/text/ExtendedMessageFormat.java180intfmtCount=this.pattern.length()-1;
projects/Lang23/src/main/java/org/apache/commons/lang3/text/ExtendedMessageFormat.java180intfmtCount=this.pattern.length()+1;
projects/Lang23/src/main/java/org/apache/commons/lang3/text/ExtendedMessageFormat.java180for(inti=0;i<fmtCount-1;i++){stripCustom.append(DUMMY_PATTERN[i]);}
projects/Lang23/src/main/java/org/apache/commons/lang3/text/ExtendedMessageFormat.java180for(inti=0;i<fmtCount&&stripCustom.append(DUMMY_PATTERN[i]);}
projects/Lang23/src/main/java/org/apache/commons/lang3/text/ExtendedMessageFormat.java180for(inti=0;i<fmtCount-2;i++){stripCustom.append(DUMMY_PATTERN[i]);}
projects/Lang23/src/main/java/org/apache/commons/lang3/text/ExtendedMessageFormat.java180for(inti=0;i<length;i++){stripCustom.append(DUMMY_PATTERN[i]);}
projects/Lang23/src/main/java/org/apache/commons/lang3/text/ExtendedMessageFormat.java180for(Iterator<Object>it=pattern.iterator();it.hasNext();){stripCustom.append(DUMMY_PATTERN);}
projects/Lang23/src/main/java/org/apache/commons/lang3/text/ExtendedMessageFormat.java180for(inti=0;i<fmtCount-1;i++){stripCustom.append(DUMMY_PATTERN);}
projects/Lang23/src/main/java/org/apache/commons/lang3/text/ExtendedMessageFormat.java180for(inti=0;i<fmtCount&&stripCustom.append(DUMMY_PATTERN);i++){stripCustom.append(END_FE);}
projects/Lang23/src/main/java/org/apache/commons/lang3/text/ExtendedMessageFormat.java180for(inti=0;i<fmtCount-2;i++){stripCustom.append(DUMMY_PATTERN);}
projects/Lang23/src/main/java/org/apache/commons/lang3/text/ExtendedMessageFormat.java180for(inti=0;i<fmtCount&&stripCustom.charAt(i)!=DUMMY_PATTERN;i++){stripCustom.append(DUMMY_PATTERN);}
projects/Lang23/src/main/java/org/apache/commons/lang3/text/ExtendedMessageFormat.java180if(pos.getIndex()==0){for(inti=start;i<fmtCount;++i){stripCustom.append(DUMMY_PATTERN);}
projects/Lang23/src/main/java/org/apache/commons/lang3/text/ExtendedMessageFormat.java180if(pos.getIndex()==0){intfmtCount=format.length();for(inti=start;i<fmtCount;++i){stripCustom.append(DUMMY_PATTERN);}
projects/Lang23/src/main/java/org/apache/commons/lang3/text/ExtendedMessageFormat.java180if(format.length()==0){for(inti=start;i<fmtCount;++i){stripCustom.append(END_FE);}
projects/Lang23/src/main/java/org/apache/commons/lang3/text/ExtendedMessageFormat.java180if(format.length()==0){for(intfmtCount=0;fmtCount<fmtCount;i++){stripCustom.append(END_FE);}
projects/Lang23/src/main/java/org/apache/commons/lang3/text/ExtendedMessageFormat.java180if(format==null){foundDescriptions.add(format);}
projects/Lang23/src/main/java/org/apache/commons/lang3/text/ExtendedMessageFormat.java180foundFormats.add(format,fmtCount);
projects/Lang23/src/main/java/org/apache/commons/lang3/text/ExtendedMessageFormat.java180if(format!=null){if(format.length()==0){for(Iteratorit=origFormats.iterator();it.hasNext();){stripCustom.append(QUOTE);}
projects/Lang23/src/main/java/org/apache/commons/lang3/text/ExtendedMessageFormat.java180if(format==null){if(format.length()==0){for(Iteratorit=origFormats.iterator();it.hasNext();){stripCustom.append(QUOTE);}
projects/Lang23/src/main/java/org/apache/commons/lang3/text/ExtendedMessageFormat.java180Iterator<Object>it=foundDescriptions.iterator();it.hasNext();){stripCustom.append(QUOTE);}
projects/Lang23/src/main/java/org/apache/commons/lang3/text/ExtendedMessageFormat.java180Formats<Object>foundDescriptions=origFormats.iterator();it.hasNext();){stripCustom.append(QUOTE);}
projects/Lang23/src/main/java/org/apache/commons/lang3/text/ExtendedMessageFormat.java180for(inti=0;i<fmtCount-1;i++){stripCustom.append(END_FE);}
projects/Lang23/src/main/java/org/apache/commons/lang3/text/ExtendedMessageFormat.java180for(inti=0;i<pos.getCount();i++){stripCustom.append(END_FE);}
projects/Lang23/src/main/java/org/apache/commons/lang3/text/ExtendedMessageFormat.java180for(inti=0;i<fmtCount-2;i++){stripCustom.append(END_FE);}
projects/Lang23/src/main/java/org/apache/commons/lang3/text/ExtendedMessageFormat.java180for(inti=0;i<fmtCount&&stripCustom.charAt(i)!=END_FE);i++){stripCustom.append(END_FE);}
projects/Lang23/src/main/java/org/apache/commons/lang3/text/ExtendedMessageFormat.java180for(Iterator<Object>it=foundDescriptions.iterator();it.hasNext();){stripCustom.append(DUMMY_PATTERN);}
projects/Lang23/src/main/java/org/apache/commons/lang3/text/ExtendedMessageFormat.java180Iterator<Object>it=foundDescriptions.iterator();it.hasNext();){stripCustom.append(DUMMY_PATTERN);}
projects/Lang23/src/main/java/org/apache/commons/lang3/text/ExtendedMessageFormat.java180Formats<Object>foundDescriptions=origFormats.iterator();it.hasNext();){stripCustom.append(DUMMY_PATTERN);}
projects/Lang23/src/main/java/org/apache/commons/lang3/text/ExtendedMessageFormat.java180if(origFormats!=null){if(format.length()>0){for(Iterator<Object>it=origFormats.iterator();it.hasNext();){stripCustom.append(DUMMY_PATTERN);}
projects/Lang23/src/main/java/org/apache/commons/lang3/text/ExtendedMessageFormat.java180if(format==null){for(Iteratorit=this.origFormats.iterator();it.hasNext();){stripCustom.append(DUMMY_PATTERN);}
projects/Lang23/src/main/java/org/apache/commons/lang3/text/ExtendedMessageFormat.java180if(format!=null){for(Iteratorit=this.origFormats.iterator();it.hasNext();){stripCustom.append(END_FE);}
projects/Lang23/src/main/java/org/apache/commons/lang3/text/ExtendedMessageFormat.java180if(format!=null){if(format.length()==0){for(Iteratorit=origFormats.iterator();it.hasNext();){stripCustom.append(DUMMY_PATTERN);}
projects/Lang23/src/main/java/org/apache/commons/lang3/text/ExtendedMessageFormat.java180if(format==null){if(format.length()==0){for(Iteratorit=origFormats.iterator();it.hasNext();){stripCustom.append(DUMMY_PATTERN);}
projects/Lang23/src/main/java/org/apache/commons/lang3/text/ExtendedMessageFormat.java180if(format!=null){if(format.length()==0){for(Iterator<Object>it=origFormats.iterator();it.hasNext();){stripCustom.append(DUMMY_PATTERN);}
projects/Lang23/src/main/java/org/apache/commons/lang3/text/ExtendedMessageFormat.java180if(format==null){if(format.length()==0){for(Iterator<Object>it=origFormats.iterator();it.hasNext();){stripCustom.append(DUMMY_PATTERN);}
projects/Lang23/src/main/java/org/apache/commons/lang3/text/ExtendedMessageFormat.java180if(format==null){for(inti=start;i<len;++i){stripCustom.append(END_FE);}
projects/Lang23/src/main/java/org/apache/commons/lang3/text/ExtendedMessageFormat.java180if(format!=null){for(inti=start;i<end;++i){stripCustom.append(END_FE);}
projects/Lang23/src/main/java/org/apache/commons/lang3/text/ExtendedMessageFormat.java180if(format!=null){for(Iteratorit=foundDescriptions.iterator();it.hasNext();){stripCustom.append(END_FE);}
projects/Lang23/src/main/java/org/apache/commons/lang3/text/ExtendedMessageFormat.java180if(format==null){for(Iteratorit=foundDescriptions.iterator();it.hasNext();){stripCustom.append(END_FE);}
projects/Lang23/src/main/java/org/apache/commons/lang3/text/ExtendedMessageFormat.java180if(format.length()!=0){for(Iterator<Object>it=foundDescriptions.iterator();it.hasNext();){stripCustom.append(DUMMY_PATTERN);}
projects/Lang23/src/main/java/org/apache/commons/lang3/text/ExtendedMessageFormat.java180if(format!=null){if(format.length()==0){for(Iterator<Object>it=foundDescriptions.iterator();it.hasNext();){stripCustom.append(DUMMY_PATTERN);}
projects/Lang23/src/main/java/org/apache/commons/lang3/text/ExtendedMessageFormat.java180if(format!=null){if(format.length()==0){for(Iteratorit=foundDescriptions.iterator();it.hasNext();){stripCustom.append(QUOTE);}
projects/Lang23/src/main/java/org/apache/commons/lang3/text/ExtendedMessageFormat.java180if(origFormats!=null){if(format.length()>0){for(Iterator<Object>it=origFormats.iterator();it.hasNext();){stripCustom.append(QUOTE);}
projects/Lang23/src/main/java/org/apache/commons/lang3/text/ExtendedMessageFormat.java180if(format.length()>=0){for(Iteratorit=foundDescriptions.iterator();it.hasNext();){stripCustom.append(QUOTE);}
projects/Lang23/src/main/java/org/apache/commons/lang3/text/ExtendedMessageFormat.java180if(format.length()!=0){for(Iteratorit=origFormats.iterator();it.hasNext();){stripCustom.append(QUOTE);}
projects/Lang23/src/main/java/org/apache/commons/lang3/text/ExtendedMessageFormat.java180if(format.length()>0){for(Iteratorit=foundDescriptions.iterator();it.hasNext();){stripCustom.append(QUOTE);}
projects/Lang23/src/main/java/org/apache/commons/lang3/text/ExtendedMessageFormat.java180if(format!=null){foundFormats.add(format,format);}
projects/Lang23/src/main/java/org/apache/commons/lang3/text/ExtendedMessageFormat.java180if(format==null){foundFormats.add(format,format);}
projects/Lang23/src/main/java/org/apache/commons/lang3/text/ExtendedMessageFormat.java180foundFormats.add(format,formatDescription);
projects/Lang23/src/main/java/org/apache/commons/lang3/text/ExtendedMessageFormat.java180if(format.length()==0){foundDescriptions.add(format);}
projects/Lang23/src/main/java/org/apache/commons/lang3/text/ExtendedMessageFormat.java180if(format==null){for(inti=0;i<numFormats;i++){stripCustom.append(END_FE);}
projects/Lang23/src/main/java/org/apache/commons/lang3/text/ExtendedMessageFormat.java180foundDescriptions.add(format;
projects/Lang23/src/main/java/org/apache/commons/lang3/text/ExtendedMessageFormat.java180foundDescriptions.add(format,formatDescription);
projects/Lang23/src/main/java/org/apache/commons/lang3/text/ExtendedMessageFormat.java180if(origFormats!=null){if(format.length()!=0){for(Iterator<Object>it=origFormats.iterator();it.hasNext();){stripCustom.append(QUOTE);}
projects/Lang23/src/main/java/org/apache/commons/lang3/text/ExtendedMessageFormat.java180intfmtCount=Pattern.compile(pattern.length());
projects/Lang23/src/main/java/org/apache/commons/lang3/text/ExtendedMessageFormat.java180intfmtCount=this.format.length()-1;
projects/Lang23/src/main/java/org/apache/commons/lang3/text/ExtendedMessageFormat.java180intfmtCount=this.format.length()+1;
projects/Lang23/src/main/java/org/apache/commons/lang3/text/ExtendedMessageFormat.java180charfmtCount=this.format.length();
projects/Lang23/src/main/java/org/apache/commons/lang3/text/ExtendedMessageFormat.java180if(format==null){for(inti=0;i<fmtCount;i++){stripCustom.append(END_FMT);}
projects/Lang23/src/main/java/org/apache/commons/lang3/text/ExtendedMessageFormat.java180if(format!=null){for(inti=0;i<END_FE;i++){stripCustom.append(END_FMT);}
projects/Lang23/src/main/java/org/apache/commons/lang3/text/ExtendedMessageFormat.java180if(format!=null){for(inti=0;i<numFormats;i++){stripCustom.append(END_FMT);}
projects/Lang23/src/main/java/org/apache/commons/lang3/text/ExtendedMessageFormat.java180if(format!=null){for(inti=0;i<fmtCount;i++){stripCustom.append(DUPLICATE_QUOTE[i]);}
projects/Lang23/src/main/java/org/apache/commons/lang3/text/ExtendedMessageFormat.java180for(Iterator<Object>it=pattern.iterator();it.hasNext();){stripCustom.append(QUOTE);}
projects/Lang23/src/main/java/org/apache/commons/lang3/text/ExtendedMessageFormat.java180if(format.length()!=0){for(Iteratorit=this.origFormats.iterator();it.hasNext();){stripCustom.append(DUMMY_PATTERN);}
projects/Lang23/src/main/java/org/apache/commons/lang3/text/ExtendedMessageFormat.java180for(Iteratorit=this.origFormats.iterator();it.hasNext();){stripCustom.append(DUMMY_PATTERN);}
projects/Lang23/src/main/java/org/apache/commons/lang3/text/ExtendedMessageFormat.java180if(format!=null){if(format.length()==0){for(Iteratorit=this.origFormats.iterator();it.hasNext();){stripCustom.append(DUMMY_PATTERN);}
projects/Lang23/src/main/java/org/apache/commons/lang3/text/ExtendedMessageFormat.java180if(format.length()==0){for(Iteratorit=origFormats.iterator();it.hasNext();){stripCustom.append(END_FE);}
projects/Lang23/src/main/java/org/apache/commons/lang3/text/ExtendedMessageFormat.java180if(format!=null){for(Iteratorit=foundFormats.iterator();it.hasNext();){stripCustom.append(END_FE);}
projects/Lang23/src/main/java/org/apache/commons/lang3/text/ExtendedMessageFormat.java180if(format==null){for(inti=0;i<pos.getIndex();i++){stripCustom.append(END_FE);}
projects/Lang23/src/main/java/org/apache/commons/lang3/text/ExtendedMessageFormat.java180for(inti=0;i<pos.getIndex();i++){stripCustom.append(END_FE);}
projects/Lang23/src/main/java/org/apache/commons/lang3/text/ExtendedMessageFormat.java180if(format!=null){for(inti=0;i<c.getIndex();i++){stripCustom.append(END_FE);}
projects/Lang23/src/main/java/org/apache/commons/lang3/text/ExtendedMessageFormat.java180intfmtCount=format.length()+1;
projects/Lang23/src/main/java/org/apache/commons/lang3/text/ExtendedMessageFormat.java180intfmtCount=format.length()-1;
projects/Lang23/src/main/java/org/apache/commons/lang3/text/ExtendedMessageFormat.java180if(format.length()!=0){for(Iteratorit=this.origFormats.iterator();it.hasNext();){stripCustom.append(QUOTE);}
projects/Lang23/src/main/java/org/apache/commons/lang3/text/ExtendedMessageFormat.java180for(Iteratorit=this.origFormats.iterator();it.hasNext();){stripCustom.append(QUOTE);}
projects/Lang23/src/main/java/org/apache/commons/lang3/text/ExtendedMessageFormat.java180if(format!=null){if(format.length()==0){for(Iteratorit=this.origFormats.iterator();it.hasNext();){stripCustom.append(QUOTE);}
projects/Lang23/src/main/java/org/apache/commons/lang3/text/ExtendedMessageFormat.java180if(format==null){for(inti=start;i<fmtCount;++i){stripCustom.append(END_FMT);}
projects/Lang23/src/main/java/org/apache/commons/lang3/text/ExtendedMessageFormat.java180if(format!=null){for(inti=start;i<0;++i){stripCustom.append(END_FMT);}
projects/Lang23/src/main/java/org/apache/commons/lang3/text/ExtendedMessageFormat.java180if(format==null){for(inti=start;i<0;++i){stripCustom.append(END_FMT);}
projects/Lang23/src/main/java/org/apache/commons/lang3/text/ExtendedMessageFormat.java180if(format!=null){foundFormats.add(format,ESCAPED_QUOTE);}
projects/Lang23/src/main/java/org/apache/commons/lang3/text/ExtendedMessageFormat.java180if(format!=null){for(inti=0;i<END_FMT;i++){stripCustom.append(END_FMT);}
projects/Lang23/src/main/java/org/apache/commons/lang3/text/ExtendedMessageFormat.java180if(format!=null){for(inti=0;i<numFormats;i++){stripCustom.append(END_FE).append(formatDescription);}
projects/Lang23/src/main/java/org/apache/commons/lang3/text/ExtendedMessageFormat.java180if(format!=null){for(inti=0;i<pos.getIndex();i++){stripCustom.append(END_FE).append(formatDescription);}
projects/Lang23/src/main/java/org/apache/commons/lang3/text/ExtendedMessageFormat.java180foundFormats.add(format,0);
projects/Lang23/src/main/java/org/apache/commons/lang3/text/ExtendedMessageFormat.java180IntegerfmtCount=pattern.length();
projects/Lang23/src/main/java/org/apache/commons/lang3/text/ExtendedMessageFormat.java180if(format==null){for(Iterator<Object>it=this.origFormats.iterator();it.hasNext();){stripCustom.append(DUMMY_PATTERN);}
projects/Lang23/src/main/java/org/apache/commons/lang3/text/ExtendedMessageFormat.java180for(inti=0;i<len;i++){stripCustom.append(DUMMY_PATTERN[i]);}
projects/Lang23/src/main/java/org/apache/commons/lang3/text/ExtendedMessageFormat.java180if(format.length()<0){for(inti=0;i<fmtCount;i++){stripCustom.append(END_FE);}
projects/Lang23/src/main/java/org/apache/commons/lang3/text/ExtendedMessageFormat.java180if(format!=null){for(inti=start+len;i<len;++i){stripCustom.append(END_FE);}
projects/Lang23/src/main/java/org/apache/commons/lang3/text/ExtendedMessageFormat.java180for(inti=0;i<numFormats;i++){stripCustom.append(END_FE);}
projects/Lang23/src/main/java/org/apache/commons/lang3/text/ExtendedMessageFormat.java180for(Iterator<Object>it=left.iterator();it.hasNext();){stripCustom.append(DUMMY_PATTERN);}
projects/Lang23/src/main/java/org/apache/commons/lang3/text/ExtendedMessageFormat.java180if(format==null){for(Iteratorit=foundFormats.iterator();it.hasNext();){stripCustom.append(QUOTE);}
projects/Lang23/src/main/java/org/apache/commons/lang3/text/ExtendedMessageFormat.java180if(format!=null){for(Iteratorit=this.origFormats.iterator();it.hasNext();){stripCustom.append(QUOTE);}
projects/Lang23/src/main/java/org/apache/commons/lang3/text/ExtendedMessageFormat.java180if(format==null){for(Iteratorit=this.origFormats.iterator();it.hasNext();){stripCustom.append(QUOTE);}
projects/Lang23/src/main/java/org/apache/commons/lang3/text/ExtendedMessageFormat.java180if(format==null){for(Iteratorit=foundFormats.iterator();it.hasNext();){stripCustom.append(END_FE);}
projects/Lang23/src/main/java/org/apache/commons/lang3/text/ExtendedMessageFormat.java180if(format!=null){for(inti=start;i>=0;++i){stripCustom.append(END_FE);}
projects/Lang23/src/main/java/org/apache/commons/lang3/text/ExtendedMessageFormat.java180Iterator<Object>it=origFormats.iterator();it.hasNext();){stripCustom.append(DUMMY_PATTERN);}
projects/Lang23/src/main/java/org/apache/commons/lang3/text/ExtendedMessageFormat.java180if(format==null){if(format.length()==0){for(Iteratorit=foundDescriptions.iterator();it.hasNext();){stripCustom.append(DUMMY_PATTERN);}
projects/Lang23/src/main/java/org/apache/commons/lang3/text/ExtendedMessageFormat.java180for(inti=start+fmtCount;++i){stripCustom.append(END_FE);}
projects/Lang23/src/main/java/org/apache/commons/lang3/text/ExtendedMessageFormat.java180ArrayList<String>foundDescriptions=newArrayList<String>(origFormats.size());
projects/Lang23/src/main/java/org/apache/commons/lang3/text/ExtendedMessageFormat.java180if(format!=null){if(format.length()==0){for(Iterator<Object>it=originalFormats.iterator();it.hasNext();){stripCustom.append(DUMMY_PATTERN);}
projects/Lang23/src/main/java/org/apache/commons/lang3/text/ExtendedMessageFormat.java180Iterator<Object>it=origFormats.iterator();it.hasNext();){stripCustom.append(QUOTE);}
projects/Lang23/src/main/java/org/apache/commons/lang3/text/ExtendedMessageFormat.java180for(inti=0;i<numFormats;i++){stripCustom.append(DUMMY_PATTERN);}
projects/Lang23/src/main/java/org/apache/commons/lang3/text/ExtendedMessageFormat.java180for(inti=0;i<length;i++){stripCustom.append(DUMMY_PATTERN);}
projects/Lang23/src/main/java/org/apache/commons/lang3/text/ExtendedMessageFormat.java180for(inti=0;i<len;i++){stripCustom.append(DUMMY_PATTERN);}
projects/Lang23/src/main/java/org/apache/commons/lang3/text/ExtendedMessageFormat.java180inti=0;i<fmtCount-1;i++){stripCustom.append(END_FE);}
projects/Lang23/src/main/java/org/apache/commons/lang3/text/ExtendedMessageFormat.java180for(Iterator<Object>it=left.iterator();it.hasNext();){stripCustom.append(QUOTE);}
projects/Lang23/src/main/java/org/apache/commons/lang3/text/ExtendedMessageFormat.java180if(format!=null){for(Iterator<Object>it=this.origFormats.iterator();it.hasNext();){stripCustom.append(QUOTE);}
projects/Lang23/src/main/java/org/apache/commons/lang3/text/ExtendedMessageFormat.java180if(format==null){for(Iterator<Object>it=this.origFormats.iterator();it.hasNext();){stripCustom.append(QUOTE);}
projects/Lang23/src/main/java/org/apache/commons/lang3/text/ExtendedMessageFormat.java180Iterator<String>it=origFormats.iterator();it.hasNext();){stripCustom.append(QUOTE);}
projects/Lang23/src/main/java/org/apache/commons/lang3/text/ExtendedMessageFormat.java180if(format!=null){foundDescriptions.add(format);}else{registry.println(DUMMY_PATTERN);}
projects/Lang23/src/main/java/org/apache/commons/lang3/text/ExtendedMessageFormat.java180if(format.length()>0){for(Iterator<Object>it=this.origFormats.iterator();it.hasNext();){stripCustom.append(DUMMY_PATTERN);}
projects/Lang23/src/main/java/org/apache/commons/lang3/text/ExtendedMessageFormat.java180if(format.length()<=0){for(Iterator<Object>it=this.origFormats.iterator();it.hasNext();){stripCustom.append(DUMMY_PATTERN);}
projects/Lang23/src/main/java/org/apache/commons/lang3/text/ExtendedMessageFormat.java180if(format.length()>0){for(Iteratorit=foundFormats.iterator();it.hasNext();){stripCustom.append(QUOTE);}
projects/Lang23/src/main/java/org/apache/commons/lang3/text/ExtendedMessageFormat.java180if(format.length()>0){for(Iteratorit=foundDescriptions.iterator();it.hasNext();){stripCustom.append(DUMMY_PATTERN);}
projects/Lang23/src/main/java/org/apache/commons/lang3/text/ExtendedMessageFormat.java180if(format==null){for(inti=start;i>=0;++i){stripCustom.append(END_FE);}
projects/Lang23/src/main/java/org/apache/commons/lang3/text/ExtendedMessageFormat.java180if(format.length()<0){for(Iteratorit=foundDescriptions.iterator();it.hasNext();){stripCustom.append(QUOTE);}
projects/Lang23/src/main/java/org/apache/commons/lang3/text/ExtendedMessageFormat.java180if(format!=null){for(inti=0;i<numDescriptions;i++){stripCustom.append(END_FE,format);}
projects/Lang23/src/main/java/org/apache/commons/lang3/text/ExtendedMessageFormat.java180if(format!=null){for(Iterator<Object>it=pattern.iterator();it.hasNext();){stripCustom.append(QUOTE);}
projects/Lang23/src/main/java/org/apache/commons/lang3/text/ExtendedMessageFormat.java180if(format!=null){for(Iteratorit=this.origFormats.iterator();it.hasNext();){stripCustom.append(END_FMT);}
projects/Lang23/src/main/java/org/apache/commons/lang3/text/ExtendedMessageFormat.java180if(format!=null){for(Iteratorit=this.origFormats.iterator();it.hasNext();){stripCustom.append(END_FE).append(formatDescription);}
projects/Lang23/src/main/java/org/apache/commons/lang3/text/ExtendedMessageFormat.java180if(format.length()>0){for(Iterator<Object>it=this.origFormats.iterator();it.hasNext();){stripCustom.append(QUOTE);}
projects/Lang23/src/main/java/org/apache/commons/lang3/text/ExtendedMessageFormat.java180if(format.length()<=0){for(Iterator<Object>it=this.origFormats.iterator();it.hasNext();){stripCustom.append(QUOTE);}
projects/Lang23/src/main/java/org/apache/commons/lang3/text/ExtendedMessageFormat.java180if(format.length()<0){for(Iterator<Object>it=origFormats.iterator();it.hasNext();){stripCustom.append(QUOTE);}
projects/Lang23/src/main/java/org/apache/commons/lang3/text/ExtendedMessageFormat.java180if(format.length()>=0){for(Iterator<Object>it=origFormats.iterator();it.hasNext();){stripCustom.append(QUOTE);}
projects/Lang23/src/main/java/org/apache/commons/lang3/text/ExtendedMessageFormat.java180if(format==null||format.length()==0){foundFormats.add(format);}
projects/Lang23/src/main/java/org/apache/commons/lang3/text/ExtendedMessageFormat.java180if(format.length()==0){for(Iteratorit=foundDescriptions.iterator();it.hasNext();){stripCustom.append(END_FE);}
projects/Lang23/src/main/java/org/apache/commons/lang3/text/ExtendedMessageFormat.java180if(format.length()>0){for(Iteratorit=foundFormats.iterator();it.hasNext();){stripCustom.append(DUMMY_PATTERN);}
projects/Lang23/src/main/java/org/apache/commons/lang3/text/ExtendedMessageFormat.java180if(format!=null){for(Iteratorit=foundDescriptions.iterator();it.hasNext();){stripCustom.append(END_FE).append(formatDescription);}
projects/Lang23/src/main/java/org/apache/commons/lang3/text/ExtendedMessageFormat.java180if(format!=null){for(Iteratorit=foundFormats.iterator();it.hasNext();){stripCustom.append(END_FMT);}
projects/Lang23/src/main/java/org/apache/commons/lang3/text/ExtendedMessageFormat.java180if(format!=null){for(Iteratorit=origFormats.iterator();it.hasNext();){stripCustom.append(END_FE);}
projects/Lang23/src/main/java/org/apache/commons/lang3/text/ExtendedMessageFormat.java180if(format!=null){for(Iteratorit=foundFormats.iterator();it.hasNext();){stripCustom.append(END_FE).append(formatDescription);}
projects/Lang23/src/main/java/org/apache/commons/lang3/text/ExtendedMessageFormat.java180if(format.length()>0){for(Iteratorit=this.origFormats.iterator();it.hasNext();){stripCustom.append(QUOTE);}
projects/Lang23/src/main/java/org/apache/commons/lang3/text/ExtendedMessageFormat.java180if(format.length()<=0){for(Iteratorit=this.origFormats.iterator();it.hasNext();){stripCustom.append(QUOTE);}
projects/Lang23/src/main/java/org/apache/commons/lang3/text/ExtendedMessageFormat.java180for(inti=0;i<fmtCount&&stripCustom.append(END_FE);i++){stripCustom.append(END_FE);}
projects/Lang23/src/main/java/org/apache/commons/lang3/text/ExtendedMessageFormat.java180for(inti=0;i<len;i++){stripCustom.append(END_FE);}
projects/Lang23/src/main/java/org/apache/commons/lang3/text/ExtendedMessageFormat.java180if(format.length()>0){for(Iteratorit=this.origFormats.iterator();it.hasNext();){stripCustom.append(DUMMY_PATTERN);}
projects/Lang23/src/main/java/org/apache/commons/lang3/text/ExtendedMessageFormat.java180if(format.length()<=0){for(Iteratorit=this.origFormats.iterator();it.hasNext();){stripCustom.append(DUMMY_PATTERN);}
projects/Lang23/src/main/java/org/apache/commons/lang3/text/ExtendedMessageFormat.java180if(format.length()>0){for(Iterator<Object>it=foundDescriptions.iterator();it.hasNext();){stripCustom.append(QUOTE);}
projects/Lang23/src/main/java/org/apache/commons/lang3/text/ExtendedMessageFormat.java180if(format.length()<0){for(Iterator<Object>it=foundDescriptions.iterator();it.hasNext();){stripCustom.append(QUOTE);}
projects/Lang23/src/main/java/org/apache/commons/lang3/text/ExtendedMessageFormat.java180if(format.length()>0){for(inti=start;i<fmtCount;++i){stripCustom.append(DUMMY_PATTERN);}
projects/Lang23/src/main/java/org/apache/commons/lang3/text/ExtendedMessageFormat.java180foundDescriptions.add(format==null?null:format);
projects/Lang23/src/main/java/org/apache/commons/lang3/text/ExtendedMessageFormat.java180foundDescriptions.add(format==DUMMY_PATTERN?null:formatDescription);
projects/Lang23/src/main/java/org/apache/commons/lang3/text/ExtendedMessageFormat.java180if(format>=null){for(inti=0;i<pos.getIndex();i++){stripCustom.append(END_FE);}
projects/Lang23/src/main/java/org/apache/commons/lang3/text/ExtendedMessageFormat.java180if(format!=null){for(inti=start;i<2;++i){stripCustom.append(END_FE);}
projects/Lang23/src/main/java/org/apache/commons/lang3/text/ExtendedMessageFormat.java180if(format.length()>0){for(inti=0;i<fmtCount;i++){stripCustom.append(DUMMY_PATTERN[i]);}
projects/Lang23/src/main/java/org/apache/commons/lang3/text/ExtendedMessageFormat.java180Iterator<Object>it=this.origFormats.iterator();it.hasNext();){stripCustom.append(QUOTE);}
projects/Lang23/src/main/java/org/apache/commons/lang3/text/ExtendedMessageFormat.java180if(format.length()<0){for(Iterator<Object>it=origFormats.iterator();it.hasNext();){stripCustom.append(DUMMY_PATTERN);}
projects/Lang23/src/main/java/org/apache/commons/lang3/text/ExtendedMessageFormat.java180if(format==null){for(Iterator<Object>it=origFormats.iterator();it.hasNext();){stripCustom.append(END_FE);}
projects/Lang23/src/main/java/org/apache/commons/lang3/text/ExtendedMessageFormat.java180if(format==null){for(Iterator<Object>it=origFormats.iterator();it.hasNext();){stripCustom.append(END_FMT);}
projects/Lang23/src/main/java/org/apache/commons/lang3/text/ExtendedMessageFormat.java180if(format>=null){for(inti=0;i<fmtCount;i++){stripCustom.append(END_FE).append(formatDescription);}
projects/Lang23/src/main/java/org/apache/commons/lang3/text/ExtendedMessageFormat.java180if(format==null){for(inti=0;i<numDescriptions;i++){stripCustom.append(END_FE).append(formatDescription);}
projects/Lang23/src/main/java/org/apache/commons/lang3/text/ExtendedMessageFormat.java180if(format!=null){for(inti=start;i<2;++i){stripCustom.append(END_FMT);}
projects/Lang23/src/main/java/org/apache/commons/lang3/text/ExtendedMessageFormat.java180if(format.length()>0){for(Iterator<Object>it=foundDescriptions.iterator();it.hasNext();){stripCustom.append(DUMMY_PATTERN);}
projects/Lang23/src/main/java/org/apache/commons/lang3/text/ExtendedMessageFormat.java180if(format.length()<0){for(Iterator<Object>it=foundDescriptions.iterator();it.hasNext();){stripCustom.append(DUMMY_PATTERN);}
projects/Lang23/src/main/java/org/apache/commons/lang3/text/ExtendedMessageFormat.java180if(format!=null){for(inti=0;i<numDescriptions;i++){stripCustom.append(END_FMT);}
projects/Lang23/src/main/java/org/apache/commons/lang3/text/ExtendedMessageFormat.java180charfmtCount=pattern.charAt(pos);
projects/Lang23/src/main/java/org/apache/commons/lang3/text/ExtendedMessageFormat.java180inti=0;i<fmtCount-1;i++){stripCustom.append(DUMMY_PATTERN);}
projects/Lang23/src/main/java/org/apache/commons/lang3/text/ExtendedMessageFormat.java180if(format!=null){for(Iteratorit=foundDescriptions.iterator();it.hasNext();){stripCustom.append(END_FMT);}
projects/Lang23/src/main/java/org/apache/commons/lang3/text/ExtendedMessageFormat.java180if(format==null){foundFormats.add(format,ESCAPED_QUOTE);}
projects/Lang23/src/main/java/org/apache/commons/lang3/text/ExtendedMessageFormat.java180for(inti=0;i<fmtCount&&stripCustom.append(DUMMY_PATTERN[i]);
projects/Lang23/src/main/java/org/apache/commons/lang3/text/ExtendedMessageFormat.java180for(inti=0;i<c.length;i++){stripCustom.append(DUMMY_PATTERN[i]);}
projects/Lang23/src/main/java/org/apache/commons/lang3/text/ExtendedMessageFormat.java180if(format!=null){for(inti=0;i<numDescriptions;i++){stripCustom.append(END_FE).append(formatDescription);}
projects/Lang23/src/main/java/org/apache/commons/lang3/text/ExtendedMessageFormat.java180if(format!=null){foundFormats.add(format,QUOTE);}
projects/Lang23/src/main/java/org/apache/commons/lang3/text/ExtendedMessageFormat.java180if(format==null){foundFormats.add(format,QUOTE);}
projects/Lang23/src/main/java/org/apache/commons/lang3/text/ExtendedMessageFormat.java180if(format!=null){for(inti=start+2;++i){stripCustom.append(END_FE);}
projects/Lang23/src/main/java/org/apache/commons/lang3/text/ExtendedMessageFormat.java180if(format!=null){for(inti=start+11;++i){stripCustom.append(END_FE);}
projects/Lang23/src/main/java/org/apache/commons/lang3/text/ExtendedMessageFormat.java180if(format==null){foundDescriptions.add(format);}else{for(inti=start;i<fmtCount;++i){stripCustom.append(END_FE);}
