projects/Closure51/src/com/google/javascript/jscomp/CodeConsumer.java201}
projects/Closure51/src/com/google/javascript/jscomp/CodeConsumer.java201appendBinOp(op,binOp);
projects/Closure51/src/com/google/javascript/jscomp/CodeConsumer.java201append(op.toLowerCase()+binOp.toLowerCase());
projects/Closure51/src/com/google/javascript/jscomp/CodeConsumer.java201append(op.toLowerCase());
projects/Closure51/src/com/google/javascript/jscomp/CodeConsumer.java201appendSemiColon(op,binOp);
projects/Closure51/src/com/google/javascript/jscomp/CodeConsumer.java201appendFunction(op,binOp);
projects/Closure51/src/com/google/javascript/jscomp/CodeConsumer.java201append(op.toLowerCase(),binOp.toLowerCase());
projects/Closure51/src/com/google/javascript/jscomp/CodeConsumer.java201appendStatement(op,binOp);
projects/Closure51/src/com/google/javascript/jscomp/CodeConsumer.java201
projects/Closure51/src/com/google/javascript/jscomp/CodeConsumer.java201append(binOp);
projects/Closure51/src/com/google/javascript/jscomp/CodeConsumer.java201append(op,binOp);
projects/Closure51/src/com/google/javascript/jscomp/CodeConsumer.java201appendSemiColon(binOp);
projects/Closure51/src/com/google/javascript/jscomp/CodeConsumer.java201appendSemiColon(op);
projects/Closure51/src/com/google/javascript/jscomp/CodeConsumer.java201appendColumn(op,binOp);
projects/Closure51/src/com/google/javascript/jscomp/CodeConsumer.java201appendBinary(op,binOp);
projects/Closure51/src/com/google/javascript/jscomp/CodeConsumer.java201append(op);
