bugid	buggy	buggy_class	suspiciousness	buggy_line	endbuggycode	original_failing_test_number	action	patch	original_buggy	execution_result	diagnosis	previous_bug_id	new_failing_test_number	this_action
1	[BUG]  [BUGGY]  gcd  =  num.divide(gcd);  [CE]  cannot  assign  a  value  to  final  variable  gcd  [FE]        AssertionError    [CONTEXT]    if  (BigInteger.ZERO.equals(num))  {  numerator  =  BigInteger.ZERO;  denominator  =  BigInteger.ONE;  }  else  {  final  BigInteger  gcd  =  num.gcd(den);  if  (BigInteger.ONE.compareTo(gcd)  <  0)  {    [BUGGY]  gcd  =  num.divide(gcd);  [BUGGY]    num  =  num.divide(gcd);  den  =  den.divide(gcd);  }  if  (BigInteger.ZERO.compareTo(den)  >  0)  {  num  =  num.negate();  den  =  den.negate();  }    [CLASS]  BigFraction  [METHOD]  <init>  [RETURN_TYPE]  BigInteger)  BigInteger  num  BigInteger  den  [VARIABLES]  BigInteger  ONE_HUNDRED  den  denominator  gcd  num  numerator  boolean  BigFraction  FOUR_FIFTHS  MINUS_ONE  ONE  ONE_FIFTH  ONE_HALF  ONE_QUARTER  ONE_THIRD  THREE_FIFTHS  THREE_QUARTERS  TWO  TWO_FIFTHS  TWO_QUARTERS  TWO_THIRDS  ZERO  long  serialVersionUID  	projects/Math36/src/main/java/org/apache/commons/math/fraction/BigFraction.java	0.2721655269759087	133	133	2	replace	gcd  =  num.divide(gcd);	      gcd    =    gcd.divide(den);    	non-compiled	[CE]  cannot  assign  a  value  to  final  variable  gcd	19	None	replace
2	[BUG]  [BUGGY]  gcd  =  gen.divide(gcd);  [CE]  cannot  assign  a  value  to  final  variable  gcd  [FE]          AssertionError    [CONTEXT]    if  (BigInteger.ZERO.equals(num))  {  numerator  =  BigInteger.ZERO;  denominator  =  BigInteger.ONE;  }  else  {  final  BigInteger  gcd  =  num.gcd(den);  if  (BigInteger.ONE.compareTo(gcd)  <  0)  {    [BUGGY]  gcd  =  gen.divide(gcd);  [BUGGY]    num  =  num.divide(gcd);  den  =  den.divide(gcd);  }  if  (BigInteger.ZERO.compareTo(den)  >  0)  {  num  =  num.negate();  den  =  den.negate();  }    [CLASS]  BigFraction  [METHOD]  <init>  [RETURN_TYPE]  BigInteger)  BigInteger  num  BigInteger  den  [VARIABLES]  BigInteger  ONE_HUNDRED  den  denominator  gcd  num  numerator  boolean  BigFraction  FOUR_FIFTHS  MINUS_ONE  ONE  ONE_FIFTH  ONE_HALF  ONE_QUARTER  ONE_THIRD  THREE_FIFTHS  THREE_QUARTERS  TWO  TWO_FIFTHS  TWO_QUARTERS  TWO_THIRDS  ZERO  long  serialVersionUID  	projects/Math36/src/main/java/org/apache/commons/math/fraction/BigFraction.java	0.2721655269759087	133	133	2	replace	gcd  =  gen.divide(gcd);	      gcd    =    gcd.divide(den);    	non-compiled	[CE]  cannot  assign  a  value  to  final  variable  gcd	19	None	replace
3	[BUG]  [BUGGY]  gcd  =  denominator.divide(gcd);  [CE]  cannot  assign  a  value  to  final  variable  gcd  [FE]            AssertionError    [CONTEXT]    if  (BigInteger.ZERO.equals(num))  {  numerator  =  BigInteger.ZERO;  denominator  =  BigInteger.ONE;  }  else  {  final  BigInteger  gcd  =  num.gcd(den);  if  (BigInteger.ONE.compareTo(gcd)  <  0)  {    [BUGGY]  gcd  =  denominator.divide(gcd);  [BUGGY]    num  =  num.divide(gcd);  den  =  den.divide(gcd);  }  if  (BigInteger.ZERO.compareTo(den)  >  0)  {  num  =  num.negate();  den  =  den.negate();  }    [CLASS]  BigFraction  [METHOD]  <init>  [RETURN_TYPE]  BigInteger)  BigInteger  num  BigInteger  den  [VARIABLES]  BigInteger  ONE_HUNDRED  den  denominator  gcd  num  numerator  boolean  BigFraction  FOUR_FIFTHS  MINUS_ONE  ONE  ONE_FIFTH  ONE_HALF  ONE_QUARTER  ONE_THIRD  THREE_FIFTHS  THREE_QUARTERS  TWO  TWO_FIFTHS  TWO_QUARTERS  TWO_THIRDS  ZERO  long  serialVersionUID  	projects/Math36/src/main/java/org/apache/commons/math/fraction/BigFraction.java	0.2721655269759087	133	133	2	replace	gcd  =  denominator.divide(gcd);	      gcd    =    gcd.divide(den);    	non-compiled	[CE]  cannot  assign  a  value  to  final  variable  gcd	19	None	replace
4	[BUG]  [BUGGY]  num  =  numerator.divide(gcd);  den  =  den.divide(gcd);  [CE]  variable  numerator  might  not  have  been  initialized  [FE]            AssertionError    [CONTEXT]    if  (BigInteger.ZERO.equals(num))  {  numerator  =  BigInteger.ZERO;  denominator  =  BigInteger.ONE;  }  else  {  final  BigInteger  gcd  =  num.gcd(den);  if  (BigInteger.ONE.compareTo(gcd)  <  0)  {    [BUGGY]  num  =  numerator.divide(gcd);  den  =  den.divide(gcd);  [BUGGY]    num  =  num.divide(gcd);  den  =  den.divide(gcd);  }  if  (BigInteger.ZERO.compareTo(den)  >  0)  {  num  =  num.negate();  den  =  den.negate();  }    [CLASS]  BigFraction  [METHOD]  <init>  [RETURN_TYPE]  BigInteger)  BigInteger  num  BigInteger  den  [VARIABLES]  BigInteger  ONE_HUNDRED  den  denominator  gcd  num  numerator  boolean  BigFraction  FOUR_FIFTHS  MINUS_ONE  ONE  ONE_FIFTH  ONE_HALF  ONE_QUARTER  ONE_THIRD  THREE_FIFTHS  THREE_QUARTERS  TWO  TWO_FIFTHS  TWO_QUARTERS  TWO_THIRDS  ZERO  long  serialVersionUID  	projects/Math36/src/main/java/org/apache/commons/math/fraction/BigFraction.java	0.2721655269759087	133	133	2	replace	num  =  numerator.divide(gcd);  den  =  den.divide(gcd);	      num    =    num.divide(gcd);    den    =    numerator.divide(gcd);    	non-compiled	[CE]  variable  numerator  might  not  have  been  initialized	15	None	replace
5	[BUG]  [BUGGY]  num  =  denominator.divide(gcd);  den  =  numerator.divide(gcd);  [CE]  variable  denominator  might  not  have  been  initialized  [FE]              AssertionError    [CONTEXT]    if  (BigInteger.ZERO.equals(num))  {  numerator  =  BigInteger.ZERO;  denominator  =  BigInteger.ONE;  }  else  {  final  BigInteger  gcd  =  num.gcd(den);  if  (BigInteger.ONE.compareTo(gcd)  <  0)  {    [BUGGY]  num  =  denominator.divide(gcd);  den  =  numerator.divide(gcd);  [BUGGY]    num  =  num.divide(gcd);  den  =  den.divide(gcd);  }  if  (BigInteger.ZERO.compareTo(den)  >  0)  {  num  =  num.negate();  den  =  den.negate();  }    [CLASS]  BigFraction  [METHOD]  <init>  [RETURN_TYPE]  BigInteger)  BigInteger  num  BigInteger  den  [VARIABLES]  BigInteger  ONE_HUNDRED  den  denominator  gcd  num  numerator  boolean  BigFraction  FOUR_FIFTHS  MINUS_ONE  ONE  ONE_FIFTH  ONE_HALF  ONE_QUARTER  ONE_THIRD  THREE_FIFTHS  THREE_QUARTERS  TWO  TWO_FIFTHS  TWO_QUARTERS  TWO_THIRDS  ZERO  long  serialVersionUID  	projects/Math36/src/main/java/org/apache/commons/math/fraction/BigFraction.java	0.2721655269759087	133	133	2	replace	num  =  denominator.divide(gcd);  den  =  numerator.divide(gcd);	      num    =    num.divide(gcd);    den    =    numerator.divide(gcd);    	non-compiled	[CE]  variable  denominator  might  not  have  been  initialized	15	None	replace
6	[BUG]  [BUGGY]  [FE]  AssertionError  [FE]    AssertionError    [CONTEXT]    if  (BigInteger.ZERO.equals(num))  {  numerator  =  BigInteger.ZERO;  denominator  =  BigInteger.ONE;  }  else  {  final  BigInteger  gcd  =  num.gcd(den);  if  (BigInteger.ONE.compareTo(gcd)  <  0)  {    [BUGGY]  num  =  num.negate();  num  =  num.negate();  [BUGGY]    den  =  den.divide(gcd);  }  if  (BigInteger.ZERO.compareTo(den)  >  0)  {  num  =  num.negate();  den  =  den.negate();  }    [CLASS]  BigFraction  [METHOD]  <init>  [RETURN_TYPE]  BigInteger)  BigInteger  num  BigInteger  den  [VARIABLES]  BigInteger  ONE_HUNDRED  den  denominator  gcd  num  numerator  boolean  BigFraction  FOUR_FIFTHS  MINUS_ONE  ONE  ONE_FIFTH  ONE_HALF  ONE_QUARTER  ONE_THIRD  THREE_FIFTHS  THREE_QUARTERS  TWO  TWO_FIFTHS  TWO_QUARTERS  TWO_THIRDS  ZERO  long  serialVersionUID  	projects/Math36/src/main/java/org/apache/commons/math/fraction/BigFraction.java	0.2721655269759087	133	133	2	add	num    =    num.negate();    num  =  num.negate();	  	compilable	  [FE]  AssertionError  	17	2	add
7	[BUG]  [BUGGY]  num  =  num.negate();  num  =  num.negate();  [FE]  AssertionError  [FE]    AssertionError    [CONTEXT]    if  (BigInteger.ZERO.equals(num))  {  numerator  =  BigInteger.ZERO;  denominator  =  BigInteger.ONE;  }  else  {  final  BigInteger  gcd  =  num.gcd(den);  if  (BigInteger.ONE.compareTo(gcd)  <  0)  {    [BUGGY]  num  =  num.negate();  num  =  num.negate();  [BUGGY]    den  =  den.divide(gcd);  }  if  (BigInteger.ZERO.compareTo(den)  >  0)  {  num  =  num.negate();  den  =  den.negate();  }    [CLASS]  BigFraction  [METHOD]  <init>  [RETURN_TYPE]  BigInteger)  BigInteger  num  BigInteger  den  [VARIABLES]  BigInteger  ONE_HUNDRED  den  denominator  gcd  num  numerator  boolean  BigFraction  FOUR_FIFTHS  MINUS_ONE  ONE  ONE_FIFTH  ONE_HALF  ONE_QUARTER  ONE_THIRD  THREE_FIFTHS  THREE_QUARTERS  TWO  TWO_FIFTHS  TWO_QUARTERS  TWO_THIRDS  ZERO  long  serialVersionUID  	projects/Math36/src/main/java/org/apache/commons/math/fraction/BigFraction.java	0.2721655269759087	133	133	2	replace	num    =    num.negate();    num  =  num.negate();	  	compilable	  [FE]  AssertionError  	17	2	add
8	[BUG]  [BUGGY]  num  =  num.negate();  int  num  =  num.negate();  [CE]  variable  num  is  already  defined  in  constructor  BigFraction(BigInteger,BigInteger)  [FE]      AssertionError    [CONTEXT]    if  (BigInteger.ZERO.equals(num))  {  numerator  =  BigInteger.ZERO;  denominator  =  BigInteger.ONE;  }  else  {  final  BigInteger  gcd  =  num.gcd(den);  if  (BigInteger.ONE.compareTo(gcd)  <  0)  {    [BUGGY]  num  =  num.negate();  int  num  =  num.negate();  [BUGGY]    den  =  den.divide(gcd);  }  if  (BigInteger.ZERO.compareTo(den)  >  0)  {  num  =  num.negate();  den  =  den.negate();  }    [CLASS]  BigFraction  [METHOD]  <init>  [RETURN_TYPE]  BigInteger)  BigInteger  num  BigInteger  den  [VARIABLES]  BigInteger  ONE_HUNDRED  den  denominator  gcd  num  numerator  boolean  BigFraction  FOUR_FIFTHS  MINUS_ONE  ONE  ONE_FIFTH  ONE_HALF  ONE_QUARTER  ONE_THIRD  THREE_FIFTHS  THREE_QUARTERS  TWO  TWO_FIFTHS  TWO_QUARTERS  TWO_THIRDS  ZERO  long  serialVersionUID  	projects/Math36/src/main/java/org/apache/commons/math/fraction/BigFraction.java	0.2721655269759087	133	133	2	replace	num    =    num.negate();    int  num  =  num.negate();	  	non-compiled	[CE]  variable  num  is  already  defined  in  constructor  BigFraction(BigInteger,BigInteger)	17	None	add
9	[BUG]  [BUGGY]  num  =  num.negate();  num  =  num.enegate();  [CE]  cannot  find  symbol  [FE]        AssertionError    [CONTEXT]    if  (BigInteger.ZERO.equals(num))  {  numerator  =  BigInteger.ZERO;  denominator  =  BigInteger.ONE;  }  else  {  final  BigInteger  gcd  =  num.gcd(den);  if  (BigInteger.ONE.compareTo(gcd)  <  0)  {    [BUGGY]  num  =  num.negate();  num  =  num.enegate();  [BUGGY]    den  =  den.divide(gcd);  }  if  (BigInteger.ZERO.compareTo(den)  >  0)  {  num  =  num.negate();  den  =  den.negate();  }    [CLASS]  BigFraction  [METHOD]  <init>  [RETURN_TYPE]  BigInteger)  BigInteger  num  BigInteger  den  [VARIABLES]  BigInteger  ONE_HUNDRED  den  denominator  gcd  num  numerator  boolean  BigFraction  FOUR_FIFTHS  MINUS_ONE  ONE  ONE_FIFTH  ONE_HALF  ONE_QUARTER  ONE_THIRD  THREE_FIFTHS  THREE_QUARTERS  TWO  TWO_FIFTHS  TWO_QUARTERS  TWO_THIRDS  ZERO  long  serialVersionUID  	projects/Math36/src/main/java/org/apache/commons/math/fraction/BigFraction.java	0.2721655269759087	133	133	2	replace	num    =    num.negate();    num  =  num.enegate();	  	non-compiled	[CE]  cannot  find  symbol	17	None	add
10	[BUG]  [BUGGY]  num  =  num.negate();  num  =  num.megate();  [CE]  cannot  find  symbol  [FE]          AssertionError    [CONTEXT]    if  (BigInteger.ZERO.equals(num))  {  numerator  =  BigInteger.ZERO;  denominator  =  BigInteger.ONE;  }  else  {  final  BigInteger  gcd  =  num.gcd(den);  if  (BigInteger.ONE.compareTo(gcd)  <  0)  {    [BUGGY]  num  =  num.negate();  num  =  num.megate();  [BUGGY]    den  =  den.divide(gcd);  }  if  (BigInteger.ZERO.compareTo(den)  >  0)  {  num  =  num.negate();  den  =  den.negate();  }    [CLASS]  BigFraction  [METHOD]  <init>  [RETURN_TYPE]  BigInteger)  BigInteger  num  BigInteger  den  [VARIABLES]  BigInteger  ONE_HUNDRED  den  denominator  gcd  num  numerator  boolean  BigFraction  FOUR_FIFTHS  MINUS_ONE  ONE  ONE_FIFTH  ONE_HALF  ONE_QUARTER  ONE_THIRD  THREE_FIFTHS  THREE_QUARTERS  TWO  TWO_FIFTHS  TWO_QUARTERS  TWO_THIRDS  ZERO  long  serialVersionUID  	projects/Math36/src/main/java/org/apache/commons/math/fraction/BigFraction.java	0.2721655269759087	133	133	2	replace	num    =    num.negate();    num  =  num.megate();	  	non-compiled	[CE]  cannot  find  symbol	17	None	add
11	[BUG]  [BUGGY]  num  =  num.negate();  num  =  num.egate();  [CE]  cannot  find  symbol  [FE]            AssertionError    [CONTEXT]    if  (BigInteger.ZERO.equals(num))  {  numerator  =  BigInteger.ZERO;  denominator  =  BigInteger.ONE;  }  else  {  final  BigInteger  gcd  =  num.gcd(den);  if  (BigInteger.ONE.compareTo(gcd)  <  0)  {    [BUGGY]  num  =  num.negate();  num  =  num.egate();  [BUGGY]    den  =  den.divide(gcd);  }  if  (BigInteger.ZERO.compareTo(den)  >  0)  {  num  =  num.negate();  den  =  den.negate();  }    [CLASS]  BigFraction  [METHOD]  <init>  [RETURN_TYPE]  BigInteger)  BigInteger  num  BigInteger  den  [VARIABLES]  BigInteger  ONE_HUNDRED  den  denominator  gcd  num  numerator  boolean  BigFraction  FOUR_FIFTHS  MINUS_ONE  ONE  ONE_FIFTH  ONE_HALF  ONE_QUARTER  ONE_THIRD  THREE_FIFTHS  THREE_QUARTERS  TWO  TWO_FIFTHS  TWO_QUARTERS  TWO_THIRDS  ZERO  long  serialVersionUID  	projects/Math36/src/main/java/org/apache/commons/math/fraction/BigFraction.java	0.2721655269759087	133	133	2	replace	num    =    num.negate();    num  =  num.egate();	  	non-compiled	[CE]  cannot  find  symbol	17	None	add
12	[BUG]  [BUGGY]  BigInteger  den  =  denominator.divide(gcd);  [CE]  variable  den  is  already  defined  in  constructor  BigFraction(BigInteger,BigInteger)  [FE]          AssertionError    [CONTEXT]    if  (BigInteger.ZERO.equals(num))  {  numerator  =  BigInteger.ZERO;  denominator  =  BigInteger.ONE;  }  else  {  final  BigInteger  gcd  =  num.gcd(den);  if  (BigInteger.ONE.compareTo(gcd)  <  0)  {    [BUGGY]  BigInteger  den  =  denominator.divide(gcd);  [BUGGY]    num  =  num.divide(gcd);  den  =  den.divide(gcd);  }  if  (BigInteger.ZERO.compareTo(den)  >  0)  {  num  =  num.negate();  den  =  den.negate();  }    [CLASS]  BigFraction  [METHOD]  <init>  [RETURN_TYPE]  BigInteger)  BigInteger  num  BigInteger  den  [VARIABLES]  BigInteger  ONE_HUNDRED  den  denominator  gcd  num  numerator  boolean  BigFraction  FOUR_FIFTHS  MINUS_ONE  ONE  ONE_FIFTH  ONE_HALF  ONE_QUARTER  ONE_THIRD  THREE_FIFTHS  THREE_QUARTERS  TWO  TWO_FIFTHS  TWO_QUARTERS  TWO_THIRDS  ZERO  long  serialVersionUID  	projects/Math36/src/main/java/org/apache/commons/math/fraction/BigFraction.java	0.2721655269759087	133	133	2	replace	BigInteger  den  =  denominator.divide(gcd);	      BigInteger    den    =    numerator.divide(gcd);    	non-compiled	[CE]  variable  den  is  already  defined  in  constructor  BigFraction(BigInteger,BigInteger)	14	None	replace
13	[BUG]  [BUGGY]  BigInteger  den  =  numerator.divide(gcd,  denominator);  [CE]  variable  den  is  already  defined  in  constructor  BigFraction(BigInteger,BigInteger)  [FE]            AssertionError    [CONTEXT]    if  (BigInteger.ZERO.equals(num))  {  numerator  =  BigInteger.ZERO;  denominator  =  BigInteger.ONE;  }  else  {  final  BigInteger  gcd  =  num.gcd(den);  if  (BigInteger.ONE.compareTo(gcd)  <  0)  {    [BUGGY]  BigInteger  den  =  numerator.divide(gcd,  denominator);  [BUGGY]    num  =  num.divide(gcd);  den  =  den.divide(gcd);  }  if  (BigInteger.ZERO.compareTo(den)  >  0)  {  num  =  num.negate();  den  =  den.negate();  }    [CLASS]  BigFraction  [METHOD]  <init>  [RETURN_TYPE]  BigInteger)  BigInteger  num  BigInteger  den  [VARIABLES]  BigInteger  ONE_HUNDRED  den  denominator  gcd  num  numerator  boolean  BigFraction  FOUR_FIFTHS  MINUS_ONE  ONE  ONE_FIFTH  ONE_HALF  ONE_QUARTER  ONE_THIRD  THREE_FIFTHS  THREE_QUARTERS  TWO  TWO_FIFTHS  TWO_QUARTERS  TWO_THIRDS  ZERO  long  serialVersionUID  	projects/Math36/src/main/java/org/apache/commons/math/fraction/BigFraction.java	0.2721655269759087	133	133	2	replace	BigInteger  den  =  numerator.divide(gcd,  denominator);	      BigInteger    den    =    numerator.divide(gcd);    	non-compiled	[CE]  variable  den  is  already  defined  in  constructor  BigFraction(BigInteger,BigInteger)	14	None	replace
14	[BUG]  [BUGGY]  BigInteger  den  =  gcd.divide(numerator);  [CE]  variable  den  is  already  defined  in  constructor  BigFraction(BigInteger,BigInteger)  [FE]              AssertionError    [CONTEXT]    if  (BigInteger.ZERO.equals(num))  {  numerator  =  BigInteger.ZERO;  denominator  =  BigInteger.ONE;  }  else  {  final  BigInteger  gcd  =  num.gcd(den);  if  (BigInteger.ONE.compareTo(gcd)  <  0)  {    [BUGGY]  BigInteger  den  =  gcd.divide(numerator);  [BUGGY]    num  =  num.divide(gcd);  den  =  den.divide(gcd);  }  if  (BigInteger.ZERO.compareTo(den)  >  0)  {  num  =  num.negate();  den  =  den.negate();  }    [CLASS]  BigFraction  [METHOD]  <init>  [RETURN_TYPE]  BigInteger)  BigInteger  num  BigInteger  den  [VARIABLES]  BigInteger  ONE_HUNDRED  den  denominator  gcd  num  numerator  boolean  BigFraction  FOUR_FIFTHS  MINUS_ONE  ONE  ONE_FIFTH  ONE_HALF  ONE_QUARTER  ONE_THIRD  THREE_FIFTHS  THREE_QUARTERS  TWO  TWO_FIFTHS  TWO_QUARTERS  TWO_THIRDS  ZERO  long  serialVersionUID  	projects/Math36/src/main/java/org/apache/commons/math/fraction/BigFraction.java	0.2721655269759087	133	133	2	replace	BigInteger  den  =  gcd.divide(numerator);	      BigInteger    den    =    numerator.divide(gcd);    	non-compiled	[CE]  variable  den  is  already  defined  in  constructor  BigFraction(BigInteger,BigInteger)	14	None	replace
15	[BUG]  [BUGGY]  [FE]  AssertionError  [FE]    AssertionError    [CONTEXT]    if  (BigInteger.ZERO.equals(num))  {  numerator  =  BigInteger.ZERO;  denominator  =  BigInteger.ONE;  }  else  {  final  BigInteger  gcd  =  num.gcd(den);  if  (BigInteger.ONE.compareTo(gcd)  <  0)  {    [BUGGY]      num  =  num.divide(gcd);  num  =  num.divide(gcd);  [BUGGY]    num  =  num.divide(gcd);  den  =  den.divide(gcd);  }  if  (BigInteger.ZERO.compareTo(den)  >  0)  {  num  =  num.negate();  den  =  den.negate();  }    [CLASS]  BigFraction  [METHOD]  <init>  [RETURN_TYPE]  BigInteger)  BigInteger  num  BigInteger  den  [VARIABLES]  BigInteger  ONE_HUNDRED  den  denominator  gcd  num  numerator  boolean  BigFraction  FOUR_FIFTHS  MINUS_ONE  ONE  ONE_FIFTH  ONE_HALF  ONE_QUARTER  ONE_THIRD  THREE_FIFTHS  THREE_QUARTERS  TWO  TWO_FIFTHS  TWO_QUARTERS  TWO_THIRDS  ZERO  long  serialVersionUID  	projects/Math36/src/main/java/org/apache/commons/math/fraction/BigFraction.java	0.2721655269759087	133	133	2	add	        num    =    num.divide(gcd);    num  =  num.divide(gcd);	  	compilable	  [FE]  AssertionError  	6	11	add
16	[BUG]  [BUGGY]      num  =  num.divide(gcd);  num  =  num.divide(gcd);  [FE]  AssertionError  [FE]    AssertionError    [CONTEXT]    if  (BigInteger.ZERO.equals(num))  {  numerator  =  BigInteger.ZERO;  denominator  =  BigInteger.ONE;  }  else  {  final  BigInteger  gcd  =  num.gcd(den);  if  (BigInteger.ONE.compareTo(gcd)  <  0)  {    [BUGGY]      num  =  num.divide(gcd);  num  =  num.divide(gcd);  [BUGGY]    num  =  num.divide(gcd);  den  =  den.divide(gcd);  }  if  (BigInteger.ZERO.compareTo(den)  >  0)  {  num  =  num.negate();  den  =  den.negate();  }    [CLASS]  BigFraction  [METHOD]  <init>  [RETURN_TYPE]  BigInteger)  BigInteger  num  BigInteger  den  [VARIABLES]  BigInteger  ONE_HUNDRED  den  denominator  gcd  num  numerator  boolean  BigFraction  FOUR_FIFTHS  MINUS_ONE  ONE  ONE_FIFTH  ONE_HALF  ONE_QUARTER  ONE_THIRD  THREE_FIFTHS  THREE_QUARTERS  TWO  TWO_FIFTHS  TWO_QUARTERS  TWO_THIRDS  ZERO  long  serialVersionUID  	projects/Math36/src/main/java/org/apache/commons/math/fraction/BigFraction.java	0.2721655269759087	133	133	2	replace	        num    =    num.divide(gcd);    num  =  num.divide(gcd);	  	compilable	  [FE]  AssertionError  	6	11	add
17	[BUG]  [BUGGY]  [FE]  AssertionError  [FE]      AssertionError    [CONTEXT]    if  (BigInteger.ZERO.equals(num))  {  numerator  =  BigInteger.ZERO;  denominator  =  BigInteger.ONE;  }  else  {  final  BigInteger  gcd  =  num.gcd(den);  if  (BigInteger.ONE.compareTo(gcd)  <  0)  {    [BUGGY]      num  =  num.divide(gcd);  num  =  num.multiply(gcd);  [BUGGY]    num  =  num.divide(gcd);  den  =  den.divide(gcd);  }  if  (BigInteger.ZERO.compareTo(den)  >  0)  {  num  =  num.negate();  den  =  den.negate();  }    [CLASS]  BigFraction  [METHOD]  <init>  [RETURN_TYPE]  BigInteger)  BigInteger  num  BigInteger  den  [VARIABLES]  BigInteger  ONE_HUNDRED  den  denominator  gcd  num  numerator  boolean  BigFraction  FOUR_FIFTHS  MINUS_ONE  ONE  ONE_FIFTH  ONE_HALF  ONE_QUARTER  ONE_THIRD  THREE_FIFTHS  THREE_QUARTERS  TWO  TWO_FIFTHS  TWO_QUARTERS  TWO_THIRDS  ZERO  long  serialVersionUID  	projects/Math36/src/main/java/org/apache/commons/math/fraction/BigFraction.java	0.2721655269759087	133	133	2	add	        num    =    num.divide(gcd);    num  =  num.multiply(gcd);	  	compilable	  [FE]  AssertionError  	6	2	add
18	[BUG]  [BUGGY]      num  =  num.divide(gcd);  num  =  num.multiply(gcd);  [FE]  AssertionError  [FE]      AssertionError    [CONTEXT]    if  (BigInteger.ZERO.equals(num))  {  numerator  =  BigInteger.ZERO;  denominator  =  BigInteger.ONE;  }  else  {  final  BigInteger  gcd  =  num.gcd(den);  if  (BigInteger.ONE.compareTo(gcd)  <  0)  {    [BUGGY]      num  =  num.divide(gcd);  num  =  num.multiply(gcd);  [BUGGY]    num  =  num.divide(gcd);  den  =  den.divide(gcd);  }  if  (BigInteger.ZERO.compareTo(den)  >  0)  {  num  =  num.negate();  den  =  den.negate();  }    [CLASS]  BigFraction  [METHOD]  <init>  [RETURN_TYPE]  BigInteger)  BigInteger  num  BigInteger  den  [VARIABLES]  BigInteger  ONE_HUNDRED  den  denominator  gcd  num  numerator  boolean  BigFraction  FOUR_FIFTHS  MINUS_ONE  ONE  ONE_FIFTH  ONE_HALF  ONE_QUARTER  ONE_THIRD  THREE_FIFTHS  THREE_QUARTERS  TWO  TWO_FIFTHS  TWO_QUARTERS  TWO_THIRDS  ZERO  long  serialVersionUID  	projects/Math36/src/main/java/org/apache/commons/math/fraction/BigFraction.java	0.2721655269759087	133	133	2	replace	        num    =    num.divide(gcd);    num  =  num.multiply(gcd);	  	compilable	  [FE]  AssertionError  	6	2	add
19	[BUG]  [BUGGY]      num  =  num.divide(gcd);  num  =  num.parse(gcd);  [CE]  cannot  find  symbol  [FE]        AssertionError    [CONTEXT]    if  (BigInteger.ZERO.equals(num))  {  numerator  =  BigInteger.ZERO;  denominator  =  BigInteger.ONE;  }  else  {  final  BigInteger  gcd  =  num.gcd(den);  if  (BigInteger.ONE.compareTo(gcd)  <  0)  {    [BUGGY]      num  =  num.divide(gcd);  num  =  num.parse(gcd);  [BUGGY]    num  =  num.divide(gcd);  den  =  den.divide(gcd);  }  if  (BigInteger.ZERO.compareTo(den)  >  0)  {  num  =  num.negate();  den  =  den.negate();  }    [CLASS]  BigFraction  [METHOD]  <init>  [RETURN_TYPE]  BigInteger)  BigInteger  num  BigInteger  den  [VARIABLES]  BigInteger  ONE_HUNDRED  den  denominator  gcd  num  numerator  boolean  BigFraction  FOUR_FIFTHS  MINUS_ONE  ONE  ONE_FIFTH  ONE_HALF  ONE_QUARTER  ONE_THIRD  THREE_FIFTHS  THREE_QUARTERS  TWO  TWO_FIFTHS  TWO_QUARTERS  TWO_THIRDS  ZERO  long  serialVersionUID  	projects/Math36/src/main/java/org/apache/commons/math/fraction/BigFraction.java	0.2721655269759087	133	133	2	replace	        num    =    num.divide(gcd);    num  =  num.parse(gcd);	  	non-compiled	[CE]  cannot  find  symbol	6	None	add
20	[BUG]  [BUGGY]      num  =  num.divide(gcd);  num  =  num.indexOf(gcd);  [CE]  cannot  find  symbol  [FE]          AssertionError    [CONTEXT]    if  (BigInteger.ZERO.equals(num))  {  numerator  =  BigInteger.ZERO;  denominator  =  BigInteger.ONE;  }  else  {  final  BigInteger  gcd  =  num.gcd(den);  if  (BigInteger.ONE.compareTo(gcd)  <  0)  {    [BUGGY]      num  =  num.divide(gcd);  num  =  num.indexOf(gcd);  [BUGGY]    num  =  num.divide(gcd);  den  =  den.divide(gcd);  }  if  (BigInteger.ZERO.compareTo(den)  >  0)  {  num  =  num.negate();  den  =  den.negate();  }    [CLASS]  BigFraction  [METHOD]  <init>  [RETURN_TYPE]  BigInteger)  BigInteger  num  BigInteger  den  [VARIABLES]  BigInteger  ONE_HUNDRED  den  denominator  gcd  num  numerator  boolean  BigFraction  FOUR_FIFTHS  MINUS_ONE  ONE  ONE_FIFTH  ONE_HALF  ONE_QUARTER  ONE_THIRD  THREE_FIFTHS  THREE_QUARTERS  TWO  TWO_FIFTHS  TWO_QUARTERS  TWO_THIRDS  ZERO  long  serialVersionUID  	projects/Math36/src/main/java/org/apache/commons/math/fraction/BigFraction.java	0.2721655269759087	133	133	2	replace	        num    =    num.divide(gcd);    num  =  num.indexOf(gcd);	  	non-compiled	[CE]  cannot  find  symbol	6	None	add
21	[BUG]  [BUGGY]      num  =  num.divide(gcd);  num  =  num.divide(gcd));  [CE]  ';'  expected  [FE]            AssertionError    [CONTEXT]    if  (BigInteger.ZERO.equals(num))  {  numerator  =  BigInteger.ZERO;  denominator  =  BigInteger.ONE;  }  else  {  final  BigInteger  gcd  =  num.gcd(den);  if  (BigInteger.ONE.compareTo(gcd)  <  0)  {    [BUGGY]      num  =  num.divide(gcd);  num  =  num.divide(gcd));  [BUGGY]    num  =  num.divide(gcd);  den  =  den.divide(gcd);  }  if  (BigInteger.ZERO.compareTo(den)  >  0)  {  num  =  num.negate();  den  =  den.negate();  }    [CLASS]  BigFraction  [METHOD]  <init>  [RETURN_TYPE]  BigInteger)  BigInteger  num  BigInteger  den  [VARIABLES]  BigInteger  ONE_HUNDRED  den  denominator  gcd  num  numerator  boolean  BigFraction  FOUR_FIFTHS  MINUS_ONE  ONE  ONE_FIFTH  ONE_HALF  ONE_QUARTER  ONE_THIRD  THREE_FIFTHS  THREE_QUARTERS  TWO  TWO_FIFTHS  TWO_QUARTERS  TWO_THIRDS  ZERO  long  serialVersionUID  	projects/Math36/src/main/java/org/apache/commons/math/fraction/BigFraction.java	0.2721655269759087	133	133	2	replace	        num    =    num.divide(gcd);    num  =  num.divide(gcd));	  	non-compiled	[CE]  ';'  expected	6	None	add
22	[BUG]  [BUGGY]  [FE]  AssertionError  [FE]    AssertionError    [CONTEXT]    if  (BigInteger.ZERO.equals(num))  {  numerator  =  BigInteger.ZERO;  denominator  =  BigInteger.ONE;  }  else  {  final  BigInteger  gcd  =  num.gcd(den);  if  (BigInteger.ONE.compareTo(gcd)  <  0)  {    [BUGGY]  num  =  num.multiply(gcd);  num  =  num.multiply(gcd);  [BUGGY]    den  =  den.divide(gcd);  }  if  (BigInteger.ZERO.compareTo(den)  >  0)  {  num  =  num.negate();  den  =  den.negate();  }    [CLASS]  BigFraction  [METHOD]  <init>  [RETURN_TYPE]  BigInteger)  BigInteger  num  BigInteger  den  [VARIABLES]  BigInteger  ONE_HUNDRED  den  denominator  gcd  num  numerator  boolean  BigFraction  FOUR_FIFTHS  MINUS_ONE  ONE  ONE_FIFTH  ONE_HALF  ONE_QUARTER  ONE_THIRD  THREE_FIFTHS  THREE_QUARTERS  TWO  TWO_FIFTHS  TWO_QUARTERS  TWO_THIRDS  ZERO  long  serialVersionUID  	projects/Math36/src/main/java/org/apache/commons/math/fraction/BigFraction.java	0.2721655269759087	133	133	2	add	num    =    num.multiply(gcd);    num  =  num.multiply(gcd);	  	compilable	  [FE]  AssertionError  	11	11	add
23	[BUG]  [BUGGY]  num  =  num.multiply(gcd);  num  =  num.multiply(gcd);  [FE]  AssertionError  [FE]    AssertionError    [CONTEXT]    if  (BigInteger.ZERO.equals(num))  {  numerator  =  BigInteger.ZERO;  denominator  =  BigInteger.ONE;  }  else  {  final  BigInteger  gcd  =  num.gcd(den);  if  (BigInteger.ONE.compareTo(gcd)  <  0)  {    [BUGGY]  num  =  num.multiply(gcd);  num  =  num.multiply(gcd);  [BUGGY]    den  =  den.divide(gcd);  }  if  (BigInteger.ZERO.compareTo(den)  >  0)  {  num  =  num.negate();  den  =  den.negate();  }    [CLASS]  BigFraction  [METHOD]  <init>  [RETURN_TYPE]  BigInteger)  BigInteger  num  BigInteger  den  [VARIABLES]  BigInteger  ONE_HUNDRED  den  denominator  gcd  num  numerator  boolean  BigFraction  FOUR_FIFTHS  MINUS_ONE  ONE  ONE_FIFTH  ONE_HALF  ONE_QUARTER  ONE_THIRD  THREE_FIFTHS  THREE_QUARTERS  TWO  TWO_FIFTHS  TWO_QUARTERS  TWO_THIRDS  ZERO  long  serialVersionUID  	projects/Math36/src/main/java/org/apache/commons/math/fraction/BigFraction.java	0.2721655269759087	133	133	2	replace	num    =    num.multiply(gcd);    num  =  num.multiply(gcd);	  	compilable	  [FE]  AssertionError  	11	11	add
24	[BUG]  [BUGGY]  num  =  num.multiply(gcd);  int  num  =  num.multiply(gcd);  [CE]  variable  num  is  already  defined  in  constructor  BigFraction(BigInteger,BigInteger)  [FE]      AssertionError    [CONTEXT]    if  (BigInteger.ZERO.equals(num))  {  numerator  =  BigInteger.ZERO;  denominator  =  BigInteger.ONE;  }  else  {  final  BigInteger  gcd  =  num.gcd(den);  if  (BigInteger.ONE.compareTo(gcd)  <  0)  {    [BUGGY]  num  =  num.multiply(gcd);  int  num  =  num.multiply(gcd);  [BUGGY]    den  =  den.divide(gcd);  }  if  (BigInteger.ZERO.compareTo(den)  >  0)  {  num  =  num.negate();  den  =  den.negate();  }    [CLASS]  BigFraction  [METHOD]  <init>  [RETURN_TYPE]  BigInteger)  BigInteger  num  BigInteger  den  [VARIABLES]  BigInteger  ONE_HUNDRED  den  denominator  gcd  num  numerator  boolean  BigFraction  FOUR_FIFTHS  MINUS_ONE  ONE  ONE_FIFTH  ONE_HALF  ONE_QUARTER  ONE_THIRD  THREE_FIFTHS  THREE_QUARTERS  TWO  TWO_FIFTHS  TWO_QUARTERS  TWO_THIRDS  ZERO  long  serialVersionUID  	projects/Math36/src/main/java/org/apache/commons/math/fraction/BigFraction.java	0.2721655269759087	133	133	2	replace	num    =    num.multiply(gcd);    int  num  =  num.multiply(gcd);	  	non-compiled	[CE]  variable  num  is  already  defined  in  constructor  BigFraction(BigInteger,BigInteger)	11	None	add
25	[BUG]  [BUGGY]  num  =  num.multiply(gcd);  num  =  num.multiply(gcd));  [CE]  ';'  expected  [FE]        AssertionError    [CONTEXT]    if  (BigInteger.ZERO.equals(num))  {  numerator  =  BigInteger.ZERO;  denominator  =  BigInteger.ONE;  }  else  {  final  BigInteger  gcd  =  num.gcd(den);  if  (BigInteger.ONE.compareTo(gcd)  <  0)  {    [BUGGY]  num  =  num.multiply(gcd);  num  =  num.multiply(gcd));  [BUGGY]    den  =  den.divide(gcd);  }  if  (BigInteger.ZERO.compareTo(den)  >  0)  {  num  =  num.negate();  den  =  den.negate();  }    [CLASS]  BigFraction  [METHOD]  <init>  [RETURN_TYPE]  BigInteger)  BigInteger  num  BigInteger  den  [VARIABLES]  BigInteger  ONE_HUNDRED  den  denominator  gcd  num  numerator  boolean  BigFraction  FOUR_FIFTHS  MINUS_ONE  ONE  ONE_FIFTH  ONE_HALF  ONE_QUARTER  ONE_THIRD  THREE_FIFTHS  THREE_QUARTERS  TWO  TWO_FIFTHS  TWO_QUARTERS  TWO_THIRDS  ZERO  long  serialVersionUID  	projects/Math36/src/main/java/org/apache/commons/math/fraction/BigFraction.java	0.2721655269759087	133	133	2	replace	num    =    num.multiply(gcd);    num  =  num.multiply(gcd));	  	non-compiled	[CE]  ';'  expected	11	None	add
26	[BUG]  [BUGGY]  num  =  num.multiply(gcd);  num  =  num.Multiply(gcd);  [CE]  cannot  find  symbol  [FE]          AssertionError    [CONTEXT]    if  (BigInteger.ZERO.equals(num))  {  numerator  =  BigInteger.ZERO;  denominator  =  BigInteger.ONE;  }  else  {  final  BigInteger  gcd  =  num.gcd(den);  if  (BigInteger.ONE.compareTo(gcd)  <  0)  {    [BUGGY]  num  =  num.multiply(gcd);  num  =  num.Multiply(gcd);  [BUGGY]    den  =  den.divide(gcd);  }  if  (BigInteger.ZERO.compareTo(den)  >  0)  {  num  =  num.negate();  den  =  den.negate();  }    [CLASS]  BigFraction  [METHOD]  <init>  [RETURN_TYPE]  BigInteger)  BigInteger  num  BigInteger  den  [VARIABLES]  BigInteger  ONE_HUNDRED  den  denominator  gcd  num  numerator  boolean  BigFraction  FOUR_FIFTHS  MINUS_ONE  ONE  ONE_FIFTH  ONE_HALF  ONE_QUARTER  ONE_THIRD  THREE_FIFTHS  THREE_QUARTERS  TWO  TWO_FIFTHS  TWO_QUARTERS  TWO_THIRDS  ZERO  long  serialVersionUID  	projects/Math36/src/main/java/org/apache/commons/math/fraction/BigFraction.java	0.2721655269759087	133	133	2	replace	num    =    num.multiply(gcd);    num  =  num.Multiply(gcd);	  	non-compiled	[CE]  cannot  find  symbol	11	None	add
27	[BUG]  [BUGGY]  [FE]  AssertionError  [FE]              AssertionError    [CONTEXT]    if  (BigInteger.ZERO.equals(num))  {  numerator  =  BigInteger.ZERO;  denominator  =  BigInteger.ONE;  }  else  {  final  BigInteger  gcd  =  num.gcd(den);  if  (BigInteger.ONE.compareTo(gcd)  <  0)  {    [BUGGY]  num  =  gcd.divide(num);  den  =  den.divide(gcd);  [BUGGY]    num  =  num.divide(gcd);  den  =  den.divide(gcd);  }  if  (BigInteger.ZERO.compareTo(den)  >  0)  {  num  =  num.negate();  den  =  den.negate();  }    [CLASS]  BigFraction  [METHOD]  <init>  [RETURN_TYPE]  BigInteger)  BigInteger  num  BigInteger  den  [VARIABLES]  BigInteger  ONE_HUNDRED  den  denominator  gcd  num  numerator  boolean  BigFraction  FOUR_FIFTHS  MINUS_ONE  ONE  ONE_FIFTH  ONE_HALF  ONE_QUARTER  ONE_THIRD  THREE_FIFTHS  THREE_QUARTERS  TWO  TWO_FIFTHS  TWO_QUARTERS  TWO_THIRDS  ZERO  long  serialVersionUID  	projects/Math36/src/main/java/org/apache/commons/math/fraction/BigFraction.java	0.2721655269759087	133	133	2	add	num  =  gcd.divide(num);  den  =  den.divide(gcd);	      num    =    num.divide(gcd);    den    =    des.divide(gcd);    	compilable	  [FE]  AssertionError  	16	11	replace
28	[BUG]  [BUGGY]  num  =  gcd.divide(num);  den  =  den.divide(gcd);  [FE]  AssertionError  [FE]              AssertionError    [CONTEXT]    if  (BigInteger.ZERO.equals(num))  {  numerator  =  BigInteger.ZERO;  denominator  =  BigInteger.ONE;  }  else  {  final  BigInteger  gcd  =  num.gcd(den);  if  (BigInteger.ONE.compareTo(gcd)  <  0)  {    [BUGGY]  num  =  gcd.divide(num);  den  =  den.divide(gcd);  [BUGGY]    num  =  num.divide(gcd);  den  =  den.divide(gcd);  }  if  (BigInteger.ZERO.compareTo(den)  >  0)  {  num  =  num.negate();  den  =  den.negate();  }    [CLASS]  BigFraction  [METHOD]  <init>  [RETURN_TYPE]  BigInteger)  BigInteger  num  BigInteger  den  [VARIABLES]  BigInteger  ONE_HUNDRED  den  denominator  gcd  num  numerator  boolean  BigFraction  FOUR_FIFTHS  MINUS_ONE  ONE  ONE_FIFTH  ONE_HALF  ONE_QUARTER  ONE_THIRD  THREE_FIFTHS  THREE_QUARTERS  TWO  TWO_FIFTHS  TWO_QUARTERS  TWO_THIRDS  ZERO  long  serialVersionUID  	projects/Math36/src/main/java/org/apache/commons/math/fraction/BigFraction.java	0.2721655269759087	133	133	2	replace	num  =  gcd.divide(num);  den  =  den.divide(gcd);	      num    =    num.divide(gcd);    den    =    des.divide(gcd);    	compilable	  [FE]  AssertionError  	16	11	replace
29	[BUG]  [BUGGY]  num  =  gcd.divide(num);  den  =  des.divide(gcd);  [CE]  cannot  find  symbol  des  [FE]                AssertionError    [CONTEXT]    if  (BigInteger.ZERO.equals(num))  {  numerator  =  BigInteger.ZERO;  denominator  =  BigInteger.ONE;  }  else  {  final  BigInteger  gcd  =  num.gcd(den);  if  (BigInteger.ONE.compareTo(gcd)  <  0)  {    [BUGGY]  num  =  gcd.divide(num);  den  =  des.divide(gcd);  [BUGGY]    num  =  num.divide(gcd);  den  =  den.divide(gcd);  }  if  (BigInteger.ZERO.compareTo(den)  >  0)  {  num  =  num.negate();  den  =  den.negate();  }    [CLASS]  BigFraction  [METHOD]  <init>  [RETURN_TYPE]  BigInteger)  BigInteger  num  BigInteger  den  [VARIABLES]  BigInteger  ONE_HUNDRED  den  denominator  gcd  num  numerator  boolean  BigFraction  FOUR_FIFTHS  MINUS_ONE  ONE  ONE_FIFTH  ONE_HALF  ONE_QUARTER  ONE_THIRD  THREE_FIFTHS  THREE_QUARTERS  TWO  TWO_FIFTHS  TWO_QUARTERS  TWO_THIRDS  ZERO  long  serialVersionUID  	projects/Math36/src/main/java/org/apache/commons/math/fraction/BigFraction.java	0.2721655269759087	133	133	2	replace	num  =  gcd.divide(num);  den  =  des.divide(gcd);	      num    =    num.divide(gcd);    den    =    des.divide(gcd);    	non-compiled	[CE]  cannot  find  symbol  des	16	None	replace
30	[BUG]  [BUGGY]  [FE]  AssertionError  [FE]    AssertionError    [CONTEXT]    if  (BigInteger.ZERO.equals(num))  {  numerator  =  BigInteger.ZERO;  denominator  =  BigInteger.ONE;  }  else  {  final  BigInteger  gcd  =  num.gcd(den);  if  (BigInteger.ONE.compareTo(gcd)  <  0)  {    [BUGGY]  num  =  num.negate();  den  =  den.divide(gcd);  [BUGGY]    num  =  num.divide(gcd);  den  =  den.divide(gcd);  }  if  (BigInteger.ZERO.compareTo(den)  >  0)  {  num  =  num.negate();  den  =  den.negate();  }    [CLASS]  BigFraction  [METHOD]  <init>  [RETURN_TYPE]  BigInteger)  BigInteger  num  BigInteger  den  [VARIABLES]  BigInteger  ONE_HUNDRED  den  denominator  gcd  num  numerator  boolean  BigFraction  FOUR_FIFTHS  MINUS_ONE  ONE  ONE_FIFTH  ONE_HALF  ONE_QUARTER  ONE_THIRD  THREE_FIFTHS  THREE_QUARTERS  TWO  TWO_FIFTHS  TWO_QUARTERS  TWO_THIRDS  ZERO  long  serialVersionUID  	projects/Math36/src/main/java/org/apache/commons/math/fraction/BigFraction.java	0.2721655269759087	133	133	2	add	num  =  num.negate();  den  =  den.divide(gcd);	      num    =    num.divide(gcd);    den    =    den.divide(gcd);    	compilable	  [FE]  AssertionError  	4	11	replace
31	[BUG]  [BUGGY]  num  =  num.negate();  den  =  den.divide(gcd);  [FE]  AssertionError  [FE]    AssertionError    [CONTEXT]    if  (BigInteger.ZERO.equals(num))  {  numerator  =  BigInteger.ZERO;  denominator  =  BigInteger.ONE;  }  else  {  final  BigInteger  gcd  =  num.gcd(den);  if  (BigInteger.ONE.compareTo(gcd)  <  0)  {    [BUGGY]  num  =  num.negate();  den  =  den.divide(gcd);  [BUGGY]    num  =  num.divide(gcd);  den  =  den.divide(gcd);  }  if  (BigInteger.ZERO.compareTo(den)  >  0)  {  num  =  num.negate();  den  =  den.negate();  }    [CLASS]  BigFraction  [METHOD]  <init>  [RETURN_TYPE]  BigInteger)  BigInteger  num  BigInteger  den  [VARIABLES]  BigInteger  ONE_HUNDRED  den  denominator  gcd  num  numerator  boolean  BigFraction  FOUR_FIFTHS  MINUS_ONE  ONE  ONE_FIFTH  ONE_HALF  ONE_QUARTER  ONE_THIRD  THREE_FIFTHS  THREE_QUARTERS  TWO  TWO_FIFTHS  TWO_QUARTERS  TWO_THIRDS  ZERO  long  serialVersionUID  	projects/Math36/src/main/java/org/apache/commons/math/fraction/BigFraction.java	0.2721655269759087	133	133	2	replace	num  =  num.negate();  den  =  den.divide(gcd);	      num    =    num.divide(gcd);    den    =    den.divide(gcd);    	compilable	  [FE]  AssertionError  	4	11	replace
32	[BUG]  [BUGGY]  num  =  num.divide(gcd,  denominator);  den  =  den.divide(gcd);  [CE]  method  divide  in  class  BigInteger  cannot  be  applied  to  given  types;  [FE]      AssertionError    [CONTEXT]    if  (BigInteger.ZERO.equals(num))  {  numerator  =  BigInteger.ZERO;  denominator  =  BigInteger.ONE;  }  else  {  final  BigInteger  gcd  =  num.gcd(den);  if  (BigInteger.ONE.compareTo(gcd)  <  0)  {    [BUGGY]  num  =  num.divide(gcd,  denominator);  den  =  den.divide(gcd);  [BUGGY]    num  =  num.divide(gcd);  den  =  den.divide(gcd);  }  if  (BigInteger.ZERO.compareTo(den)  >  0)  {  num  =  num.negate();  den  =  den.negate();  }    [CLASS]  BigFraction  [METHOD]  <init>  [RETURN_TYPE]  BigInteger)  BigInteger  num  BigInteger  den  [VARIABLES]  BigInteger  ONE_HUNDRED  den  denominator  gcd  num  numerator  boolean  BigFraction  FOUR_FIFTHS  MINUS_ONE  ONE  ONE_FIFTH  ONE_HALF  ONE_QUARTER  ONE_THIRD  THREE_FIFTHS  THREE_QUARTERS  TWO  TWO_FIFTHS  TWO_QUARTERS  TWO_THIRDS  ZERO  long  serialVersionUID  	projects/Math36/src/main/java/org/apache/commons/math/fraction/BigFraction.java	0.2721655269759087	133	133	2	replace	num  =  num.divide(gcd,  denominator);  den  =  den.divide(gcd);	      num    =    num.divide(gcd);    den    =    den.divide(gcd);    	non-compiled	[CE]  method  divide  in  class  BigInteger  cannot  be  applied  to  given  types;	4	None	replace
33	[BUG]  [BUGGY]  [FE]  AssertionError  [FE]    AssertionError    [CONTEXT]    if  (BigInteger.ZERO.equals(num))  {  numerator  =  BigInteger.ZERO;  denominator  =  BigInteger.ONE;  }  else  {  final  BigInteger  gcd  =  num.gcd(den);  if  (BigInteger.ONE.compareTo(gcd)  <  0)  {    [BUGGY]  num  =  gcd.negate();  [BUGGY]    den  =  den.divide(gcd);  }  if  (BigInteger.ZERO.compareTo(den)  >  0)  {  num  =  num.negate();  den  =  den.negate();  }    [CLASS]  BigFraction  [METHOD]  <init>  [RETURN_TYPE]  BigInteger)  BigInteger  num  BigInteger  den  [VARIABLES]  BigInteger  ONE_HUNDRED  den  denominator  gcd  num  numerator  boolean  BigFraction  FOUR_FIFTHS  MINUS_ONE  ONE  ONE_FIFTH  ONE_HALF  ONE_QUARTER  ONE_THIRD  THREE_FIFTHS  THREE_QUARTERS  TWO  TWO_FIFTHS  TWO_QUARTERS  TWO_THIRDS  ZERO  long  serialVersionUID  	projects/Math36/src/main/java/org/apache/commons/math/fraction/BigFraction.java	0.2721655269759087	133	133	2	add	num  =  gcd.negate();	  num    =    num.negate();    	compilable	  [FE]  AssertionError  	18	11	replace
34	[BUG]  [BUGGY]  num  =  gcd.negate();  [FE]  AssertionError  [FE]    AssertionError    [CONTEXT]    if  (BigInteger.ZERO.equals(num))  {  numerator  =  BigInteger.ZERO;  denominator  =  BigInteger.ONE;  }  else  {  final  BigInteger  gcd  =  num.gcd(den);  if  (BigInteger.ONE.compareTo(gcd)  <  0)  {    [BUGGY]  num  =  gcd.negate();  [BUGGY]    den  =  den.divide(gcd);  }  if  (BigInteger.ZERO.compareTo(den)  >  0)  {  num  =  num.negate();  den  =  den.negate();  }    [CLASS]  BigFraction  [METHOD]  <init>  [RETURN_TYPE]  BigInteger)  BigInteger  num  BigInteger  den  [VARIABLES]  BigInteger  ONE_HUNDRED  den  denominator  gcd  num  numerator  boolean  BigFraction  FOUR_FIFTHS  MINUS_ONE  ONE  ONE_FIFTH  ONE_HALF  ONE_QUARTER  ONE_THIRD  THREE_FIFTHS  THREE_QUARTERS  TWO  TWO_FIFTHS  TWO_QUARTERS  TWO_THIRDS  ZERO  long  serialVersionUID  	projects/Math36/src/main/java/org/apache/commons/math/fraction/BigFraction.java	0.2721655269759087	133	133	2	replace	num  =  gcd.negate();	  num    =    num.negate();    	compilable	  [FE]  AssertionError  	18	11	replace
35	[BUG]  [BUGGY]  num  =  numerator.negate();  [CE]  variable  numerator  might  not  have  been  initialized  [FE]      AssertionError    [CONTEXT]    if  (BigInteger.ZERO.equals(num))  {  numerator  =  BigInteger.ZERO;  denominator  =  BigInteger.ONE;  }  else  {  final  BigInteger  gcd  =  num.gcd(den);  if  (BigInteger.ONE.compareTo(gcd)  <  0)  {    [BUGGY]  num  =  numerator.negate();  [BUGGY]    den  =  den.divide(gcd);  }  if  (BigInteger.ZERO.compareTo(den)  >  0)  {  num  =  num.negate();  den  =  den.negate();  }    [CLASS]  BigFraction  [METHOD]  <init>  [RETURN_TYPE]  BigInteger)  BigInteger  num  BigInteger  den  [VARIABLES]  BigInteger  ONE_HUNDRED  den  denominator  gcd  num  numerator  boolean  BigFraction  FOUR_FIFTHS  MINUS_ONE  ONE  ONE_FIFTH  ONE_HALF  ONE_QUARTER  ONE_THIRD  THREE_FIFTHS  THREE_QUARTERS  TWO  TWO_FIFTHS  TWO_QUARTERS  TWO_THIRDS  ZERO  long  serialVersionUID  	projects/Math36/src/main/java/org/apache/commons/math/fraction/BigFraction.java	0.2721655269759087	133	133	2	replace	num  =  numerator.negate();	  num    =    num.negate();    	non-compiled	[CE]  variable  numerator  might  not  have  been  initialized	18	None	replace
36	[BUG]  [BUGGY]  num  =  num.doubleValue();  [CE]  incompatible  types  [FE]    AssertionError    [CONTEXT]    if  (BigInteger.ZERO.equals(num))  {  numerator  =  BigInteger.ZERO;  denominator  =  BigInteger.ONE;  }  else  {  final  BigInteger  gcd  =  num.gcd(den);  if  (BigInteger.ONE.compareTo(gcd)  <  0)  {    [BUGGY]  num  =  num.doubleValue();  [BUGGY]    num  =  num.divide(gcd);  den  =  den.divide(gcd);  }  if  (BigInteger.ZERO.compareTo(den)  >  0)  {  num  =  num.negate();  den  =  den.negate();  }    [CLASS]  BigFraction  [METHOD]  <init>  [RETURN_TYPE]  BigInteger)  BigInteger  num  BigInteger  den  [VARIABLES]  BigInteger  ONE_HUNDRED  den  denominator  gcd  num  numerator  boolean  BigFraction  FOUR_FIFTHS  MINUS_ONE  ONE  ONE_FIFTH  ONE_HALF  ONE_QUARTER  ONE_THIRD  THREE_FIFTHS  THREE_QUARTERS  TWO  TWO_FIFTHS  TWO_QUARTERS  TWO_THIRDS  ZERO  long  serialVersionUID  	projects/Math36/src/main/java/org/apache/commons/math/fraction/BigFraction.java	0.2721655269759087	133	133	2	replace	num  =  num.doubleValue();	      num    =    num.divide(gcd);    	non-compiled	[CE]  incompatible  types	7	None	replace
37	[BUG]  [BUGGY]  num  =  numerator.multiply(gcd);  [CE]  variable  numerator  might  not  have  been  initialized  [FE]    AssertionError    [CONTEXT]    if  (BigInteger.ZERO.equals(num))  {  numerator  =  BigInteger.ZERO;  denominator  =  BigInteger.ONE;  }  else  {  final  BigInteger  gcd  =  num.gcd(den);  if  (BigInteger.ONE.compareTo(gcd)  <  0)  {    [BUGGY]  num  =  numerator.multiply(gcd);  [BUGGY]    den  =  den.divide(gcd);  }  if  (BigInteger.ZERO.compareTo(den)  >  0)  {  num  =  num.negate();  den  =  den.negate();  }    [CLASS]  BigFraction  [METHOD]  <init>  [RETURN_TYPE]  BigInteger)  BigInteger  num  BigInteger  den  [VARIABLES]  BigInteger  ONE_HUNDRED  den  denominator  gcd  num  numerator  boolean  BigFraction  FOUR_FIFTHS  MINUS_ONE  ONE  ONE_FIFTH  ONE_HALF  ONE_QUARTER  ONE_THIRD  THREE_FIFTHS  THREE_QUARTERS  TWO  TWO_FIFTHS  TWO_QUARTERS  TWO_THIRDS  ZERO  long  serialVersionUID  	projects/Math36/src/main/java/org/apache/commons/math/fraction/BigFraction.java	0.2721655269759087	133	133	2	replace	num  =  numerator.multiply(gcd);	  num    =    num.multiply(gcd);    	non-compiled	[CE]  variable  numerator  might  not  have  been  initialized	12	None	replace
38	[BUG]  [BUGGY]  num  =  num.multiply(gcd,  denominator);  [CE]  no  suitable  method  found  for  multiply(BigInteger,BigInteger)  [FE]      AssertionError    [CONTEXT]    if  (BigInteger.ZERO.equals(num))  {  numerator  =  BigInteger.ZERO;  denominator  =  BigInteger.ONE;  }  else  {  final  BigInteger  gcd  =  num.gcd(den);  if  (BigInteger.ONE.compareTo(gcd)  <  0)  {    [BUGGY]  num  =  num.multiply(gcd,  denominator);  [BUGGY]    den  =  den.divide(gcd);  }  if  (BigInteger.ZERO.compareTo(den)  >  0)  {  num  =  num.negate();  den  =  den.negate();  }    [CLASS]  BigFraction  [METHOD]  <init>  [RETURN_TYPE]  BigInteger)  BigInteger  num  BigInteger  den  [VARIABLES]  BigInteger  ONE_HUNDRED  den  denominator  gcd  num  numerator  boolean  BigFraction  FOUR_FIFTHS  MINUS_ONE  ONE  ONE_FIFTH  ONE_HALF  ONE_QUARTER  ONE_THIRD  THREE_FIFTHS  THREE_QUARTERS  TWO  TWO_FIFTHS  TWO_QUARTERS  TWO_THIRDS  ZERO  long  serialVersionUID  	projects/Math36/src/main/java/org/apache/commons/math/fraction/BigFraction.java	0.2721655269759087	133	133	2	replace	num  =  num.multiply(gcd,  denominator);	  num    =    num.multiply(gcd);    	non-compiled	[CE]  no  suitable  method  found  for  multiply(BigInteger,BigInteger)	12	None	replace
39	[BUG]  [BUGGY]  num  =  denominator.multiply(gcd);  [CE]  variable  denominator  might  not  have  been  initialized  [FE]        AssertionError    [CONTEXT]    if  (BigInteger.ZERO.equals(num))  {  numerator  =  BigInteger.ZERO;  denominator  =  BigInteger.ONE;  }  else  {  final  BigInteger  gcd  =  num.gcd(den);  if  (BigInteger.ONE.compareTo(gcd)  <  0)  {    [BUGGY]  num  =  denominator.multiply(gcd);  [BUGGY]    den  =  den.divide(gcd);  }  if  (BigInteger.ZERO.compareTo(den)  >  0)  {  num  =  num.negate();  den  =  den.negate();  }    [CLASS]  BigFraction  [METHOD]  <init>  [RETURN_TYPE]  BigInteger)  BigInteger  num  BigInteger  den  [VARIABLES]  BigInteger  ONE_HUNDRED  den  denominator  gcd  num  numerator  boolean  BigFraction  FOUR_FIFTHS  MINUS_ONE  ONE  ONE_FIFTH  ONE_HALF  ONE_QUARTER  ONE_THIRD  THREE_FIFTHS  THREE_QUARTERS  TWO  TWO_FIFTHS  TWO_QUARTERS  TWO_THIRDS  ZERO  long  serialVersionUID  	projects/Math36/src/main/java/org/apache/commons/math/fraction/BigFraction.java	0.2721655269759087	133	133	2	replace	num  =  denominator.multiply(gcd);	  num    =    num.multiply(gcd);    	non-compiled	[CE]  variable  denominator  might  not  have  been  initialized	12	None	replace
40	[BUG]  [BUGGY]  BigInteger  gcd  =  gcd.getBigInteger();  [CE]  variable  gcd  is  already  defined  in  constructor  BigFraction(BigInteger,BigInteger)  [FE]              AssertionError    [CONTEXT]    if  (BigInteger.ZERO.equals(num))  {  numerator  =  BigInteger.ZERO;  denominator  =  BigInteger.ONE;  }  else  {  final  BigInteger  gcd  =  num.gcd(den);  if  (BigInteger.ONE.compareTo(gcd)  <  0)  {    [BUGGY]  BigInteger  gcd  =  gcd.getBigInteger();  [BUGGY]    num  =  num.divide(gcd);  den  =  den.divide(gcd);  }  if  (BigInteger.ZERO.compareTo(den)  >  0)  {  num  =  num.negate();  den  =  den.negate();  }    [CLASS]  BigFraction  [METHOD]  <init>  [RETURN_TYPE]  BigInteger)  BigInteger  num  BigInteger  den  [VARIABLES]  BigInteger  ONE_HUNDRED  den  denominator  gcd  num  numerator  boolean  BigFraction  FOUR_FIFTHS  MINUS_ONE  ONE  ONE_FIFTH  ONE_HALF  ONE_QUARTER  ONE_THIRD  THREE_FIFTHS  THREE_QUARTERS  TWO  TWO_FIFTHS  TWO_QUARTERS  TWO_THIRDS  ZERO  long  serialVersionUID  	projects/Math36/src/main/java/org/apache/commons/math/fraction/BigFraction.java	0.2721655269759087	133	133	2	replace	BigInteger  gcd  =  gcd.getBigInteger();	      gcd    =    gcd.getBigInteger();    	non-compiled	[CE]  variable  gcd  is  already  defined  in  constructor  BigFraction(BigInteger,BigInteger)	5	None	replace
41	[BUG]  [BUGGY]  gcd  =  num.getBigInteger();  [CE]  cannot  assign  a  value  to  final  variable  gcd  [FE]                AssertionError    [CONTEXT]    if  (BigInteger.ZERO.equals(num))  {  numerator  =  BigInteger.ZERO;  denominator  =  BigInteger.ONE;  }  else  {  final  BigInteger  gcd  =  num.gcd(den);  if  (BigInteger.ONE.compareTo(gcd)  <  0)  {    [BUGGY]  gcd  =  num.getBigInteger();  [BUGGY]    num  =  num.divide(gcd);  den  =  den.divide(gcd);  }  if  (BigInteger.ZERO.compareTo(den)  >  0)  {  num  =  num.negate();  den  =  den.negate();  }    [CLASS]  BigFraction  [METHOD]  <init>  [RETURN_TYPE]  BigInteger)  BigInteger  num  BigInteger  den  [VARIABLES]  BigInteger  ONE_HUNDRED  den  denominator  gcd  num  numerator  boolean  BigFraction  FOUR_FIFTHS  MINUS_ONE  ONE  ONE_FIFTH  ONE_HALF  ONE_QUARTER  ONE_THIRD  THREE_FIFTHS  THREE_QUARTERS  TWO  TWO_FIFTHS  TWO_QUARTERS  TWO_THIRDS  ZERO  long  serialVersionUID  	projects/Math36/src/main/java/org/apache/commons/math/fraction/BigFraction.java	0.2721655269759087	133	133	2	replace	gcd  =  num.getBigInteger();	      gcd    =    gcd.getBigInteger();    	non-compiled	[CE]  cannot  assign  a  value  to  final  variable  gcd	5	None	replace
42	[BUG]  [BUGGY]  BigInteger  gcd  =  num.getBigInteger();  [CE]  variable  gcd  is  already  defined  in  constructor  BigFraction(BigInteger,BigInteger)  [FE]                  AssertionError    [CONTEXT]    if  (BigInteger.ZERO.equals(num))  {  numerator  =  BigInteger.ZERO;  denominator  =  BigInteger.ONE;  }  else  {  final  BigInteger  gcd  =  num.gcd(den);  if  (BigInteger.ONE.compareTo(gcd)  <  0)  {    [BUGGY]  BigInteger  gcd  =  num.getBigInteger();  [BUGGY]    num  =  num.divide(gcd);  den  =  den.divide(gcd);  }  if  (BigInteger.ZERO.compareTo(den)  >  0)  {  num  =  num.negate();  den  =  den.negate();  }    [CLASS]  BigFraction  [METHOD]  <init>  [RETURN_TYPE]  BigInteger)  BigInteger  num  BigInteger  den  [VARIABLES]  BigInteger  ONE_HUNDRED  den  denominator  gcd  num  numerator  boolean  BigFraction  FOUR_FIFTHS  MINUS_ONE  ONE  ONE_FIFTH  ONE_HALF  ONE_QUARTER  ONE_THIRD  THREE_FIFTHS  THREE_QUARTERS  TWO  TWO_FIFTHS  TWO_QUARTERS  TWO_THIRDS  ZERO  long  serialVersionUID  	projects/Math36/src/main/java/org/apache/commons/math/fraction/BigFraction.java	0.2721655269759087	133	133	2	replace	BigInteger  gcd  =  num.getBigInteger();	      gcd    =    gcd.getBigInteger();    	non-compiled	[CE]  variable  gcd  is  already  defined  in  constructor  BigFraction(BigInteger,BigInteger)	5	None	replace
43	[BUG]  [BUGGY]  num  =  numerator.divide(gcd,  denominator);  [CE]  method  divide  in  class  BigInteger  cannot  be  applied  to  given  types;  [FE]        AssertionError    [CONTEXT]    if  (BigInteger.ZERO.equals(num))  {  numerator  =  BigInteger.ZERO;  denominator  =  BigInteger.ONE;  }  else  {  final  BigInteger  gcd  =  num.gcd(den);  if  (BigInteger.ONE.compareTo(gcd)  <  0)  {    [BUGGY]  num  =  numerator.divide(gcd,  denominator);  [BUGGY]    den  =  den.divide(gcd);  }  if  (BigInteger.ZERO.compareTo(den)  >  0)  {  num  =  num.negate();  den  =  den.negate();  }    [CLASS]  BigFraction  [METHOD]  <init>  [RETURN_TYPE]  BigInteger)  BigInteger  num  BigInteger  den  [VARIABLES]  BigInteger  ONE_HUNDRED  den  denominator  gcd  num  numerator  boolean  BigFraction  FOUR_FIFTHS  MINUS_ONE  ONE  ONE_FIFTH  ONE_HALF  ONE_QUARTER  ONE_THIRD  THREE_FIFTHS  THREE_QUARTERS  TWO  TWO_FIFTHS  TWO_QUARTERS  TWO_THIRDS  ZERO  long  serialVersionUID  	projects/Math36/src/main/java/org/apache/commons/math/fraction/BigFraction.java	0.2721655269759087	133	133	2	replace	num  =  numerator.divide(gcd,  denominator);	  num    =    numerator.divide(gcd);    	non-compiled	[CE]  method  divide  in  class  BigInteger  cannot  be  applied  to  given  types;	8	None	replace
44	[BUG]  [BUGGY]  gcd  =  num.hashCode();  [CE]  cannot  assign  a  value  to  final  variable  gcd  [FE]          AssertionError    [CONTEXT]    if  (BigInteger.ZERO.equals(num))  {  numerator  =  BigInteger.ZERO;  denominator  =  BigInteger.ONE;  }  else  {  final  BigInteger  gcd  =  num.gcd(den);  if  (BigInteger.ONE.compareTo(gcd)  <  0)  {    [BUGGY]  gcd  =  num.hashCode();  [BUGGY]    num  =  num.divide(gcd);  den  =  den.divide(gcd);  }  if  (BigInteger.ZERO.compareTo(den)  >  0)  {  num  =  num.negate();  den  =  den.negate();  }    [CLASS]  BigFraction  [METHOD]  <init>  [RETURN_TYPE]  BigInteger)  BigInteger  num  BigInteger  den  [VARIABLES]  BigInteger  ONE_HUNDRED  den  denominator  gcd  num  numerator  boolean  BigFraction  FOUR_FIFTHS  MINUS_ONE  ONE  ONE_FIFTH  ONE_HALF  ONE_QUARTER  ONE_THIRD  THREE_FIFTHS  THREE_QUARTERS  TWO  TWO_FIFTHS  TWO_QUARTERS  TWO_THIRDS  ZERO  long  serialVersionUID  	projects/Math36/src/main/java/org/apache/commons/math/fraction/BigFraction.java	0.2721655269759087	133	133	2	replace	gcd  =  num.hashCode();	      gcd    =    gcd.hashCode();    	non-compiled	[CE]  cannot  assign  a  value  to  final  variable  gcd	2	None	replace
45	[BUG]  [BUGGY]  gcd  =  numerator.hashCode();  [CE]  cannot  assign  a  value  to  final  variable  gcd  [FE]            AssertionError    [CONTEXT]    if  (BigInteger.ZERO.equals(num))  {  numerator  =  BigInteger.ZERO;  denominator  =  BigInteger.ONE;  }  else  {  final  BigInteger  gcd  =  num.gcd(den);  if  (BigInteger.ONE.compareTo(gcd)  <  0)  {    [BUGGY]  gcd  =  numerator.hashCode();  [BUGGY]    num  =  num.divide(gcd);  den  =  den.divide(gcd);  }  if  (BigInteger.ZERO.compareTo(den)  >  0)  {  num  =  num.negate();  den  =  den.negate();  }    [CLASS]  BigFraction  [METHOD]  <init>  [RETURN_TYPE]  BigInteger)  BigInteger  num  BigInteger  den  [VARIABLES]  BigInteger  ONE_HUNDRED  den  denominator  gcd  num  numerator  boolean  BigFraction  FOUR_FIFTHS  MINUS_ONE  ONE  ONE_FIFTH  ONE_HALF  ONE_QUARTER  ONE_THIRD  THREE_FIFTHS  THREE_QUARTERS  TWO  TWO_FIFTHS  TWO_QUARTERS  TWO_THIRDS  ZERO  long  serialVersionUID  	projects/Math36/src/main/java/org/apache/commons/math/fraction/BigFraction.java	0.2721655269759087	133	133	2	replace	gcd  =  numerator.hashCode();	      gcd    =    gcd.hashCode();    	non-compiled	[CE]  cannot  assign  a  value  to  final  variable  gcd	2	None	replace
46	[BUG]  [BUGGY]  BigInteger  den  =  gcd.divide(num);  [CE]  variable  den  is  already  defined  in  constructor  BigFraction(BigInteger,BigInteger)  [FE]        AssertionError    [CONTEXT]    if  (BigInteger.ZERO.equals(num))  {  numerator  =  BigInteger.ZERO;  denominator  =  BigInteger.ONE;  }  else  {  final  BigInteger  gcd  =  num.gcd(den);  if  (BigInteger.ONE.compareTo(gcd)  <  0)  {    [BUGGY]  BigInteger  den  =  gcd.divide(num);  [BUGGY]    num  =  num.divide(gcd);  den  =  den.divide(gcd);  }  if  (BigInteger.ZERO.compareTo(den)  >  0)  {  num  =  num.negate();  den  =  den.negate();  }    [CLASS]  BigFraction  [METHOD]  <init>  [RETURN_TYPE]  BigInteger)  BigInteger  num  BigInteger  den  [VARIABLES]  BigInteger  ONE_HUNDRED  den  denominator  gcd  num  numerator  boolean  BigFraction  FOUR_FIFTHS  MINUS_ONE  ONE  ONE_FIFTH  ONE_HALF  ONE_QUARTER  ONE_THIRD  THREE_FIFTHS  THREE_QUARTERS  TWO  TWO_FIFTHS  TWO_QUARTERS  TWO_THIRDS  ZERO  long  serialVersionUID  	projects/Math36/src/main/java/org/apache/commons/math/fraction/BigFraction.java	0.2721655269759087	133	133	2	replace	BigInteger  den  =  gcd.divide(num);	      BigInteger    den    =    num.divide(gcd);    	non-compiled	[CE]  variable  den  is  already  defined  in  constructor  BigFraction(BigInteger,BigInteger)	13	None	replace
47	[BUG]  [BUGGY]  BigInteger  den  =  num.divide(gcd,  denominator);  [CE]  variable  den  is  already  defined  in  constructor  BigFraction(BigInteger,BigInteger)  [FE]          AssertionError    [CONTEXT]    if  (BigInteger.ZERO.equals(num))  {  numerator  =  BigInteger.ZERO;  denominator  =  BigInteger.ONE;  }  else  {  final  BigInteger  gcd  =  num.gcd(den);  if  (BigInteger.ONE.compareTo(gcd)  <  0)  {    [BUGGY]  BigInteger  den  =  num.divide(gcd,  denominator);  [BUGGY]    num  =  num.divide(gcd);  den  =  den.divide(gcd);  }  if  (BigInteger.ZERO.compareTo(den)  >  0)  {  num  =  num.negate();  den  =  den.negate();  }    [CLASS]  BigFraction  [METHOD]  <init>  [RETURN_TYPE]  BigInteger)  BigInteger  num  BigInteger  den  [VARIABLES]  BigInteger  ONE_HUNDRED  den  denominator  gcd  num  numerator  boolean  BigFraction  FOUR_FIFTHS  MINUS_ONE  ONE  ONE_FIFTH  ONE_HALF  ONE_QUARTER  ONE_THIRD  THREE_FIFTHS  THREE_QUARTERS  TWO  TWO_FIFTHS  TWO_QUARTERS  TWO_THIRDS  ZERO  long  serialVersionUID  	projects/Math36/src/main/java/org/apache/commons/math/fraction/BigFraction.java	0.2721655269759087	133	133	2	replace	BigInteger  den  =  num.divide(gcd,  denominator);	      BigInteger    den    =    num.divide(gcd);    	non-compiled	[CE]  variable  den  is  already  defined  in  constructor  BigFraction(BigInteger,BigInteger)	13	None	replace
48	[BUG]  [BUGGY]  BigInteger  den  =  num.divide(gcd,  numerator);  [CE]  variable  den  is  already  defined  in  constructor  BigFraction(BigInteger,BigInteger)  [FE]            AssertionError    [CONTEXT]    if  (BigInteger.ZERO.equals(num))  {  numerator  =  BigInteger.ZERO;  denominator  =  BigInteger.ONE;  }  else  {  final  BigInteger  gcd  =  num.gcd(den);  if  (BigInteger.ONE.compareTo(gcd)  <  0)  {    [BUGGY]  BigInteger  den  =  num.divide(gcd,  numerator);  [BUGGY]    num  =  num.divide(gcd);  den  =  den.divide(gcd);  }  if  (BigInteger.ZERO.compareTo(den)  >  0)  {  num  =  num.negate();  den  =  den.negate();  }    [CLASS]  BigFraction  [METHOD]  <init>  [RETURN_TYPE]  BigInteger)  BigInteger  num  BigInteger  den  [VARIABLES]  BigInteger  ONE_HUNDRED  den  denominator  gcd  num  numerator  boolean  BigFraction  FOUR_FIFTHS  MINUS_ONE  ONE  ONE_FIFTH  ONE_HALF  ONE_QUARTER  ONE_THIRD  THREE_FIFTHS  THREE_QUARTERS  TWO  TWO_FIFTHS  TWO_QUARTERS  TWO_THIRDS  ZERO  long  serialVersionUID  	projects/Math36/src/main/java/org/apache/commons/math/fraction/BigFraction.java	0.2721655269759087	133	133	2	replace	BigInteger  den  =  num.divide(gcd,  numerator);	      BigInteger    den    =    num.divide(gcd);    	non-compiled	[CE]  variable  den  is  already  defined  in  constructor  BigFraction(BigInteger,BigInteger)	13	None	replace
49	[BUG]  [BUGGY]  gcd  =  num.negate();  [CE]  cannot  assign  a  value  to  final  variable  gcd  [FE]        AssertionError    [CONTEXT]    if  (BigInteger.ZERO.equals(num))  {  numerator  =  BigInteger.ZERO;  denominator  =  BigInteger.ONE;  }  else  {  final  BigInteger  gcd  =  num.gcd(den);  if  (BigInteger.ONE.compareTo(gcd)  <  0)  {    [BUGGY]  gcd  =  num.negate();  [BUGGY]    num  =  num.divide(gcd);  den  =  den.divide(gcd);  }  if  (BigInteger.ZERO.compareTo(den)  >  0)  {  num  =  num.negate();  den  =  den.negate();  }    [CLASS]  BigFraction  [METHOD]  <init>  [RETURN_TYPE]  BigInteger)  BigInteger  num  BigInteger  den  [VARIABLES]  BigInteger  ONE_HUNDRED  den  denominator  gcd  num  numerator  boolean  BigFraction  FOUR_FIFTHS  MINUS_ONE  ONE  ONE_FIFTH  ONE_HALF  ONE_QUARTER  ONE_THIRD  THREE_FIFTHS  THREE_QUARTERS  TWO  TWO_FIFTHS  TWO_QUARTERS  TWO_THIRDS  ZERO  long  serialVersionUID  	projects/Math36/src/main/java/org/apache/commons/math/fraction/BigFraction.java	0.2721655269759087	133	133	2	replace	gcd  =  num.negate();	      gcd    =    gcd.negate();    	non-compiled	[CE]  cannot  assign  a  value  to  final  variable  gcd	1	None	replace
50	[BUG]  [BUGGY]  gcd  =  numerator.negate();  [CE]  cannot  assign  a  value  to  final  variable  gcd  [FE]          AssertionError    [CONTEXT]    if  (BigInteger.ZERO.equals(num))  {  numerator  =  BigInteger.ZERO;  denominator  =  BigInteger.ONE;  }  else  {  final  BigInteger  gcd  =  num.gcd(den);  if  (BigInteger.ONE.compareTo(gcd)  <  0)  {    [BUGGY]  gcd  =  numerator.negate();  [BUGGY]    num  =  num.divide(gcd);  den  =  den.divide(gcd);  }  if  (BigInteger.ZERO.compareTo(den)  >  0)  {  num  =  num.negate();  den  =  den.negate();  }    [CLASS]  BigFraction  [METHOD]  <init>  [RETURN_TYPE]  BigInteger)  BigInteger  num  BigInteger  den  [VARIABLES]  BigInteger  ONE_HUNDRED  den  denominator  gcd  num  numerator  boolean  BigFraction  FOUR_FIFTHS  MINUS_ONE  ONE  ONE_FIFTH  ONE_HALF  ONE_QUARTER  ONE_THIRD  THREE_FIFTHS  THREE_QUARTERS  TWO  TWO_FIFTHS  TWO_QUARTERS  TWO_THIRDS  ZERO  long  serialVersionUID  	projects/Math36/src/main/java/org/apache/commons/math/fraction/BigFraction.java	0.2721655269759087	133	133	2	replace	gcd  =  numerator.negate();	      gcd    =    gcd.negate();    	non-compiled	[CE]  cannot  assign  a  value  to  final  variable  gcd	1	None	replace
51	[BUG]  [BUGGY]  gcd  =  gen.negate();  [CE]  cannot  assign  a  value  to  final  variable  gcd  [FE]            AssertionError    [CONTEXT]    if  (BigInteger.ZERO.equals(num))  {  numerator  =  BigInteger.ZERO;  denominator  =  BigInteger.ONE;  }  else  {  final  BigInteger  gcd  =  num.gcd(den);  if  (BigInteger.ONE.compareTo(gcd)  <  0)  {    [BUGGY]  gcd  =  gen.negate();  [BUGGY]    num  =  num.divide(gcd);  den  =  den.divide(gcd);  }  if  (BigInteger.ZERO.compareTo(den)  >  0)  {  num  =  num.negate();  den  =  den.negate();  }    [CLASS]  BigFraction  [METHOD]  <init>  [RETURN_TYPE]  BigInteger)  BigInteger  num  BigInteger  den  [VARIABLES]  BigInteger  ONE_HUNDRED  den  denominator  gcd  num  numerator  boolean  BigFraction  FOUR_FIFTHS  MINUS_ONE  ONE  ONE_FIFTH  ONE_HALF  ONE_QUARTER  ONE_THIRD  THREE_FIFTHS  THREE_QUARTERS  TWO  TWO_FIFTHS  TWO_QUARTERS  TWO_THIRDS  ZERO  long  serialVersionUID  	projects/Math36/src/main/java/org/apache/commons/math/fraction/BigFraction.java	0.2721655269759087	133	133	2	replace	gcd  =  gen.negate();	      gcd    =    gcd.negate();    	non-compiled	[CE]  cannot  assign  a  value  to  final  variable  gcd	1	None	replace
52	[BUG]  [BUGGY]  num  =  num.divide(gcd,  numerator);  [CE]  method  divide  in  class  BigInteger  cannot  be  applied  to  given  types;  [FE]          AssertionError    [CONTEXT]    if  (BigInteger.ZERO.equals(num))  {  numerator  =  BigInteger.ZERO;  denominator  =  BigInteger.ONE;  }  else  {  final  BigInteger  gcd  =  num.gcd(den);  if  (BigInteger.ONE.compareTo(gcd)  <  0)  {    [BUGGY]  num  =  num.divide(gcd,  numerator);  [BUGGY]    den  =  den.divide(gcd);  }  if  (BigInteger.ZERO.compareTo(den)  >  0)  {  num  =  num.negate();  den  =  den.negate();  }    [CLASS]  BigFraction  [METHOD]  <init>  [RETURN_TYPE]  BigInteger)  BigInteger  num  BigInteger  den  [VARIABLES]  BigInteger  ONE_HUNDRED  den  denominator  gcd  num  numerator  boolean  BigFraction  FOUR_FIFTHS  MINUS_ONE  ONE  ONE_FIFTH  ONE_HALF  ONE_QUARTER  ONE_THIRD  THREE_FIFTHS  THREE_QUARTERS  TWO  TWO_FIFTHS  TWO_QUARTERS  TWO_THIRDS  ZERO  long  serialVersionUID  	projects/Math36/src/main/java/org/apache/commons/math/fraction/BigFraction.java	0.2721655269759087	133	133	2	replace	num  =  num.divide(gcd,  numerator);	  num    =    num.divide(gcd,    denominator);    	non-compiled	[CE]  method  divide  in  class  BigInteger  cannot  be  applied  to  given  types;	9	None	replace
53	[BUG]  [BUGGY]  num  =  num.divide(gcd,  numerator,  denominator);  [CE]  method  divide  in  class  BigInteger  cannot  be  applied  to  given  types;  [FE]            AssertionError    [CONTEXT]    if  (BigInteger.ZERO.equals(num))  {  numerator  =  BigInteger.ZERO;  denominator  =  BigInteger.ONE;  }  else  {  final  BigInteger  gcd  =  num.gcd(den);  if  (BigInteger.ONE.compareTo(gcd)  <  0)  {    [BUGGY]  num  =  num.divide(gcd,  numerator,  denominator);  [BUGGY]    den  =  den.divide(gcd);  }  if  (BigInteger.ZERO.compareTo(den)  >  0)  {  num  =  num.negate();  den  =  den.negate();  }    [CLASS]  BigFraction  [METHOD]  <init>  [RETURN_TYPE]  BigInteger)  BigInteger  num  BigInteger  den  [VARIABLES]  BigInteger  ONE_HUNDRED  den  denominator  gcd  num  numerator  boolean  BigFraction  FOUR_FIFTHS  MINUS_ONE  ONE  ONE_FIFTH  ONE_HALF  ONE_QUARTER  ONE_THIRD  THREE_FIFTHS  THREE_QUARTERS  TWO  TWO_FIFTHS  TWO_QUARTERS  TWO_THIRDS  ZERO  long  serialVersionUID  	projects/Math36/src/main/java/org/apache/commons/math/fraction/BigFraction.java	0.2721655269759087	133	133	2	replace	num  =  num.divide(gcd,  numerator,  denominator);	  num    =    num.divide(gcd,    denominator);    	non-compiled	[CE]  method  divide  in  class  BigInteger  cannot  be  applied  to  given  types;	9	None	replace
54	[BUG]  [BUGGY]  num  =  numerator.divide(gcd,  num);  [CE]  method  divide  in  class  BigInteger  cannot  be  applied  to  given  types;  [FE]              AssertionError    [CONTEXT]    if  (BigInteger.ZERO.equals(num))  {  numerator  =  BigInteger.ZERO;  denominator  =  BigInteger.ONE;  }  else  {  final  BigInteger  gcd  =  num.gcd(den);  if  (BigInteger.ONE.compareTo(gcd)  <  0)  {    [BUGGY]  num  =  numerator.divide(gcd,  num);  [BUGGY]    den  =  den.divide(gcd);  }  if  (BigInteger.ZERO.compareTo(den)  >  0)  {  num  =  num.negate();  den  =  den.negate();  }    [CLASS]  BigFraction  [METHOD]  <init>  [RETURN_TYPE]  BigInteger)  BigInteger  num  BigInteger  den  [VARIABLES]  BigInteger  ONE_HUNDRED  den  denominator  gcd  num  numerator  boolean  BigFraction  FOUR_FIFTHS  MINUS_ONE  ONE  ONE_FIFTH  ONE_HALF  ONE_QUARTER  ONE_THIRD  THREE_FIFTHS  THREE_QUARTERS  TWO  TWO_FIFTHS  TWO_QUARTERS  TWO_THIRDS  ZERO  long  serialVersionUID  	projects/Math36/src/main/java/org/apache/commons/math/fraction/BigFraction.java	0.2721655269759087	133	133	2	replace	num  =  numerator.divide(gcd,  num);	  num    =    num.divide(gcd,    denominator);    	non-compiled	[CE]  method  divide  in  class  BigInteger  cannot  be  applied  to  given  types;	9	None	replace
55	[BUG]  [BUGGY]  num  =  num.divide(gcd,  denominator,  numerator);  [CE]  method  divide  in  class  BigInteger  cannot  be  applied  to  given  types;  [FE]                AssertionError    [CONTEXT]    if  (BigInteger.ZERO.equals(num))  {  numerator  =  BigInteger.ZERO;  denominator  =  BigInteger.ONE;  }  else  {  final  BigInteger  gcd  =  num.gcd(den);  if  (BigInteger.ONE.compareTo(gcd)  <  0)  {    [BUGGY]  num  =  num.divide(gcd,  denominator,  numerator);  [BUGGY]    den  =  den.divide(gcd);  }  if  (BigInteger.ZERO.compareTo(den)  >  0)  {  num  =  num.negate();  den  =  den.negate();  }    [CLASS]  BigFraction  [METHOD]  <init>  [RETURN_TYPE]  BigInteger)  BigInteger  num  BigInteger  den  [VARIABLES]  BigInteger  ONE_HUNDRED  den  denominator  gcd  num  numerator  boolean  BigFraction  FOUR_FIFTHS  MINUS_ONE  ONE  ONE_FIFTH  ONE_HALF  ONE_QUARTER  ONE_THIRD  THREE_FIFTHS  THREE_QUARTERS  TWO  TWO_FIFTHS  TWO_QUARTERS  TWO_THIRDS  ZERO  long  serialVersionUID  	projects/Math36/src/main/java/org/apache/commons/math/fraction/BigFraction.java	0.2721655269759087	133	133	2	replace	num  =  num.divide(gcd,  denominator,  numerator);	  num    =    num.divide(gcd,    denominator);    	non-compiled	[CE]  method  divide  in  class  BigInteger  cannot  be  applied  to  given  types;	9	None	replace
56	[BUG]  [BUGGY]  [FE]  AssertionError  [FE]    AssertionError    [CONTEXT]    if  (BigInteger.ZERO.equals(num))  {  numerator  =  BigInteger.ZERO;  denominator  =  BigInteger.ONE;  }  else  {  final  BigInteger  gcd  =  num.gcd(den);  if  (BigInteger.ONE.compareTo(gcd)  <  0)  {    [BUGGY]      num  =  num.divide(gcd);  den  =  den.divide(gcd);  num  =  num.divide(gcd);  den  =  den.divide(gcd);  [BUGGY]    num  =  num.divide(gcd);  den  =  den.divide(gcd);  }  if  (BigInteger.ZERO.compareTo(den)  >  0)  {  num  =  num.negate();  den  =  den.negate();  }    [CLASS]  BigFraction  [METHOD]  <init>  [RETURN_TYPE]  BigInteger)  BigInteger  num  BigInteger  den  [VARIABLES]  BigInteger  ONE_HUNDRED  den  denominator  gcd  num  numerator  boolean  BigFraction  FOUR_FIFTHS  MINUS_ONE  ONE  ONE_FIFTH  ONE_HALF  ONE_QUARTER  ONE_THIRD  THREE_FIFTHS  THREE_QUARTERS  TWO  TWO_FIFTHS  TWO_QUARTERS  TWO_THIRDS  ZERO  long  serialVersionUID  	projects/Math36/src/main/java/org/apache/commons/math/fraction/BigFraction.java	0.2721655269759087	133	133	2	add	        num    =    num.divide(gcd);    den    =    den.divide(gcd);    num  =  num.divide(gcd);  den  =  den.divide(gcd);	  	compilable	  [FE]  AssertionError  	3	12	add
57	[BUG]  [BUGGY]      num  =  num.divide(gcd);  den  =  den.divide(gcd);  num  =  num.divide(gcd);  den  =  den.divide(gcd);  [FE]  AssertionError  [FE]    AssertionError    [CONTEXT]    if  (BigInteger.ZERO.equals(num))  {  numerator  =  BigInteger.ZERO;  denominator  =  BigInteger.ONE;  }  else  {  final  BigInteger  gcd  =  num.gcd(den);  if  (BigInteger.ONE.compareTo(gcd)  <  0)  {    [BUGGY]      num  =  num.divide(gcd);  den  =  den.divide(gcd);  num  =  num.divide(gcd);  den  =  den.divide(gcd);  [BUGGY]    num  =  num.divide(gcd);  den  =  den.divide(gcd);  }  if  (BigInteger.ZERO.compareTo(den)  >  0)  {  num  =  num.negate();  den  =  den.negate();  }    [CLASS]  BigFraction  [METHOD]  <init>  [RETURN_TYPE]  BigInteger)  BigInteger  num  BigInteger  den  [VARIABLES]  BigInteger  ONE_HUNDRED  den  denominator  gcd  num  numerator  boolean  BigFraction  FOUR_FIFTHS  MINUS_ONE  ONE  ONE_FIFTH  ONE_HALF  ONE_QUARTER  ONE_THIRD  THREE_FIFTHS  THREE_QUARTERS  TWO  TWO_FIFTHS  TWO_QUARTERS  TWO_THIRDS  ZERO  long  serialVersionUID  	projects/Math36/src/main/java/org/apache/commons/math/fraction/BigFraction.java	0.2721655269759087	133	133	2	replace	        num    =    num.divide(gcd);    den    =    den.divide(gcd);    num  =  num.divide(gcd);  den  =  den.divide(gcd);	  	compilable	  [FE]  AssertionError  	3	12	add
58	[BUG]  [BUGGY]      num  =  num.divide(gcd);  den  =  den.divide(gcd);  num  =  num.divide(gcd);  Den  =  den.divide(gcd);  [CE]  cannot  find  symbol  Den  [FE]      AssertionError    [CONTEXT]    if  (BigInteger.ZERO.equals(num))  {  numerator  =  BigInteger.ZERO;  denominator  =  BigInteger.ONE;  }  else  {  final  BigInteger  gcd  =  num.gcd(den);  if  (BigInteger.ONE.compareTo(gcd)  <  0)  {    [BUGGY]      num  =  num.divide(gcd);  den  =  den.divide(gcd);  num  =  num.divide(gcd);  Den  =  den.divide(gcd);  [BUGGY]    num  =  num.divide(gcd);  den  =  den.divide(gcd);  }  if  (BigInteger.ZERO.compareTo(den)  >  0)  {  num  =  num.negate();  den  =  den.negate();  }    [CLASS]  BigFraction  [METHOD]  <init>  [RETURN_TYPE]  BigInteger)  BigInteger  num  BigInteger  den  [VARIABLES]  BigInteger  ONE_HUNDRED  den  denominator  gcd  num  numerator  boolean  BigFraction  FOUR_FIFTHS  MINUS_ONE  ONE  ONE_FIFTH  ONE_HALF  ONE_QUARTER  ONE_THIRD  THREE_FIFTHS  THREE_QUARTERS  TWO  TWO_FIFTHS  TWO_QUARTERS  TWO_THIRDS  ZERO  long  serialVersionUID  	projects/Math36/src/main/java/org/apache/commons/math/fraction/BigFraction.java	0.2721655269759087	133	133	2	replace	        num    =    num.divide(gcd);    den    =    den.divide(gcd);    num  =  num.divide(gcd);  Den  =  den.divide(gcd);	  	non-compiled	[CE]  cannot  find  symbol  Den	3	None	add
59	[BUG]  [BUGGY]      num  =  num.divide(gcd);  den  =  den.divide(gcd);  num  =  num.divide(gcd);  den  =  der.divide(gcd);  [CE]  cannot  find  symbol  der  [FE]        AssertionError    [CONTEXT]    if  (BigInteger.ZERO.equals(num))  {  numerator  =  BigInteger.ZERO;  denominator  =  BigInteger.ONE;  }  else  {  final  BigInteger  gcd  =  num.gcd(den);  if  (BigInteger.ONE.compareTo(gcd)  <  0)  {    [BUGGY]      num  =  num.divide(gcd);  den  =  den.divide(gcd);  num  =  num.divide(gcd);  den  =  der.divide(gcd);  [BUGGY]    num  =  num.divide(gcd);  den  =  den.divide(gcd);  }  if  (BigInteger.ZERO.compareTo(den)  >  0)  {  num  =  num.negate();  den  =  den.negate();  }    [CLASS]  BigFraction  [METHOD]  <init>  [RETURN_TYPE]  BigInteger)  BigInteger  num  BigInteger  den  [VARIABLES]  BigInteger  ONE_HUNDRED  den  denominator  gcd  num  numerator  boolean  BigFraction  FOUR_FIFTHS  MINUS_ONE  ONE  ONE_FIFTH  ONE_HALF  ONE_QUARTER  ONE_THIRD  THREE_FIFTHS  THREE_QUARTERS  TWO  TWO_FIFTHS  TWO_QUARTERS  TWO_THIRDS  ZERO  long  serialVersionUID  	projects/Math36/src/main/java/org/apache/commons/math/fraction/BigFraction.java	0.2721655269759087	133	133	2	replace	        num    =    num.divide(gcd);    den    =    den.divide(gcd);    num  =  num.divide(gcd);  den  =  der.divide(gcd);	  	non-compiled	[CE]  cannot  find  symbol  der	3	None	add
60	[BUG]  [BUGGY]      num  =  num.divide(gcd);  den  =  den.divide(gcd);  num  =  num.divide(gcd);  der  =  den.divide(gcd);  [CE]  cannot  find  symbol  der  [FE]          AssertionError    [CONTEXT]    if  (BigInteger.ZERO.equals(num))  {  numerator  =  BigInteger.ZERO;  denominator  =  BigInteger.ONE;  }  else  {  final  BigInteger  gcd  =  num.gcd(den);  if  (BigInteger.ONE.compareTo(gcd)  <  0)  {    [BUGGY]      num  =  num.divide(gcd);  den  =  den.divide(gcd);  num  =  num.divide(gcd);  der  =  den.divide(gcd);  [BUGGY]    num  =  num.divide(gcd);  den  =  den.divide(gcd);  }  if  (BigInteger.ZERO.compareTo(den)  >  0)  {  num  =  num.negate();  den  =  den.negate();  }    [CLASS]  BigFraction  [METHOD]  <init>  [RETURN_TYPE]  BigInteger)  BigInteger  num  BigInteger  den  [VARIABLES]  BigInteger  ONE_HUNDRED  den  denominator  gcd  num  numerator  boolean  BigFraction  FOUR_FIFTHS  MINUS_ONE  ONE  ONE_FIFTH  ONE_HALF  ONE_QUARTER  ONE_THIRD  THREE_FIFTHS  THREE_QUARTERS  TWO  TWO_FIFTHS  TWO_QUARTERS  TWO_THIRDS  ZERO  long  serialVersionUID  	projects/Math36/src/main/java/org/apache/commons/math/fraction/BigFraction.java	0.2721655269759087	133	133	2	replace	        num    =    num.divide(gcd);    den    =    den.divide(gcd);    num  =  num.divide(gcd);  der  =  den.divide(gcd);	  	non-compiled	[CE]  cannot  find  symbol  der	3	None	add
61	[BUG]  [BUGGY]      num  =  num.divide(gcd);  den  =  den.divide(gcd);  num  =  num.divide(gcd);  den  =  Den.divide(gcd);  [CE]  cannot  find  symbol  Den  [FE]            AssertionError    [CONTEXT]    if  (BigInteger.ZERO.equals(num))  {  numerator  =  BigInteger.ZERO;  denominator  =  BigInteger.ONE;  }  else  {  final  BigInteger  gcd  =  num.gcd(den);  if  (BigInteger.ONE.compareTo(gcd)  <  0)  {    [BUGGY]      num  =  num.divide(gcd);  den  =  den.divide(gcd);  num  =  num.divide(gcd);  den  =  Den.divide(gcd);  [BUGGY]    num  =  num.divide(gcd);  den  =  den.divide(gcd);  }  if  (BigInteger.ZERO.compareTo(den)  >  0)  {  num  =  num.negate();  den  =  den.negate();  }    [CLASS]  BigFraction  [METHOD]  <init>  [RETURN_TYPE]  BigInteger)  BigInteger  num  BigInteger  den  [VARIABLES]  BigInteger  ONE_HUNDRED  den  denominator  gcd  num  numerator  boolean  BigFraction  FOUR_FIFTHS  MINUS_ONE  ONE  ONE_FIFTH  ONE_HALF  ONE_QUARTER  ONE_THIRD  THREE_FIFTHS  THREE_QUARTERS  TWO  TWO_FIFTHS  TWO_QUARTERS  TWO_THIRDS  ZERO  long  serialVersionUID  	projects/Math36/src/main/java/org/apache/commons/math/fraction/BigFraction.java	0.2721655269759087	133	133	2	replace	        num    =    num.divide(gcd);    den    =    den.divide(gcd);    num  =  num.divide(gcd);  den  =  Den.divide(gcd);	  	non-compiled	[CE]  cannot  find  symbol  Den	3	None	add
62	[BUG]  [BUGGY]  num  =  denominator.divide(gcd,  gcd);  [CE]  method  divide  in  class  BigInteger  cannot  be  applied  to  given  types;  [FE]            AssertionError    [CONTEXT]    if  (BigInteger.ZERO.equals(num))  {  numerator  =  BigInteger.ZERO;  denominator  =  BigInteger.ONE;  }  else  {  final  BigInteger  gcd  =  num.gcd(den);  if  (BigInteger.ONE.compareTo(gcd)  <  0)  {    [BUGGY]  num  =  denominator.divide(gcd,  gcd);  [BUGGY]    den  =  den.divide(gcd);  }  if  (BigInteger.ZERO.compareTo(den)  >  0)  {  num  =  num.negate();  den  =  den.negate();  }    [CLASS]  BigFraction  [METHOD]  <init>  [RETURN_TYPE]  BigInteger)  BigInteger  num  BigInteger  den  [VARIABLES]  BigInteger  ONE_HUNDRED  den  denominator  gcd  num  numerator  boolean  BigFraction  FOUR_FIFTHS  MINUS_ONE  ONE  ONE_FIFTH  ONE_HALF  ONE_QUARTER  ONE_THIRD  THREE_FIFTHS  THREE_QUARTERS  TWO  TWO_FIFTHS  TWO_QUARTERS  TWO_THIRDS  ZERO  long  serialVersionUID  	projects/Math36/src/main/java/org/apache/commons/math/fraction/BigFraction.java	0.2721655269759087	133	133	2	replace	num  =  denominator.divide(gcd,  gcd);	  num    =    denominator.divide(gcd);    	non-compiled	[CE]  method  divide  in  class  BigInteger  cannot  be  applied  to  given  types;	10	None	replace
63	[BUG]  [BUGGY]  num  =  denominator.divide(gcd,  numerator);  [CE]  method  divide  in  class  BigInteger  cannot  be  applied  to  given  types;  [FE]              AssertionError    [CONTEXT]    if  (BigInteger.ZERO.equals(num))  {  numerator  =  BigInteger.ZERO;  denominator  =  BigInteger.ONE;  }  else  {  final  BigInteger  gcd  =  num.gcd(den);  if  (BigInteger.ONE.compareTo(gcd)  <  0)  {    [BUGGY]  num  =  denominator.divide(gcd,  numerator);  [BUGGY]    den  =  den.divide(gcd);  }  if  (BigInteger.ZERO.compareTo(den)  >  0)  {  num  =  num.negate();  den  =  den.negate();  }    [CLASS]  BigFraction  [METHOD]  <init>  [RETURN_TYPE]  BigInteger)  BigInteger  num  BigInteger  den  [VARIABLES]  BigInteger  ONE_HUNDRED  den  denominator  gcd  num  numerator  boolean  BigFraction  FOUR_FIFTHS  MINUS_ONE  ONE  ONE_FIFTH  ONE_HALF  ONE_QUARTER  ONE_THIRD  THREE_FIFTHS  THREE_QUARTERS  TWO  TWO_FIFTHS  TWO_QUARTERS  TWO_THIRDS  ZERO  long  serialVersionUID  	projects/Math36/src/main/java/org/apache/commons/math/fraction/BigFraction.java	0.2721655269759087	133	133	2	replace	num  =  denominator.divide(gcd,  numerator);	  num    =    denominator.divide(gcd);    	non-compiled	[CE]  method  divide  in  class  BigInteger  cannot  be  applied  to  given  types;	10	None	replace
64	[BUG]  [BUGGY]  [FE]  AssertionError  [FE]    AssertionError    [CONTEXT]    if  (BigInteger.ZERO.equals(num))  {  numerator  =  BigInteger.ZERO;  denominator  =  BigInteger.ONE;  }  else  {  final  BigInteger  gcd  =  num.gcd(den);  if  (BigInteger.ONE.compareTo(gcd)  <  0)  {    [BUGGY]      num  =  num.divide(gcd);  num  =  num.divide(gcd).divide(gcd);  [BUGGY]    num  =  num.divide(gcd);  den  =  den.divide(gcd);  }  if  (BigInteger.ZERO.compareTo(den)  >  0)  {  num  =  num.negate();  den  =  den.negate();  }    [CLASS]  BigFraction  [METHOD]  <init>  [RETURN_TYPE]  BigInteger)  BigInteger  num  BigInteger  den  [VARIABLES]  BigInteger  ONE_HUNDRED  den  denominator  gcd  num  numerator  boolean  BigFraction  FOUR_FIFTHS  MINUS_ONE  ONE  ONE_FIFTH  ONE_HALF  ONE_QUARTER  ONE_THIRD  THREE_FIFTHS  THREE_QUARTERS  TWO  TWO_FIFTHS  TWO_QUARTERS  TWO_THIRDS  ZERO  long  serialVersionUID  	projects/Math36/src/main/java/org/apache/commons/math/fraction/BigFraction.java	0.2721655269759087	133	133	2	add	        num    =    num.divide(gcd);    num  =  num.divide(gcd).divide(gcd);	  	compilable	  [FE]  AssertionError  	6	11	add
65	[BUG]  [BUGGY]      num  =  num.divide(gcd);  num  =  num.divide(gcd).divide(gcd);  [FE]  AssertionError  [FE]    AssertionError    [CONTEXT]    if  (BigInteger.ZERO.equals(num))  {  numerator  =  BigInteger.ZERO;  denominator  =  BigInteger.ONE;  }  else  {  final  BigInteger  gcd  =  num.gcd(den);  if  (BigInteger.ONE.compareTo(gcd)  <  0)  {    [BUGGY]      num  =  num.divide(gcd);  num  =  num.divide(gcd).divide(gcd);  [BUGGY]    num  =  num.divide(gcd);  den  =  den.divide(gcd);  }  if  (BigInteger.ZERO.compareTo(den)  >  0)  {  num  =  num.negate();  den  =  den.negate();  }    [CLASS]  BigFraction  [METHOD]  <init>  [RETURN_TYPE]  BigInteger)  BigInteger  num  BigInteger  den  [VARIABLES]  BigInteger  ONE_HUNDRED  den  denominator  gcd  num  numerator  boolean  BigFraction  FOUR_FIFTHS  MINUS_ONE  ONE  ONE_FIFTH  ONE_HALF  ONE_QUARTER  ONE_THIRD  THREE_FIFTHS  THREE_QUARTERS  TWO  TWO_FIFTHS  TWO_QUARTERS  TWO_THIRDS  ZERO  long  serialVersionUID  	projects/Math36/src/main/java/org/apache/commons/math/fraction/BigFraction.java	0.2721655269759087	133	133	2	replace	        num    =    num.divide(gcd);    num  =  num.divide(gcd).divide(gcd);	  	compilable	  [FE]  AssertionError  	6	11	add
66	[BUG]  [BUGGY]      num  =  num.divide(gcd);  num  =  num.Divide(gcd);  [CE]  cannot  find  symbol  [FE]      AssertionError    [CONTEXT]    if  (BigInteger.ZERO.equals(num))  {  numerator  =  BigInteger.ZERO;  denominator  =  BigInteger.ONE;  }  else  {  final  BigInteger  gcd  =  num.gcd(den);  if  (BigInteger.ONE.compareTo(gcd)  <  0)  {    [BUGGY]      num  =  num.divide(gcd);  num  =  num.Divide(gcd);  [BUGGY]    num  =  num.divide(gcd);  den  =  den.divide(gcd);  }  if  (BigInteger.ZERO.compareTo(den)  >  0)  {  num  =  num.negate();  den  =  den.negate();  }    [CLASS]  BigFraction  [METHOD]  <init>  [RETURN_TYPE]  BigInteger)  BigInteger  num  BigInteger  den  [VARIABLES]  BigInteger  ONE_HUNDRED  den  denominator  gcd  num  numerator  boolean  BigFraction  FOUR_FIFTHS  MINUS_ONE  ONE  ONE_FIFTH  ONE_HALF  ONE_QUARTER  ONE_THIRD  THREE_FIFTHS  THREE_QUARTERS  TWO  TWO_FIFTHS  TWO_QUARTERS  TWO_THIRDS  ZERO  long  serialVersionUID  	projects/Math36/src/main/java/org/apache/commons/math/fraction/BigFraction.java	0.2721655269759087	133	133	2	replace	        num    =    num.divide(gcd);    num  =  num.Divide(gcd);	  	non-compiled	[CE]  cannot  find  symbol	6	None	add
67	[BUG]  [BUGGY]  num  =  denominator.divide(gcd,  MINUS_ONE);  [CE]  method  divide  in  class  BigInteger  cannot  be  applied  to  given  types;  [FE]            AssertionError    [CONTEXT]    if  (BigInteger.ZERO.equals(num))  {  numerator  =  BigInteger.ZERO;  denominator  =  BigInteger.ONE;  }  else  {  final  BigInteger  gcd  =  num.gcd(den);  if  (BigInteger.ONE.compareTo(gcd)  <  0)  {    [BUGGY]  num  =  denominator.divide(gcd,  MINUS_ONE);  [BUGGY]    den  =  den.divide(gcd);  }  if  (BigInteger.ZERO.compareTo(den)  >  0)  {  num  =  num.negate();  den  =  den.negate();  }    [CLASS]  BigFraction  [METHOD]  <init>  [RETURN_TYPE]  BigInteger)  BigInteger  num  BigInteger  den  [VARIABLES]  BigInteger  ONE_HUNDRED  den  denominator  gcd  num  numerator  boolean  BigFraction  FOUR_FIFTHS  MINUS_ONE  ONE  ONE_FIFTH  ONE_HALF  ONE_QUARTER  ONE_THIRD  THREE_FIFTHS  THREE_QUARTERS  TWO  TWO_FIFTHS  TWO_QUARTERS  TWO_THIRDS  ZERO  long  serialVersionUID  	projects/Math36/src/main/java/org/apache/commons/math/fraction/BigFraction.java	0.2721655269759087	133	133	2	replace	num  =  denominator.divide(gcd,  MINUS_ONE);	  num    =    denominator.divide(gcd);    	non-compiled	[CE]  method  divide  in  class  BigInteger  cannot  be  applied  to  given  types;	10	None	replace
68	[BUG]  [BUGGY]  num  =  num.divide(gcd,  denominator);  den  =  des.divide(gcd);  [CE]  method  divide  in  class  BigInteger  cannot  be  applied  to  given  types;  [FE]              AssertionError    [CONTEXT]    if  (BigInteger.ZERO.equals(num))  {  numerator  =  BigInteger.ZERO;  denominator  =  BigInteger.ONE;  }  else  {  final  BigInteger  gcd  =  num.gcd(den);  if  (BigInteger.ONE.compareTo(gcd)  <  0)  {    [BUGGY]  num  =  num.divide(gcd,  denominator);  den  =  des.divide(gcd);  [BUGGY]    num  =  num.divide(gcd);  den  =  den.divide(gcd);  }  if  (BigInteger.ZERO.compareTo(den)  >  0)  {  num  =  num.negate();  den  =  den.negate();  }    [CLASS]  BigFraction  [METHOD]  <init>  [RETURN_TYPE]  BigInteger)  BigInteger  num  BigInteger  den  [VARIABLES]  BigInteger  ONE_HUNDRED  den  denominator  gcd  num  numerator  boolean  BigFraction  FOUR_FIFTHS  MINUS_ONE  ONE  ONE_FIFTH  ONE_HALF  ONE_QUARTER  ONE_THIRD  THREE_FIFTHS  THREE_QUARTERS  TWO  TWO_FIFTHS  TWO_QUARTERS  TWO_THIRDS  ZERO  long  serialVersionUID  	projects/Math36/src/main/java/org/apache/commons/math/fraction/BigFraction.java	0.2721655269759087	133	133	2	replace	num  =  num.divide(gcd,  denominator);  den  =  des.divide(gcd);	      num    =    num.divide(gcd);    den    =    des.divide(gcd);    	non-compiled	[CE]  method  divide  in  class  BigInteger  cannot  be  applied  to  given  types;	16	None	replace
69	[BUG]  [BUGGY]  num  =  numerator.divide(gcd);  den  =  des.divide(gcd);  [CE]  cannot  find  symbol  des  [FE]                AssertionError    [CONTEXT]    if  (BigInteger.ZERO.equals(num))  {  numerator  =  BigInteger.ZERO;  denominator  =  BigInteger.ONE;  }  else  {  final  BigInteger  gcd  =  num.gcd(den);  if  (BigInteger.ONE.compareTo(gcd)  <  0)  {    [BUGGY]  num  =  numerator.divide(gcd);  den  =  des.divide(gcd);  [BUGGY]    num  =  num.divide(gcd);  den  =  den.divide(gcd);  }  if  (BigInteger.ZERO.compareTo(den)  >  0)  {  num  =  num.negate();  den  =  den.negate();  }    [CLASS]  BigFraction  [METHOD]  <init>  [RETURN_TYPE]  BigInteger)  BigInteger  num  BigInteger  den  [VARIABLES]  BigInteger  ONE_HUNDRED  den  denominator  gcd  num  numerator  boolean  BigFraction  FOUR_FIFTHS  MINUS_ONE  ONE  ONE_FIFTH  ONE_HALF  ONE_QUARTER  ONE_THIRD  THREE_FIFTHS  THREE_QUARTERS  TWO  TWO_FIFTHS  TWO_QUARTERS  TWO_THIRDS  ZERO  long  serialVersionUID  	projects/Math36/src/main/java/org/apache/commons/math/fraction/BigFraction.java	0.2721655269759087	133	133	2	replace	num  =  numerator.divide(gcd);  den  =  des.divide(gcd);	      num    =    num.divide(gcd);    den    =    des.divide(gcd);    	non-compiled	[CE]  cannot  find  symbol  des	16	None	replace
70	[BUG]  [BUGGY]  num  =  num.negate(gcd);  [CE]  method  negate  in  class  BigInteger  cannot  be  applied  to  given  types;  [FE]    AssertionError    [CONTEXT]    if  (BigInteger.ZERO.equals(num))  {  numerator  =  BigInteger.ZERO;  denominator  =  BigInteger.ONE;  }  else  {  final  BigInteger  gcd  =  num.gcd(den);  if  (BigInteger.ONE.compareTo(gcd)  <  0)  {    [BUGGY]  num  =  num.negate(gcd);  [BUGGY]    den  =  den.divide(gcd);  }  if  (BigInteger.ZERO.compareTo(den)  >  0)  {  num  =  num.negate();  den  =  den.negate();  }    [CLASS]  BigFraction  [METHOD]  <init>  [RETURN_TYPE]  BigInteger)  BigInteger  num  BigInteger  den  [VARIABLES]  BigInteger  ONE_HUNDRED  den  denominator  gcd  num  numerator  boolean  BigFraction  FOUR_FIFTHS  MINUS_ONE  ONE  ONE_FIFTH  ONE_HALF  ONE_QUARTER  ONE_THIRD  THREE_FIFTHS  THREE_QUARTERS  TWO  TWO_FIFTHS  TWO_QUARTERS  TWO_THIRDS  ZERO  long  serialVersionUID  	projects/Math36/src/main/java/org/apache/commons/math/fraction/BigFraction.java	0.2721655269759087	133	133	2	replace	num  =  num.negate(gcd);	  num    =    num.negate();    	non-compiled	[CE]  method  negate  in  class  BigInteger  cannot  be  applied  to  given  types;	18	None	replace
71	[BUG]  [BUGGY]  BigInteger  den  =  num.divide(den);  [CE]  variable  den  is  already  defined  in  constructor  BigFraction(BigInteger,BigInteger)  [FE]        AssertionError    [CONTEXT]    if  (BigInteger.ZERO.equals(num))  {  numerator  =  BigInteger.ZERO;  denominator  =  BigInteger.ONE;  }  else  {  final  BigInteger  gcd  =  num.gcd(den);  if  (BigInteger.ONE.compareTo(gcd)  <  0)  {    [BUGGY]  BigInteger  den  =  num.divide(den);  [BUGGY]    num  =  num.divide(gcd);  den  =  den.divide(gcd);  }  if  (BigInteger.ZERO.compareTo(den)  >  0)  {  num  =  num.negate();  den  =  den.negate();  }    [CLASS]  BigFraction  [METHOD]  <init>  [RETURN_TYPE]  BigInteger)  BigInteger  num  BigInteger  den  [VARIABLES]  BigInteger  ONE_HUNDRED  den  denominator  gcd  num  numerator  boolean  BigFraction  FOUR_FIFTHS  MINUS_ONE  ONE  ONE_FIFTH  ONE_HALF  ONE_QUARTER  ONE_THIRD  THREE_FIFTHS  THREE_QUARTERS  TWO  TWO_FIFTHS  TWO_QUARTERS  TWO_THIRDS  ZERO  long  serialVersionUID  	projects/Math36/src/main/java/org/apache/commons/math/fraction/BigFraction.java	0.2721655269759087	133	133	2	replace	BigInteger  den  =  num.divide(den);	      BigInteger    den    =    num.divide(gcd);    	non-compiled	[CE]  variable  den  is  already  defined  in  constructor  BigFraction(BigInteger,BigInteger)	13	None	replace
72	[BUG]  [BUGGY]  gcd  =  n.divide(gcd);  [CE]  cannot  assign  a  value  to  final  variable  gcd  [FE]        AssertionError    [CONTEXT]    if  (BigInteger.ZERO.equals(num))  {  numerator  =  BigInteger.ZERO;  denominator  =  BigInteger.ONE;  }  else  {  final  BigInteger  gcd  =  num.gcd(den);  if  (BigInteger.ONE.compareTo(gcd)  <  0)  {    [BUGGY]  gcd  =  n.divide(gcd);  [BUGGY]    num  =  num.divide(gcd);  den  =  den.divide(gcd);  }  if  (BigInteger.ZERO.compareTo(den)  >  0)  {  num  =  num.negate();  den  =  den.negate();  }    [CLASS]  BigFraction  [METHOD]  <init>  [RETURN_TYPE]  BigInteger)  BigInteger  num  BigInteger  den  [VARIABLES]  BigInteger  ONE_HUNDRED  den  denominator  gcd  num  numerator  boolean  BigFraction  FOUR_FIFTHS  MINUS_ONE  ONE  ONE_FIFTH  ONE_HALF  ONE_QUARTER  ONE_THIRD  THREE_FIFTHS  THREE_QUARTERS  TWO  TWO_FIFTHS  TWO_QUARTERS  TWO_THIRDS  ZERO  long  serialVersionUID  	projects/Math36/src/main/java/org/apache/commons/math/fraction/BigFraction.java	0.2721655269759087	133	133	2	replace	gcd  =  n.divide(gcd);	      gcd    =    gcd.divide(den);    	non-compiled	[CE]  cannot  assign  a  value  to  final  variable  gcd	19	None	replace
73	[BUG]  [BUGGY]  num  =  num.multiply(gcd);  BigInteger  num  =  num.multiply(gcd);  [CE]  variable  num  is  already  defined  in  constructor  BigFraction(BigInteger,BigInteger)  [FE]    AssertionError    [CONTEXT]    if  (BigInteger.ZERO.equals(num))  {  numerator  =  BigInteger.ZERO;  denominator  =  BigInteger.ONE;  }  else  {  final  BigInteger  gcd  =  num.gcd(den);  if  (BigInteger.ONE.compareTo(gcd)  <  0)  {    [BUGGY]  num  =  num.multiply(gcd);  BigInteger  num  =  num.multiply(gcd);  [BUGGY]    den  =  den.divide(gcd);  }  if  (BigInteger.ZERO.compareTo(den)  >  0)  {  num  =  num.negate();  den  =  den.negate();  }    [CLASS]  BigFraction  [METHOD]  <init>  [RETURN_TYPE]  BigInteger)  BigInteger  num  BigInteger  den  [VARIABLES]  BigInteger  ONE_HUNDRED  den  denominator  gcd  num  numerator  boolean  BigFraction  FOUR_FIFTHS  MINUS_ONE  ONE  ONE_FIFTH  ONE_HALF  ONE_QUARTER  ONE_THIRD  THREE_FIFTHS  THREE_QUARTERS  TWO  TWO_FIFTHS  TWO_QUARTERS  TWO_THIRDS  ZERO  long  serialVersionUID  	projects/Math36/src/main/java/org/apache/commons/math/fraction/BigFraction.java	0.2721655269759087	133	133	2	replace	num    =    num.multiply(gcd);    BigInteger  num  =  num.multiply(gcd);	  	non-compiled	[CE]  variable  num  is  already  defined  in  constructor  BigFraction(BigInteger,BigInteger)	11	None	add
74	[BUG]  [BUGGY]  num  =  num.multiply(gcd);  num  =  num.multiply(gcd)  [CE]  ';'  expected  [FE]      AssertionError    [CONTEXT]    if  (BigInteger.ZERO.equals(num))  {  numerator  =  BigInteger.ZERO;  denominator  =  BigInteger.ONE;  }  else  {  final  BigInteger  gcd  =  num.gcd(den);  if  (BigInteger.ONE.compareTo(gcd)  <  0)  {    [BUGGY]  num  =  num.multiply(gcd);  num  =  num.multiply(gcd)  [BUGGY]    den  =  den.divide(gcd);  }  if  (BigInteger.ZERO.compareTo(den)  >  0)  {  num  =  num.negate();  den  =  den.negate();  }    [CLASS]  BigFraction  [METHOD]  <init>  [RETURN_TYPE]  BigInteger)  BigInteger  num  BigInteger  den  [VARIABLES]  BigInteger  ONE_HUNDRED  den  denominator  gcd  num  numerator  boolean  BigFraction  FOUR_FIFTHS  MINUS_ONE  ONE  ONE_FIFTH  ONE_HALF  ONE_QUARTER  ONE_THIRD  THREE_FIFTHS  THREE_QUARTERS  TWO  TWO_FIFTHS  TWO_QUARTERS  TWO_THIRDS  ZERO  long  serialVersionUID  	projects/Math36/src/main/java/org/apache/commons/math/fraction/BigFraction.java	0.2721655269759087	133	133	2	replace	num    =    num.multiply(gcd);    num  =  num.multiply(gcd)	  	non-compiled	[CE]  ';'  expected	11	None	add
75	[BUG]  [BUGGY]  num  =  num.negate();  num  =  num.negate();  System.arraycopy(gcd,  0,  num,  0,  denominator);  [CE]  method  arraycopy  in  class  System  cannot  be  applied  to  given  types;  [FE]    AssertionError    [CONTEXT]    if  (BigInteger.ZERO.equals(num))  {  numerator  =  BigInteger.ZERO;  denominator  =  BigInteger.ONE;  }  else  {  final  BigInteger  gcd  =  num.gcd(den);  if  (BigInteger.ONE.compareTo(gcd)  <  0)  {    [BUGGY]  num  =  num.negate();  num  =  num.negate();  System.arraycopy(gcd,  0,  num,  0,  denominator);  [BUGGY]    den  =  den.divide(gcd);  }  if  (BigInteger.ZERO.compareTo(den)  >  0)  {  num  =  num.negate();  den  =  den.negate();  }    [CLASS]  BigFraction  [METHOD]  <init>  [RETURN_TYPE]  BigInteger)  BigInteger  num  BigInteger  den  [VARIABLES]  BigInteger  ONE_HUNDRED  den  denominator  gcd  num  numerator  boolean  BigFraction  FOUR_FIFTHS  MINUS_ONE  ONE  ONE_FIFTH  ONE_HALF  ONE_QUARTER  ONE_THIRD  THREE_FIFTHS  THREE_QUARTERS  TWO  TWO_FIFTHS  TWO_QUARTERS  TWO_THIRDS  ZERO  long  serialVersionUID  	projects/Math36/src/main/java/org/apache/commons/math/fraction/BigFraction.java	0.2721655269759087	133	133	2	replace	num    =    num.negate();    num  =  num.negate();  System.arraycopy(gcd,  0,  num,  0,  denominator);	  	non-compiled	[CE]  method  arraycopy  in  class  System  cannot  be  applied  to  given  types;	17	None	add
76	[BUG]  [BUGGY]  num  =  num.negate();  num  =  num.negate();  System.arraycopy(gcd,  0,  num,  1,  denominator);  [CE]  method  arraycopy  in  class  System  cannot  be  applied  to  given  types;  [FE]      AssertionError    [CONTEXT]    if  (BigInteger.ZERO.equals(num))  {  numerator  =  BigInteger.ZERO;  denominator  =  BigInteger.ONE;  }  else  {  final  BigInteger  gcd  =  num.gcd(den);  if  (BigInteger.ONE.compareTo(gcd)  <  0)  {    [BUGGY]  num  =  num.negate();  num  =  num.negate();  System.arraycopy(gcd,  0,  num,  1,  denominator);  [BUGGY]    den  =  den.divide(gcd);  }  if  (BigInteger.ZERO.compareTo(den)  >  0)  {  num  =  num.negate();  den  =  den.negate();  }    [CLASS]  BigFraction  [METHOD]  <init>  [RETURN_TYPE]  BigInteger)  BigInteger  num  BigInteger  den  [VARIABLES]  BigInteger  ONE_HUNDRED  den  denominator  gcd  num  numerator  boolean  BigFraction  FOUR_FIFTHS  MINUS_ONE  ONE  ONE_FIFTH  ONE_HALF  ONE_QUARTER  ONE_THIRD  THREE_FIFTHS  THREE_QUARTERS  TWO  TWO_FIFTHS  TWO_QUARTERS  TWO_THIRDS  ZERO  long  serialVersionUID  	projects/Math36/src/main/java/org/apache/commons/math/fraction/BigFraction.java	0.2721655269759087	133	133	2	replace	num    =    num.negate();    num  =  num.negate();  System.arraycopy(gcd,  0,  num,  1,  denominator);	  	non-compiled	[CE]  method  arraycopy  in  class  System  cannot  be  applied  to  given  types;	17	None	add
77	[BUG]  [BUGGY]  num  =  num.negate();  num  =  num.negate();  System.arraycopy(num,  0,  num,  0,  denominator);  [CE]  method  arraycopy  in  class  System  cannot  be  applied  to  given  types;  [FE]        AssertionError    [CONTEXT]    if  (BigInteger.ZERO.equals(num))  {  numerator  =  BigInteger.ZERO;  denominator  =  BigInteger.ONE;  }  else  {  final  BigInteger  gcd  =  num.gcd(den);  if  (BigInteger.ONE.compareTo(gcd)  <  0)  {    [BUGGY]  num  =  num.negate();  num  =  num.negate();  System.arraycopy(num,  0,  num,  0,  denominator);  [BUGGY]    den  =  den.divide(gcd);  }  if  (BigInteger.ZERO.compareTo(den)  >  0)  {  num  =  num.negate();  den  =  den.negate();  }    [CLASS]  BigFraction  [METHOD]  <init>  [RETURN_TYPE]  BigInteger)  BigInteger  num  BigInteger  den  [VARIABLES]  BigInteger  ONE_HUNDRED  den  denominator  gcd  num  numerator  boolean  BigFraction  FOUR_FIFTHS  MINUS_ONE  ONE  ONE_FIFTH  ONE_HALF  ONE_QUARTER  ONE_THIRD  THREE_FIFTHS  THREE_QUARTERS  TWO  TWO_FIFTHS  TWO_QUARTERS  TWO_THIRDS  ZERO  long  serialVersionUID  	projects/Math36/src/main/java/org/apache/commons/math/fraction/BigFraction.java	0.2721655269759087	133	133	2	replace	num    =    num.negate();    num  =  num.negate();  System.arraycopy(num,  0,  num,  0,  denominator);	  	non-compiled	[CE]  method  arraycopy  in  class  System  cannot  be  applied  to  given  types;	17	None	add
78	[BUG]  [BUGGY]  num  =  num.negate();  num  =  num.negate();  System.arraycopy(gcd,  0,  num,  0,  numerator);  [CE]  method  arraycopy  in  class  System  cannot  be  applied  to  given  types;  [FE]          AssertionError    [CONTEXT]    if  (BigInteger.ZERO.equals(num))  {  numerator  =  BigInteger.ZERO;  denominator  =  BigInteger.ONE;  }  else  {  final  BigInteger  gcd  =  num.gcd(den);  if  (BigInteger.ONE.compareTo(gcd)  <  0)  {    [BUGGY]  num  =  num.negate();  num  =  num.negate();  System.arraycopy(gcd,  0,  num,  0,  numerator);  [BUGGY]    den  =  den.divide(gcd);  }  if  (BigInteger.ZERO.compareTo(den)  >  0)  {  num  =  num.negate();  den  =  den.negate();  }    [CLASS]  BigFraction  [METHOD]  <init>  [RETURN_TYPE]  BigInteger)  BigInteger  num  BigInteger  den  [VARIABLES]  BigInteger  ONE_HUNDRED  den  denominator  gcd  num  numerator  boolean  BigFraction  FOUR_FIFTHS  MINUS_ONE  ONE  ONE_FIFTH  ONE_HALF  ONE_QUARTER  ONE_THIRD  THREE_FIFTHS  THREE_QUARTERS  TWO  TWO_FIFTHS  TWO_QUARTERS  TWO_THIRDS  ZERO  long  serialVersionUID  	projects/Math36/src/main/java/org/apache/commons/math/fraction/BigFraction.java	0.2721655269759087	133	133	2	replace	num    =    num.negate();    num  =  num.negate();  System.arraycopy(gcd,  0,  num,  0,  numerator);	  	non-compiled	[CE]  method  arraycopy  in  class  System  cannot  be  applied  to  given  types;	17	None	add
79	[BUG]  [BUGGY]  gcd  =  BigInteger.getBigInteger();  [CE]  cannot  assign  a  value  to  final  variable  gcd  [FE]              AssertionError    [CONTEXT]    if  (BigInteger.ZERO.equals(num))  {  numerator  =  BigInteger.ZERO;  denominator  =  BigInteger.ONE;  }  else  {  final  BigInteger  gcd  =  num.gcd(den);  if  (BigInteger.ONE.compareTo(gcd)  <  0)  {    [BUGGY]  gcd  =  BigInteger.getBigInteger();  [BUGGY]    num  =  num.divide(gcd);  den  =  den.divide(gcd);  }  if  (BigInteger.ZERO.compareTo(den)  >  0)  {  num  =  num.negate();  den  =  den.negate();  }    [CLASS]  BigFraction  [METHOD]  <init>  [RETURN_TYPE]  BigInteger)  BigInteger  num  BigInteger  den  [VARIABLES]  BigInteger  ONE_HUNDRED  den  denominator  gcd  num  numerator  boolean  BigFraction  FOUR_FIFTHS  MINUS_ONE  ONE  ONE_FIFTH  ONE_HALF  ONE_QUARTER  ONE_THIRD  THREE_FIFTHS  THREE_QUARTERS  TWO  TWO_FIFTHS  TWO_QUARTERS  TWO_THIRDS  ZERO  long  serialVersionUID  	projects/Math36/src/main/java/org/apache/commons/math/fraction/BigFraction.java	0.2721655269759087	133	133	2	replace	gcd  =  BigInteger.getBigInteger();	      gcd    =    gcd.getBigInteger();    	non-compiled	[CE]  cannot  assign  a  value  to  final  variable  gcd	5	None	replace
80	[BUG]  [BUGGY]  num  =  num.multiply(gcd)+  1;  [CE]  bad  operand  types  for  binary  operator  '+'  [FE]    AssertionError    [CONTEXT]    if  (BigInteger.ZERO.equals(num))  {  numerator  =  BigInteger.ZERO;  denominator  =  BigInteger.ONE;  }  else  {  final  BigInteger  gcd  =  num.gcd(den);  if  (BigInteger.ONE.compareTo(gcd)  <  0)  {    [BUGGY]  num  =  num.multiply(gcd)+  1;  [BUGGY]    den  =  den.divide(gcd);  }  if  (BigInteger.ZERO.compareTo(den)  >  0)  {  num  =  num.negate();  den  =  den.negate();  }    [CLASS]  BigFraction  [METHOD]  <init>  [RETURN_TYPE]  BigInteger)  BigInteger  num  BigInteger  den  [VARIABLES]  BigInteger  ONE_HUNDRED  den  denominator  gcd  num  numerator  boolean  BigFraction  FOUR_FIFTHS  MINUS_ONE  ONE  ONE_FIFTH  ONE_HALF  ONE_QUARTER  ONE_THIRD  THREE_FIFTHS  THREE_QUARTERS  TWO  TWO_FIFTHS  TWO_QUARTERS  TWO_THIRDS  ZERO  long  serialVersionUID  	projects/Math36/src/main/java/org/apache/commons/math/fraction/BigFraction.java	0.2721655269759087	133	133	2	replace	num  =  num.multiply(gcd)+  1;	  num    =    num.multiply(gcd);    	non-compiled	[CE]  bad  operand  types  for  binary  operator  '+'	12	None	replace
81	[BUG]  [BUGGY]  gcd  =  gcd.getValue();  [CE]  cannot  assign  a  value  to  final  variable  gcd  [FE]          AssertionError    [CONTEXT]    if  (BigInteger.ZERO.equals(num))  {  numerator  =  BigInteger.ZERO;  denominator  =  BigInteger.ONE;  }  else  {  final  BigInteger  gcd  =  num.gcd(den);  if  (BigInteger.ONE.compareTo(gcd)  <  0)  {    [BUGGY]  gcd  =  gcd.getValue();  [BUGGY]    num  =  num.divide(gcd);  den  =  den.divide(gcd);  }  if  (BigInteger.ZERO.compareTo(den)  >  0)  {  num  =  num.negate();  den  =  den.negate();  }    [CLASS]  BigFraction  [METHOD]  <init>  [RETURN_TYPE]  BigInteger)  BigInteger  num  BigInteger  den  [VARIABLES]  BigInteger  ONE_HUNDRED  den  denominator  gcd  num  numerator  boolean  BigFraction  FOUR_FIFTHS  MINUS_ONE  ONE  ONE_FIFTH  ONE_HALF  ONE_QUARTER  ONE_THIRD  THREE_FIFTHS  THREE_QUARTERS  TWO  TWO_FIFTHS  TWO_QUARTERS  TWO_THIRDS  ZERO  long  serialVersionUID  	projects/Math36/src/main/java/org/apache/commons/math/fraction/BigFraction.java	0.2721655269759087	133	133	2	replace	gcd  =  gcd.getValue();	      gcd    =    gcd.hashCode();    	non-compiled	[CE]  cannot  assign  a  value  to  final  variable  gcd	2	None	replace
82	[BUG]  [BUGGY]  BigInteger  gcd  =  gcd.negate();  [CE]  variable  gcd  is  already  defined  in  constructor  BigFraction(BigInteger,BigInteger)  [FE]        AssertionError    [CONTEXT]    if  (BigInteger.ZERO.equals(num))  {  numerator  =  BigInteger.ZERO;  denominator  =  BigInteger.ONE;  }  else  {  final  BigInteger  gcd  =  num.gcd(den);  if  (BigInteger.ONE.compareTo(gcd)  <  0)  {    [BUGGY]  BigInteger  gcd  =  gcd.negate();  [BUGGY]    num  =  num.divide(gcd);  den  =  den.divide(gcd);  }  if  (BigInteger.ZERO.compareTo(den)  >  0)  {  num  =  num.negate();  den  =  den.negate();  }    [CLASS]  BigFraction  [METHOD]  <init>  [RETURN_TYPE]  BigInteger)  BigInteger  num  BigInteger  den  [VARIABLES]  BigInteger  ONE_HUNDRED  den  denominator  gcd  num  numerator  boolean  BigFraction  FOUR_FIFTHS  MINUS_ONE  ONE  ONE_FIFTH  ONE_HALF  ONE_QUARTER  ONE_THIRD  THREE_FIFTHS  THREE_QUARTERS  TWO  TWO_FIFTHS  TWO_QUARTERS  TWO_THIRDS  ZERO  long  serialVersionUID  	projects/Math36/src/main/java/org/apache/commons/math/fraction/BigFraction.java	0.2721655269759087	133	133	2	replace	BigInteger  gcd  =  gcd.negate();	      gcd    =    gcd.negate();    	non-compiled	[CE]  variable  gcd  is  already  defined  in  constructor  BigFraction(BigInteger,BigInteger)	1	None	replace
83	[BUG]  [BUGGY]  gcd  =  denominator.negate();  [CE]  cannot  assign  a  value  to  final  variable  gcd  [FE]          AssertionError    [CONTEXT]    if  (BigInteger.ZERO.equals(num))  {  numerator  =  BigInteger.ZERO;  denominator  =  BigInteger.ONE;  }  else  {  final  BigInteger  gcd  =  num.gcd(den);  if  (BigInteger.ONE.compareTo(gcd)  <  0)  {    [BUGGY]  gcd  =  denominator.negate();  [BUGGY]    num  =  num.divide(gcd);  den  =  den.divide(gcd);  }  if  (BigInteger.ZERO.compareTo(den)  >  0)  {  num  =  num.negate();  den  =  den.negate();  }    [CLASS]  BigFraction  [METHOD]  <init>  [RETURN_TYPE]  BigInteger)  BigInteger  num  BigInteger  den  [VARIABLES]  BigInteger  ONE_HUNDRED  den  denominator  gcd  num  numerator  boolean  BigFraction  FOUR_FIFTHS  MINUS_ONE  ONE  ONE_FIFTH  ONE_HALF  ONE_QUARTER  ONE_THIRD  THREE_FIFTHS  THREE_QUARTERS  TWO  TWO_FIFTHS  TWO_QUARTERS  TWO_THIRDS  ZERO  long  serialVersionUID  	projects/Math36/src/main/java/org/apache/commons/math/fraction/BigFraction.java	0.2721655269759087	133	133	2	replace	gcd  =  denominator.negate();	      gcd    =    gcd.negate();    	non-compiled	[CE]  cannot  assign  a  value  to  final  variable  gcd	1	None	replace
84	[BUG]  [BUGGY]  num  =  num.multiply(gcd)-  1;  [CE]  bad  operand  types  for  binary  operator  '-'  [FE]    AssertionError    [CONTEXT]    if  (BigInteger.ZERO.equals(num))  {  numerator  =  BigInteger.ZERO;  denominator  =  BigInteger.ONE;  }  else  {  final  BigInteger  gcd  =  num.gcd(den);  if  (BigInteger.ONE.compareTo(gcd)  <  0)  {    [BUGGY]  num  =  num.multiply(gcd)-  1;  [BUGGY]    den  =  den.divide(gcd);  }  if  (BigInteger.ZERO.compareTo(den)  >  0)  {  num  =  num.negate();  den  =  den.negate();  }    [CLASS]  BigFraction  [METHOD]  <init>  [RETURN_TYPE]  BigInteger)  BigInteger  num  BigInteger  den  [VARIABLES]  BigInteger  ONE_HUNDRED  den  denominator  gcd  num  numerator  boolean  BigFraction  FOUR_FIFTHS  MINUS_ONE  ONE  ONE_FIFTH  ONE_HALF  ONE_QUARTER  ONE_THIRD  THREE_FIFTHS  THREE_QUARTERS  TWO  TWO_FIFTHS  TWO_QUARTERS  TWO_THIRDS  ZERO  long  serialVersionUID  	projects/Math36/src/main/java/org/apache/commons/math/fraction/BigFraction.java	0.2721655269759087	133	133	2	replace	num  =  num.multiply(gcd)-  1;	  num    =    num.multiply(gcd);    	non-compiled	[CE]  bad  operand  types  for  binary  operator  '-'	12	None	replace
85	[BUG]  [BUGGY]  num  =  num.negate();  num  =  num.negate();  System.arraycopy(gcd,  0,  num,  4,  denominator);  [CE]  method  arraycopy  in  class  System  cannot  be  applied  to  given  types;  [FE]    AssertionError    [CONTEXT]    if  (BigInteger.ZERO.equals(num))  {  numerator  =  BigInteger.ZERO;  denominator  =  BigInteger.ONE;  }  else  {  final  BigInteger  gcd  =  num.gcd(den);  if  (BigInteger.ONE.compareTo(gcd)  <  0)  {    [BUGGY]  num  =  num.negate();  num  =  num.negate();  System.arraycopy(gcd,  0,  num,  4,  denominator);  [BUGGY]    den  =  den.divide(gcd);  }  if  (BigInteger.ZERO.compareTo(den)  >  0)  {  num  =  num.negate();  den  =  den.negate();  }    [CLASS]  BigFraction  [METHOD]  <init>  [RETURN_TYPE]  BigInteger)  BigInteger  num  BigInteger  den  [VARIABLES]  BigInteger  ONE_HUNDRED  den  denominator  gcd  num  numerator  boolean  BigFraction  FOUR_FIFTHS  MINUS_ONE  ONE  ONE_FIFTH  ONE_HALF  ONE_QUARTER  ONE_THIRD  THREE_FIFTHS  THREE_QUARTERS  TWO  TWO_FIFTHS  TWO_QUARTERS  TWO_THIRDS  ZERO  long  serialVersionUID  	projects/Math36/src/main/java/org/apache/commons/math/fraction/BigFraction.java	0.2721655269759087	133	133	2	replace	num    =    num.negate();    num  =  num.negate();  System.arraycopy(gcd,  0,  num,  4,  denominator);	  	non-compiled	[CE]  method  arraycopy  in  class  System  cannot  be  applied  to  given  types;	17	None	add
86	[BUG]  [BUGGY]  num  =  num.negate();  num  =  num.negate();  System.arraycopy(gcd,  0,  num,  2,  denominator);  [CE]  method  arraycopy  in  class  System  cannot  be  applied  to  given  types;  [FE]      AssertionError    [CONTEXT]    if  (BigInteger.ZERO.equals(num))  {  numerator  =  BigInteger.ZERO;  denominator  =  BigInteger.ONE;  }  else  {  final  BigInteger  gcd  =  num.gcd(den);  if  (BigInteger.ONE.compareTo(gcd)  <  0)  {    [BUGGY]  num  =  num.negate();  num  =  num.negate();  System.arraycopy(gcd,  0,  num,  2,  denominator);  [BUGGY]    den  =  den.divide(gcd);  }  if  (BigInteger.ZERO.compareTo(den)  >  0)  {  num  =  num.negate();  den  =  den.negate();  }    [CLASS]  BigFraction  [METHOD]  <init>  [RETURN_TYPE]  BigInteger)  BigInteger  num  BigInteger  den  [VARIABLES]  BigInteger  ONE_HUNDRED  den  denominator  gcd  num  numerator  boolean  BigFraction  FOUR_FIFTHS  MINUS_ONE  ONE  ONE_FIFTH  ONE_HALF  ONE_QUARTER  ONE_THIRD  THREE_FIFTHS  THREE_QUARTERS  TWO  TWO_FIFTHS  TWO_QUARTERS  TWO_THIRDS  ZERO  long  serialVersionUID  	projects/Math36/src/main/java/org/apache/commons/math/fraction/BigFraction.java	0.2721655269759087	133	133	2	replace	num    =    num.negate();    num  =  num.negate();  System.arraycopy(gcd,  0,  num,  2,  denominator);	  	non-compiled	[CE]  method  arraycopy  in  class  System  cannot  be  applied  to  given  types;	17	None	add
87	[BUG]  [BUGGY]  [FE]  AssertionError  [FE]    AssertionError    [CONTEXT]    if  (BigInteger.ZERO.equals(num))  {  numerator  =  BigInteger.ZERO;  denominator  =  BigInteger.ONE;  }  else  {  final  BigInteger  gcd  =  num.gcd(den);  if  (BigInteger.ONE.compareTo(gcd)  <  0)  {    [BUGGY]      num  =  num.divide(gcd);  den  =  den.divide(gcd);  num  =  num.multiply(gcd);  den  =  den.divide(gcd);  [BUGGY]    num  =  num.divide(gcd);  den  =  den.divide(gcd);  }  if  (BigInteger.ZERO.compareTo(den)  >  0)  {  num  =  num.negate();  den  =  den.negate();  }    [CLASS]  BigFraction  [METHOD]  <init>  [RETURN_TYPE]  BigInteger)  BigInteger  num  BigInteger  den  [VARIABLES]  BigInteger  ONE_HUNDRED  den  denominator  gcd  num  numerator  boolean  BigFraction  FOUR_FIFTHS  MINUS_ONE  ONE  ONE_FIFTH  ONE_HALF  ONE_QUARTER  ONE_THIRD  THREE_FIFTHS  THREE_QUARTERS  TWO  TWO_FIFTHS  TWO_QUARTERS  TWO_THIRDS  ZERO  long  serialVersionUID  	projects/Math36/src/main/java/org/apache/commons/math/fraction/BigFraction.java	0.2721655269759087	133	133	2	add	        num    =    num.divide(gcd);    den    =    den.divide(gcd);    num  =  num.multiply(gcd);  den  =  den.divide(gcd);	  	compilable	  [FE]  AssertionError  	3	12	add
88	[BUG]  [BUGGY]      num  =  num.divide(gcd);  den  =  den.divide(gcd);  num  =  num.multiply(gcd);  den  =  den.divide(gcd);  [FE]  AssertionError  [FE]    AssertionError    [CONTEXT]    if  (BigInteger.ZERO.equals(num))  {  numerator  =  BigInteger.ZERO;  denominator  =  BigInteger.ONE;  }  else  {  final  BigInteger  gcd  =  num.gcd(den);  if  (BigInteger.ONE.compareTo(gcd)  <  0)  {    [BUGGY]      num  =  num.divide(gcd);  den  =  den.divide(gcd);  num  =  num.multiply(gcd);  den  =  den.divide(gcd);  [BUGGY]    num  =  num.divide(gcd);  den  =  den.divide(gcd);  }  if  (BigInteger.ZERO.compareTo(den)  >  0)  {  num  =  num.negate();  den  =  den.negate();  }    [CLASS]  BigFraction  [METHOD]  <init>  [RETURN_TYPE]  BigInteger)  BigInteger  num  BigInteger  den  [VARIABLES]  BigInteger  ONE_HUNDRED  den  denominator  gcd  num  numerator  boolean  BigFraction  FOUR_FIFTHS  MINUS_ONE  ONE  ONE_FIFTH  ONE_HALF  ONE_QUARTER  ONE_THIRD  THREE_FIFTHS  THREE_QUARTERS  TWO  TWO_FIFTHS  TWO_QUARTERS  TWO_THIRDS  ZERO  long  serialVersionUID  	projects/Math36/src/main/java/org/apache/commons/math/fraction/BigFraction.java	0.2721655269759087	133	133	2	replace	        num    =    num.divide(gcd);    den    =    den.divide(gcd);    num  =  num.multiply(gcd);  den  =  den.divide(gcd);	  	compilable	  [FE]  AssertionError  	3	12	add
89	[BUG]  [BUGGY]  num  =  num.divide(numerator,  gcd);  [CE]  method  divide  in  class  BigInteger  cannot  be  applied  to  given  types;  [FE]          AssertionError    [CONTEXT]    if  (BigInteger.ZERO.equals(num))  {  numerator  =  BigInteger.ZERO;  denominator  =  BigInteger.ONE;  }  else  {  final  BigInteger  gcd  =  num.gcd(den);  if  (BigInteger.ONE.compareTo(gcd)  <  0)  {    [BUGGY]  num  =  num.divide(numerator,  gcd);  [BUGGY]    den  =  den.divide(gcd);  }  if  (BigInteger.ZERO.compareTo(den)  >  0)  {  num  =  num.negate();  den  =  den.negate();  }    [CLASS]  BigFraction  [METHOD]  <init>  [RETURN_TYPE]  BigInteger)  BigInteger  num  BigInteger  den  [VARIABLES]  BigInteger  ONE_HUNDRED  den  denominator  gcd  num  numerator  boolean  BigFraction  FOUR_FIFTHS  MINUS_ONE  ONE  ONE_FIFTH  ONE_HALF  ONE_QUARTER  ONE_THIRD  THREE_FIFTHS  THREE_QUARTERS  TWO  TWO_FIFTHS  TWO_QUARTERS  TWO_THIRDS  ZERO  long  serialVersionUID  	projects/Math36/src/main/java/org/apache/commons/math/fraction/BigFraction.java	0.2721655269759087	133	133	2	replace	num  =  num.divide(numerator,  gcd);	  num    =    num.divide(gcd,    denominator);    	non-compiled	[CE]  method  divide  in  class  BigInteger  cannot  be  applied  to  given  types;	9	None	replace
90	[BUG]  [BUGGY]  num  =  num.divide(num,  gcd,  denominator);  [CE]  method  divide  in  class  BigInteger  cannot  be  applied  to  given  types;  [FE]            AssertionError    [CONTEXT]    if  (BigInteger.ZERO.equals(num))  {  numerator  =  BigInteger.ZERO;  denominator  =  BigInteger.ONE;  }  else  {  final  BigInteger  gcd  =  num.gcd(den);  if  (BigInteger.ONE.compareTo(gcd)  <  0)  {    [BUGGY]  num  =  num.divide(num,  gcd,  denominator);  [BUGGY]    den  =  den.divide(gcd);  }  if  (BigInteger.ZERO.compareTo(den)  >  0)  {  num  =  num.negate();  den  =  den.negate();  }    [CLASS]  BigFraction  [METHOD]  <init>  [RETURN_TYPE]  BigInteger)  BigInteger  num  BigInteger  den  [VARIABLES]  BigInteger  ONE_HUNDRED  den  denominator  gcd  num  numerator  boolean  BigFraction  FOUR_FIFTHS  MINUS_ONE  ONE  ONE_FIFTH  ONE_HALF  ONE_QUARTER  ONE_THIRD  THREE_FIFTHS  THREE_QUARTERS  TWO  TWO_FIFTHS  TWO_QUARTERS  TWO_THIRDS  ZERO  long  serialVersionUID  	projects/Math36/src/main/java/org/apache/commons/math/fraction/BigFraction.java	0.2721655269759087	133	133	2	replace	num  =  num.divide(num,  gcd,  denominator);	  num    =    num.divide(gcd,    denominator);    	non-compiled	[CE]  method  divide  in  class  BigInteger  cannot  be  applied  to  given  types;	9	None	replace
91	[BUG]  [BUGGY]  num  =  denominator.divide(gcd);  den  =  den.divide(gcd);  [CE]  variable  denominator  might  not  have  been  initialized  [FE]            AssertionError    [CONTEXT]    if  (BigInteger.ZERO.equals(num))  {  numerator  =  BigInteger.ZERO;  denominator  =  BigInteger.ONE;  }  else  {  final  BigInteger  gcd  =  num.gcd(den);  if  (BigInteger.ONE.compareTo(gcd)  <  0)  {    [BUGGY]  num  =  denominator.divide(gcd);  den  =  den.divide(gcd);  [BUGGY]    num  =  num.divide(gcd);  den  =  den.divide(gcd);  }  if  (BigInteger.ZERO.compareTo(den)  >  0)  {  num  =  num.negate();  den  =  den.negate();  }    [CLASS]  BigFraction  [METHOD]  <init>  [RETURN_TYPE]  BigInteger)  BigInteger  num  BigInteger  den  [VARIABLES]  BigInteger  ONE_HUNDRED  den  denominator  gcd  num  numerator  boolean  BigFraction  FOUR_FIFTHS  MINUS_ONE  ONE  ONE_FIFTH  ONE_HALF  ONE_QUARTER  ONE_THIRD  THREE_FIFTHS  THREE_QUARTERS  TWO  TWO_FIFTHS  TWO_QUARTERS  TWO_THIRDS  ZERO  long  serialVersionUID  	projects/Math36/src/main/java/org/apache/commons/math/fraction/BigFraction.java	0.2721655269759087	133	133	2	replace	num  =  denominator.divide(gcd);  den  =  den.divide(gcd);	      num    =    num.divide(gcd);    den    =    numerator.divide(gcd);    	non-compiled	[CE]  variable  denominator  might  not  have  been  initialized	15	None	replace
92	[BUG]  [BUGGY]  gcd  =  gen.getBigInteger();  [CE]  cannot  assign  a  value  to  final  variable  gcd  [FE]              AssertionError    [CONTEXT]    if  (BigInteger.ZERO.equals(num))  {  numerator  =  BigInteger.ZERO;  denominator  =  BigInteger.ONE;  }  else  {  final  BigInteger  gcd  =  num.gcd(den);  if  (BigInteger.ONE.compareTo(gcd)  <  0)  {    [BUGGY]  gcd  =  gen.getBigInteger();  [BUGGY]    num  =  num.divide(gcd);  den  =  den.divide(gcd);  }  if  (BigInteger.ZERO.compareTo(den)  >  0)  {  num  =  num.negate();  den  =  den.negate();  }    [CLASS]  BigFraction  [METHOD]  <init>  [RETURN_TYPE]  BigInteger)  BigInteger  num  BigInteger  den  [VARIABLES]  BigInteger  ONE_HUNDRED  den  denominator  gcd  num  numerator  boolean  BigFraction  FOUR_FIFTHS  MINUS_ONE  ONE  ONE_FIFTH  ONE_HALF  ONE_QUARTER  ONE_THIRD  THREE_FIFTHS  THREE_QUARTERS  TWO  TWO_FIFTHS  TWO_QUARTERS  TWO_THIRDS  ZERO  long  serialVersionUID  	projects/Math36/src/main/java/org/apache/commons/math/fraction/BigFraction.java	0.2721655269759087	133	133	2	replace	gcd  =  gen.getBigInteger();	      gcd    =    gcd.getBigInteger();    	non-compiled	[CE]  cannot  assign  a  value  to  final  variable  gcd	5	None	replace
93	[BUG]  [BUGGY]  gcd  =  gcd.doubleValue();  [CE]  cannot  assign  a  value  to  final  variable  gcd  [FE]          AssertionError    [CONTEXT]    if  (BigInteger.ZERO.equals(num))  {  numerator  =  BigInteger.ZERO;  denominator  =  BigInteger.ONE;  }  else  {  final  BigInteger  gcd  =  num.gcd(den);  if  (BigInteger.ONE.compareTo(gcd)  <  0)  {    [BUGGY]  gcd  =  gcd.doubleValue();  [BUGGY]    num  =  num.divide(gcd);  den  =  den.divide(gcd);  }  if  (BigInteger.ZERO.compareTo(den)  >  0)  {  num  =  num.negate();  den  =  den.negate();  }    [CLASS]  BigFraction  [METHOD]  <init>  [RETURN_TYPE]  BigInteger)  BigInteger  num  BigInteger  den  [VARIABLES]  BigInteger  ONE_HUNDRED  den  denominator  gcd  num  numerator  boolean  BigFraction  FOUR_FIFTHS  MINUS_ONE  ONE  ONE_FIFTH  ONE_HALF  ONE_QUARTER  ONE_THIRD  THREE_FIFTHS  THREE_QUARTERS  TWO  TWO_FIFTHS  TWO_QUARTERS  TWO_THIRDS  ZERO  long  serialVersionUID  	projects/Math36/src/main/java/org/apache/commons/math/fraction/BigFraction.java	0.2721655269759087	133	133	2	replace	gcd  =  gcd.doubleValue();	      gcd    =    gcd.hashCode();    	non-compiled	[CE]  cannot  assign  a  value  to  final  variable  gcd	2	None	replace
94	[BUG]  [BUGGY]  gcd  =  gcd.numerator();  [CE]  cannot  assign  a  value  to  final  variable  gcd  [FE]            AssertionError    [CONTEXT]    if  (BigInteger.ZERO.equals(num))  {  numerator  =  BigInteger.ZERO;  denominator  =  BigInteger.ONE;  }  else  {  final  BigInteger  gcd  =  num.gcd(den);  if  (BigInteger.ONE.compareTo(gcd)  <  0)  {    [BUGGY]  gcd  =  gcd.numerator();  [BUGGY]    num  =  num.divide(gcd);  den  =  den.divide(gcd);  }  if  (BigInteger.ZERO.compareTo(den)  >  0)  {  num  =  num.negate();  den  =  den.negate();  }    [CLASS]  BigFraction  [METHOD]  <init>  [RETURN_TYPE]  BigInteger)  BigInteger  num  BigInteger  den  [VARIABLES]  BigInteger  ONE_HUNDRED  den  denominator  gcd  num  numerator  boolean  BigFraction  FOUR_FIFTHS  MINUS_ONE  ONE  ONE_FIFTH  ONE_HALF  ONE_QUARTER  ONE_THIRD  THREE_FIFTHS  THREE_QUARTERS  TWO  TWO_FIFTHS  TWO_QUARTERS  TWO_THIRDS  ZERO  long  serialVersionUID  	projects/Math36/src/main/java/org/apache/commons/math/fraction/BigFraction.java	0.2721655269759087	133	133	2	replace	gcd  =  gcd.numerator();	      gcd    =    gcd.hashCode();    	non-compiled	[CE]  cannot  assign  a  value  to  final  variable  gcd	2	None	replace
95	[BUG]  [BUGGY]  [FE]  AssertionError  [FE]    AssertionError    [CONTEXT]    if  (BigInteger.ZERO.equals(num))  {  numerator  =  BigInteger.ZERO;  denominator  =  BigInteger.ONE;  }  else  {  final  BigInteger  gcd  =  num.gcd(den);  if  (BigInteger.ONE.compareTo(gcd)  <  0)  {    [BUGGY]  if(den.equals(BigInteger.ONE))  {  num  =  num.divide(gcd);  den  =  den.divide(gcd);  }  [BUGGY]    num  =  num.divide(gcd);  den  =  den.divide(gcd);  }  if  (BigInteger.ZERO.compareTo(den)  >  0)  {  num  =  num.negate();  den  =  den.negate();  }    [CLASS]  BigFraction  [METHOD]  <init>  [RETURN_TYPE]  BigInteger)  BigInteger  num  BigInteger  den  [VARIABLES]  BigInteger  ONE_HUNDRED  den  denominator  gcd  num  numerator  boolean  BigFraction  FOUR_FIFTHS  MINUS_ONE  ONE  ONE_FIFTH  ONE_HALF  ONE_QUARTER  ONE_THIRD  THREE_FIFTHS  THREE_QUARTERS  TWO  TWO_FIFTHS  TWO_QUARTERS  TWO_THIRDS  ZERO  long  serialVersionUID  	projects/Math36/src/main/java/org/apache/commons/math/fraction/BigFraction.java	0.2721655269759087	133	133	2	add	if(den.equals(BigInteger.ONE))  {  num  =  num.divide(gcd);  den  =  den.divide(gcd);  }	      num    =    num.divide(gcd);    den    =    den.divide(gcd);    	compilable	  [FE]  AssertionError  	4	11	replace
96	[BUG]  [BUGGY]  if(den.equals(BigInteger.ONE))  {  num  =  num.divide(gcd);  den  =  den.divide(gcd);  }  [FE]  AssertionError  [FE]    AssertionError    [CONTEXT]    if  (BigInteger.ZERO.equals(num))  {  numerator  =  BigInteger.ZERO;  denominator  =  BigInteger.ONE;  }  else  {  final  BigInteger  gcd  =  num.gcd(den);  if  (BigInteger.ONE.compareTo(gcd)  <  0)  {    [BUGGY]  if(den.equals(BigInteger.ONE))  {  num  =  num.divide(gcd);  den  =  den.divide(gcd);  }  [BUGGY]    num  =  num.divide(gcd);  den  =  den.divide(gcd);  }  if  (BigInteger.ZERO.compareTo(den)  >  0)  {  num  =  num.negate();  den  =  den.negate();  }    [CLASS]  BigFraction  [METHOD]  <init>  [RETURN_TYPE]  BigInteger)  BigInteger  num  BigInteger  den  [VARIABLES]  BigInteger  ONE_HUNDRED  den  denominator  gcd  num  numerator  boolean  BigFraction  FOUR_FIFTHS  MINUS_ONE  ONE  ONE_FIFTH  ONE_HALF  ONE_QUARTER  ONE_THIRD  THREE_FIFTHS  THREE_QUARTERS  TWO  TWO_FIFTHS  TWO_QUARTERS  TWO_THIRDS  ZERO  long  serialVersionUID  	projects/Math36/src/main/java/org/apache/commons/math/fraction/BigFraction.java	0.2721655269759087	133	133	2	replace	if(den.equals(BigInteger.ONE))  {  num  =  num.divide(gcd);  den  =  den.divide(gcd);  }	      num    =    num.divide(gcd);    den    =    den.divide(gcd);    	compilable	  [FE]  AssertionError  	4	11	replace
97	[BUG]  [BUGGY]      num  =  num.divide(gcd);  num  =  num.dote(gcd);  [CE]  cannot  find  symbol  [FE]    AssertionError    [CONTEXT]    if  (BigInteger.ZERO.equals(num))  {  numerator  =  BigInteger.ZERO;  denominator  =  BigInteger.ONE;  }  else  {  final  BigInteger  gcd  =  num.gcd(den);  if  (BigInteger.ONE.compareTo(gcd)  <  0)  {    [BUGGY]      num  =  num.divide(gcd);  num  =  num.dote(gcd);  [BUGGY]    num  =  num.divide(gcd);  den  =  den.divide(gcd);  }  if  (BigInteger.ZERO.compareTo(den)  >  0)  {  num  =  num.negate();  den  =  den.negate();  }    [CLASS]  BigFraction  [METHOD]  <init>  [RETURN_TYPE]  BigInteger)  BigInteger  num  BigInteger  den  [VARIABLES]  BigInteger  ONE_HUNDRED  den  denominator  gcd  num  numerator  boolean  BigFraction  FOUR_FIFTHS  MINUS_ONE  ONE  ONE_FIFTH  ONE_HALF  ONE_QUARTER  ONE_THIRD  THREE_FIFTHS  THREE_QUARTERS  TWO  TWO_FIFTHS  TWO_QUARTERS  TWO_THIRDS  ZERO  long  serialVersionUID  	projects/Math36/src/main/java/org/apache/commons/math/fraction/BigFraction.java	0.2721655269759087	133	133	2	replace	        num    =    num.divide(gcd);    num  =  num.dote(gcd);	  	non-compiled	[CE]  cannot  find  symbol	6	None	add
