projects/Cli30/src/main/java/org/apache/commons/cli/Parser.java103returnparse(options,arguments,properties,false);
projects/Cli30/src/main/java/org/apache/commons/cli/Parser.java103returnparse(options,arguments,properties,true);
projects/Cli30/src/main/java/org/apache/commons/cli/Parser.java103returnparse(options,arguments,properties);
projects/Cli30/src/main/java/org/apache/commons/cli/Parser.java103parse(options,arguments,properties,true);
projects/Cli30/src/main/java/org/apache/commons/cli/Parser.java103
projects/Cli30/src/main/java/org/apache/commons/cli/Parser.java103parse(options,arguments,properties,false);
projects/Cli30/src/main/java/org/apache/commons/cli/Parser.java103parse(options,arguments,properties);
projects/Cli30/src/main/java/org/apache/commons/cli/Parser.java103Parsercmd=parse(options,arguments,properties);
projects/Cli30/src/main/java/org/apache/commons/cli/Parser.java103parse(options,properties,false);
projects/Cli30/src/main/java/org/apache/commons/cli/Parser.java103CommandLinecmd=parse(options,arguments,properties);
projects/Cli30/src/main/java/org/apache/commons/cli/Parser.java103CommandLinecmd=parse(options,arguments,properties,false);
projects/Cli30/src/main/java/org/apache/commons/cli/Parser.java103returnparse(options,arguments,properties,null);
projects/Cli30/src/main/java/org/apache/commons/cli/Parser.java103Optioncmd=options.parse(arguments,properties);
projects/Cli30/src/main/java/org/apache/commons/cli/Parser.java103Optioncmd=options.parseOption(options,arguments);
projects/Cli30/src/main/java/org/apache/commons/cli/Parser.java103returnparse(options,arguments,properties,options);
projects/Cli30/src/main/java/org/apache/commons/cli/Parser.java103returnparse(options,properties,arguments);
projects/Cli30/src/main/java/org/apache/commons/cli/Parser.java103returnparse(options,arguments,properties,cmd,null);
projects/Cli30/src/main/java/org/apache/commons/cli/Parser.java103returnparse(options,arguments,properties,this);
projects/Cli30/src/main/java/org/apache/commons/cli/Parser.java103returnparse(options,arguments,properties,cmd);
projects/Cli30/src/main/java/org/apache/commons/cli/Parser.java103returnparse(options,arguments,properties,parameters);
projects/Cli30/src/main/java/org/apache/commons/cli/Parser.java103CommandLinecmd=parse(options,arguments,properties,true);
projects/Cli30/src/main/java/org/apache/commons/cli/Parser.java103CommandLinecmd=parse(options,options,properties,true);
projects/Cli30/src/main/java/org/apache/commons/cli/Parser.java103CommandLinecmd=parse(options,properties,false);
projects/Cli30/src/main/java/org/apache/commons/cli/Parser.java103parse(options,arguments,properties,null);
projects/Cli30/src/main/java/org/apache/commons/cli/Parser.java103CommandLinecmd=parse(options,properties,arguments);
projects/Cli30/src/main/java/org/apache/commons/cli/Parser.java103parse(options,arguments,false);
projects/Cli30/src/main/java/org/apache/commons/cli/Parser.java103parse(options,properties,true);
projects/Cli30/src/main/java/org/apache/commons/cli/Parser.java103parse(options,properties,arguments);
projects/Cli30/src/main/java/org/apache/commons/cli/Parser.java103returnparse(options,properties,true);
projects/Cli30/src/main/java/org/apache/commons/cli/Parser.java103Optioncmd=options.parse(options,arguments,properties);
projects/Cli30/src/main/java/org/apache/commons/cli/Parser.java103Optioncmd=parse(options,arguments,properties);
projects/Cli30/src/main/java/org/apache/commons/cli/Parser.java103Optioncmd=options.parse(properties,arguments);
projects/Cli30/src/main/java/org/apache/commons/cli/Parser.java103Optioncmd=options.parse(options,arguments);
projects/Cli30/src/main/java/org/apache/commons/cli/Parser.java103this.parse(options,arguments,properties);
projects/Cli30/src/main/java/org/apache/commons/cli/Parser.java103Optioncmd=options.parseOption(options,arguments,properties);
projects/Cli30/src/main/java/org/apache/commons/cli/Parser.java103Optioncmd=options.parseOption(options,properties);
projects/Cli30/src/main/java/org/apache/commons/cli/Parser.java103Optioncmd=opts.parseOption(options,arguments);
projects/Cli30/src/main/java/org/apache/commons/cli/Parser.java103Parsercmd=parse(options,arguments,properties,true);
projects/Cli30/src/main/java/org/apache/commons/cli/Parser.java103Parsercmd=parse(options,arguments,properties,false);
projects/Cli30/src/main/java/org/apache/commons/cli/Parser.java103Parsercmd=parse(options,properties,arguments);
projects/Cli30/src/main/java/org/apache/commons/cli/Parser.java103Optioncmd=options.parse(arguments,properties,false);
projects/Cli30/src/main/java/org/apache/commons/cli/Parser.java103Optioncmd=option.parse(options,arguments,properties);
projects/Cli30/src/main/java/org/apache/commons/cli/Parser.java103Optioncmd=options.parseOption(arguments,options);
projects/Cli30/src/main/java/org/apache/commons/cli/Parser.java103parse(options,properties,arguments,true);
projects/Cli30/src/main/java/org/apache/commons/cli/Parser.java103Optioncmd=options.parse(options,properties);
projects/Cli30/src/main/java/org/apache/commons/cli/Parser.java103CommandLinecmd=parse(options,properties,true);
projects/Cli30/src/main/java/org/apache/commons/cli/Parser.java103Parsercmd=parse(options,properties,options);
projects/Cli30/src/main/java/org/apache/commons/cli/Parser.java103returnparse(options,properties,arguments,true);
projects/Cli30/src/main/java/org/apache/commons/cli/Parser.java103Optioncmd=option.parseOption(options,arguments,properties);
