projects/Chart17/source/org/jfree/data/time/TimeSeries.java742>this.maximumItemAge){
projects/Chart17/source/org/jfree/data/time/TimeSeries.java742>this.maximumItemAge||(latest-getTimePeriod(0).getSerialIndex())>this.data.size()){
projects/Chart17/source/org/jfree/data/time/TimeSeries.java742
projects/Chart17/source/org/jfree/data/time/TimeSeries.java742((longest-getTimePeriod(0).getSerialIndex())>=this.maximumItemAge));
projects/Chart17/source/org/jfree/data/time/TimeSeries.java742((longest-getTimePeriod(0).getSerialIndex())>=this.maximumItemAge);
projects/Chart17/source/org/jfree/data/time/TimeSeries.java742this.data.remove(0);
projects/Chart17/source/org/jfree/data/time/TimeSeries.java742&&(this.data.size()>latest)){this.data.remove(0);
projects/Chart17/source/org/jfree/data/time/TimeSeries.java742&&this.data.size()>latest){this.data.remove(0);
projects/Chart17/source/org/jfree/data/time/TimeSeries.java742&&this.data.get(latest)!=null){this.data.remove(0);
projects/Chart17/source/org/jfree/data/time/TimeSeries.java742>this.data.size()){
projects/Chart17/source/org/jfree/data/time/TimeSeries.java742>this.maximumItemAge||(latest-getTimePeriod(0).getSerialIndex())>this.data.remove(0);
projects/Chart17/source/org/jfree/data/time/TimeSeries.java742&&(last-getTimePeriod(0).getSerialIndex())!=0){this.data.remove(0);
projects/Chart17/source/org/jfree/data/time/TimeSeries.java742&&(last-getTimePeriod(0).getSerialIndex())==0){this.data.remove(0);
projects/Chart17/source/org/jfree/data/time/TimeSeries.java742&&(last-getTimePeriod(0).getSerialIndex())!=this.maximumItemAge){this.data.remove(0);
projects/Chart17/source/org/jfree/data/time/TimeSeries.java742((latest-getTimePeriod(0).getSerialIndex())>=this.maximumItemAge);
projects/Chart17/source/org/jfree/data/time/TimeSeries.java742((latest-getTimePeriod(0).getSerialIndex())>>this.maximumItemAge);
projects/Chart17/source/org/jfree/data/time/TimeSeries.java742((latest-getTimePeriod(0).getSerialIndex())>=this.maximumItemAge));
projects/Chart17/source/org/jfree/data/time/TimeSeries.java742((latest-getTimePeriod(0).getSerialIndex())>>this.maximumItemAge));
projects/Chart17/source/org/jfree/data/time/TimeSeries.java742&&(latest-getTimePeriod(0).getSerialIndex())==0){this.data.remove(0);
projects/Chart17/source/org/jfree/data/time/TimeSeries.java742&&(last-getTimePeriod(0).getSerialIndex()+1)==0){this.data.remove(0);
projects/Chart17/source/org/jfree/data/time/TimeSeries.java742>this.maximumItemAge&&(latest-getTimePeriod(0).getSerialIndex())>this.data.size()){
projects/Chart17/source/org/jfree/data/time/TimeSeries.java742||(latest-getTimePeriod(0).getSerialIndex())>this.data.size()){
projects/Chart17/source/org/jfree/data/time/TimeSeries.java742&&(latest-getTimePeriod(0).getSerialIndex())!=this.maximumItemAge){this.data.remove(0);
projects/Chart17/source/org/jfree/data/time/TimeSeries.java742&&(latest-getTimePeriod(0).getSerialIndex())!=0){this.data.remove(0);
projects/Chart17/source/org/jfree/data/time/TimeSeries.java742&&(last-getTimePeriod(0).getSerialIndex()+1)!=0){this.data.remove(0);
projects/Chart17/source/org/jfree/data/time/TimeSeries.java742&&(this.data.size()>latest||this.maximumItemAge)){this.data.remove(0);
projects/Chart17/source/org/jfree/data/time/TimeSeries.java742&&this.data.get(latest)==null){this.data.remove(0);
projects/Chart17/source/org/jfree/data/time/TimeSeries.java742this.data.remove(latest);
projects/Chart17/source/org/jfree/data/time/TimeSeries.java742&&this.data.size()<=latest){this.data.remove(0);
projects/Chart17/source/org/jfree/data/time/TimeSeries.java742((longest-getTimePeriod(0).getSerialIndex())>=this.data.size());
projects/Chart17/source/org/jfree/data/time/TimeSeries.java742>this.maximumItemAge&&(latest-getTimePeriod(0).getSerialIndex())>this.data.remove(0);
projects/Chart17/source/org/jfree/data/time/TimeSeries.java742>this.maximumItemAge&&(latest-getTimePeriod(0).getSerialIndex())>this.data.remove(1);
projects/Chart17/source/org/jfree/data/time/TimeSeries.java742>this.data.size()-1){
projects/Chart17/source/org/jfree/data/time/TimeSeries.java742>this.maximumItemAge&&(latest-getTimePeriod(1).getSerialIndex())>this.data.size()){
projects/Chart17/source/org/jfree/data/time/TimeSeries.java742((longest-getTimePeriod(0).getSerialIndex())>this.maximumItemAge);
projects/Chart17/source/org/jfree/data/time/TimeSeries.java742((longest-getTimePeriod(0).getSerialIndex())>this.maximumItemAge));
projects/Chart17/source/org/jfree/data/time/TimeSeries.java742((-getTimePeriod(0).getSerialIndex())>=this.data.get(latest));
projects/Chart17/source/org/jfree/data/time/TimeSeries.java742((-getTimePeriod(0).getSerialIndex())>=data.getLength()));
projects/Chart17/source/org/jfree/data/time/TimeSeries.java742&&(this.data.size()>latest)||(this.data.get(0).getItemCount()>this.maximumItemAge)){this.data.remove(0);
projects/Chart17/source/org/jfree/data/time/TimeSeries.java742&&this.data.size()==latest){this.data.remove(0);
projects/Chart17/source/org/jfree/data/time/TimeSeries.java742&&(latest-getTimePeriod(0).getSerialIndex())==this.maximumItemAge){this.data.remove(0);
projects/Chart17/source/org/jfree/data/time/TimeSeries.java742&&(this.data.size()>latest)&&this.maximumItemAge<this.maximumItemAge){this.data.remove(0);
projects/Chart17/source/org/jfree/data/time/TimeSeries.java742((latest-getTimePeriod(1).getSerialIndex())>=this.maximumItemAge);
projects/Chart17/source/org/jfree/data/time/TimeSeries.java742((latest-getTimePeriod(1).getSerialIndex())>=this.maximumItemAge));
projects/Chart17/source/org/jfree/data/time/TimeSeries.java742&&this.data.size()>maximumItemAge){this.data.remove(0);
