bugid	buggy	buggy_class	suspiciousness	buggy_line	endbuggycode	original_failing_test_number	action	patch	original_buggy	execution_result	diagnosis	previous_bug_id	new_failing_test_number	this_action
1	[BUG]  [BUGGY]  this.defaultArgName  =  DEFAULT_OBJECT_NAME  + "n ";  [CE]  illegal  start  of  type  [FE]                    StringIndexOutOfBoundsException      [CONTEXT]        [BUGGY]  this.defaultArgName  =  DEFAULT_OBJECT_NAME  + "n ";  [BUGGY]      public  String  defaultArgName  =  DEFAULT_ARG_NAME;  [CLASS]  HelpFormatter  OptionComparator  [VARIABLES]  	projects/Cli32/src/main/java/org/apache/commons/cli/HelpFormatter.java	0.2886751345948129	135	135	2	replace	this.defaultArgName  =  DEFAULT_OBJECT_NAME  + "n ";	  this.defaultArgName    =    DEFAULT_OBJECT_NAME;    	non-compiled	[CE]  illegal  start  of  type	21	None	replace
2	[BUG]  [BUGGY]  public  String  defaultArgName  =(this.defaultArgName  ==  null)?  this.defaultArgName  : "n ";  [CE]  illegal  start  of  type  [FE]                  StringIndexOutOfBoundsException      [CONTEXT]        [BUGGY]  public  String  defaultArgName  =(this.defaultArgName  ==  null)?  this.defaultArgName  : "n ";  [BUGGY]        [CLASS]  HelpFormatter  OptionComparator  [VARIABLES]  	projects/Cli32/src/main/java/org/apache/commons/cli/HelpFormatter.java	0.2886751345948129	135	135	2	replace	public  String  defaultArgName  =(this.defaultArgName  ==  null)?  this.defaultArgName  : "n ";	  public    String    defaultArgName    =(this.defaultArgName!=    null)?    this.defaultArgName    :   "   ";    	non-compiled	[CE]  illegal  start  of  type	73	None	replace
3	[BUG]  [BUGGY]  public  String  defaultArgName  =(this.defaultArgName!=  null)?  this.defaultArgName  : "n ";  [CE]  illegal  start  of  type  [FE]                    StringIndexOutOfBoundsException      [CONTEXT]        [BUGGY]  public  String  defaultArgName  =(this.defaultArgName!=  null)?  this.defaultArgName  : "n ";  [BUGGY]        [CLASS]  HelpFormatter  OptionComparator  [VARIABLES]  	projects/Cli32/src/main/java/org/apache/commons/cli/HelpFormatter.java	0.2886751345948129	135	135	2	replace	public  String  defaultArgName  =(this.defaultArgName!=  null)?  this.defaultArgName  : "n ";	  public    String    defaultArgName    =(this.defaultArgName!=    null)?    this.defaultArgName    :   "   ";    	non-compiled	[CE]  illegal  start  of  type	73	None	replace
4	[BUG]  [BUGGY]  public  String  defaultArgName  =(this.defaultArgName  ==  null)?  this.defaultArgName  : "  <   ";  [CE]  illegal  start  of  type  [FE]                      StringIndexOutOfBoundsException      [CONTEXT]        [BUGGY]  public  String  defaultArgName  =(this.defaultArgName  ==  null)?  this.defaultArgName  : "  <   ";  [BUGGY]        [CLASS]  HelpFormatter  OptionComparator  [VARIABLES]  	projects/Cli32/src/main/java/org/apache/commons/cli/HelpFormatter.java	0.2886751345948129	135	135	2	replace	public  String  defaultArgName  =(this.defaultArgName  ==  null)?  this.defaultArgName  : "  <   ";	  public    String    defaultArgName    =(this.defaultArgName!=    null)?    this.defaultArgName    :   "   ";    	non-compiled	[CE]  illegal  start  of  type	73	None	replace
5	[BUG]  [BUGGY]  public  String  defaultArgName  =(this.defaultArgName  ==  null)?  this.defaultArgName  : "# ";  [CE]  illegal  start  of  type  [FE]                        StringIndexOutOfBoundsException      [CONTEXT]        [BUGGY]  public  String  defaultArgName  =(this.defaultArgName  ==  null)?  this.defaultArgName  : "# ";  [BUGGY]        [CLASS]  HelpFormatter  OptionComparator  [VARIABLES]  	projects/Cli32/src/main/java/org/apache/commons/cli/HelpFormatter.java	0.2886751345948129	135	135	2	replace	public  String  defaultArgName  =(this.defaultArgName  ==  null)?  this.defaultArgName  : "# ";	  public    String    defaultArgName    =(this.defaultArgName!=    null)?    this.defaultArgName    :   "   ";    	non-compiled	[CE]  illegal  start  of  type	73	None	replace
6	[BUG]  [BUGGY]  return  new  HelpFormatterBuilder().append( "> ").append(StringUtils.repeat( ",n ");  [CE]  illegal  start  of  type  [FE]                        StringIndexOutOfBoundsException      [CONTEXT]        [BUGGY]  return  new  HelpFormatterBuilder().append( "> ").append(StringUtils.repeat( ",n ");  [BUGGY]        [CLASS]  HelpFormatter  OptionComparator  [VARIABLES]  	projects/Cli32/src/main/java/org/apache/commons/cli/HelpFormatter.java	0.2886751345948129	135	135	2	replace	return  new  HelpFormatterBuilder().append( "> ").append(StringUtils.repeat( ",n ");	  return    new    HelpFormatterBuilder().append(   ">   ").append(StringUtils.repeat(   ",   ");    	non-compiled	[CE]  illegal  start  of  type	66	None	replace
7	[BUG]  [BUGGY]  return  new  HelpFormatterBuilder().append( "> ").append(StringUtils.repeat( ", ",  null);  [CE]  illegal  start  of  type  [FE]                          StringIndexOutOfBoundsException      [CONTEXT]        [BUGGY]  return  new  HelpFormatterBuilder().append( "> ").append(StringUtils.repeat( ", ",  null);  [BUGGY]        [CLASS]  HelpFormatter  OptionComparator  [VARIABLES]  	projects/Cli32/src/main/java/org/apache/commons/cli/HelpFormatter.java	0.2886751345948129	135	135	2	replace	return  new  HelpFormatterBuilder().append( "> ").append(StringUtils.repeat( ", ",  null);	  return    new    HelpFormatterBuilder().append(   ">   ").append(StringUtils.repeat(   ",   ");    	non-compiled	[CE]  illegal  start  of  type	66	None	replace
8	[BUG]  [BUGGY]  public  String  defaultArgName  =  getDefaultArgument().toString();  [CE]  illegal  start  of  type  [FE]                  StringIndexOutOfBoundsException      [CONTEXT]        [BUGGY]  public  String  defaultArgName  =  getDefaultArgument().toString();  [BUGGY]        [CLASS]  HelpFormatter  OptionComparator  [VARIABLES]  	projects/Cli32/src/main/java/org/apache/commons/cli/HelpFormatter.java	0.2886751345948129	135	135	2	replace	public  String  defaultArgName  =  getDefaultArgument().toString();	  public    String    defaultArgName    =    getDefaultArgument();    	non-compiled	[CE]  illegal  start  of  type	37	None	replace
9	[BUG]  [BUGGY]  public  String  defaultArgName  =  getDefaultArgument()  + "n ";  [CE]  illegal  start  of  type  [FE]                    StringIndexOutOfBoundsException      [CONTEXT]        [BUGGY]  public  String  defaultArgName  =  getDefaultArgument()  + "n ";  [BUGGY]        [CLASS]  HelpFormatter  OptionComparator  [VARIABLES]  	projects/Cli32/src/main/java/org/apache/commons/cli/HelpFormatter.java	0.2886751345948129	135	135	2	replace	public  String  defaultArgName  =  getDefaultArgument()  + "n ";	  public    String    defaultArgName    =    getDefaultArgument();    	non-compiled	[CE]  illegal  start  of  type	37	None	replace
10	[BUG]  [BUGGY]  public  String  defaultArgName  =  getDefaultArgument()  + ": "+getMessage();  [CE]  illegal  start  of  type  [FE]                      StringIndexOutOfBoundsException      [CONTEXT]        [BUGGY]  public  String  defaultArgName  =  getDefaultArgument()  + ": "+getMessage();  [BUGGY]        [CLASS]  HelpFormatter  OptionComparator  [VARIABLES]  	projects/Cli32/src/main/java/org/apache/commons/cli/HelpFormatter.java	0.2886751345948129	135	135	2	replace	public  String  defaultArgName  =  getDefaultArgument()  + ": "+getMessage();	  public    String    defaultArgName    =    getDefaultArgument();    	non-compiled	[CE]  illegal  start  of  type	37	None	replace
11	[BUG]  [BUGGY]  StringIndexOutOfBoundsException.append( "null ");  [CE]  illegal  start  of  type  [FE]                    StringIndexOutOfBoundsException      [CONTEXT]        [BUGGY]  StringIndexOutOfBoundsException.append( "null ");  [BUGGY]      public  String  defaultArgName  =  DEFAULT_ARG_NAME;  [CLASS]  HelpFormatter  OptionComparator  [VARIABLES]  	projects/Cli32/src/main/java/org/apache/commons/cli/HelpFormatter.java	0.2886751345948129	135	135	2	replace	StringIndexOutOfBoundsException.append( "null ");	  StringIndexOutOfBoundsException.append(   "n   ");    	non-compiled	[CE]  illegal  start  of  type	31	None	replace
12	[BUG]  [BUGGY]  StringIndexOutOfBoundsException.append( "null  argument ");  [CE]  illegal  start  of  type  [FE]                      StringIndexOutOfBoundsException      [CONTEXT]        [BUGGY]  StringIndexOutOfBoundsException.append( "null  argument ");  [BUGGY]      public  String  defaultArgName  =  DEFAULT_ARG_NAME;  [CLASS]  HelpFormatter  OptionComparator  [VARIABLES]  	projects/Cli32/src/main/java/org/apache/commons/cli/HelpFormatter.java	0.2886751345948129	135	135	2	replace	StringIndexOutOfBoundsException.append( "null  argument ");	  StringIndexOutOfBoundsException.append(   "n   ");    	non-compiled	[CE]  illegal  start  of  type	31	None	replace
13	[BUG]  [BUGGY]  StringIndexOutOfBoundsException.append( "None ");  [CE]  illegal  start  of  type  [FE]                        StringIndexOutOfBoundsException      [CONTEXT]        [BUGGY]  StringIndexOutOfBoundsException.append( "None ");  [BUGGY]      public  String  defaultArgName  =  DEFAULT_ARG_NAME;  [CLASS]  HelpFormatter  OptionComparator  [VARIABLES]  	projects/Cli32/src/main/java/org/apache/commons/cli/HelpFormatter.java	0.2886751345948129	135	135	2	replace	StringIndexOutOfBoundsException.append( "None ");	  StringIndexOutOfBoundsException.append(   "n   ");    	non-compiled	[CE]  illegal  start  of  type	31	None	replace
14	[BUG]  [BUGGY]  public  String  defaultArgName  =(String)this.defaultValue  + ": "+this.defaultValue;  [CE]  illegal  start  of  type  [FE]                StringIndexOutOfBoundsException      [CONTEXT]        [BUGGY]  public  String  defaultArgName  =(String)this.defaultValue  + ": "+this.defaultValue;  [BUGGY]        [CLASS]  HelpFormatter  OptionComparator  [VARIABLES]  	projects/Cli32/src/main/java/org/apache/commons/cli/HelpFormatter.java	0.2886751345948129	135	135	2	replace	public  String  defaultArgName  =(String)this.defaultValue  + ": "+this.defaultValue;	  public    String    defaultArgName    =(String)this.defaultValue;    	non-compiled	[CE]  illegal  start  of  type	11	None	replace
15	[BUG]  [BUGGY]  public  String  defaultArgName  =(String)this.defaultValue  + "; ";  [CE]  illegal  start  of  type  [FE]                  StringIndexOutOfBoundsException      [CONTEXT]        [BUGGY]  public  String  defaultArgName  =(String)this.defaultValue  + "; ";  [BUGGY]        [CLASS]  HelpFormatter  OptionComparator  [VARIABLES]  	projects/Cli32/src/main/java/org/apache/commons/cli/HelpFormatter.java	0.2886751345948129	135	135	2	replace	public  String  defaultArgName  =(String)this.defaultValue  + "; ";	  public    String    defaultArgName    =(String)this.defaultValue;    	non-compiled	[CE]  illegal  start  of  type	11	None	replace
16	[BUG]  [BUGGY]  public  String  defaultArgName  =(String)this.defaultValue  + "n ";  [CE]  illegal  start  of  type  [FE]                    StringIndexOutOfBoundsException      [CONTEXT]        [BUGGY]  public  String  defaultArgName  =(String)this.defaultValue  + "n ";  [BUGGY]        [CLASS]  HelpFormatter  OptionComparator  [VARIABLES]  	projects/Cli32/src/main/java/org/apache/commons/cli/HelpFormatter.java	0.2886751345948129	135	135	2	replace	public  String  defaultArgName  =(String)this.defaultValue  + "n ";	  public    String    defaultArgName    =(String)this.defaultValue;    	non-compiled	[CE]  illegal  start  of  type	11	None	replace
17	[BUG]  [BUGGY]  public  String  defaultArgName  =(this.defaultArgName  ==  null)?   "null "  :  this.defaultArgName;  [CE]  illegal  start  of  type  [FE]                StringIndexOutOfBoundsException      [CONTEXT]        [BUGGY]  public  String  defaultArgName  =(this.defaultArgName  ==  null)?   "null "  :  this.defaultArgName;  [BUGGY]        [CLASS]  HelpFormatter  OptionComparator  [VARIABLES]  	projects/Cli32/src/main/java/org/apache/commons/cli/HelpFormatter.java	0.2886751345948129	135	135	2	replace	public  String  defaultArgName  =(this.defaultArgName  ==  null)?   "null "  :  this.defaultArgName;	  public    String    defaultArgName    =(this.defaultArgName    ==    null)?   "   "    :    this.defaultArgName;    	non-compiled	[CE]  illegal  start  of  type	72	None	replace
18	[BUG]  [BUGGY]  public  String  defaultArgName  =(this.defaultArgName  ==  null)?   "0 "  :  this.defaultArgName;  [CE]  illegal  start  of  type  [FE]                  StringIndexOutOfBoundsException      [CONTEXT]        [BUGGY]  public  String  defaultArgName  =(this.defaultArgName  ==  null)?   "0 "  :  this.defaultArgName;  [BUGGY]        [CLASS]  HelpFormatter  OptionComparator  [VARIABLES]  	projects/Cli32/src/main/java/org/apache/commons/cli/HelpFormatter.java	0.2886751345948129	135	135	2	replace	public  String  defaultArgName  =(this.defaultArgName  ==  null)?   "0 "  :  this.defaultArgName;	  public    String    defaultArgName    =(this.defaultArgName    ==    null)?   "   "    :    this.defaultArgName;    	non-compiled	[CE]  illegal  start  of  type	72	None	replace
19	[BUG]  [BUGGY]  public  String  defaultArgName  =(this.defaultArgName  ==  null)?   "n "  :  this.defaultArgName;  [CE]  illegal  start  of  type  [FE]                    StringIndexOutOfBoundsException      [CONTEXT]        [BUGGY]  public  String  defaultArgName  =(this.defaultArgName  ==  null)?   "n "  :  this.defaultArgName;  [BUGGY]        [CLASS]  HelpFormatter  OptionComparator  [VARIABLES]  	projects/Cli32/src/main/java/org/apache/commons/cli/HelpFormatter.java	0.2886751345948129	135	135	2	replace	public  String  defaultArgName  =(this.defaultArgName  ==  null)?   "n "  :  this.defaultArgName;	  public    String    defaultArgName    =(this.defaultArgName    ==    null)?   "   "    :    this.defaultArgName;    	non-compiled	[CE]  illegal  start  of  type	72	None	replace
20	[BUG]  [BUGGY]  nullWriter.printStackTrace(System.err);  [CE]  illegal  start  of  type  [FE]                  StringIndexOutOfBoundsException      [CONTEXT]        [BUGGY]  nullWriter.printStackTrace(System.err);  [BUGGY]      public  String  defaultArgName  =  DEFAULT_ARG_NAME;  [CLASS]  HelpFormatter  OptionComparator  [VARIABLES]  	projects/Cli32/src/main/java/org/apache/commons/cli/HelpFormatter.java	0.2886751345948129	135	135	2	replace	nullWriter.printStackTrace(System.err);	  nullWriter.printStackTrace();    	non-compiled	[CE]  illegal  start  of  type	26	None	replace
21	[BUG]  [BUGGY]  nullWriter.printStackTrace(System.out);  [CE]  illegal  start  of  type  [FE]                    StringIndexOutOfBoundsException      [CONTEXT]        [BUGGY]  nullWriter.printStackTrace(System.out);  [BUGGY]      public  String  defaultArgName  =  DEFAULT_ARG_NAME;  [CLASS]  HelpFormatter  OptionComparator  [VARIABLES]  	projects/Cli32/src/main/java/org/apache/commons/cli/HelpFormatter.java	0.2886751345948129	135	135	2	replace	nullWriter.printStackTrace(System.out);	  nullWriter.printStackTrace();    	non-compiled	[CE]  illegal  start  of  type	26	None	replace
22	[BUG]  [BUGGY]  nullWriter.printStackTrace( "n ");  [CE]  illegal  start  of  type  [FE]                      StringIndexOutOfBoundsException      [CONTEXT]        [BUGGY]  nullWriter.printStackTrace( "n ");  [BUGGY]      public  String  defaultArgName  =  DEFAULT_ARG_NAME;  [CLASS]  HelpFormatter  OptionComparator  [VARIABLES]  	projects/Cli32/src/main/java/org/apache/commons/cli/HelpFormatter.java	0.2886751345948129	135	135	2	replace	nullWriter.printStackTrace( "n ");	  nullWriter.printStackTrace();    	non-compiled	[CE]  illegal  start  of  type	26	None	replace
23	[BUG]  [BUGGY]  public  String  defaultArgName  =  System.getProperty( "user.default-arg ",  null);  [CE]  illegal  start  of  type  [FE]                StringIndexOutOfBoundsException      [CONTEXT]        [BUGGY]  public  String  defaultArgName  =  System.getProperty( "user.default-arg ",  null);  [BUGGY]        [CLASS]  HelpFormatter  OptionComparator  [VARIABLES]  	projects/Cli32/src/main/java/org/apache/commons/cli/HelpFormatter.java	0.2886751345948129	135	135	2	replace	public  String  defaultArgName  =  System.getProperty( "user.default-arg ",  null);	  public    String    defaultArgName    =    System.getProperty(   "user.default-arg   ");    	non-compiled	[CE]  illegal  start  of  type	78	None	replace
24	[BUG]  [BUGGY]  public  String  defaultArgName  =  System.getProperty( "user.default-arg. ");  [CE]  illegal  start  of  type  [FE]                  StringIndexOutOfBoundsException      [CONTEXT]        [BUGGY]  public  String  defaultArgName  =  System.getProperty( "user.default-arg. ");  [BUGGY]        [CLASS]  HelpFormatter  OptionComparator  [VARIABLES]  	projects/Cli32/src/main/java/org/apache/commons/cli/HelpFormatter.java	0.2886751345948129	135	135	2	replace	public  String  defaultArgName  =  System.getProperty( "user.default-arg. ");	  public    String    defaultArgName    =    System.getProperty(   "user.default-arg   ");    	non-compiled	[CE]  illegal  start  of  type	78	None	replace
25	[BUG]  [BUGGY]  public  String  defaultArgName  =  System.getProperty( "user.default-arg ",  IndexOutOfBoundsException.class);  [CE]  illegal  start  of  type  [FE]                    StringIndexOutOfBoundsException      [CONTEXT]        [BUGGY]  public  String  defaultArgName  =  System.getProperty( "user.default-arg ",  IndexOutOfBoundsException.class);  [BUGGY]        [CLASS]  HelpFormatter  OptionComparator  [VARIABLES]  	projects/Cli32/src/main/java/org/apache/commons/cli/HelpFormatter.java	0.2886751345948129	135	135	2	replace	public  String  defaultArgName  =  System.getProperty( "user.default-arg ",  IndexOutOfBoundsException.class);	  public    String    defaultArgName    =    System.getProperty(   "user.default-arg   ");    	non-compiled	[CE]  illegal  start  of  type	78	None	replace
26	[BUG]  [BUGGY]  StringIndexOutOfBoundsException.append( "Can  not  instantiate  default  argument: "  +  defaultArgName,  DEFAULT_ARG_NAME);  [CE]  illegal  start  of  type  [FE]                    StringIndexOutOfBoundsException      [CONTEXT]        [BUGGY]  StringIndexOutOfBoundsException.append( "Can  not  instantiate  default  argument: "  +  defaultArgName,  DEFAULT_ARG_NAME);  [BUGGY]      public  String  defaultArgName  =  DEFAULT_ARG_NAME;  [CLASS]  HelpFormatter  OptionComparator  [VARIABLES]  	projects/Cli32/src/main/java/org/apache/commons/cli/HelpFormatter.java	0.2886751345948129	135	135	2	replace	StringIndexOutOfBoundsException.append( "Can  not  instantiate  default  argument: "  +  defaultArgName,  DEFAULT_ARG_NAME);	  StringIndexOutOfBoundsException.append(   "Can    not    instantiate    default    argument:   "    +    defaultArgName);    	non-compiled	[CE]  illegal  start  of  type	75	None	replace
27	[BUG]  [BUGGY]  StringIndexOutOfBoundsException.append( "Can  not  instantiate  default  argument: "  +  DEFAULT_ARG_NAME);  [CE]  illegal  start  of  type  [FE]                      StringIndexOutOfBoundsException      [CONTEXT]        [BUGGY]  StringIndexOutOfBoundsException.append( "Can  not  instantiate  default  argument: "  +  DEFAULT_ARG_NAME);  [BUGGY]      public  String  defaultArgName  =  DEFAULT_ARG_NAME;  [CLASS]  HelpFormatter  OptionComparator  [VARIABLES]  	projects/Cli32/src/main/java/org/apache/commons/cli/HelpFormatter.java	0.2886751345948129	135	135	2	replace	StringIndexOutOfBoundsException.append( "Can  not  instantiate  default  argument: "  +  DEFAULT_ARG_NAME);	  StringIndexOutOfBoundsException.append(   "Can    not    instantiate    default    argument:   "    +    defaultArgName);    	non-compiled	[CE]  illegal  start  of  type	75	None	replace
28	[BUG]  [BUGGY]  StringIndexOutOfBoundsException.append( "Can  not  instantiate  default  argument: "  +  this.defaultArgName);  [CE]  illegal  start  of  type  [FE]                        StringIndexOutOfBoundsException      [CONTEXT]        [BUGGY]  StringIndexOutOfBoundsException.append( "Can  not  instantiate  default  argument: "  +  this.defaultArgName);  [BUGGY]      public  String  defaultArgName  =  DEFAULT_ARG_NAME;  [CLASS]  HelpFormatter  OptionComparator  [VARIABLES]  	projects/Cli32/src/main/java/org/apache/commons/cli/HelpFormatter.java	0.2886751345948129	135	135	2	replace	StringIndexOutOfBoundsException.append( "Can  not  instantiate  default  argument: "  +  this.defaultArgName);	  StringIndexOutOfBoundsException.append(   "Can    not    instantiate    default    argument:   "    +    defaultArgName);    	non-compiled	[CE]  illegal  start  of  type	75	None	replace
29	[BUG]  [BUGGY]  StringIndexOutOfBoundsException.setText( "' ");  [CE]  illegal  start  of  type  [FE]                      StringIndexOutOfBoundsException      [CONTEXT]        [BUGGY]  StringIndexOutOfBoundsException.setText( "' ");  [BUGGY]      public  String  defaultArgName  =  DEFAULT_ARG_NAME;  [CLASS]  HelpFormatter  OptionComparator  [VARIABLES]  	projects/Cli32/src/main/java/org/apache/commons/cli/HelpFormatter.java	0.2886751345948129	135	135	2	replace	StringIndexOutOfBoundsException.setText( "' ");	  StringIndexOutOfBoundsException.append(   "'   ");    	non-compiled	[CE]  illegal  start  of  type	52	None	replace
30	[BUG]  [BUGGY]  StringIndexOutOfBoundsException.append( "',' ");  [CE]  illegal  start  of  type  [FE]                        StringIndexOutOfBoundsException      [CONTEXT]        [BUGGY]  StringIndexOutOfBoundsException.append( "',' ");  [BUGGY]      public  String  defaultArgName  =  DEFAULT_ARG_NAME;  [CLASS]  HelpFormatter  OptionComparator  [VARIABLES]  	projects/Cli32/src/main/java/org/apache/commons/cli/HelpFormatter.java	0.2886751345948129	135	135	2	replace	StringIndexOutOfBoundsException.append( "',' ");	  StringIndexOutOfBoundsException.append(   "'   ");    	non-compiled	[CE]  illegal  start  of  type	52	None	replace
31	[BUG]  [BUGGY]  StringIndexOutOfBoundsException.printStackTrace( "> ");  [CE]  illegal  start  of  type  [FE]              StringIndexOutOfBoundsException      [CONTEXT]        [BUGGY]  StringIndexOutOfBoundsException.printStackTrace( "> ");  [BUGGY]      public  String  defaultArgName  =  DEFAULT_ARG_NAME;  [CLASS]  HelpFormatter  OptionComparator  [VARIABLES]  	projects/Cli32/src/main/java/org/apache/commons/cli/HelpFormatter.java	0.2886751345948129	135	135	2	replace	StringIndexOutOfBoundsException.printStackTrace( "> ");	  StringIndexOutOfBoundsException.printStackTrace(   "   ");    	non-compiled	[CE]  illegal  start  of  type	61	None	replace
32	[BUG]  [BUGGY]  StringIndexOutOfBoundsException.printStackTrace( ", ");  [CE]  illegal  start  of  type  [FE]                StringIndexOutOfBoundsException      [CONTEXT]        [BUGGY]  StringIndexOutOfBoundsException.printStackTrace( ", ");  [BUGGY]      public  String  defaultArgName  =  DEFAULT_ARG_NAME;  [CLASS]  HelpFormatter  OptionComparator  [VARIABLES]  	projects/Cli32/src/main/java/org/apache/commons/cli/HelpFormatter.java	0.2886751345948129	135	135	2	replace	StringIndexOutOfBoundsException.printStackTrace( ", ");	  StringIndexOutOfBoundsException.printStackTrace(   "   ");    	non-compiled	[CE]  illegal  start  of  type	61	None	replace
33	[BUG]  [BUGGY]  public  String  defaultArgName  =(this.defaultArgName  ==  null)?  this.defaultArgName  : "null ";  [CE]  illegal  start  of  type  [FE]              StringIndexOutOfBoundsException      [CONTEXT]        [BUGGY]  public  String  defaultArgName  =(this.defaultArgName  ==  null)?  this.defaultArgName  : "null ";  [BUGGY]        [CLASS]  HelpFormatter  OptionComparator  [VARIABLES]  	projects/Cli32/src/main/java/org/apache/commons/cli/HelpFormatter.java	0.2886751345948129	135	135	2	replace	public  String  defaultArgName  =(this.defaultArgName  ==  null)?  this.defaultArgName  : "null ";	  public    String    defaultArgName    =(this.defaultArgName    ==    null)?    this.defaultArgName    :   "   ";    	non-compiled	[CE]  illegal  start  of  type	71	None	replace
34	[BUG]  [BUGGY]  public  String  defaultArgName  =  getDefaultArgName()  + ": "+getValue();  [CE]  illegal  start  of  type  [FE]              StringIndexOutOfBoundsException      [CONTEXT]        [BUGGY]  public  String  defaultArgName  =  getDefaultArgName()  + ": "+getValue();  [BUGGY]        [CLASS]  HelpFormatter  OptionComparator  [VARIABLES]  	projects/Cli32/src/main/java/org/apache/commons/cli/HelpFormatter.java	0.2886751345948129	135	135	2	replace	public  String  defaultArgName  =  getDefaultArgName()  + ": "+getValue();	  public    String    defaultArgName    =    getDefaultArgName()    +   ":   "+getMessage();    	non-compiled	[CE]  illegal  start  of  type	23	None	replace
35	[BUG]  [BUGGY]  final  StringIndexOutOfBoundsException  =  new  StringIndexOutOfBoundsException( " ");  [CE]  illegal  start  of  type  [FE]                  StringIndexOutOfBoundsException      [CONTEXT]        [BUGGY]  final  StringIndexOutOfBoundsException  =  new  StringIndexOutOfBoundsException( " ");  [BUGGY]      public  String  defaultArgName  =  DEFAULT_ARG_NAME;  [CLASS]  HelpFormatter  OptionComparator  [VARIABLES]  	projects/Cli32/src/main/java/org/apache/commons/cli/HelpFormatter.java	0.2886751345948129	135	135	2	replace	final  StringIndexOutOfBoundsException  =  new  StringIndexOutOfBoundsException( " ");	  final    StringIndexOutOfBoundsException    =    new    StringIndexOutOfBoundsException();    	non-compiled	[CE]  illegal  start  of  type	43	None	replace
36	[BUG]  [BUGGY]  null  StringIndexOutOfBoundsException  =  new  StringIndexOutOfBoundsException();  [CE]  illegal  start  of  type  [FE]                    StringIndexOutOfBoundsException      [CONTEXT]        [BUGGY]  null  StringIndexOutOfBoundsException  =  new  StringIndexOutOfBoundsException();  [BUGGY]      public  String  defaultArgName  =  DEFAULT_ARG_NAME;  [CLASS]  HelpFormatter  OptionComparator  [VARIABLES]  	projects/Cli32/src/main/java/org/apache/commons/cli/HelpFormatter.java	0.2886751345948129	135	135	2	replace	null  StringIndexOutOfBoundsException  =  new  StringIndexOutOfBoundsException();	  final    StringIndexOutOfBoundsException    =    new    StringIndexOutOfBoundsException();    	non-compiled	[CE]  illegal  start  of  type	43	None	replace
37	[BUG]  [BUGGY]  static  final  StringIndexOutOfBoundsException  =  new  StringIndexOutOfBoundsException();  [CE]  illegal  start  of  type  [FE]                      StringIndexOutOfBoundsException      [CONTEXT]        [BUGGY]  static  final  StringIndexOutOfBoundsException  =  new  StringIndexOutOfBoundsException();  [BUGGY]      public  String  defaultArgName  =  DEFAULT_ARG_NAME;  [CLASS]  HelpFormatter  OptionComparator  [VARIABLES]  	projects/Cli32/src/main/java/org/apache/commons/cli/HelpFormatter.java	0.2886751345948129	135	135	2	replace	static  final  StringIndexOutOfBoundsException  =  new  StringIndexOutOfBoundsException();	  final    StringIndexOutOfBoundsException    =    new    StringIndexOutOfBoundsException();    	non-compiled	[CE]  illegal  start  of  type	43	None	replace
38	[BUG]  [BUGGY]  final  StringIndexOutOfBoundsException  :  new  StringIndexOutOfBoundsException();  [CE]  illegal  start  of  type  [FE]                    StringIndexOutOfBoundsException      [CONTEXT]        [BUGGY]  final  StringIndexOutOfBoundsException  :  new  StringIndexOutOfBoundsException();  [BUGGY]      public  String  defaultArgName  =  DEFAULT_ARG_NAME;  [CLASS]  HelpFormatter  OptionComparator  [VARIABLES]  	projects/Cli32/src/main/java/org/apache/commons/cli/HelpFormatter.java	0.2886751345948129	135	135	2	replace	final  StringIndexOutOfBoundsException  :  new  StringIndexOutOfBoundsException();	  StringIndexOutOfBoundsException    :    new    StringIndexOutOfBoundsException();    	non-compiled	[CE]  illegal  start  of  type	69	None	replace
39	[BUG]  [BUGGY]  null  :  new  StringIndexOutOfBoundsException();  [CE]  illegal  start  of  type  [FE]                      StringIndexOutOfBoundsException      [CONTEXT]        [BUGGY]  null  :  new  StringIndexOutOfBoundsException();  [BUGGY]      public  String  defaultArgName  =  DEFAULT_ARG_NAME;  [CLASS]  HelpFormatter  OptionComparator  [VARIABLES]  	projects/Cli32/src/main/java/org/apache/commons/cli/HelpFormatter.java	0.2886751345948129	135	135	2	replace	null  :  new  StringIndexOutOfBoundsException();	  StringIndexOutOfBoundsException    :    new    StringIndexOutOfBoundsException();    	non-compiled	[CE]  illegal  start  of  type	69	None	replace
40	[BUG]  [BUGGY]  public  String  defaultArgName  =  System.getProperty( "user.default.arg ");  [CE]  illegal  start  of  type  [FE]              StringIndexOutOfBoundsException      [CONTEXT]        [BUGGY]  public  String  defaultArgName  =  System.getProperty( "user.default.arg ");  [BUGGY]        [CLASS]  HelpFormatter  OptionComparator  [VARIABLES]  	projects/Cli32/src/main/java/org/apache/commons/cli/HelpFormatter.java	0.2886751345948129	135	135	2	replace	public  String  defaultArgName  =  System.getProperty( "user.default.arg ");	  public    String    defaultArgName    =    System.getProperty(   "user.default.default_arg   ");    	non-compiled	[CE]  illegal  start  of  type	36	None	replace
41	[BUG]  [BUGGY]  public  String  defaultArgName  =  System.getProperty( "line.default.separator ");  [CE]  illegal  start  of  type  [FE]              StringIndexOutOfBoundsException      [CONTEXT]        [BUGGY]  public  String  defaultArgName  =  System.getProperty( "line.default.separator ");  [BUGGY]        [CLASS]  HelpFormatter  OptionComparator  [VARIABLES]  	projects/Cli32/src/main/java/org/apache/commons/cli/HelpFormatter.java	0.2886751345948129	135	135	2	replace	public  String  defaultArgName  =  System.getProperty( "line.default.separator ");	  public    String    defaultArgName    =    System.getProperty(   "line.separator   ");    	non-compiled	[CE]  illegal  start  of  type	5	None	replace
42	[BUG]  [BUGGY]  public  String  defaultArgName  =  System.getProperty( "line.separator ",  null);  [CE]  illegal  start  of  type  [FE]                StringIndexOutOfBoundsException      [CONTEXT]        [BUGGY]  public  String  defaultArgName  =  System.getProperty( "line.separator ",  null);  [BUGGY]        [CLASS]  HelpFormatter  OptionComparator  [VARIABLES]  	projects/Cli32/src/main/java/org/apache/commons/cli/HelpFormatter.java	0.2886751345948129	135	135	2	replace	public  String  defaultArgName  =  System.getProperty( "line.separator ",  null);	  public    String    defaultArgName    =    System.getProperty(   "line.separator   ");    	non-compiled	[CE]  illegal  start  of  type	5	None	replace
43	[BUG]  [BUGGY]  public  String  defaultArgName  =  System.getProperty( "file.separator ");  [CE]  illegal  start  of  type  [FE]                  StringIndexOutOfBoundsException      [CONTEXT]        [BUGGY]  public  String  defaultArgName  =  System.getProperty( "file.separator ");  [BUGGY]        [CLASS]  HelpFormatter  OptionComparator  [VARIABLES]  	projects/Cli32/src/main/java/org/apache/commons/cli/HelpFormatter.java	0.2886751345948129	135	135	2	replace	public  String  defaultArgName  =  System.getProperty( "file.separator ");	  public    String    defaultArgName    =    System.getProperty(   "line.separator   ");    	non-compiled	[CE]  illegal  start  of  type	5	None	replace
44	[BUG]  [BUGGY]  nullException  =  new  StringIndexOutOfBoundsException( " ");  [CE]  illegal  start  of  type  [FE]                      StringIndexOutOfBoundsException      [CONTEXT]        [BUGGY]  nullException  =  new  StringIndexOutOfBoundsException( " ");  [BUGGY]      public  String  defaultArgName  =  DEFAULT_ARG_NAME;  [CLASS]  HelpFormatter  OptionComparator  [VARIABLES]  	projects/Cli32/src/main/java/org/apache/commons/cli/HelpFormatter.java	0.2886751345948129	135	135	2	replace	nullException  =  new  StringIndexOutOfBoundsException( " ");	  nullException    =    new    StringIndexOutOfBoundsException();    	non-compiled	[CE]  illegal  start  of  type	8	None	replace
45	[BUG]  [BUGGY]  return  new  HelpFormatterBuilder().append( ",n ");  [CE]  illegal  start  of  type  [FE]                          StringIndexOutOfBoundsException      [CONTEXT]        [BUGGY]  return  new  HelpFormatterBuilder().append( ",n ");  [BUGGY]        [CLASS]  HelpFormatter  OptionComparator  [VARIABLES]  	projects/Cli32/src/main/java/org/apache/commons/cli/HelpFormatter.java	0.2886751345948129	135	135	2	replace	return  new  HelpFormatterBuilder().append( ",n ");	  return    new    HelpFormatterBuilder().append(   ",   ");    	non-compiled	[CE]  illegal  start  of  type	67	None	replace
46	[BUG]  [BUGGY]  Preconditions.checkArgument(this.defaultArgName  >=  null);  [CE]  illegal  start  of  type  [FE]                StringIndexOutOfBoundsException      [CONTEXT]        [BUGGY]  Preconditions.checkArgument(this.defaultArgName  >=  null);  [BUGGY]      public  String  defaultArgName  =  DEFAULT_ARG_NAME;  [CLASS]  HelpFormatter  OptionComparator  [VARIABLES]  	projects/Cli32/src/main/java/org/apache/commons/cli/HelpFormatter.java	0.2886751345948129	135	135	2	replace	Preconditions.checkArgument(this.defaultArgName  >=  null);	  Preconditions.checkArgument(this.defaultArgName!=    null);    	non-compiled	[CE]  illegal  start  of  type	10	None	replace
47	[BUG]  [BUGGY]  this.optionComparator.setIndexOutOfBounds(StringIndexOutOfBoundsException.class,  null);  [CE]  illegal  start  of  type  [FE]                    StringIndexOutOfBoundsException      [CONTEXT]        [BUGGY]  this.optionComparator.setIndexOutOfBounds(StringIndexOutOfBoundsException.class,  null);  [BUGGY]        [CLASS]  HelpFormatter  OptionComparator  [VARIABLES]  	projects/Cli32/src/main/java/org/apache/commons/cli/HelpFormatter.java	0.2886751345948129	135	135	2	replace	this.optionComparator.setIndexOutOfBounds(StringIndexOutOfBoundsException.class,  null);	  this.optionComparator.setIndexOutOfBounds(StringIndexOutOfBoundsException.class);    	non-compiled	[CE]  illegal  start  of  type	14	None	replace
48	[BUG]  [BUGGY]  this.optionComparator.setIndexOutOfBounds(StringIndexOutOfBoundsException.class,  false);  [CE]  illegal  start  of  type  [FE]                      StringIndexOutOfBoundsException      [CONTEXT]        [BUGGY]  this.optionComparator.setIndexOutOfBounds(StringIndexOutOfBoundsException.class,  false);  [BUGGY]        [CLASS]  HelpFormatter  OptionComparator  [VARIABLES]  	projects/Cli32/src/main/java/org/apache/commons/cli/HelpFormatter.java	0.2886751345948129	135	135	2	replace	this.optionComparator.setIndexOutOfBounds(StringIndexOutOfBoundsException.class,  false);	  this.optionComparator.setIndexOutOfBounds(StringIndexOutOfBoundsException.class);    	non-compiled	[CE]  illegal  start  of  type	14	None	replace
49	[BUG]  [BUGGY]  this.optionComparator.setIndexOutOfBounds(StringIndexOutOfBoundsException.class,  0);  [CE]  illegal  start  of  type  [FE]                        StringIndexOutOfBoundsException      [CONTEXT]        [BUGGY]  this.optionComparator.setIndexOutOfBounds(StringIndexOutOfBoundsException.class,  0);  [BUGGY]        [CLASS]  HelpFormatter  OptionComparator  [VARIABLES]  	projects/Cli32/src/main/java/org/apache/commons/cli/HelpFormatter.java	0.2886751345948129	135	135	2	replace	this.optionComparator.setIndexOutOfBounds(StringIndexOutOfBoundsException.class,  0);	  this.optionComparator.setIndexOutOfBounds(StringIndexOutOfBoundsException.class);    	non-compiled	[CE]  illegal  start  of  type	14	None	replace
50	[BUG]  [BUGGY]  Preconditions.checkState(this.defaultArgName  ==  null,  this.defaultArgName);  [CE]  illegal  start  of  type  [FE]            StringIndexOutOfBoundsException      [CONTEXT]        [BUGGY]  Preconditions.checkState(this.defaultArgName  ==  null,  this.defaultArgName);  [BUGGY]      public  String  defaultArgName  =  DEFAULT_ARG_NAME;  [CLASS]  HelpFormatter  OptionComparator  [VARIABLES]  	projects/Cli32/src/main/java/org/apache/commons/cli/HelpFormatter.java	0.2886751345948129	135	135	2	replace	Preconditions.checkState(this.defaultArgName  ==  null,  this.defaultArgName);	  Preconditions.checkState(this.defaultArgName    ==    null);    	non-compiled	[CE]  illegal  start  of  type	27	None	replace
51	[BUG]  [BUGGY]  public  static  final  String  defaultArgName  =  getDefaultArgName();  [CE]  illegal  start  of  type  [FE]            StringIndexOutOfBoundsException      [CONTEXT]        [BUGGY]  public  static  final  String  defaultArgName  =  getDefaultArgName();  [BUGGY]        [CLASS]  HelpFormatter  OptionComparator  [VARIABLES]  	projects/Cli32/src/main/java/org/apache/commons/cli/HelpFormatter.java	0.2886751345948129	135	135	2	replace	public  static  final  String  defaultArgName  =  getDefaultArgName();	  public    final    String    defaultArgName    =    getDefaultArgName();    	non-compiled	[CE]  illegal  start  of  type	74	None	replace
52	[BUG]  [BUGGY]  public  final  String  defaultArgName  =  getDefaultArgName()  + "n ";  [CE]  illegal  start  of  type  [FE]              StringIndexOutOfBoundsException      [CONTEXT]        [BUGGY]  public  final  String  defaultArgName  =  getDefaultArgName()  + "n ";  [BUGGY]        [CLASS]  HelpFormatter  OptionComparator  [VARIABLES]  	projects/Cli32/src/main/java/org/apache/commons/cli/HelpFormatter.java	0.2886751345948129	135	135	2	replace	public  final  String  defaultArgName  =  getDefaultArgName()  + "n ";	  public    final    String    defaultArgName    =    getDefaultArgName();    	non-compiled	[CE]  illegal  start  of  type	74	None	replace
53	[BUG]  [BUGGY]  public  final  String  defaultArgName  =  getDefaultArgName()  + ": "+getMessage();  [CE]  illegal  start  of  type  [FE]                StringIndexOutOfBoundsException      [CONTEXT]        [BUGGY]  public  final  String  defaultArgName  =  getDefaultArgName()  + ": "+getMessage();  [BUGGY]        [CLASS]  HelpFormatter  OptionComparator  [VARIABLES]  	projects/Cli32/src/main/java/org/apache/commons/cli/HelpFormatter.java	0.2886751345948129	135	135	2	replace	public  final  String  defaultArgName  =  getDefaultArgName()  + ": "+getMessage();	  public    final    String    defaultArgName    =    getDefaultArgName();    	non-compiled	[CE]  illegal  start  of  type	74	None	replace
54	[BUG]  [BUGGY]  public  static  final  String  defaultArgName  =(String)null;  [CE]  illegal  start  of  type  [FE]                    StringIndexOutOfBoundsException      [CONTEXT]        [BUGGY]  public  static  final  String  defaultArgName  =(String)null;  [BUGGY]        [CLASS]  HelpFormatter  OptionComparator  [VARIABLES]  	projects/Cli32/src/main/java/org/apache/commons/cli/HelpFormatter.java	0.2886751345948129	135	135	2	replace	public  static  final  String  defaultArgName  =(String)null;	  public    final    String    defaultArgName    =(String)null;    	non-compiled	[CE]  illegal  start  of  type	13	None	replace
55	[BUG]  [BUGGY]  public  final  String  defaultArgName  =(String)this.defaultValue;  [CE]  illegal  start  of  type  [FE]                      StringIndexOutOfBoundsException      [CONTEXT]        [BUGGY]  public  final  String  defaultArgName  =(String)this.defaultValue;  [BUGGY]        [CLASS]  HelpFormatter  OptionComparator  [VARIABLES]  	projects/Cli32/src/main/java/org/apache/commons/cli/HelpFormatter.java	0.2886751345948129	135	135	2	replace	public  final  String  defaultArgName  =(String)this.defaultValue;	  public    final    String    defaultArgName    =(String)null;    	non-compiled	[CE]  illegal  start  of  type	13	None	replace
56	[BUG]  [BUGGY]  public  final  String  defaultArgName  =(String)this.defaultArgName;  [CE]  illegal  start  of  type  [FE]                        StringIndexOutOfBoundsException      [CONTEXT]        [BUGGY]  public  final  String  defaultArgName  =(String)this.defaultArgName;  [BUGGY]        [CLASS]  HelpFormatter  OptionComparator  [VARIABLES]  	projects/Cli32/src/main/java/org/apache/commons/cli/HelpFormatter.java	0.2886751345948129	135	135	2	replace	public  final  String  defaultArgName  =(String)this.defaultArgName;	  public    final    String    defaultArgName    =(String)null;    	non-compiled	[CE]  illegal  start  of  type	13	None	replace
57	[BUG]  [BUGGY]  Preconditions.checkState(this.defaultArgName!=  null,  this.defaultArgName);  [CE]  illegal  start  of  type  [FE]              StringIndexOutOfBoundsException      [CONTEXT]        [BUGGY]  Preconditions.checkState(this.defaultArgName!=  null,  this.defaultArgName);  [BUGGY]      public  String  defaultArgName  =  DEFAULT_ARG_NAME;  [CLASS]  HelpFormatter  OptionComparator  [VARIABLES]  	projects/Cli32/src/main/java/org/apache/commons/cli/HelpFormatter.java	0.2886751345948129	135	135	2	replace	Preconditions.checkState(this.defaultArgName!=  null,  this.defaultArgName);	  Preconditions.checkState(this.defaultArgName!=    null);    	non-compiled	[CE]  illegal  start  of  type	28	None	replace
58	[BUG]  [BUGGY]  public  String  defaultArgName  =  getDefaultValue().toString()  + "n ";  [CE]  illegal  start  of  type  [FE]                    StringIndexOutOfBoundsException      [CONTEXT]        [BUGGY]  public  String  defaultArgName  =  getDefaultValue().toString()  + "n ";  [BUGGY]        [CLASS]  HelpFormatter  OptionComparator  [VARIABLES]  	projects/Cli32/src/main/java/org/apache/commons/cli/HelpFormatter.java	0.2886751345948129	135	135	2	replace	public  String  defaultArgName  =  getDefaultValue().toString()  + "n ";	  public    String    defaultArgName    =    getDefaultValue().toString();    	non-compiled	[CE]  illegal  start  of  type	38	None	replace
59	[BUG]  [BUGGY]  public  String  defaultArgName  =  getDefaultValue().toString()  + ": "+getMessage();  [CE]  illegal  start  of  type  [FE]                      StringIndexOutOfBoundsException      [CONTEXT]        [BUGGY]  public  String  defaultArgName  =  getDefaultValue().toString()  + ": "+getMessage();  [BUGGY]        [CLASS]  HelpFormatter  OptionComparator  [VARIABLES]  	projects/Cli32/src/main/java/org/apache/commons/cli/HelpFormatter.java	0.2886751345948129	135	135	2	replace	public  String  defaultArgName  =  getDefaultValue().toString()  + ": "+getMessage();	  public    String    defaultArgName    =    getDefaultValue().toString();    	non-compiled	[CE]  illegal  start  of  type	38	None	replace
60	[BUG]  [BUGGY]  public  String  defaultArgName  =  getValue().toString();  [CE]  illegal  start  of  type  [FE]                        StringIndexOutOfBoundsException      [CONTEXT]        [BUGGY]  public  String  defaultArgName  =  getValue().toString();  [BUGGY]        [CLASS]  HelpFormatter  OptionComparator  [VARIABLES]  	projects/Cli32/src/main/java/org/apache/commons/cli/HelpFormatter.java	0.2886751345948129	135	135	2	replace	public  String  defaultArgName  =  getValue().toString();	  public    String    defaultArgName    =    getDefaultValue().toString();    	non-compiled	[CE]  illegal  start  of  type	38	None	replace
61	[BUG]  [BUGGY]  StringIndexOutOfBoundsException.printStackTrace(System.out,  System.err);  [CE]  illegal  start  of  type  [FE]              StringIndexOutOfBoundsException      [CONTEXT]        [BUGGY]  StringIndexOutOfBoundsException.printStackTrace(System.out,  System.err);  [BUGGY]      public  String  defaultArgName  =  DEFAULT_ARG_NAME;  [CLASS]  HelpFormatter  OptionComparator  [VARIABLES]  	projects/Cli32/src/main/java/org/apache/commons/cli/HelpFormatter.java	0.2886751345948129	135	135	2	replace	StringIndexOutOfBoundsException.printStackTrace(System.out,  System.err);	  StringIndexOutOfBoundsException.printStackTrace(System.out);    	non-compiled	[CE]  illegal  start  of  type	54	None	replace
62	[BUG]  [BUGGY]  StringIndexOutOfBoundsException.printStackTrace(System.out,  System.ERROR);  [CE]  illegal  start  of  type  [FE]                StringIndexOutOfBoundsException      [CONTEXT]        [BUGGY]  StringIndexOutOfBoundsException.printStackTrace(System.out,  System.ERROR);  [BUGGY]      public  String  defaultArgName  =  DEFAULT_ARG_NAME;  [CLASS]  HelpFormatter  OptionComparator  [VARIABLES]  	projects/Cli32/src/main/java/org/apache/commons/cli/HelpFormatter.java	0.2886751345948129	135	135	2	replace	StringIndexOutOfBoundsException.printStackTrace(System.out,  System.ERROR);	  StringIndexOutOfBoundsException.printStackTrace(System.out);    	non-compiled	[CE]  illegal  start  of  type	54	None	replace
63	[BUG]  [BUGGY]  StringIndexOutOfBoundsException.append( "Unknown  argument: "  +  defaultArgName,  DEFAULT_ARG_NAME);  [CE]  illegal  start  of  type  [FE]                          StringIndexOutOfBoundsException      [CONTEXT]        [BUGGY]  StringIndexOutOfBoundsException.append( "Unknown  argument: "  +  defaultArgName,  DEFAULT_ARG_NAME);  [BUGGY]      public  String  defaultArgName  =  DEFAULT_ARG_NAME;  [CLASS]  HelpFormatter  OptionComparator  [VARIABLES]  	projects/Cli32/src/main/java/org/apache/commons/cli/HelpFormatter.java	0.2886751345948129	135	135	2	replace	StringIndexOutOfBoundsException.append( "Unknown  argument: "  +  defaultArgName,  DEFAULT_ARG_NAME);	  StringIndexOutOfBoundsException.append(   "Unknown    argument:   "    +    defaultArgName);    	non-compiled	[CE]  illegal  start  of  type	34	None	replace
64	[BUG]  [BUGGY]  StringIndexOutOfBoundsException.append( "Unknown  argument: "  +  DEFAULT_ARG_NAME);  [CE]  illegal  start  of  type  [FE]                            StringIndexOutOfBoundsException      [CONTEXT]        [BUGGY]  StringIndexOutOfBoundsException.append( "Unknown  argument: "  +  DEFAULT_ARG_NAME);  [BUGGY]      public  String  defaultArgName  =  DEFAULT_ARG_NAME;  [CLASS]  HelpFormatter  OptionComparator  [VARIABLES]  	projects/Cli32/src/main/java/org/apache/commons/cli/HelpFormatter.java	0.2886751345948129	135	135	2	replace	StringIndexOutOfBoundsException.append( "Unknown  argument: "  +  DEFAULT_ARG_NAME);	  StringIndexOutOfBoundsException.append(   "Unknown    argument:   "    +    defaultArgName);    	non-compiled	[CE]  illegal  start  of  type	34	None	replace
65	[BUG]  [BUGGY]  StringIndexOutOfBoundsException.append( "Unknown  argument: "  +  this.defaultArgName);  [CE]  illegal  start  of  type  [FE]                              StringIndexOutOfBoundsException      [CONTEXT]        [BUGGY]  StringIndexOutOfBoundsException.append( "Unknown  argument: "  +  this.defaultArgName);  [BUGGY]      public  String  defaultArgName  =  DEFAULT_ARG_NAME;  [CLASS]  HelpFormatter  OptionComparator  [VARIABLES]  	projects/Cli32/src/main/java/org/apache/commons/cli/HelpFormatter.java	0.2886751345948129	135	135	2	replace	StringIndexOutOfBoundsException.append( "Unknown  argument: "  +  this.defaultArgName);	  StringIndexOutOfBoundsException.append(   "Unknown    argument:   "    +    defaultArgName);    	non-compiled	[CE]  illegal  start  of  type	34	None	replace
66	[BUG]  [BUGGY]  Preconditions.checkState(!defaultArgName.equals(defaultArgName));  [CE]  illegal  start  of  type  [FE]            StringIndexOutOfBoundsException      [CONTEXT]        [BUGGY]  Preconditions.checkState(!defaultArgName.equals(defaultArgName));  [BUGGY]      public  String  defaultArgName  =  DEFAULT_ARG_NAME;  [CLASS]  HelpFormatter  OptionComparator  [VARIABLES]  	projects/Cli32/src/main/java/org/apache/commons/cli/HelpFormatter.java	0.2886751345948129	135	135	2	replace	Preconditions.checkState(!defaultArgName.equals(defaultArgName));	  Preconditions.checkNotNull(DEFAULT_ARG_NAME);    	non-compiled	[CE]  illegal  start  of  type	1	None	replace
67	[BUG]  [BUGGY]  public  String  defaultArgName  =  System.getProperty( "line.default.separator ", "null ");  [CE]  illegal  start  of  type  [FE]            StringIndexOutOfBoundsException      [CONTEXT]        [BUGGY]  public  String  defaultArgName  =  System.getProperty( "line.default.separator ", "null ");  [BUGGY]        [CLASS]  HelpFormatter  OptionComparator  [VARIABLES]  	projects/Cli32/src/main/java/org/apache/commons/cli/HelpFormatter.java	0.2886751345948129	135	135	2	replace	public  String  defaultArgName  =  System.getProperty( "line.default.separator ", "null ");	  public    String    defaultArgName    =    System.getProperty(   "line.separator   ",   "n   ");    	non-compiled	[CE]  illegal  start  of  type	44	None	replace
68	[BUG]  [BUGGY]  public  String  defaultArgName  =  System.getProperty( "line.separator ", "null ");  [CE]  illegal  start  of  type  [FE]              StringIndexOutOfBoundsException      [CONTEXT]        [BUGGY]  public  String  defaultArgName  =  System.getProperty( "line.separator ", "null ");  [BUGGY]        [CLASS]  HelpFormatter  OptionComparator  [VARIABLES]  	projects/Cli32/src/main/java/org/apache/commons/cli/HelpFormatter.java	0.2886751345948129	135	135	2	replace	public  String  defaultArgName  =  System.getProperty( "line.separator ", "null ");	  public    String    defaultArgName    =    System.getProperty(   "line.separator   ",   "n   ");    	non-compiled	[CE]  illegal  start  of  type	44	None	replace
69	[BUG]  [BUGGY]  this.optionComparator.setIndexOutOfBounds(Exception.class,  StringIndexOutOfBoundsException.class);  [CE]  illegal  start  of  type  [FE]                        StringIndexOutOfBoundsException      [CONTEXT]        [BUGGY]  this.optionComparator.setIndexOutOfBounds(Exception.class,  StringIndexOutOfBoundsException.class);  [BUGGY]        [CLASS]  HelpFormatter  OptionComparator  [VARIABLES]  	projects/Cli32/src/main/java/org/apache/commons/cli/HelpFormatter.java	0.2886751345948129	135	135	2	replace	this.optionComparator.setIndexOutOfBounds(Exception.class,  StringIndexOutOfBoundsException.class);	  this.optionComparator.setIndexOutOfBounds(StringIndexOutOfBoundsException.class,    StringIndexOutOfBoundsException.class);    	non-compiled	[CE]  illegal  start  of  type	16	None	replace
70	[BUG]  [BUGGY]  this.optionComparator.setIndexOutOfBounds(StringIndexOutOfBoundsException.class,  StringIndexOutOfBoundsException.class,  exception);  [CE]  illegal  start  of  type  [FE]                          StringIndexOutOfBoundsException      [CONTEXT]        [BUGGY]  this.optionComparator.setIndexOutOfBounds(StringIndexOutOfBoundsException.class,  StringIndexOutOfBoundsException.class,  exception);  [BUGGY]        [CLASS]  HelpFormatter  OptionComparator  [VARIABLES]  	projects/Cli32/src/main/java/org/apache/commons/cli/HelpFormatter.java	0.2886751345948129	135	135	2	replace	this.optionComparator.setIndexOutOfBounds(StringIndexOutOfBoundsException.class,  StringIndexOutOfBoundsException.class,  exception);	  this.optionComparator.setIndexOutOfBounds(StringIndexOutOfBoundsException.class,    StringIndexOutOfBoundsException.class);    	non-compiled	[CE]  illegal  start  of  type	16	None	replace
71	[BUG]  [BUGGY]  nullParser().printStackTrace(System.err);  [CE]  illegal  start  of  type  [FE]                StringIndexOutOfBoundsException      [CONTEXT]        [BUGGY]  nullParser().printStackTrace(System.err);  [BUGGY]      public  String  defaultArgName  =  DEFAULT_ARG_NAME;  [CLASS]  HelpFormatter  OptionComparator  [VARIABLES]  	projects/Cli32/src/main/java/org/apache/commons/cli/HelpFormatter.java	0.2886751345948129	135	135	2	replace	nullParser().printStackTrace(System.err);	  nullParser().printStackTrace();    	non-compiled	[CE]  illegal  start  of  type	25	None	replace
72	[BUG]  [BUGGY]  nullParser().printStackTrace(System.out);  [CE]  illegal  start  of  type  [FE]                  StringIndexOutOfBoundsException      [CONTEXT]        [BUGGY]  nullParser().printStackTrace(System.out);  [BUGGY]      public  String  defaultArgName  =  DEFAULT_ARG_NAME;  [CLASS]  HelpFormatter  OptionComparator  [VARIABLES]  	projects/Cli32/src/main/java/org/apache/commons/cli/HelpFormatter.java	0.2886751345948129	135	135	2	replace	nullParser().printStackTrace(System.out);	  nullParser().printStackTrace();    	non-compiled	[CE]  illegal  start  of  type	25	None	replace
73	[BUG]  [BUGGY]  nullParser().printStackTrace(this);  [CE]  illegal  start  of  type  [FE]                    StringIndexOutOfBoundsException      [CONTEXT]        [BUGGY]  nullParser().printStackTrace(this);  [BUGGY]      public  String  defaultArgName  =  DEFAULT_ARG_NAME;  [CLASS]  HelpFormatter  OptionComparator  [VARIABLES]  	projects/Cli32/src/main/java/org/apache/commons/cli/HelpFormatter.java	0.2886751345948129	135	135	2	replace	nullParser().printStackTrace(this);	  nullParser().printStackTrace();    	non-compiled	[CE]  illegal  start  of  type	25	None	replace
74	[BUG]  [BUGGY]  parser().printStackTrace();  [CE]  illegal  start  of  type  [FE]                      StringIndexOutOfBoundsException      [CONTEXT]        [BUGGY]  parser().printStackTrace();  [BUGGY]      public  String  defaultArgName  =  DEFAULT_ARG_NAME;  [CLASS]  HelpFormatter  OptionComparator  [VARIABLES]  	projects/Cli32/src/main/java/org/apache/commons/cli/HelpFormatter.java	0.2886751345948129	135	135	2	replace	parser().printStackTrace();	  nullParser().printStackTrace();    	non-compiled	[CE]  illegal  start  of  type	25	None	replace
75	[BUG]  [BUGGY]  StringIndexOutOfBoundsException  =  new  java.util.ArrayList  <  String>(64);  [CE]  illegal  start  of  type  [FE]                    StringIndexOutOfBoundsException      [CONTEXT]        [BUGGY]  StringIndexOutOfBoundsException  =  new  java.util.ArrayList  <  String>(64);  [BUGGY]      public  String  defaultArgName  =  DEFAULT_ARG_NAME;  [CLASS]  HelpFormatter  OptionComparator  [VARIABLES]  	projects/Cli32/src/main/java/org/apache/commons/cli/HelpFormatter.java	0.2886751345948129	135	135	2	replace	StringIndexOutOfBoundsException  =  new  java.util.ArrayList  <  String>(64);	  StringIndexOutOfBoundsException    =    new    java.util.ArrayList    <    String>();    	non-compiled	[CE]  illegal  start  of  type	19	None	replace
76	[BUG]  [BUGGY]  StringIndexOutOfBoundsException  =  new  java.util.ArrayList  <  String>(1);  [CE]  illegal  start  of  type  [FE]                      StringIndexOutOfBoundsException      [CONTEXT]        [BUGGY]  StringIndexOutOfBoundsException  =  new  java.util.ArrayList  <  String>(1);  [BUGGY]      public  String  defaultArgName  =  DEFAULT_ARG_NAME;  [CLASS]  HelpFormatter  OptionComparator  [VARIABLES]  	projects/Cli32/src/main/java/org/apache/commons/cli/HelpFormatter.java	0.2886751345948129	135	135	2	replace	StringIndexOutOfBoundsException  =  new  java.util.ArrayList  <  String>(1);	  StringIndexOutOfBoundsException    =    new    java.util.ArrayList    <    String>();    	non-compiled	[CE]  illegal  start  of  type	19	None	replace
77	[BUG]  [BUGGY]  StringIndexOutOfBoundsException  =  new  java.util.ArrayList  <  String>(8);  [CE]  illegal  start  of  type  [FE]                        StringIndexOutOfBoundsException      [CONTEXT]        [BUGGY]  StringIndexOutOfBoundsException  =  new  java.util.ArrayList  <  String>(8);  [BUGGY]      public  String  defaultArgName  =  DEFAULT_ARG_NAME;  [CLASS]  HelpFormatter  OptionComparator  [VARIABLES]  	projects/Cli32/src/main/java/org/apache/commons/cli/HelpFormatter.java	0.2886751345948129	135	135	2	replace	StringIndexOutOfBoundsException  =  new  java.util.ArrayList  <  String>(8);	  StringIndexOutOfBoundsException    =    new    java.util.ArrayList    <    String>();    	non-compiled	[CE]  illegal  start  of  type	19	None	replace
78	[BUG]  [BUGGY]  public  String  defaultArgName  =  System.getProperty( "user.default_arg ",  null);  [CE]  illegal  start  of  type  [FE]            StringIndexOutOfBoundsException      [CONTEXT]        [BUGGY]  public  String  defaultArgName  =  System.getProperty( "user.default_arg ",  null);  [BUGGY]        [CLASS]  HelpFormatter  OptionComparator  [VARIABLES]  	projects/Cli32/src/main/java/org/apache/commons/cli/HelpFormatter.java	0.2886751345948129	135	135	2	replace	public  String  defaultArgName  =  System.getProperty( "user.default_arg ",  null);	  public    String    defaultArgName    =    System.getProperty(   "user.default_arg   ");    	non-compiled	[CE]  illegal  start  of  type	76	None	replace
79	[BUG]  [BUGGY]  public  String  defaultArgName  =  System.getProperty( "user.default_arg ".toLowerCase());  [CE]  illegal  start  of  type  [FE]              StringIndexOutOfBoundsException      [CONTEXT]        [BUGGY]  public  String  defaultArgName  =  System.getProperty( "user.default_arg ".toLowerCase());  [BUGGY]        [CLASS]  HelpFormatter  OptionComparator  [VARIABLES]  	projects/Cli32/src/main/java/org/apache/commons/cli/HelpFormatter.java	0.2886751345948129	135	135	2	replace	public  String  defaultArgName  =  System.getProperty( "user.default_arg ".toLowerCase());	  public    String    defaultArgName    =    System.getProperty(   "user.default_arg   ");    	non-compiled	[CE]  illegal  start  of  type	76	None	replace
80	[BUG]  [BUGGY]  return  new  HelpFormatterBuilder().append( "  <   ").append('n');  [CE]  illegal  start  of  type  [FE]                      StringIndexOutOfBoundsException      [CONTEXT]        [BUGGY]  return  new  HelpFormatterBuilder().append( "  <   ").append('n');  [BUGGY]        [CLASS]  HelpFormatter  OptionComparator  [VARIABLES]  	projects/Cli32/src/main/java/org/apache/commons/cli/HelpFormatter.java	0.2886751345948129	135	135	2	replace	return  new  HelpFormatterBuilder().append( "  <   ").append('n');	  return    new    HelpFormatterBuilder().append(   ">   ").append('n');    	non-compiled	[CE]  illegal  start  of  type	65	None	replace
81	[BUG]  [BUGGY]  return  new  HelpFormatterBuilder().append( "> ",  this).append('n');  [CE]  illegal  start  of  type  [FE]                        StringIndexOutOfBoundsException      [CONTEXT]        [BUGGY]  return  new  HelpFormatterBuilder().append( "> ",  this).append('n');  [BUGGY]        [CLASS]  HelpFormatter  OptionComparator  [VARIABLES]  	projects/Cli32/src/main/java/org/apache/commons/cli/HelpFormatter.java	0.2886751345948129	135	135	2	replace	return  new  HelpFormatterBuilder().append( "> ",  this).append('n');	  return    new    HelpFormatterBuilder().append(   ">   ").append('n');    	non-compiled	[CE]  illegal  start  of  type	65	None	replace
82	[BUG]  [BUGGY]  StringIndexOutOfBoundsException.setEncoding( ",UTF-8 ");  [CE]  illegal  start  of  type  [FE]                      StringIndexOutOfBoundsException      [CONTEXT]        [BUGGY]  StringIndexOutOfBoundsException.setEncoding( ",UTF-8 ");  [BUGGY]        [CLASS]  HelpFormatter  OptionComparator  [VARIABLES]  	projects/Cli32/src/main/java/org/apache/commons/cli/HelpFormatter.java	0.2886751345948129	135	135	2	replace	StringIndexOutOfBoundsException.setEncoding( ",UTF-8 ");	  StringIndexOutOfBoundsException.setEncoding(   "UTF-8   ");    	non-compiled	[CE]  illegal  start  of  type	15	None	replace
83	[BUG]  [BUGGY]  StringIndexOutOfBoundsException.setEncoding( ".UTF-8 ");  [CE]  illegal  start  of  type  [FE]                        StringIndexOutOfBoundsException      [CONTEXT]        [BUGGY]  StringIndexOutOfBoundsException.setEncoding( ".UTF-8 ");  [BUGGY]        [CLASS]  HelpFormatter  OptionComparator  [VARIABLES]  	projects/Cli32/src/main/java/org/apache/commons/cli/HelpFormatter.java	0.2886751345948129	135	135	2	replace	StringIndexOutOfBoundsException.setEncoding( ".UTF-8 ");	  StringIndexOutOfBoundsException.setEncoding(   "UTF-8   ");    	non-compiled	[CE]  illegal  start  of  type	15	None	replace
84	[BUG]  [BUGGY]  StringIndexOutOfBoundsException  =  new  SimpleStringIndexOutOfBoundsException( " ");  [CE]  illegal  start  of  type  [FE]                StringIndexOutOfBoundsException      [CONTEXT]        [BUGGY]  StringIndexOutOfBoundsException  =  new  SimpleStringIndexOutOfBoundsException( " ");  [BUGGY]      public  String  defaultArgName  =  DEFAULT_ARG_NAME;  [CLASS]  HelpFormatter  OptionComparator  [VARIABLES]  	projects/Cli32/src/main/java/org/apache/commons/cli/HelpFormatter.java	0.2886751345948129	135	135	2	replace	StringIndexOutOfBoundsException  =  new  SimpleStringIndexOutOfBoundsException( " ");	  StringIndexOutOfBoundsException    =   "   ";    	non-compiled	[CE]  illegal  start  of  type	17	None	replace
85	[BUG]  [BUGGY]  StringIndexOutOfBoundsException  null  =  new  StringIndexOutOfBoundsException();  [CE]  illegal  start  of  type  [FE]                  StringIndexOutOfBoundsException      [CONTEXT]        [BUGGY]  StringIndexOutOfBoundsException  null  =  new  StringIndexOutOfBoundsException();  [BUGGY]      public  String  defaultArgName  =  DEFAULT_ARG_NAME;  [CLASS]  HelpFormatter  OptionComparator  [VARIABLES]  	projects/Cli32/src/main/java/org/apache/commons/cli/HelpFormatter.java	0.2886751345948129	135	135	2	replace	StringIndexOutOfBoundsException  null  =  new  StringIndexOutOfBoundsException();	  StringIndexOutOfBoundsException    null;    	non-compiled	[CE]  illegal  start  of  type	81	None	replace
86	[BUG]  [BUGGY]  StringIndexOutOfBoundsException  null  =  new  StringIndexOutOfBoundsException( " ");  [CE]  illegal  start  of  type  [FE]                    StringIndexOutOfBoundsException      [CONTEXT]        [BUGGY]  StringIndexOutOfBoundsException  null  =  new  StringIndexOutOfBoundsException( " ");  [BUGGY]      public  String  defaultArgName  =  DEFAULT_ARG_NAME;  [CLASS]  HelpFormatter  OptionComparator  [VARIABLES]  	projects/Cli32/src/main/java/org/apache/commons/cli/HelpFormatter.java	0.2886751345948129	135	135	2	replace	StringIndexOutOfBoundsException  null  =  new  StringIndexOutOfBoundsException( " ");	  StringIndexOutOfBoundsException    null;    	non-compiled	[CE]  illegal  start  of  type	81	None	replace
87	[BUG]  [BUGGY]  StringIndexOutOfBoundsException  null  =  null;  [CE]  illegal  start  of  type  [FE]                      StringIndexOutOfBoundsException      [CONTEXT]        [BUGGY]  StringIndexOutOfBoundsException  null  =  null;  [BUGGY]      public  String  defaultArgName  =  DEFAULT_ARG_NAME;  [CLASS]  HelpFormatter  OptionComparator  [VARIABLES]  	projects/Cli32/src/main/java/org/apache/commons/cli/HelpFormatter.java	0.2886751345948129	135	135	2	replace	StringIndexOutOfBoundsException  null  =  null;	  StringIndexOutOfBoundsException    null;    	non-compiled	[CE]  illegal  start  of  type	81	None	replace
88	[BUG]  [BUGGY]  Preconditions.checkArgument(this.defaultArgName  ==  null,  this.defaultArgName);  [CE]  illegal  start  of  type  [FE]              StringIndexOutOfBoundsException      [CONTEXT]        [BUGGY]  Preconditions.checkArgument(this.defaultArgName  ==  null,  this.defaultArgName);  [BUGGY]      public  String  defaultArgName  =  DEFAULT_ARG_NAME;  [CLASS]  HelpFormatter  OptionComparator  [VARIABLES]  	projects/Cli32/src/main/java/org/apache/commons/cli/HelpFormatter.java	0.2886751345948129	135	135	2	replace	Preconditions.checkArgument(this.defaultArgName  ==  null,  this.defaultArgName);	  Preconditions.checkArgument(this.defaultArgName    ==    null);    	non-compiled	[CE]  illegal  start  of  type	9	None	replace
89	[BUG]  [BUGGY]  public  String  defaultArgName  =(String)this.defaultArgName  + "n ";  [CE]  illegal  start  of  type  [FE]                  StringIndexOutOfBoundsException      [CONTEXT]        [BUGGY]  public  String  defaultArgName  =(String)this.defaultArgName  + "n ";  [BUGGY]        [CLASS]  HelpFormatter  OptionComparator  [VARIABLES]  	projects/Cli32/src/main/java/org/apache/commons/cli/HelpFormatter.java	0.2886751345948129	135	135	2	replace	public  String  defaultArgName  =(String)this.defaultArgName  + "n ";	  public    String    defaultArgName    =(String)this.defaultArgName;    	non-compiled	[CE]  illegal  start  of  type	12	None	replace
90	[BUG]  [BUGGY]  public  String  defaultArgName  =(String)this.defaultArgName  &  0xff;  [CE]  illegal  start  of  type  [FE]                    StringIndexOutOfBoundsException      [CONTEXT]        [BUGGY]  public  String  defaultArgName  =(String)this.defaultArgName  &  0xff;  [BUGGY]        [CLASS]  HelpFormatter  OptionComparator  [VARIABLES]  	projects/Cli32/src/main/java/org/apache/commons/cli/HelpFormatter.java	0.2886751345948129	135	135	2	replace	public  String  defaultArgName  =(String)this.defaultArgName  &  0xff;	  public    String    defaultArgName    =(String)this.defaultArgName;    	non-compiled	[CE]  illegal  start  of  type	12	None	replace
91	[BUG]  [BUGGY]  if(!defaultArgName.equals( " "))  {  StringIndexOutOfBoundsException  ;  }  [CE]  illegal  start  of  type  [FE]                StringIndexOutOfBoundsException      [CONTEXT]        [BUGGY]  if(!defaultArgName.equals( " "))  {  StringIndexOutOfBoundsException  ;  }  [BUGGY]      public  String  defaultArgName  =  DEFAULT_ARG_NAME;  [CLASS]  HelpFormatter  OptionComparator  [VARIABLES]  	projects/Cli32/src/main/java/org/apache/commons/cli/HelpFormatter.java	0.2886751345948129	135	135	2	replace	if(!defaultArgName.equals( " "))  {  StringIndexOutOfBoundsException  ;  }	  StringIndexOutOfBoundsException    ;    	non-compiled	[CE]  illegal  start  of  type	80	None	replace
92	[BUG]  [BUGGY]  if(defaultArgName!=  null)  {  StringIndexOutOfBoundsException  = " ";  }  [CE]  illegal  start  of  type  [FE]                  StringIndexOutOfBoundsException      [CONTEXT]        [BUGGY]  if(defaultArgName!=  null)  {  StringIndexOutOfBoundsException  = " ";  }  [BUGGY]      public  String  defaultArgName  =  DEFAULT_ARG_NAME;  [CLASS]  HelpFormatter  OptionComparator  [VARIABLES]  	projects/Cli32/src/main/java/org/apache/commons/cli/HelpFormatter.java	0.2886751345948129	135	135	2	replace	if(defaultArgName!=  null)  {  StringIndexOutOfBoundsException  = " ";  }	  StringIndexOutOfBoundsException    ;    	non-compiled	[CE]  illegal  start  of  type	80	None	replace
93	[BUG]  [BUGGY]  if(defaultArgName!=  null)  {  StringIndexOutOfBoundsException  ;  }  [CE]  illegal  start  of  type  [FE]                    StringIndexOutOfBoundsException      [CONTEXT]        [BUGGY]  if(defaultArgName!=  null)  {  StringIndexOutOfBoundsException  ;  }  [BUGGY]      public  String  defaultArgName  =  DEFAULT_ARG_NAME;  [CLASS]  HelpFormatter  OptionComparator  [VARIABLES]  	projects/Cli32/src/main/java/org/apache/commons/cli/HelpFormatter.java	0.2886751345948129	135	135	2	replace	if(defaultArgName!=  null)  {  StringIndexOutOfBoundsException  ;  }	  StringIndexOutOfBoundsException    ;    	non-compiled	[CE]  illegal  start  of  type	80	None	replace
94	[BUG]  [BUGGY]  if(!defaultArgName.equals( " "))  {  throw  new  IllegalArgumentException( " ");  }  [CE]  illegal  start  of  type  [FE]                      StringIndexOutOfBoundsException      [CONTEXT]        [BUGGY]  if(!defaultArgName.equals( " "))  {  throw  new  IllegalArgumentException( " ");  }  [BUGGY]      public  String  defaultArgName  =  DEFAULT_ARG_NAME;  [CLASS]  HelpFormatter  OptionComparator  [VARIABLES]  	projects/Cli32/src/main/java/org/apache/commons/cli/HelpFormatter.java	0.2886751345948129	135	135	2	replace	if(!defaultArgName.equals( " "))  {  throw  new  IllegalArgumentException( " ");  }	  StringIndexOutOfBoundsException    ;    	non-compiled	[CE]  illegal  start  of  type	80	None	replace
95	[BUG]  [BUGGY]  return  new  HelpFormatterBuilder().append( "> ").append(String.valueOf(in.length()  -  1));  [CE]  illegal  start  of  type  [FE]                    StringIndexOutOfBoundsException      [CONTEXT]        [BUGGY]  return  new  HelpFormatterBuilder().append( "> ").append(String.valueOf(in.length()  -  1));  [BUGGY]        [CLASS]  HelpFormatter  OptionComparator  [VARIABLES]  	projects/Cli32/src/main/java/org/apache/commons/cli/HelpFormatter.java	0.2886751345948129	135	135	2	replace	return  new  HelpFormatterBuilder().append( "> ").append(String.valueOf(in.length()  -  1));	  return    new    HelpFormatterBuilder().append(   ">   ").append(String.valueOf(in.length()));    	non-compiled	[CE]  illegal  start  of  type	64	None	replace
96	[BUG]  [BUGGY]  return  new  HelpFormatterBuilder().append( "> ").append(String.valueOf(in.length()  +  1));  [CE]  illegal  start  of  type  [FE]                      StringIndexOutOfBoundsException      [CONTEXT]        [BUGGY]  return  new  HelpFormatterBuilder().append( "> ").append(String.valueOf(in.length()  +  1));  [BUGGY]        [CLASS]  HelpFormatter  OptionComparator  [VARIABLES]  	projects/Cli32/src/main/java/org/apache/commons/cli/HelpFormatter.java	0.2886751345948129	135	135	2	replace	return  new  HelpFormatterBuilder().append( "> ").append(String.valueOf(in.length()  +  1));	  return    new    HelpFormatterBuilder().append(   ">   ").append(String.valueOf(in.length()));    	non-compiled	[CE]  illegal  start  of  type	64	None	replace
97	[BUG]  [BUGGY]  return  new  HelpFormatterBuilder().append( "> ").append(String.valueOf(in.length()  -  2));  [CE]  illegal  start  of  type  [FE]                        StringIndexOutOfBoundsException      [CONTEXT]        [BUGGY]  return  new  HelpFormatterBuilder().append( "> ").append(String.valueOf(in.length()  -  2));  [BUGGY]        [CLASS]  HelpFormatter  OptionComparator  [VARIABLES]  	projects/Cli32/src/main/java/org/apache/commons/cli/HelpFormatter.java	0.2886751345948129	135	135	2	replace	return  new  HelpFormatterBuilder().append( "> ").append(String.valueOf(in.length()  -  2));	  return    new    HelpFormatterBuilder().append(   ">   ").append(String.valueOf(in.length()));    	non-compiled	[CE]  illegal  start  of  type	64	None	replace
98	[BUG]  [BUGGY]  StringIndexOutOfBoundsException  =  new  java.util.ArrayIndexOutOfBoundsException();  [CE]  illegal  start  of  type  [FE]                    StringIndexOutOfBoundsException      [CONTEXT]        [BUGGY]  StringIndexOutOfBoundsException  =  new  java.util.ArrayIndexOutOfBoundsException();  [BUGGY]      public  String  defaultArgName  =  DEFAULT_ARG_NAME;  [CLASS]  HelpFormatter  OptionComparator  [VARIABLES]  	projects/Cli32/src/main/java/org/apache/commons/cli/HelpFormatter.java	0.2886751345948129	135	135	2	replace	StringIndexOutOfBoundsException  =  new  java.util.ArrayIndexOutOfBoundsException();	  StringIndexOutOfBoundsException    =    new    ArrayIndexOutOfBoundsException();    	non-compiled	[CE]  illegal  start  of  type	7	None	replace
99	[BUG]  [BUGGY]  StringIndexOutOfBoundsException  =  new  ArrayIndexOutOfBoundsException( " ");  [CE]  illegal  start  of  type  [FE]                      StringIndexOutOfBoundsException      [CONTEXT]        [BUGGY]  StringIndexOutOfBoundsException  =  new  ArrayIndexOutOfBoundsException( " ");  [BUGGY]      public  String  defaultArgName  =  DEFAULT_ARG_NAME;  [CLASS]  HelpFormatter  OptionComparator  [VARIABLES]  	projects/Cli32/src/main/java/org/apache/commons/cli/HelpFormatter.java	0.2886751345948129	135	135	2	replace	StringIndexOutOfBoundsException  =  new  ArrayIndexOutOfBoundsException( " ");	  StringIndexOutOfBoundsException    =    new    ArrayIndexOutOfBoundsException();    	non-compiled	[CE]  illegal  start  of  type	7	None	replace
100	[BUG]  [BUGGY]  StringIndexOutOfBoundsException  =  new  ArrayIndexOutOfBoundsException( " "));  [CE]  illegal  start  of  type  [FE]                        StringIndexOutOfBoundsException      [CONTEXT]        [BUGGY]  StringIndexOutOfBoundsException  =  new  ArrayIndexOutOfBoundsException( " "));  [BUGGY]      public  String  defaultArgName  =  DEFAULT_ARG_NAME;  [CLASS]  HelpFormatter  OptionComparator  [VARIABLES]  	projects/Cli32/src/main/java/org/apache/commons/cli/HelpFormatter.java	0.2886751345948129	135	135	2	replace	StringIndexOutOfBoundsException  =  new  ArrayIndexOutOfBoundsException( " "));	  StringIndexOutOfBoundsException    =    new    ArrayIndexOutOfBoundsException();    	non-compiled	[CE]  illegal  start  of  type	7	None	replace
101	[BUG]  [BUGGY]  StringIndexOutOfBoundsException  =  new  IOException( " ");  [CE]  illegal  start  of  type  [FE]                          StringIndexOutOfBoundsException      [CONTEXT]        [BUGGY]  StringIndexOutOfBoundsException  =  new  IOException( " ");  [BUGGY]      public  String  defaultArgName  =  DEFAULT_ARG_NAME;  [CLASS]  HelpFormatter  OptionComparator  [VARIABLES]  	projects/Cli32/src/main/java/org/apache/commons/cli/HelpFormatter.java	0.2886751345948129	135	135	2	replace	StringIndexOutOfBoundsException  =  new  IOException( " ");	  StringIndexOutOfBoundsException    =    new    ArrayIndexOutOfBoundsException();    	non-compiled	[CE]  illegal  start  of  type	7	None	replace
102	[BUG]  [BUGGY]  public  String  defaultArgName  =  getDefaultArgName()  + ": "+getText();  [CE]  illegal  start  of  type  [FE]            StringIndexOutOfBoundsException      [CONTEXT]        [BUGGY]  public  String  defaultArgName  =  getDefaultArgName()  + ": "+getText();  [BUGGY]        [CLASS]  HelpFormatter  OptionComparator  [VARIABLES]  	projects/Cli32/src/main/java/org/apache/commons/cli/HelpFormatter.java	0.2886751345948129	135	135	2	replace	public  String  defaultArgName  =  getDefaultArgName()  + ": "+getText();	  public    String    defaultArgName    =    getDefaultArgName()    +   ":   "+getKey();    	non-compiled	[CE]  illegal  start  of  type	58	None	replace
103	[BUG]  [BUGGY]  Preconditions.checkArgument(defaultArgName!=  null  ||  defaultArgName.length()  ==  0);  [CE]  illegal  start  of  type  [FE]              StringIndexOutOfBoundsException      [CONTEXT]        [BUGGY]  Preconditions.checkArgument(defaultArgName!=  null  ||  defaultArgName.length()  ==  0);  [BUGGY]      public  String  defaultArgName  =  DEFAULT_ARG_NAME;  [CLASS]  HelpFormatter  OptionComparator  [VARIABLES]  	projects/Cli32/src/main/java/org/apache/commons/cli/HelpFormatter.java	0.2886751345948129	135	135	2	replace	Preconditions.checkArgument(defaultArgName!=  null  ||  defaultArgName.length()  ==  0);	  Preconditions.checkArgument(defaultArgName    ==    null    ||    defaultArgName.length()    ==    0);    	non-compiled	[CE]  illegal  start  of  type	63	None	replace
104	[BUG]  [BUGGY]  Preconditions.checkArgument(this.defaultArgName  ==  null  ||  defaultArgName.length()  ==  0);  [CE]  illegal  start  of  type  [FE]                StringIndexOutOfBoundsException      [CONTEXT]        [BUGGY]  Preconditions.checkArgument(this.defaultArgName  ==  null  ||  defaultArgName.length()  ==  0);  [BUGGY]      public  String  defaultArgName  =  DEFAULT_ARG_NAME;  [CLASS]  HelpFormatter  OptionComparator  [VARIABLES]  	projects/Cli32/src/main/java/org/apache/commons/cli/HelpFormatter.java	0.2886751345948129	135	135	2	replace	Preconditions.checkArgument(this.defaultArgName  ==  null  ||  defaultArgName.length()  ==  0);	  Preconditions.checkArgument(defaultArgName    ==    null    ||    defaultArgName.length()    ==    0);    	non-compiled	[CE]  illegal  start  of  type	63	None	replace
105	[BUG]  [BUGGY]  Preconditions.checkArgument(defaultArgName  ==  null  ||  defaultArgName.length()!=  0);  [CE]  illegal  start  of  type  [FE]                  StringIndexOutOfBoundsException      [CONTEXT]        [BUGGY]  Preconditions.checkArgument(defaultArgName  ==  null  ||  defaultArgName.length()!=  0);  [BUGGY]      public  String  defaultArgName  =  DEFAULT_ARG_NAME;  [CLASS]  HelpFormatter  OptionComparator  [VARIABLES]  	projects/Cli32/src/main/java/org/apache/commons/cli/HelpFormatter.java	0.2886751345948129	135	135	2	replace	Preconditions.checkArgument(defaultArgName  ==  null  ||  defaultArgName.length()!=  0);	  Preconditions.checkArgument(defaultArgName    ==    null    ||    defaultArgName.length()    ==    0);    	non-compiled	[CE]  illegal  start  of  type	63	None	replace
106	[BUG]  [BUGGY]  Preconditions.checkState(this.type  >=  null);  [CE]  illegal  start  of  type  [FE]                      StringIndexOutOfBoundsException      [CONTEXT]        [BUGGY]  Preconditions.checkState(this.type  >=  null);  [BUGGY]        [CLASS]  HelpFormatter  OptionComparator  [VARIABLES]  	projects/Cli32/src/main/java/org/apache/commons/cli/HelpFormatter.java	0.2886751345948129	135	135	2	replace	Preconditions.checkState(this.type  >=  null);	  Preconditions.checkState(this.type    ==    null);    	non-compiled	[CE]  illegal  start  of  type	47	None	replace
107	[BUG]  [BUGGY]  Preconditions.checkNotNull(this.type);  [CE]  illegal  start  of  type  [FE]                        StringIndexOutOfBoundsException      [CONTEXT]        [BUGGY]  Preconditions.checkNotNull(this.type);  [BUGGY]        [CLASS]  HelpFormatter  OptionComparator  [VARIABLES]  	projects/Cli32/src/main/java/org/apache/commons/cli/HelpFormatter.java	0.2886751345948129	135	135	2	replace	Preconditions.checkNotNull(this.type);	  Preconditions.checkState(this.type    ==    null);    	non-compiled	[CE]  illegal  start  of  type	47	None	replace
108	[BUG]  [BUGGY]  public  final  String  defaultArgName  =  DEFAULT_TYPE;  [CE]  illegal  start  of  type  [FE]            StringIndexOutOfBoundsException      [CONTEXT]        [BUGGY]  public  final  String  defaultArgName  =  DEFAULT_TYPE;  [BUGGY]        [CLASS]  HelpFormatter  OptionComparator  [VARIABLES]  	projects/Cli32/src/main/java/org/apache/commons/cli/HelpFormatter.java	0.2886751345948129	135	135	2	replace	public  final  String  defaultArgName  =  DEFAULT_TYPE;	  public    String    defaultArgName    =    DEFAULT_TYPE;    	non-compiled	[CE]  illegal  start  of  type	4	None	replace
109	[BUG]  [BUGGY]  Preconditions.checkArgument(defaultArgName!=  null  ||  defaultArgName.length()  >  0);  [CE]  illegal  start  of  type  [FE]                StringIndexOutOfBoundsException      [CONTEXT]        [BUGGY]  Preconditions.checkArgument(defaultArgName!=  null  ||  defaultArgName.length()  >  0);  [BUGGY]      public  String  defaultArgName  =  DEFAULT_ARG_NAME;  [CLASS]  HelpFormatter  OptionComparator  [VARIABLES]  	projects/Cli32/src/main/java/org/apache/commons/cli/HelpFormatter.java	0.2886751345948129	135	135	2	replace	Preconditions.checkArgument(defaultArgName!=  null  ||  defaultArgName.length()  >  0);	  Preconditions.checkArgument(defaultArgName!=    null    &&    defaultArgName.length()    >    0);    	non-compiled	[CE]  illegal  start  of  type	70	None	replace
110	[BUG]  [BUGGY]  Preconditions.checkArgument(defaultArgName  ==  null  ||  defaultArgName.length()  >  0);  [CE]  illegal  start  of  type  [FE]                  StringIndexOutOfBoundsException      [CONTEXT]        [BUGGY]  Preconditions.checkArgument(defaultArgName  ==  null  ||  defaultArgName.length()  >  0);  [BUGGY]      public  String  defaultArgName  =  DEFAULT_ARG_NAME;  [CLASS]  HelpFormatter  OptionComparator  [VARIABLES]  	projects/Cli32/src/main/java/org/apache/commons/cli/HelpFormatter.java	0.2886751345948129	135	135	2	replace	Preconditions.checkArgument(defaultArgName  ==  null  ||  defaultArgName.length()  >  0);	  Preconditions.checkArgument(defaultArgName!=    null    &&    defaultArgName.length()    >    0);    	non-compiled	[CE]  illegal  start  of  type	70	None	replace
111	[BUG]  [BUGGY]  Preconditions.checkArgument(defaultArgName  ==  null  &&  defaultArgName.length()  >  0);  [CE]  illegal  start  of  type  [FE]                    StringIndexOutOfBoundsException      [CONTEXT]        [BUGGY]  Preconditions.checkArgument(defaultArgName  ==  null  &&  defaultArgName.length()  >  0);  [BUGGY]      public  String  defaultArgName  =  DEFAULT_ARG_NAME;  [CLASS]  HelpFormatter  OptionComparator  [VARIABLES]  	projects/Cli32/src/main/java/org/apache/commons/cli/HelpFormatter.java	0.2886751345948129	135	135	2	replace	Preconditions.checkArgument(defaultArgName  ==  null  &&  defaultArgName.length()  >  0);	  Preconditions.checkArgument(defaultArgName!=    null    &&    defaultArgName.length()    >    0);    	non-compiled	[CE]  illegal  start  of  type	70	None	replace
112	[BUG]  [BUGGY]  public  String  defaultArgName  =(this.defaultArgName  ==  null)?  this.defaultArgName  : ",null ";  [CE]  illegal  start  of  type  [FE]              StringIndexOutOfBoundsException      [CONTEXT]        [BUGGY]  public  String  defaultArgName  =(this.defaultArgName  ==  null)?  this.defaultArgName  : ",null ";  [BUGGY]        [CLASS]  HelpFormatter  OptionComparator  [VARIABLES]  	projects/Cli32/src/main/java/org/apache/commons/cli/HelpFormatter.java	0.2886751345948129	135	135	2	replace	public  String  defaultArgName  =(this.defaultArgName  ==  null)?  this.defaultArgName  : ",null ";	  public    String    defaultArgName    =(this.defaultArgName!=    null)?    this.defaultArgName    :   "null   ";    	non-compiled	[CE]  illegal  start  of  type	45	None	replace
113	[BUG]  [BUGGY]  public  String  defaultArgName  =(this.defaultArgName!=  null)?  this.defaultArgName  : ",null ";  [CE]  illegal  start  of  type  [FE]                StringIndexOutOfBoundsException      [CONTEXT]        [BUGGY]  public  String  defaultArgName  =(this.defaultArgName!=  null)?  this.defaultArgName  : ",null ";  [BUGGY]        [CLASS]  HelpFormatter  OptionComparator  [VARIABLES]  	projects/Cli32/src/main/java/org/apache/commons/cli/HelpFormatter.java	0.2886751345948129	135	135	2	replace	public  String  defaultArgName  =(this.defaultArgName!=  null)?  this.defaultArgName  : ",null ";	  public    String    defaultArgName    =(this.defaultArgName!=    null)?    this.defaultArgName    :   "null   ";    	non-compiled	[CE]  illegal  start  of  type	45	None	replace
114	[BUG]  [BUGGY]  StringIndexOutOfBoundsException  =  new  StringIndexOutOfBoundsException( "Unexpected  exception: ");  [CE]  illegal  start  of  type  [FE]                  StringIndexOutOfBoundsException      [CONTEXT]        [BUGGY]  StringIndexOutOfBoundsException  =  new  StringIndexOutOfBoundsException( "Unexpected  exception: ");  [BUGGY]      public  String  defaultArgName  =  DEFAULT_ARG_NAME;  [CLASS]  HelpFormatter  OptionComparator  [VARIABLES]  	projects/Cli32/src/main/java/org/apache/commons/cli/HelpFormatter.java	0.2886751345948129	135	135	2	replace	StringIndexOutOfBoundsException  =  new  StringIndexOutOfBoundsException( "Unexpected  exception: ");	  StringIndexOutOfBoundsException    =    new    StringIndexOutOfBoundsException(   "   ");    	non-compiled	[CE]  illegal  start  of  type	6	None	replace
115	[BUG]  [BUGGY]  StringIndexOutOfBoundsException  =  new  StringIndexOutOfBoundsException( "Failed  to  parse: ");  [CE]  illegal  start  of  type  [FE]                    StringIndexOutOfBoundsException      [CONTEXT]        [BUGGY]  StringIndexOutOfBoundsException  =  new  StringIndexOutOfBoundsException( "Failed  to  parse: ");  [BUGGY]      public  String  defaultArgName  =  DEFAULT_ARG_NAME;  [CLASS]  HelpFormatter  OptionComparator  [VARIABLES]  	projects/Cli32/src/main/java/org/apache/commons/cli/HelpFormatter.java	0.2886751345948129	135	135	2	replace	StringIndexOutOfBoundsException  =  new  StringIndexOutOfBoundsException( "Failed  to  parse: ");	  StringIndexOutOfBoundsException    =    new    StringIndexOutOfBoundsException(   "   ");    	non-compiled	[CE]  illegal  start  of  type	6	None	replace
116	[BUG]  [BUGGY]  StringIndexOutOfBoundsException  =  new  StringIndexOutOfBoundsException( "Failed  to  parse  default  argument: ");  [CE]  illegal  start  of  type  [FE]                      StringIndexOutOfBoundsException      [CONTEXT]        [BUGGY]  StringIndexOutOfBoundsException  =  new  StringIndexOutOfBoundsException( "Failed  to  parse  default  argument: ");  [BUGGY]      public  String  defaultArgName  =  DEFAULT_ARG_NAME;  [CLASS]  HelpFormatter  OptionComparator  [VARIABLES]  	projects/Cli32/src/main/java/org/apache/commons/cli/HelpFormatter.java	0.2886751345948129	135	135	2	replace	StringIndexOutOfBoundsException  =  new  StringIndexOutOfBoundsException( "Failed  to  parse  default  argument: ");	  StringIndexOutOfBoundsException    =    new    StringIndexOutOfBoundsException(   "   ");    	non-compiled	[CE]  illegal  start  of  type	6	None	replace
117	[BUG]  [BUGGY]  public  String  defaultArgName  =  getDefaultArgName()  + "null ";  [CE]  illegal  start  of  type  [FE]            StringIndexOutOfBoundsException      [CONTEXT]        [BUGGY]  public  String  defaultArgName  =  getDefaultArgName()  + "null ";  [BUGGY]        [CLASS]  HelpFormatter  OptionComparator  [VARIABLES]  	projects/Cli32/src/main/java/org/apache/commons/cli/HelpFormatter.java	0.2886751345948129	135	135	2	replace	public  String  defaultArgName  =  getDefaultArgName()  + "null ";	  public    String    defaultArgName    =    getDefaultArgName()    +   "n   ";    	non-compiled	[CE]  illegal  start  of  type	22	None	replace
118	[BUG]  [BUGGY]  public  String  defaultArgName  =  getDefaultArgName()  + "_ ";  [CE]  illegal  start  of  type  [FE]              StringIndexOutOfBoundsException      [CONTEXT]        [BUGGY]  public  String  defaultArgName  =  getDefaultArgName()  + "_ ";  [BUGGY]        [CLASS]  HelpFormatter  OptionComparator  [VARIABLES]  	projects/Cli32/src/main/java/org/apache/commons/cli/HelpFormatter.java	0.2886751345948129	135	135	2	replace	public  String  defaultArgName  =  getDefaultArgName()  + "_ ";	  public    String    defaultArgName    =    getDefaultArgName()    +   "n   ";    	non-compiled	[CE]  illegal  start  of  type	22	None	replace
119	[BUG]  [BUGGY]  public  String  defaultArgName  =  getDefaultArgName()  + "_default_arg ";  [CE]  illegal  start  of  type  [FE]                StringIndexOutOfBoundsException      [CONTEXT]        [BUGGY]  public  String  defaultArgName  =  getDefaultArgName()  + "_default_arg ";  [BUGGY]        [CLASS]  HelpFormatter  OptionComparator  [VARIABLES]  	projects/Cli32/src/main/java/org/apache/commons/cli/HelpFormatter.java	0.2886751345948129	135	135	2	replace	public  String  defaultArgName  =  getDefaultArgName()  + "_default_arg ";	  public    String    defaultArgName    =    getDefaultArgName()    +   "n   ";    	non-compiled	[CE]  illegal  start  of  type	22	None	replace
120	[BUG]  [BUGGY]  Preconditions.checkState(this.defaultArgName  ==  null  ||  defaultArgName.length()  ==  0);  [CE]  illegal  start  of  type  [FE]            StringIndexOutOfBoundsException      [CONTEXT]        [BUGGY]  Preconditions.checkState(this.defaultArgName  ==  null  ||  defaultArgName.length()  ==  0);  [BUGGY]      public  String  defaultArgName  =  DEFAULT_ARG_NAME;  [CLASS]  HelpFormatter  OptionComparator  [VARIABLES]  	projects/Cli32/src/main/java/org/apache/commons/cli/HelpFormatter.java	0.2886751345948129	135	135	2	replace	Preconditions.checkState(this.defaultArgName  ==  null  ||  defaultArgName.length()  ==  0);	  Preconditions.checkState(defaultArgName    ==    null    ||    defaultArgName.length()    ==    0);    	non-compiled	[CE]  illegal  start  of  type	62	None	replace
121	[BUG]  [BUGGY]  Preconditions.checkState(defaultArgName!=  null  ||  defaultArgName.length()  ==  0);  [CE]  illegal  start  of  type  [FE]              StringIndexOutOfBoundsException      [CONTEXT]        [BUGGY]  Preconditions.checkState(defaultArgName!=  null  ||  defaultArgName.length()  ==  0);  [BUGGY]      public  String  defaultArgName  =  DEFAULT_ARG_NAME;  [CLASS]  HelpFormatter  OptionComparator  [VARIABLES]  	projects/Cli32/src/main/java/org/apache/commons/cli/HelpFormatter.java	0.2886751345948129	135	135	2	replace	Preconditions.checkState(defaultArgName!=  null  ||  defaultArgName.length()  ==  0);	  Preconditions.checkState(defaultArgName    ==    null    ||    defaultArgName.length()    ==    0);    	non-compiled	[CE]  illegal  start  of  type	62	None	replace
122	[BUG]  [BUGGY]  Preconditions.checkState(defaultArgName  ==  null  ||  defaultArgName.length()!=  0);  [CE]  illegal  start  of  type  [FE]                StringIndexOutOfBoundsException      [CONTEXT]        [BUGGY]  Preconditions.checkState(defaultArgName  ==  null  ||  defaultArgName.length()!=  0);  [BUGGY]      public  String  defaultArgName  =  DEFAULT_ARG_NAME;  [CLASS]  HelpFormatter  OptionComparator  [VARIABLES]  	projects/Cli32/src/main/java/org/apache/commons/cli/HelpFormatter.java	0.2886751345948129	135	135	2	replace	Preconditions.checkState(defaultArgName  ==  null  ||  defaultArgName.length()!=  0);	  Preconditions.checkState(defaultArgName    ==    null    ||    defaultArgName.length()    ==    0);    	non-compiled	[CE]  illegal  start  of  type	62	None	replace
123	[BUG]  [BUGGY]  public  String  defaultArgName  =(String)this.options.getValue();  [CE]  illegal  start  of  type  [FE]                  StringIndexOutOfBoundsException      [CONTEXT]        [BUGGY]  public  String  defaultArgName  =(String)this.options.getValue();  [BUGGY]        [CLASS]  HelpFormatter  OptionComparator  [VARIABLES]  	projects/Cli32/src/main/java/org/apache/commons/cli/HelpFormatter.java	0.2886751345948129	135	135	2	replace	public  String  defaultArgName  =(String)this.options.getValue();	  public    String    defaultArgName    =(String)this.options;    	non-compiled	[CE]  illegal  start  of  type	57	None	replace
124	[BUG]  [BUGGY]  public  String  defaultArgName  =(String)this.options.clone();  [CE]  illegal  start  of  type  [FE]                    StringIndexOutOfBoundsException      [CONTEXT]        [BUGGY]  public  String  defaultArgName  =(String)this.options.clone();  [BUGGY]        [CLASS]  HelpFormatter  OptionComparator  [VARIABLES]  	projects/Cli32/src/main/java/org/apache/commons/cli/HelpFormatter.java	0.2886751345948129	135	135	2	replace	public  String  defaultArgName  =(String)this.options.clone();	  public    String    defaultArgName    =(String)this.options;    	non-compiled	[CE]  illegal  start  of  type	57	None	replace
125	[BUG]  [BUGGY]  public  String  defaultArgName  =(String)this.options.getValueType();  [CE]  illegal  start  of  type  [FE]                      StringIndexOutOfBoundsException      [CONTEXT]        [BUGGY]  public  String  defaultArgName  =(String)this.options.getValueType();  [BUGGY]        [CLASS]  HelpFormatter  OptionComparator  [VARIABLES]  	projects/Cli32/src/main/java/org/apache/commons/cli/HelpFormatter.java	0.2886751345948129	135	135	2	replace	public  String  defaultArgName  =(String)this.options.getValueType();	  public    String    defaultArgName    =(String)this.options;    	non-compiled	[CE]  illegal  start  of  type	57	None	replace
126	[BUG]  [BUGGY]  public  String  defaultArgName  =  this.defaultArgName.toLowerCase(Locale.ENGLISH);  [CE]  illegal  start  of  type  [FE]              StringIndexOutOfBoundsException      [CONTEXT]        [BUGGY]  public  String  defaultArgName  =  this.defaultArgName.toLowerCase(Locale.ENGLISH);  [BUGGY]        [CLASS]  HelpFormatter  OptionComparator  [VARIABLES]  	projects/Cli32/src/main/java/org/apache/commons/cli/HelpFormatter.java	0.2886751345948129	135	135	2	replace	public  String  defaultArgName  =  this.defaultArgName.toLowerCase(Locale.ENGLISH);	  public    String    defaultArgName    =    this.defaultArgName.toLowerCase();    	non-compiled	[CE]  illegal  start  of  type	29	None	replace
127	[BUG]  [BUGGY]  public  String  defaultArgName  =  this.defaultArgName!=  null?  this.defaultArgName.toLowerCase()  : " ";  [CE]  illegal  start  of  type  [FE]                StringIndexOutOfBoundsException      [CONTEXT]        [BUGGY]  public  String  defaultArgName  =  this.defaultArgName!=  null?  this.defaultArgName.toLowerCase()  : " ";  [BUGGY]        [CLASS]  HelpFormatter  OptionComparator  [VARIABLES]  	projects/Cli32/src/main/java/org/apache/commons/cli/HelpFormatter.java	0.2886751345948129	135	135	2	replace	public  String  defaultArgName  =  this.defaultArgName!=  null?  this.defaultArgName.toLowerCase()  : " ";	  public    String    defaultArgName    =    this.defaultArgName.toLowerCase();    	non-compiled	[CE]  illegal  start  of  type	29	None	replace
128	[BUG]  [BUGGY]  public  String  defaultArgName  =  this.defaultArgName.toLowerCase(Locale.getDefault());  [CE]  illegal  start  of  type  [FE]                  StringIndexOutOfBoundsException      [CONTEXT]        [BUGGY]  public  String  defaultArgName  =  this.defaultArgName.toLowerCase(Locale.getDefault());  [BUGGY]        [CLASS]  HelpFormatter  OptionComparator  [VARIABLES]  	projects/Cli32/src/main/java/org/apache/commons/cli/HelpFormatter.java	0.2886751345948129	135	135	2	replace	public  String  defaultArgName  =  this.defaultArgName.toLowerCase(Locale.getDefault());	  public    String    defaultArgName    =    this.defaultArgName.toLowerCase();    	non-compiled	[CE]  illegal  start  of  type	29	None	replace
129	[BUG]  [BUGGY]  public  String  defaultArgName  =  getDefaultValue().toLowerCase();  [CE]  illegal  start  of  type  [FE]                      StringIndexOutOfBoundsException      [CONTEXT]        [BUGGY]  public  String  defaultArgName  =  getDefaultValue().toLowerCase();  [BUGGY]        [CLASS]  HelpFormatter  OptionComparator  [VARIABLES]  	projects/Cli32/src/main/java/org/apache/commons/cli/HelpFormatter.java	0.2886751345948129	135	135	2	replace	public  String  defaultArgName  =  getDefaultValue().toLowerCase();	  public    String    defaultArgName    =    getDefaultValue().trim();    	non-compiled	[CE]  illegal  start  of  type	39	None	replace
130	[BUG]  [BUGGY]  public  String  defaultArgName  =  getDefaultValue().substring(0,  4).trim();  [CE]  illegal  start  of  type  [FE]                        StringIndexOutOfBoundsException      [CONTEXT]        [BUGGY]  public  String  defaultArgName  =  getDefaultValue().substring(0,  4).trim();  [BUGGY]        [CLASS]  HelpFormatter  OptionComparator  [VARIABLES]  	projects/Cli32/src/main/java/org/apache/commons/cli/HelpFormatter.java	0.2886751345948129	135	135	2	replace	public  String  defaultArgName  =  getDefaultValue().substring(0,  4).trim();	  public    String    defaultArgName    =    getDefaultValue().trim();    	non-compiled	[CE]  illegal  start  of  type	39	None	replace
131	[BUG]  [BUGGY]  StringIndexOutOfBoundsException.append( ",n ");  [CE]  illegal  start  of  type  [FE]                      StringIndexOutOfBoundsException      [CONTEXT]        [BUGGY]  StringIndexOutOfBoundsException.append( ",n ");  [BUGGY]      public  String  defaultArgName  =  DEFAULT_ARG_NAME;  [CLASS]  HelpFormatter  OptionComparator  [VARIABLES]  	projects/Cli32/src/main/java/org/apache/commons/cli/HelpFormatter.java	0.2886751345948129	135	135	2	replace	StringIndexOutOfBoundsException.append( ",n ");	  StringIndexOutOfBoundsException.append(   ",   ");    	non-compiled	[CE]  illegal  start  of  type	32	None	replace
132	[BUG]  [BUGGY]  StringIndexOutOfBoundsException.printStackTrace(System.err,  System.err);  [CE]  illegal  start  of  type  [FE]              StringIndexOutOfBoundsException      [CONTEXT]        [BUGGY]  StringIndexOutOfBoundsException.printStackTrace(System.err,  System.err);  [BUGGY]      public  String  defaultArgName  =  DEFAULT_ARG_NAME;  [CLASS]  HelpFormatter  OptionComparator  [VARIABLES]  	projects/Cli32/src/main/java/org/apache/commons/cli/HelpFormatter.java	0.2886751345948129	135	135	2	replace	StringIndexOutOfBoundsException.printStackTrace(System.err,  System.err);	  StringIndexOutOfBoundsException.printStackTrace(System.err);    	non-compiled	[CE]  illegal  start  of  type	24	None	replace
133	[BUG]  [BUGGY]  StringIndexOutOfBoundsException.printStackTrace(System.err  + "n ");  [CE]  illegal  start  of  type  [FE]                StringIndexOutOfBoundsException      [CONTEXT]        [BUGGY]  StringIndexOutOfBoundsException.printStackTrace(System.err  + "n ");  [BUGGY]      public  String  defaultArgName  =  DEFAULT_ARG_NAME;  [CLASS]  HelpFormatter  OptionComparator  [VARIABLES]  	projects/Cli32/src/main/java/org/apache/commons/cli/HelpFormatter.java	0.2886751345948129	135	135	2	replace	StringIndexOutOfBoundsException.printStackTrace(System.err  + "n ");	  StringIndexOutOfBoundsException.printStackTrace(System.err);    	non-compiled	[CE]  illegal  start  of  type	24	None	replace
134	[BUG]  [BUGGY]  StringIndexOutOfBoundsException  :  new  StringIndexOutOfBoundsException( "Failed  to  parse  default  argument. ");  [CE]  illegal  start  of  type  [FE]                  StringIndexOutOfBoundsException      [CONTEXT]        [BUGGY]  StringIndexOutOfBoundsException  :  new  StringIndexOutOfBoundsException( "Failed  to  parse  default  argument. ");  [BUGGY]      public  String  defaultArgName  =  DEFAULT_ARG_NAME;  [CLASS]  HelpFormatter  OptionComparator  [VARIABLES]  	projects/Cli32/src/main/java/org/apache/commons/cli/HelpFormatter.java	0.2886751345948129	135	135	2	replace	StringIndexOutOfBoundsException  :  new  StringIndexOutOfBoundsException( "Failed  to  parse  default  argument. ");	  StringIndexOutOfBoundsException    :    new    StringIndexOutOfBoundsException(   "   ");    	non-compiled	[CE]  illegal  start  of  type	68	None	replace
135	[BUG]  [BUGGY]  StringIndexOutOfBoundsException  :  new  StringIndexOutOfBoundsException( "Failed  to  parse  the  default  argument. ");  [CE]  illegal  start  of  type  [FE]                    StringIndexOutOfBoundsException      [CONTEXT]        [BUGGY]  StringIndexOutOfBoundsException  :  new  StringIndexOutOfBoundsException( "Failed  to  parse  the  default  argument. ");  [BUGGY]      public  String  defaultArgName  =  DEFAULT_ARG_NAME;  [CLASS]  HelpFormatter  OptionComparator  [VARIABLES]  	projects/Cli32/src/main/java/org/apache/commons/cli/HelpFormatter.java	0.2886751345948129	135	135	2	replace	StringIndexOutOfBoundsException  :  new  StringIndexOutOfBoundsException( "Failed  to  parse  the  default  argument. ");	  StringIndexOutOfBoundsException    :    new    StringIndexOutOfBoundsException(   "   ");    	non-compiled	[CE]  illegal  start  of  type	68	None	replace
136	[BUG]  [BUGGY]  Throwable  :  new  StringIndexOutOfBoundsException( " ");  [CE]  illegal  start  of  type  [FE]                      StringIndexOutOfBoundsException      [CONTEXT]        [BUGGY]  Throwable  :  new  StringIndexOutOfBoundsException( " ");  [BUGGY]      public  String  defaultArgName  =  DEFAULT_ARG_NAME;  [CLASS]  HelpFormatter  OptionComparator  [VARIABLES]  	projects/Cli32/src/main/java/org/apache/commons/cli/HelpFormatter.java	0.2886751345948129	135	135	2	replace	Throwable  :  new  StringIndexOutOfBoundsException( " ");	  StringIndexOutOfBoundsException    :    new    StringIndexOutOfBoundsException(   "   ");    	non-compiled	[CE]  illegal  start  of  type	68	None	replace
137	[BUG]  [BUGGY]  public  String  defaultArgName  =  this.defaultArgName.substring(0,  this.defaultArgName.length()  -  1);  [CE]  illegal  start  of  type  [FE]                StringIndexOutOfBoundsException      [CONTEXT]        [BUGGY]  public  String  defaultArgName  =  this.defaultArgName.substring(0,  this.defaultArgName.length()  -  1);  [BUGGY]        [CLASS]  HelpFormatter  OptionComparator  [VARIABLES]  	projects/Cli32/src/main/java/org/apache/commons/cli/HelpFormatter.java	0.2886751345948129	135	135	2	replace	public  String  defaultArgName  =  this.defaultArgName.substring(0,  this.defaultArgName.length()  -  1);	  public    String    defaultArgName    =    this.defaultArgName.toString();    	non-compiled	[CE]  illegal  start  of  type	30	None	replace
138	[BUG]  [BUGGY]  public  String  defaultArgName  =  this.defaultArgName.substring(0,  this.defaultArgName.length());  [CE]  illegal  start  of  type  [FE]                  StringIndexOutOfBoundsException      [CONTEXT]        [BUGGY]  public  String  defaultArgName  =  this.defaultArgName.substring(0,  this.defaultArgName.length());  [BUGGY]        [CLASS]  HelpFormatter  OptionComparator  [VARIABLES]  	projects/Cli32/src/main/java/org/apache/commons/cli/HelpFormatter.java	0.2886751345948129	135	135	2	replace	public  String  defaultArgName  =  this.defaultArgName.substring(0,  this.defaultArgName.length());	  public    String    defaultArgName    =    this.defaultArgName.toString();    	non-compiled	[CE]  illegal  start  of  type	30	None	replace
139	[BUG]  [BUGGY]  public  String  defaultArgName  =  this.defaultArgName.substring(0,  this.defaultArgName.length()  -  2);  [CE]  illegal  start  of  type  [FE]                    StringIndexOutOfBoundsException      [CONTEXT]        [BUGGY]  public  String  defaultArgName  =  this.defaultArgName.substring(0,  this.defaultArgName.length()  -  2);  [BUGGY]        [CLASS]  HelpFormatter  OptionComparator  [VARIABLES]  	projects/Cli32/src/main/java/org/apache/commons/cli/HelpFormatter.java	0.2886751345948129	135	135	2	replace	public  String  defaultArgName  =  this.defaultArgName.substring(0,  this.defaultArgName.length()  -  2);	  public    String    defaultArgName    =    this.defaultArgName.toString();    	non-compiled	[CE]  illegal  start  of  type	30	None	replace
140	[BUG]  [BUGGY]  StringIndexOutOfBoundsException  :  defaultArgName;  [CE]  illegal  start  of  type  [FE]                  StringIndexOutOfBoundsException      [CONTEXT]        [BUGGY]  StringIndexOutOfBoundsException  :  defaultArgName;  [BUGGY]      public  String  defaultArgName  =  DEFAULT_ARG_NAME;  [CLASS]  HelpFormatter  OptionComparator  [VARIABLES]  	projects/Cli32/src/main/java/org/apache/commons/cli/HelpFormatter.java	0.2886751345948129	135	135	2	replace	StringIndexOutOfBoundsException  :  defaultArgName;	  StringIndexOutOfBoundsException    :    null;    	non-compiled	[CE]  illegal  start  of  type	18	None	replace
141	[BUG]  [BUGGY]  StringIndexOutOfBoundsException  :  this;  [CE]  illegal  start  of  type  [FE]                    StringIndexOutOfBoundsException      [CONTEXT]        [BUGGY]  StringIndexOutOfBoundsException  :  this;  [BUGGY]      public  String  defaultArgName  =  DEFAULT_ARG_NAME;  [CLASS]  HelpFormatter  OptionComparator  [VARIABLES]  	projects/Cli32/src/main/java/org/apache/commons/cli/HelpFormatter.java	0.2886751345948129	135	135	2	replace	StringIndexOutOfBoundsException  :  this;	  StringIndexOutOfBoundsException    :    null;    	non-compiled	[CE]  illegal  start  of  type	18	None	replace
142	[BUG]  [BUGGY]  StringIndexOutOfBoundsException  :   " ";  [CE]  illegal  start  of  type  [FE]                      StringIndexOutOfBoundsException      [CONTEXT]        [BUGGY]  StringIndexOutOfBoundsException  :   " ";  [BUGGY]      public  String  defaultArgName  =  DEFAULT_ARG_NAME;  [CLASS]  HelpFormatter  OptionComparator  [VARIABLES]  	projects/Cli32/src/main/java/org/apache/commons/cli/HelpFormatter.java	0.2886751345948129	135	135	2	replace	StringIndexOutOfBoundsException  :   " ";	  StringIndexOutOfBoundsException    :    null;    	non-compiled	[CE]  illegal  start  of  type	18	None	replace
143	[BUG]  [BUGGY]  StringIndexOutOfBoundsException.append( "Unexpected  default  argument: "  +  defaultArgName,  DEFAULT_ARG_NAME);  [CE]  illegal  start  of  type  [FE]                        StringIndexOutOfBoundsException      [CONTEXT]        [BUGGY]  StringIndexOutOfBoundsException.append( "Unexpected  default  argument: "  +  defaultArgName,  DEFAULT_ARG_NAME);  [BUGGY]      public  String  defaultArgName  =  DEFAULT_ARG_NAME;  [CLASS]  HelpFormatter  OptionComparator  [VARIABLES]  	projects/Cli32/src/main/java/org/apache/commons/cli/HelpFormatter.java	0.2886751345948129	135	135	2	replace	StringIndexOutOfBoundsException.append( "Unexpected  default  argument: "  +  defaultArgName,  DEFAULT_ARG_NAME);	  StringIndexOutOfBoundsException.append(   "Unexpected    default    argument:   "    +    defaultArgName);    	non-compiled	[CE]  illegal  start  of  type	33	None	replace
144	[BUG]  [BUGGY]  StringIndexOutOfBoundsException.append( "Unexpected  default  argument: "  +  this.defaultArgName);  [CE]  illegal  start  of  type  [FE]                          StringIndexOutOfBoundsException      [CONTEXT]        [BUGGY]  StringIndexOutOfBoundsException.append( "Unexpected  default  argument: "  +  this.defaultArgName);  [BUGGY]      public  String  defaultArgName  =  DEFAULT_ARG_NAME;  [CLASS]  HelpFormatter  OptionComparator  [VARIABLES]  	projects/Cli32/src/main/java/org/apache/commons/cli/HelpFormatter.java	0.2886751345948129	135	135	2	replace	StringIndexOutOfBoundsException.append( "Unexpected  default  argument: "  +  this.defaultArgName);	  StringIndexOutOfBoundsException.append(   "Unexpected    default    argument:   "    +    defaultArgName);    	non-compiled	[CE]  illegal  start  of  type	33	None	replace
145	[BUG]  [BUGGY]  StringIndexOutOfBoundsException.append( "Unexpected  default  argument: "  +  DEFAULT_ARG_NAME);  [CE]  illegal  start  of  type  [FE]                            StringIndexOutOfBoundsException      [CONTEXT]        [BUGGY]  StringIndexOutOfBoundsException.append( "Unexpected  default  argument: "  +  DEFAULT_ARG_NAME);  [BUGGY]      public  String  defaultArgName  =  DEFAULT_ARG_NAME;  [CLASS]  HelpFormatter  OptionComparator  [VARIABLES]  	projects/Cli32/src/main/java/org/apache/commons/cli/HelpFormatter.java	0.2886751345948129	135	135	2	replace	StringIndexOutOfBoundsException.append( "Unexpected  default  argument: "  +  DEFAULT_ARG_NAME);	  StringIndexOutOfBoundsException.append(   "Unexpected    default    argument:   "    +    defaultArgName);    	non-compiled	[CE]  illegal  start  of  type	33	None	replace
146	[BUG]  [BUGGY]  public  String  defaultArgName  =(String)this.options.values().null;  [CE]  illegal  start  of  type  [FE]                StringIndexOutOfBoundsException      [CONTEXT]        [BUGGY]  public  String  defaultArgName  =(String)this.options.values().null;  [BUGGY]        [CLASS]  HelpFormatter  OptionComparator  [VARIABLES]  	projects/Cli32/src/main/java/org/apache/commons/cli/HelpFormatter.java	0.2886751345948129	135	135	2	replace	public  String  defaultArgName  =(String)this.options.values().null;	  public    String    defaultArgName    =(String)this.options.null;    	non-compiled	[CE]  illegal  start  of  type	56	None	replace
147	[BUG]  [BUGGY]  public  String  defaultArgName  =(String)this.options.values().toArray(new  String[this.options.size()  ]);  [CE]  illegal  start  of  type  [FE]                  StringIndexOutOfBoundsException      [CONTEXT]        [BUGGY]  public  String  defaultArgName  =(String)this.options.values().toArray(new  String[this.options.size()  ]);  [BUGGY]        [CLASS]  HelpFormatter  OptionComparator  [VARIABLES]  	projects/Cli32/src/main/java/org/apache/commons/cli/HelpFormatter.java	0.2886751345948129	135	135	2	replace	public  String  defaultArgName  =(String)this.options.values().toArray(new  String[this.options.size()  ]);	  public    String    defaultArgName    =(String)this.options.null;    	non-compiled	[CE]  illegal  start  of  type	56	None	replace
148	[BUG]  [BUGGY]  StringIndexOutOfBoundsException.printStackTrace( "  <   ");  [CE]  illegal  start  of  type  [FE]                StringIndexOutOfBoundsException      [CONTEXT]        [BUGGY]  StringIndexOutOfBoundsException.printStackTrace( "  <   ");  [BUGGY]      public  String  defaultArgName  =  DEFAULT_ARG_NAME;  [CLASS]  HelpFormatter  OptionComparator  [VARIABLES]  	projects/Cli32/src/main/java/org/apache/commons/cli/HelpFormatter.java	0.2886751345948129	135	135	2	replace	StringIndexOutOfBoundsException.printStackTrace( "  <   ");	  StringIndexOutOfBoundsException.printStackTrace(   "n   ");    	non-compiled	[CE]  illegal  start  of  type	55	None	replace
149	[BUG]  [BUGGY]  StringIndexOutOfBoundsException.printStackTrace( "JSC_DEFAULT_ARG_NAME ");  [CE]  illegal  start  of  type  [FE]                  StringIndexOutOfBoundsException      [CONTEXT]        [BUGGY]  StringIndexOutOfBoundsException.printStackTrace( "JSC_DEFAULT_ARG_NAME ");  [BUGGY]      public  String  defaultArgName  =  DEFAULT_ARG_NAME;  [CLASS]  HelpFormatter  OptionComparator  [VARIABLES]  	projects/Cli32/src/main/java/org/apache/commons/cli/HelpFormatter.java	0.2886751345948129	135	135	2	replace	StringIndexOutOfBoundsException.printStackTrace( "JSC_DEFAULT_ARG_NAME ");	  StringIndexOutOfBoundsException.printStackTrace(   "n   ");    	non-compiled	[CE]  illegal  start  of  type	55	None	replace
150	[BUG]  [BUGGY]  public  String  defaultArgName  =(String)this.options  = " ";  [CE]  illegal  start  of  type  [FE]                  StringIndexOutOfBoundsException      [CONTEXT]        [BUGGY]  public  String  defaultArgName  =(String)this.options  = " ";  [BUGGY]        [CLASS]  HelpFormatter  OptionComparator  [VARIABLES]  	projects/Cli32/src/main/java/org/apache/commons/cli/HelpFormatter.java	0.2886751345948129	135	135	2	replace	public  String  defaultArgName  =(String)this.options  = " ";	  public    String    defaultArgName    =(String)this.options;    	non-compiled	[CE]  illegal  start  of  type	57	None	replace
151	[BUG]  [BUGGY]  public  String  defaultArgName  =(String)this.options.values();  [CE]  illegal  start  of  type  [FE]                    StringIndexOutOfBoundsException      [CONTEXT]        [BUGGY]  public  String  defaultArgName  =(String)this.options.values();  [BUGGY]        [CLASS]  HelpFormatter  OptionComparator  [VARIABLES]  	projects/Cli32/src/main/java/org/apache/commons/cli/HelpFormatter.java	0.2886751345948129	135	135	2	replace	public  String  defaultArgName  =(String)this.options.values();	  public    String    defaultArgName    =(String)this.options;    	non-compiled	[CE]  illegal  start  of  type	57	None	replace
152	[BUG]  [BUGGY]  StringIndexOutOfBoundsException  =  new  StringIndexOutOfBoundsException( ", ");  [CE]  illegal  start  of  type  [FE]                  StringIndexOutOfBoundsException      [CONTEXT]        [BUGGY]  StringIndexOutOfBoundsException  =  new  StringIndexOutOfBoundsException( ", ");  [BUGGY]      public  String  defaultArgName  =  DEFAULT_ARG_NAME;  [CLASS]  HelpFormatter  OptionComparator  [VARIABLES]  	projects/Cli32/src/main/java/org/apache/commons/cli/HelpFormatter.java	0.2886751345948129	135	135	2	replace	StringIndexOutOfBoundsException  =  new  StringIndexOutOfBoundsException( ", ");	  StringIndexOutOfBoundsException    =    new    StringIndexOutOfBoundsException(   "   ");    	non-compiled	[CE]  illegal  start  of  type	6	None	replace
153	[BUG]  [BUGGY]  public  static  String  defaultArgName  =  System.getProperty( "user.default-arg ");  [CE]  illegal  start  of  type  [FE]                StringIndexOutOfBoundsException      [CONTEXT]        [BUGGY]  public  static  String  defaultArgName  =  System.getProperty( "user.default-arg ");  [BUGGY]        [CLASS]  HelpFormatter  OptionComparator  [VARIABLES]  	projects/Cli32/src/main/java/org/apache/commons/cli/HelpFormatter.java	0.2886751345948129	135	135	2	replace	public  static  String  defaultArgName  =  System.getProperty( "user.default-arg ");	  public    String    defaultArgName    =    System.getProperty(   "user.default-arg   ");    	non-compiled	[CE]  illegal  start  of  type	78	None	replace
154	[BUG]  [BUGGY]  public  String  defaultArgName  =  getDefaultArgName()  + ",null ";  [CE]  illegal  start  of  type  [FE]            StringIndexOutOfBoundsException      [CONTEXT]        [BUGGY]  public  String  defaultArgName  =  getDefaultArgName()  + ",null ";  [BUGGY]        [CLASS]  HelpFormatter  OptionComparator  [VARIABLES]  	projects/Cli32/src/main/java/org/apache/commons/cli/HelpFormatter.java	0.2886751345948129	135	135	2	replace	public  String  defaultArgName  =  getDefaultArgName()  + ",null ";	  public    String    defaultArgName    =    getDefaultArgName()    +   "n   ";    	non-compiled	[CE]  illegal  start  of  type	22	None	replace
155	[BUG]  [BUGGY]  public  String  defaultArgName  =  getDefaultArgName()  + "no-string ";  [CE]  illegal  start  of  type  [FE]              StringIndexOutOfBoundsException      [CONTEXT]        [BUGGY]  public  String  defaultArgName  =  getDefaultArgName()  + "no-string ";  [BUGGY]        [CLASS]  HelpFormatter  OptionComparator  [VARIABLES]  	projects/Cli32/src/main/java/org/apache/commons/cli/HelpFormatter.java	0.2886751345948129	135	135	2	replace	public  String  defaultArgName  =  getDefaultArgName()  + "no-string ";	  public    String    defaultArgName    =    getDefaultArgName()    +   "n   ";    	non-compiled	[CE]  illegal  start  of  type	22	None	replace
156	[BUG]  [BUGGY]  this.optionComparator.setIndexOutOfBounds(StringIndexOutOfBoundsException.class,  StringIndexOutOfBoundsException.class)  [CE]  illegal  start  of  type  [FE]                        StringIndexOutOfBoundsException      [CONTEXT]        [BUGGY]  this.optionComparator.setIndexOutOfBounds(StringIndexOutOfBoundsException.class,  StringIndexOutOfBoundsException.class)  [BUGGY]        [CLASS]  HelpFormatter  OptionComparator  [VARIABLES]  	projects/Cli32/src/main/java/org/apache/commons/cli/HelpFormatter.java	0.2886751345948129	135	135	2	replace	this.optionComparator.setIndexOutOfBounds(StringIndexOutOfBoundsException.class,  StringIndexOutOfBoundsException.class)	  this.optionComparator.setIndexOutOfBounds(StringIndexOutOfBoundsException.class,    StringIndexOutOfBoundsException.class);    	non-compiled	[CE]  illegal  start  of  type	16	None	replace
157	[BUG]  [BUGGY]  if(defaultArgName  ==  null)  {  StringIndexOutOfBoundsException  = " ";  }  [CE]  illegal  start  of  type  [FE]                StringIndexOutOfBoundsException      [CONTEXT]        [BUGGY]  if(defaultArgName  ==  null)  {  StringIndexOutOfBoundsException  = " ";  }  [BUGGY]      public  String  defaultArgName  =  DEFAULT_ARG_NAME;  [CLASS]  HelpFormatter  OptionComparator  [VARIABLES]  	projects/Cli32/src/main/java/org/apache/commons/cli/HelpFormatter.java	0.2886751345948129	135	135	2	replace	if(defaultArgName  ==  null)  {  StringIndexOutOfBoundsException  = " ";  }	  StringIndexOutOfBoundsException    ;    	non-compiled	[CE]  illegal  start  of  type	80	None	replace
158	[BUG]  [BUGGY]  if(null!=  defaultArgName)  {  StringIndexOutOfBoundsException  = " ";  }  [CE]  illegal  start  of  type  [FE]                  StringIndexOutOfBoundsException      [CONTEXT]        [BUGGY]  if(null!=  defaultArgName)  {  StringIndexOutOfBoundsException  = " ";  }  [BUGGY]      public  String  defaultArgName  =  DEFAULT_ARG_NAME;  [CLASS]  HelpFormatter  OptionComparator  [VARIABLES]  	projects/Cli32/src/main/java/org/apache/commons/cli/HelpFormatter.java	0.2886751345948129	135	135	2	replace	if(null!=  defaultArgName)  {  StringIndexOutOfBoundsException  = " ";  }	  StringIndexOutOfBoundsException    ;    	non-compiled	[CE]  illegal  start  of  type	80	None	replace
159	[BUG]  [BUGGY]  public  String  defaultArgName  =  getDefaultValue().getText();  [CE]  illegal  start  of  type  [FE]                    StringIndexOutOfBoundsException      [CONTEXT]        [BUGGY]  public  String  defaultArgName  =  getDefaultValue().getText();  [BUGGY]        [CLASS]  HelpFormatter  OptionComparator  [VARIABLES]  	projects/Cli32/src/main/java/org/apache/commons/cli/HelpFormatter.java	0.2886751345948129	135	135	2	replace	public  String  defaultArgName  =  getDefaultValue().getText();	  public    String    defaultArgName    =    getDefaultValue().toString();    	non-compiled	[CE]  illegal  start  of  type	38	None	replace
160	[BUG]  [BUGGY]  public  String  defaultArgName  =  getDefaultValue().getString();  [CE]  illegal  start  of  type  [FE]                      StringIndexOutOfBoundsException      [CONTEXT]        [BUGGY]  public  String  defaultArgName  =  getDefaultValue().getString();  [BUGGY]        [CLASS]  HelpFormatter  OptionComparator  [VARIABLES]  	projects/Cli32/src/main/java/org/apache/commons/cli/HelpFormatter.java	0.2886751345948129	135	135	2	replace	public  String  defaultArgName  =  getDefaultValue().getString();	  public    String    defaultArgName    =    getDefaultValue().toString();    	non-compiled	[CE]  illegal  start  of  type	38	None	replace
161	[BUG]  [BUGGY]  Preconditions.checkState(this.type!=  null  &&  this.type.length()  >  0);  [CE]  illegal  start  of  type  [FE]                    StringIndexOutOfBoundsException      [CONTEXT]        [BUGGY]  Preconditions.checkState(this.type!=  null  &&  this.type.length()  >  0);  [BUGGY]        [CLASS]  HelpFormatter  OptionComparator  [VARIABLES]  	projects/Cli32/src/main/java/org/apache/commons/cli/HelpFormatter.java	0.2886751345948129	135	135	2	replace	Preconditions.checkState(this.type!=  null  &&  this.type.length()  >  0);	  Preconditions.checkState(this.type!=    null);    	non-compiled	[CE]  illegal  start  of  type	46	None	replace
162	[BUG]  [BUGGY]  public  String  defaultArgName  =(String)this.options.null  + "  -> "+this.options.getIndexOutOfBoundsException();  [CE]  illegal  start  of  type  [FE]                StringIndexOutOfBoundsException      [CONTEXT]        [BUGGY]  public  String  defaultArgName  =(String)this.options.null  + "  -> "+this.options.getIndexOutOfBoundsException();  [BUGGY]        [CLASS]  HelpFormatter  OptionComparator  [VARIABLES]  	projects/Cli32/src/main/java/org/apache/commons/cli/HelpFormatter.java	0.2886751345948129	135	135	2	replace	public  String  defaultArgName  =(String)this.options.null  + "  -> "+this.options.getIndexOutOfBoundsException();	  public    String    defaultArgName    =(String)this.options.null;    	non-compiled	[CE]  illegal  start  of  type	56	None	replace
163	[BUG]  [BUGGY]  return  new  HelpFormatterBuilder().append( "  {   ").append('n');  [CE]  illegal  start  of  type  [FE]                      StringIndexOutOfBoundsException      [CONTEXT]        [BUGGY]  return  new  HelpFormatterBuilder().append( "  {   ").append('n');  [BUGGY]        [CLASS]  HelpFormatter  OptionComparator  [VARIABLES]  	projects/Cli32/src/main/java/org/apache/commons/cli/HelpFormatter.java	0.2886751345948129	135	135	2	replace	return  new  HelpFormatterBuilder().append( "  {   ").append('n');	  return    new    HelpFormatterBuilder().append(   ">   ").append('n');    	non-compiled	[CE]  illegal  start  of  type	65	None	replace
164	[BUG]  [BUGGY]  :  new  StringIndexOutOfBoundsException( " ");  [CE]  illegal  start  of  type  [FE]                    StringIndexOutOfBoundsException      [CONTEXT]        [BUGGY]  :  new  StringIndexOutOfBoundsException( " ");  [BUGGY]      public  String  defaultArgName  =  DEFAULT_ARG_NAME;  [CLASS]  HelpFormatter  OptionComparator  [VARIABLES]  	projects/Cli32/src/main/java/org/apache/commons/cli/HelpFormatter.java	0.2886751345948129	135	135	2	replace	:  new  StringIndexOutOfBoundsException( " ");	  StringIndexOutOfBoundsException    :    new    StringIndexOutOfBoundsException();    	non-compiled	[CE]  illegal  start  of  type	69	None	replace
165	[BUG]  [BUGGY]  public  String  defaultArgName  =(String)this.default;  [CE]  illegal  start  of  type  [FE]                  StringIndexOutOfBoundsException      [CONTEXT]        [BUGGY]  public  String  defaultArgName  =(String)this.default;  [BUGGY]        [CLASS]  HelpFormatter  OptionComparator  [VARIABLES]  	projects/Cli32/src/main/java/org/apache/commons/cli/HelpFormatter.java	0.2886751345948129	135	135	2	replace	public  String  defaultArgName  =(String)this.default;	  public    String    defaultArgName    =(String)this.defaultArgName;    	non-compiled	[CE]  illegal  start  of  type	12	None	replace
166	[BUG]  [BUGGY]  public  String  defaultArgName  =  getDefaultValue().substring(0,  getDefaultValue().length());  [CE]  illegal  start  of  type  [FE]                      StringIndexOutOfBoundsException      [CONTEXT]        [BUGGY]  public  String  defaultArgName  =  getDefaultValue().substring(0,  getDefaultValue().length());  [BUGGY]        [CLASS]  HelpFormatter  OptionComparator  [VARIABLES]  	projects/Cli32/src/main/java/org/apache/commons/cli/HelpFormatter.java	0.2886751345948129	135	135	2	replace	public  String  defaultArgName  =  getDefaultValue().substring(0,  getDefaultValue().length());	  public    String    defaultArgName    =    getDefaultValue().trim();    	non-compiled	[CE]  illegal  start  of  type	39	None	replace
167	[BUG]  [BUGGY]  public  String  defaultArgName  =  this.defaultArgName!=  null?  this.defaultArgName.toLowerCase()  : "null ";  [CE]  illegal  start  of  type  [FE]              StringIndexOutOfBoundsException      [CONTEXT]        [BUGGY]  public  String  defaultArgName  =  this.defaultArgName!=  null?  this.defaultArgName.toLowerCase()  : "null ";  [BUGGY]        [CLASS]  HelpFormatter  OptionComparator  [VARIABLES]  	projects/Cli32/src/main/java/org/apache/commons/cli/HelpFormatter.java	0.2886751345948129	135	135	2	replace	public  String  defaultArgName  =  this.defaultArgName!=  null?  this.defaultArgName.toLowerCase()  : "null ";	  public    String    defaultArgName    =    this.defaultArgName.toLowerCase();    	non-compiled	[CE]  illegal  start  of  type	29	None	replace
168	[BUG]  [BUGGY]  public  String  defaultArgName  =  this.defaultArgName  ==  null?  this.defaultArgName.toLowerCase()  : "null ";  [CE]  illegal  start  of  type  [FE]                StringIndexOutOfBoundsException      [CONTEXT]        [BUGGY]  public  String  defaultArgName  =  this.defaultArgName  ==  null?  this.defaultArgName.toLowerCase()  : "null ";  [BUGGY]        [CLASS]  HelpFormatter  OptionComparator  [VARIABLES]  	projects/Cli32/src/main/java/org/apache/commons/cli/HelpFormatter.java	0.2886751345948129	135	135	2	replace	public  String  defaultArgName  =  this.defaultArgName  ==  null?  this.defaultArgName.toLowerCase()  : "null ";	  public    String    defaultArgName    =    this.defaultArgName.toLowerCase();    	non-compiled	[CE]  illegal  start  of  type	29	None	replace
169	[BUG]  [BUGGY]  public  String  defaultArgName  =  DEFAULT_ARRAY_NAME  + "n ";  [CE]  illegal  start  of  type  [FE]            StringIndexOutOfBoundsException      [CONTEXT]        [BUGGY]  public  String  defaultArgName  =  DEFAULT_ARRAY_NAME  + "n ";  [BUGGY]        [CLASS]  HelpFormatter  OptionComparator  [VARIABLES]  	projects/Cli32/src/main/java/org/apache/commons/cli/HelpFormatter.java	0.2886751345948129	135	135	2	replace	public  String  defaultArgName  =  DEFAULT_ARRAY_NAME  + "n ";	  public    String    defaultArgName    =    DEFAULT_ARRAY_NAME;    	non-compiled	[CE]  illegal  start  of  type	50	None	replace
170	[BUG]  [BUGGY]  this.optionComparator.setIndexOutOfBounds(Exception.class);  [CE]  illegal  start  of  type  [FE]                    StringIndexOutOfBoundsException      [CONTEXT]        [BUGGY]  this.optionComparator.setIndexOutOfBounds(Exception.class);  [BUGGY]        [CLASS]  HelpFormatter  OptionComparator  [VARIABLES]  	projects/Cli32/src/main/java/org/apache/commons/cli/HelpFormatter.java	0.2886751345948129	135	135	2	replace	this.optionComparator.setIndexOutOfBounds(Exception.class);	  this.optionComparator.setIndexOutOfBounds(StringIndexOutOfBoundsException.class);    	non-compiled	[CE]  illegal  start  of  type	14	None	replace
171	[BUG]  [BUGGY]  public  String  defaultArgName  =(String)this.defaultValue  + "_ "+this.defaultValue;  [CE]  illegal  start  of  type  [FE]                StringIndexOutOfBoundsException      [CONTEXT]        [BUGGY]  public  String  defaultArgName  =(String)this.defaultValue  + "_ "+this.defaultValue;  [BUGGY]        [CLASS]  HelpFormatter  OptionComparator  [VARIABLES]  	projects/Cli32/src/main/java/org/apache/commons/cli/HelpFormatter.java	0.2886751345948129	135	135	2	replace	public  String  defaultArgName  =(String)this.defaultValue  + "_ "+this.defaultValue;	  public    String    defaultArgName    =(String)this.defaultValue;    	non-compiled	[CE]  illegal  start  of  type	11	None	replace
172	[BUG]  [BUGGY]  Preconditions.checkState(DEFAULT_ARG_NAME!=  null);  [CE]  illegal  start  of  type  [FE]                StringIndexOutOfBoundsException      [CONTEXT]        [BUGGY]  Preconditions.checkState(DEFAULT_ARG_NAME!=  null);  [BUGGY]      public  String  defaultArgName  =  DEFAULT_ARG_NAME;  [CLASS]  HelpFormatter  OptionComparator  [VARIABLES]  	projects/Cli32/src/main/java/org/apache/commons/cli/HelpFormatter.java	0.2886751345948129	135	135	2	replace	Preconditions.checkState(DEFAULT_ARG_NAME!=  null);	  Preconditions.checkState(defaultArgName!=    null);    	non-compiled	[CE]  illegal  start  of  type	3	None	replace
173	[BUG]  [BUGGY]  StringIndexOutOfBoundsException.append( "Unknown  argument: "  +  defaultArgName,  DEFAULT_OBJECT_NAME);  [CE]  illegal  start  of  type  [FE]                          StringIndexOutOfBoundsException      [CONTEXT]        [BUGGY]  StringIndexOutOfBoundsException.append( "Unknown  argument: "  +  defaultArgName,  DEFAULT_OBJECT_NAME);  [BUGGY]      public  String  defaultArgName  =  DEFAULT_ARG_NAME;  [CLASS]  HelpFormatter  OptionComparator  [VARIABLES]  	projects/Cli32/src/main/java/org/apache/commons/cli/HelpFormatter.java	0.2886751345948129	135	135	2	replace	StringIndexOutOfBoundsException.append( "Unknown  argument: "  +  defaultArgName,  DEFAULT_OBJECT_NAME);	  StringIndexOutOfBoundsException.append(   "Unknown    argument:   "    +    defaultArgName);    	non-compiled	[CE]  illegal  start  of  type	34	None	replace
174	[BUG]  [BUGGY]  return  new  HelpFormatterBuilder().append( "> ").append(StringUtils.repeat( ", ",  0);  [CE]  illegal  start  of  type  [FE]                        StringIndexOutOfBoundsException      [CONTEXT]        [BUGGY]  return  new  HelpFormatterBuilder().append( "> ").append(StringUtils.repeat( ", ",  0);  [BUGGY]        [CLASS]  HelpFormatter  OptionComparator  [VARIABLES]  	projects/Cli32/src/main/java/org/apache/commons/cli/HelpFormatter.java	0.2886751345948129	135	135	2	replace	return  new  HelpFormatterBuilder().append( "> ").append(StringUtils.repeat( ", ",  0);	  return    new    HelpFormatterBuilder().append(   ">   ").append(StringUtils.repeat(   ",   ");    	non-compiled	[CE]  illegal  start  of  type	66	None	replace
175	[BUG]  [BUGGY]  public  String  defaultArgName  =  getDefaultArgName()  + ",: "+getMessage();  [CE]  illegal  start  of  type  [FE]              StringIndexOutOfBoundsException      [CONTEXT]        [BUGGY]  public  String  defaultArgName  =  getDefaultArgName()  + ",: "+getMessage();  [BUGGY]        [CLASS]  HelpFormatter  OptionComparator  [VARIABLES]  	projects/Cli32/src/main/java/org/apache/commons/cli/HelpFormatter.java	0.2886751345948129	135	135	2	replace	public  String  defaultArgName  =  getDefaultArgName()  + ",: "+getMessage();	  public    String    defaultArgName    =    getDefaultArgName()    +   ":   "+getMessage();    	non-compiled	[CE]  illegal  start  of  type	23	None	replace
176	[BUG]  [BUGGY]  StringIndexOutOfBoundsException.append( "$  {   ");  [CE]  illegal  start  of  type  [FE]                    StringIndexOutOfBoundsException      [CONTEXT]        [BUGGY]  StringIndexOutOfBoundsException.append( "$  {   ");  [BUGGY]      public  String  defaultArgName  =  DEFAULT_ARG_NAME;  [CLASS]  HelpFormatter  OptionComparator  [VARIABLES]  	projects/Cli32/src/main/java/org/apache/commons/cli/HelpFormatter.java	0.2886751345948129	135	135	2	replace	StringIndexOutOfBoundsException.append( "$  {   ");	  StringIndexOutOfBoundsException.append(   "n   ");    	non-compiled	[CE]  illegal  start  of  type	31	None	replace
177	[BUG]  [BUGGY]  StringIndexOutOfBoundsException.append( "msg.invalid.type ",  defaultArgName);  [CE]  illegal  start  of  type  [FE]                      StringIndexOutOfBoundsException      [CONTEXT]        [BUGGY]  StringIndexOutOfBoundsException.append( "msg.invalid.type ",  defaultArgName);  [BUGGY]      public  String  defaultArgName  =  DEFAULT_ARG_NAME;  [CLASS]  HelpFormatter  OptionComparator  [VARIABLES]  	projects/Cli32/src/main/java/org/apache/commons/cli/HelpFormatter.java	0.2886751345948129	135	135	2	replace	StringIndexOutOfBoundsException.append( "msg.invalid.type ",  defaultArgName);	  StringIndexOutOfBoundsException.append(   "n   ");    	non-compiled	[CE]  illegal  start  of  type	31	None	replace
178	[BUG]  [BUGGY]  public  String  defaultArgName  =  System.getProperty( "line.separator ", "   ");  [CE]  illegal  start  of  type  [FE]            StringIndexOutOfBoundsException      [CONTEXT]        [BUGGY]  public  String  defaultArgName  =  System.getProperty( "line.separator ", "   ");  [BUGGY]        [CLASS]  HelpFormatter  OptionComparator  [VARIABLES]  	projects/Cli32/src/main/java/org/apache/commons/cli/HelpFormatter.java	0.2886751345948129	135	135	2	replace	public  String  defaultArgName  =  System.getProperty( "line.separator ", "   ");	  public    String    defaultArgName    =   "   ";    	non-compiled	[CE]  illegal  start  of  type	35	None	replace
179	[BUG]  [BUGGY]  Preconditions.checkNotNull(this.defaultArgName,  DEFAULT_ARG_NAME);  [CE]  illegal  start  of  type  [FE]              StringIndexOutOfBoundsException      [CONTEXT]        [BUGGY]  Preconditions.checkNotNull(this.defaultArgName,  DEFAULT_ARG_NAME);  [BUGGY]      public  String  defaultArgName  =  DEFAULT_ARG_NAME;  [CLASS]  HelpFormatter  OptionComparator  [VARIABLES]  	projects/Cli32/src/main/java/org/apache/commons/cli/HelpFormatter.java	0.2886751345948129	135	135	2	replace	Preconditions.checkNotNull(this.defaultArgName,  DEFAULT_ARG_NAME);	  Preconditions.checkNotNull(this.defaultArgName);    	non-compiled	[CE]  illegal  start  of  type	2	None	replace
180	[BUG]  [BUGGY]  public  String  defaultArgName  =(this.defaultArgName  ==  null)?  this.defaultArgName  : "  <  unknown> ";  [CE]  illegal  start  of  type  [FE]                  StringIndexOutOfBoundsException      [CONTEXT]        [BUGGY]  public  String  defaultArgName  =(this.defaultArgName  ==  null)?  this.defaultArgName  : "  <  unknown> ";  [BUGGY]        [CLASS]  HelpFormatter  OptionComparator  [VARIABLES]  	projects/Cli32/src/main/java/org/apache/commons/cli/HelpFormatter.java	0.2886751345948129	135	135	2	replace	public  String  defaultArgName  =(this.defaultArgName  ==  null)?  this.defaultArgName  : "  <  unknown> ";	  public    String    defaultArgName    =(this.defaultArgName!=    null)?    this.defaultArgName    :   "   ";    	non-compiled	[CE]  illegal  start  of  type	73	None	replace
181	[BUG]  [BUGGY]  public  String  defaultArgName  =(this.defaultArgName  ==  null)?  this.defaultArgName  : "  {   ";  [CE]  illegal  start  of  type  [FE]                    StringIndexOutOfBoundsException      [CONTEXT]        [BUGGY]  public  String  defaultArgName  =(this.defaultArgName  ==  null)?  this.defaultArgName  : "  {   ";  [BUGGY]        [CLASS]  HelpFormatter  OptionComparator  [VARIABLES]  	projects/Cli32/src/main/java/org/apache/commons/cli/HelpFormatter.java	0.2886751345948129	135	135	2	replace	public  String  defaultArgName  =(this.defaultArgName  ==  null)?  this.defaultArgName  : "  {   ";	  public    String    defaultArgName    =(this.defaultArgName!=    null)?    this.defaultArgName    :   "   ";    	non-compiled	[CE]  illegal  start  of  type	73	None	replace
182	[BUG]  [BUGGY]  StringIndexOutOfBoundsException.append( "': ");  [CE]  illegal  start  of  type  [FE]                      StringIndexOutOfBoundsException      [CONTEXT]        [BUGGY]  StringIndexOutOfBoundsException.append( "': ");  [BUGGY]      public  String  defaultArgName  =  DEFAULT_ARG_NAME;  [CLASS]  HelpFormatter  OptionComparator  [VARIABLES]  	projects/Cli32/src/main/java/org/apache/commons/cli/HelpFormatter.java	0.2886751345948129	135	135	2	replace	StringIndexOutOfBoundsException.append( "': ");	  StringIndexOutOfBoundsException.append(   "'   ");    	non-compiled	[CE]  illegal  start  of  type	52	None	replace
183	[BUG]  [BUGGY]  StringIndexOutOfBoundsException.append( "'] ");  [CE]  illegal  start  of  type  [FE]                        StringIndexOutOfBoundsException      [CONTEXT]        [BUGGY]  StringIndexOutOfBoundsException.append( "'] ");  [BUGGY]      public  String  defaultArgName  =  DEFAULT_ARG_NAME;  [CLASS]  HelpFormatter  OptionComparator  [VARIABLES]  	projects/Cli32/src/main/java/org/apache/commons/cli/HelpFormatter.java	0.2886751345948129	135	135	2	replace	StringIndexOutOfBoundsException.append( "'] ");	  StringIndexOutOfBoundsException.append(   "'   ");    	non-compiled	[CE]  illegal  start  of  type	52	None	replace
184	[BUG]  [BUGGY]  nullWriter.printIndexOutOfBoundsException();  [CE]  illegal  start  of  type  [FE]                  StringIndexOutOfBoundsException      [CONTEXT]        [BUGGY]  nullWriter.printIndexOutOfBoundsException();  [BUGGY]      public  String  defaultArgName  =  DEFAULT_ARG_NAME;  [CLASS]  HelpFormatter  OptionComparator  [VARIABLES]  	projects/Cli32/src/main/java/org/apache/commons/cli/HelpFormatter.java	0.2886751345948129	135	135	2	replace	nullWriter.printIndexOutOfBoundsException();	  nullWriter.printStackTrace();    	non-compiled	[CE]  illegal  start  of  type	26	None	replace
185	[BUG]  [BUGGY]  nullWriter.printIndexOutOfBoundsException( " ");  [CE]  illegal  start  of  type  [FE]                    StringIndexOutOfBoundsException      [CONTEXT]        [BUGGY]  nullWriter.printIndexOutOfBoundsException( " ");  [BUGGY]      public  String  defaultArgName  =  DEFAULT_ARG_NAME;  [CLASS]  HelpFormatter  OptionComparator  [VARIABLES]  	projects/Cli32/src/main/java/org/apache/commons/cli/HelpFormatter.java	0.2886751345948129	135	135	2	replace	nullWriter.printIndexOutOfBoundsException( " ");	  nullWriter.printStackTrace();    	non-compiled	[CE]  illegal  start  of  type	26	None	replace
186	[BUG]  [BUGGY]  nullWriter.printIndexOutOfBounds(defaultArgName);  [CE]  illegal  start  of  type  [FE]                      StringIndexOutOfBoundsException      [CONTEXT]        [BUGGY]  nullWriter.printIndexOutOfBounds(defaultArgName);  [BUGGY]      public  String  defaultArgName  =  DEFAULT_ARG_NAME;  [CLASS]  HelpFormatter  OptionComparator  [VARIABLES]  	projects/Cli32/src/main/java/org/apache/commons/cli/HelpFormatter.java	0.2886751345948129	135	135	2	replace	nullWriter.printIndexOutOfBounds(defaultArgName);	  nullWriter.printStackTrace();    	non-compiled	[CE]  illegal  start  of  type	26	None	replace
187	[BUG]  [BUGGY]  StringIndexOutOfBoundsException  =  new  IOException();  [CE]  illegal  start  of  type  [FE]                    StringIndexOutOfBoundsException      [CONTEXT]        [BUGGY]  StringIndexOutOfBoundsException  =  new  IOException();  [BUGGY]      public  String  defaultArgName  =  DEFAULT_ARG_NAME;  [CLASS]  HelpFormatter  OptionComparator  [VARIABLES]  	projects/Cli32/src/main/java/org/apache/commons/cli/HelpFormatter.java	0.2886751345948129	135	135	2	replace	StringIndexOutOfBoundsException  =  new  IOException();	  StringIndexOutOfBoundsException    =    new    ArrayIndexOutOfBoundsException();    	non-compiled	[CE]  illegal  start  of  type	7	None	replace
188	[BUG]  [BUGGY]  public  String  defaultArgName  =  DEFAULT_ARGUMENT_NAME  + "n ";  [CE]  illegal  start  of  type  [FE]              StringIndexOutOfBoundsException      [CONTEXT]        [BUGGY]  public  String  defaultArgName  =  DEFAULT_ARGUMENT_NAME  + "n ";  [BUGGY]        [CLASS]  HelpFormatter  OptionComparator  [VARIABLES]  	projects/Cli32/src/main/java/org/apache/commons/cli/HelpFormatter.java	0.2886751345948129	135	135	2	replace	public  String  defaultArgName  =  DEFAULT_ARGUMENT_NAME  + "n ";	  public    String    defaultArgName    =    DEFAULT_ARGUMENT_NAME;    	non-compiled	[CE]  illegal  start  of  type	77	None	replace
189	[BUG]  [BUGGY]  StringIndexOutOfBoundsException  :  new  StringIndexOutOfBoundsException( ", ");  [CE]  illegal  start  of  type  [FE]                  StringIndexOutOfBoundsException      [CONTEXT]        [BUGGY]  StringIndexOutOfBoundsException  :  new  StringIndexOutOfBoundsException( ", ");  [BUGGY]      public  String  defaultArgName  =  DEFAULT_ARG_NAME;  [CLASS]  HelpFormatter  OptionComparator  [VARIABLES]  	projects/Cli32/src/main/java/org/apache/commons/cli/HelpFormatter.java	0.2886751345948129	135	135	2	replace	StringIndexOutOfBoundsException  :  new  StringIndexOutOfBoundsException( ", ");	  StringIndexOutOfBoundsException    :    new    StringIndexOutOfBoundsException(   "   ");    	non-compiled	[CE]  illegal  start  of  type	68	None	replace
190	[BUG]  [BUGGY]  IllegalArgumentException  :  new  StringIndexOutOfBoundsException( " ");  [CE]  illegal  start  of  type  [FE]                    StringIndexOutOfBoundsException      [CONTEXT]        [BUGGY]  IllegalArgumentException  :  new  StringIndexOutOfBoundsException( " ");  [BUGGY]      public  String  defaultArgName  =  DEFAULT_ARG_NAME;  [CLASS]  HelpFormatter  OptionComparator  [VARIABLES]  	projects/Cli32/src/main/java/org/apache/commons/cli/HelpFormatter.java	0.2886751345948129	135	135	2	replace	IllegalArgumentException  :  new  StringIndexOutOfBoundsException( " ");	  StringIndexOutOfBoundsException    :    new    StringIndexOutOfBoundsException(   "   ");    	non-compiled	[CE]  illegal  start  of  type	68	None	replace
191	[BUG]  [BUGGY]  return  new  HelpFormatterBuilder().append( "  >  n ").append(String.valueOf(in.length()));  [CE]  illegal  start  of  type  [FE]                    StringIndexOutOfBoundsException      [CONTEXT]        [BUGGY]  return  new  HelpFormatterBuilder().append( "  >  n ").append(String.valueOf(in.length()));  [BUGGY]        [CLASS]  HelpFormatter  OptionComparator  [VARIABLES]  	projects/Cli32/src/main/java/org/apache/commons/cli/HelpFormatter.java	0.2886751345948129	135	135	2	replace	return  new  HelpFormatterBuilder().append( "  >  n ").append(String.valueOf(in.length()));	  return    new    HelpFormatterBuilder().append(   ">   ").append(String.valueOf(in.length()));    	non-compiled	[CE]  illegal  start  of  type	64	None	replace
192	[BUG]  [BUGGY]  StringIndexOutOfBoundsException.append( ": ");  [CE]  illegal  start  of  type  [FE]                    StringIndexOutOfBoundsException      [CONTEXT]        [BUGGY]  StringIndexOutOfBoundsException.append( ": ");  [BUGGY]      public  String  defaultArgName  =  DEFAULT_ARG_NAME;  [CLASS]  HelpFormatter  OptionComparator  [VARIABLES]  	projects/Cli32/src/main/java/org/apache/commons/cli/HelpFormatter.java	0.2886751345948129	135	135	2	replace	StringIndexOutOfBoundsException.append( ": ");	  StringIndexOutOfBoundsException.append(   "   ");    	non-compiled	[CE]  illegal  start  of  type	51	None	replace
193	[BUG]  [BUGGY]  public  String  defaultArgName  =  System.getProperty( "line.separator ", "default ");  [CE]  illegal  start  of  type  [FE]            StringIndexOutOfBoundsException      [CONTEXT]        [BUGGY]  public  String  defaultArgName  =  System.getProperty( "line.separator ", "default ");  [BUGGY]        [CLASS]  HelpFormatter  OptionComparator  [VARIABLES]  	projects/Cli32/src/main/java/org/apache/commons/cli/HelpFormatter.java	0.2886751345948129	135	135	2	replace	public  String  defaultArgName  =  System.getProperty( "line.separator ", "default ");	  public    String    defaultArgName    =   "default   ";    	non-compiled	[CE]  illegal  start  of  type	79	None	replace
194	[BUG]  [BUGGY]  StringIndexOutOfBoundsException.printStackTrace( "$  {   ");  [CE]  illegal  start  of  type  [FE]                StringIndexOutOfBoundsException      [CONTEXT]        [BUGGY]  StringIndexOutOfBoundsException.printStackTrace( "$  {   ");  [BUGGY]      public  String  defaultArgName  =  DEFAULT_ARG_NAME;  [CLASS]  HelpFormatter  OptionComparator  [VARIABLES]  	projects/Cli32/src/main/java/org/apache/commons/cli/HelpFormatter.java	0.2886751345948129	135	135	2	replace	StringIndexOutOfBoundsException.printStackTrace( "$  {   ");	  StringIndexOutOfBoundsException.printStackTrace(   "n   ");    	non-compiled	[CE]  illegal  start  of  type	55	None	replace
195	[BUG]  [BUGGY]  StringIndexOutOfBoundsException  =  false;  [CE]  illegal  start  of  type  [FE]                StringIndexOutOfBoundsException      [CONTEXT]        [BUGGY]  StringIndexOutOfBoundsException  =  false;  [BUGGY]      public  String  defaultArgName  =  DEFAULT_ARG_NAME;  [CLASS]  HelpFormatter  OptionComparator  [VARIABLES]  	projects/Cli32/src/main/java/org/apache/commons/cli/HelpFormatter.java	0.2886751345948129	135	135	2	replace	StringIndexOutOfBoundsException  =  false;	  StringIndexOutOfBoundsException    =   "   ";    	non-compiled	[CE]  illegal  start  of  type	17	None	replace
196	[BUG]  [BUGGY]  nan  [CE]  illegal  start  of  type  [FE]                    StringIndexOutOfBoundsException      [CONTEXT]        [BUGGY]  nan  [BUGGY]      public  String  defaultArgName  =  DEFAULT_ARG_NAME;  [CLASS]  HelpFormatter  OptionComparator  [VARIABLES]  	projects/Cli32/src/main/java/org/apache/commons/cli/HelpFormatter.java	0.2886751345948129	135	135	2	replace	nan	  StringIndexOutOfBoundsException    =    new    java.util.ArrayList    <    String>();    	non-compiled	[CE]  illegal  start  of  type	19	None	replace
197	[BUG]  [BUGGY]  final  StringIndexOutOfBoundsException  =  new  java.util.ArrayList  <  String>();  [CE]  illegal  start  of  type  [FE]                      StringIndexOutOfBoundsException      [CONTEXT]        [BUGGY]  final  StringIndexOutOfBoundsException  =  new  java.util.ArrayList  <  String>();  [BUGGY]      public  String  defaultArgName  =  DEFAULT_ARG_NAME;  [CLASS]  HelpFormatter  OptionComparator  [VARIABLES]  	projects/Cli32/src/main/java/org/apache/commons/cli/HelpFormatter.java	0.2886751345948129	135	135	2	replace	final  StringIndexOutOfBoundsException  =  new  java.util.ArrayList  <  String>();	  StringIndexOutOfBoundsException    =    new    java.util.ArrayList    <    String>();    	non-compiled	[CE]  illegal  start  of  type	19	None	replace
198	[BUG]  [BUGGY]  public  final  String  defaultArgName  =(String)this.options.null;  [CE]  illegal  start  of  type  [FE]                    StringIndexOutOfBoundsException      [CONTEXT]        [BUGGY]  public  final  String  defaultArgName  =(String)this.options.null;  [BUGGY]        [CLASS]  HelpFormatter  OptionComparator  [VARIABLES]  	projects/Cli32/src/main/java/org/apache/commons/cli/HelpFormatter.java	0.2886751345948129	135	135	2	replace	public  final  String  defaultArgName  =(String)this.options.null;	  public    final    String    defaultArgName    =(String)null;    	non-compiled	[CE]  illegal  start  of  type	13	None	replace
199	[BUG]  [BUGGY]  public  String  defaultArgName  =  this.defaultArgName  ==  null?  null  :  this.defaultArgName.toString();  [CE]  illegal  start  of  type  [FE]                StringIndexOutOfBoundsException      [CONTEXT]        [BUGGY]  public  String  defaultArgName  =  this.defaultArgName  ==  null?  null  :  this.defaultArgName.toString();  [BUGGY]        [CLASS]  HelpFormatter  OptionComparator  [VARIABLES]  	projects/Cli32/src/main/java/org/apache/commons/cli/HelpFormatter.java	0.2886751345948129	135	135	2	replace	public  String  defaultArgName  =  this.defaultArgName  ==  null?  null  :  this.defaultArgName.toString();	  public    String    defaultArgName    =    this.defaultArgName.toString();    	non-compiled	[CE]  illegal  start  of  type	30	None	replace
200	[BUG]  [BUGGY]  public  String  defaultArgName  =  this.defaultArgName!=  null?  this.defaultArgName.toString()  : "null ";  [CE]  illegal  start  of  type  [FE]                  StringIndexOutOfBoundsException      [CONTEXT]        [BUGGY]  public  String  defaultArgName  =  this.defaultArgName!=  null?  this.defaultArgName.toString()  : "null ";  [BUGGY]        [CLASS]  HelpFormatter  OptionComparator  [VARIABLES]  	projects/Cli32/src/main/java/org/apache/commons/cli/HelpFormatter.java	0.2886751345948129	135	135	2	replace	public  String  defaultArgName  =  this.defaultArgName!=  null?  this.defaultArgName.toString()  : "null ";	  public    String    defaultArgName    =    this.defaultArgName.toString();    	non-compiled	[CE]  illegal  start  of  type	30	None	replace
201	[BUG]  [BUGGY]  StringIndexOutOfBoundsException.setEncoding( "UTF-16 ");  [CE]  illegal  start  of  type  [FE]                      StringIndexOutOfBoundsException      [CONTEXT]        [BUGGY]  StringIndexOutOfBoundsException.setEncoding( "UTF-16 ");  [BUGGY]        [CLASS]  HelpFormatter  OptionComparator  [VARIABLES]  	projects/Cli32/src/main/java/org/apache/commons/cli/HelpFormatter.java	0.2886751345948129	135	135	2	replace	StringIndexOutOfBoundsException.setEncoding( "UTF-16 ");	  StringIndexOutOfBoundsException.setEncoding(   "UTF-8   ");    	non-compiled	[CE]  illegal  start  of  type	15	None	replace
202	[BUG]  [BUGGY]  Preconditions.checkState(defaultArgName  ==  null  ||  defaultArgName.length()  >  0);  [CE]  illegal  start  of  type  [FE]            StringIndexOutOfBoundsException      [CONTEXT]        [BUGGY]  Preconditions.checkState(defaultArgName  ==  null  ||  defaultArgName.length()  >  0);  [BUGGY]      public  String  defaultArgName  =  DEFAULT_ARG_NAME;  [CLASS]  HelpFormatter  OptionComparator  [VARIABLES]  	projects/Cli32/src/main/java/org/apache/commons/cli/HelpFormatter.java	0.2886751345948129	135	135	2	replace	Preconditions.checkState(defaultArgName  ==  null  ||  defaultArgName.length()  >  0);	  Preconditions.checkState(defaultArgName    ==    null    ||    defaultArgName.length()    ==    0);    	non-compiled	[CE]  illegal  start  of  type	62	None	replace
203	[BUG]  [BUGGY]  public  static  final  String  defaultArgName  =  getDefaultArgName()  + ": "+getMessage();  [CE]  illegal  start  of  type  [FE]            StringIndexOutOfBoundsException      [CONTEXT]        [BUGGY]  public  static  final  String  defaultArgName  =  getDefaultArgName()  + ": "+getMessage();  [BUGGY]        [CLASS]  HelpFormatter  OptionComparator  [VARIABLES]  	projects/Cli32/src/main/java/org/apache/commons/cli/HelpFormatter.java	0.2886751345948129	135	135	2	replace	public  static  final  String  defaultArgName  =  getDefaultArgName()  + ": "+getMessage();	  public    final    String    defaultArgName    =    getDefaultArgName();    	non-compiled	[CE]  illegal  start  of  type	74	None	replace
204	[BUG]  [BUGGY]  Preconditions.checkState(this.type  ==  null  ||  this.type.length()  ==  0);  [CE]  illegal  start  of  type  [FE]                      StringIndexOutOfBoundsException      [CONTEXT]        [BUGGY]  Preconditions.checkState(this.type  ==  null  ||  this.type.length()  ==  0);  [BUGGY]        [CLASS]  HelpFormatter  OptionComparator  [VARIABLES]  	projects/Cli32/src/main/java/org/apache/commons/cli/HelpFormatter.java	0.2886751345948129	135	135	2	replace	Preconditions.checkState(this.type  ==  null  ||  this.type.length()  ==  0);	  Preconditions.checkState(this.type    ==    null);    	non-compiled	[CE]  illegal  start  of  type	47	None	replace
205	[BUG]  [BUGGY]  Preconditions.checkState(this.type  ==  null  ||  this.type!=  null);  [CE]  illegal  start  of  type  [FE]                        StringIndexOutOfBoundsException      [CONTEXT]        [BUGGY]  Preconditions.checkState(this.type  ==  null  ||  this.type!=  null);  [BUGGY]        [CLASS]  HelpFormatter  OptionComparator  [VARIABLES]  	projects/Cli32/src/main/java/org/apache/commons/cli/HelpFormatter.java	0.2886751345948129	135	135	2	replace	Preconditions.checkState(this.type  ==  null  ||  this.type!=  null);	  Preconditions.checkState(this.type    ==    null);    	non-compiled	[CE]  illegal  start  of  type	47	None	replace
206	[BUG]  [BUGGY]  public  String  defaultArgName  =(this.defaultArgName  ==  null)?   "[ "  :  this.defaultArgName;  [CE]  illegal  start  of  type  [FE]                StringIndexOutOfBoundsException      [CONTEXT]        [BUGGY]  public  String  defaultArgName  =(this.defaultArgName  ==  null)?   "[ "  :  this.defaultArgName;  [BUGGY]        [CLASS]  HelpFormatter  OptionComparator  [VARIABLES]  	projects/Cli32/src/main/java/org/apache/commons/cli/HelpFormatter.java	0.2886751345948129	135	135	2	replace	public  String  defaultArgName  =(this.defaultArgName  ==  null)?   "[ "  :  this.defaultArgName;	  public    String    defaultArgName    =(this.defaultArgName    ==    null)?   "   "    :    this.defaultArgName;    	non-compiled	[CE]  illegal  start  of  type	72	None	replace
207	[BUG]  [BUGGY]  public  final  String  defaultArgName  =(String)this.options;  [CE]  illegal  start  of  type  [FE]                  StringIndexOutOfBoundsException      [CONTEXT]        [BUGGY]  public  final  String  defaultArgName  =(String)this.options;  [BUGGY]        [CLASS]  HelpFormatter  OptionComparator  [VARIABLES]  	projects/Cli32/src/main/java/org/apache/commons/cli/HelpFormatter.java	0.2886751345948129	135	135	2	replace	public  final  String  defaultArgName  =(String)this.options;	  public    String    defaultArgName    =(String)this.options;    	non-compiled	[CE]  illegal  start  of  type	57	None	replace
208	[BUG]  [BUGGY]  public  char  defaultArgName  =(char)this.options;  [CE]  illegal  start  of  type  [FE]                    StringIndexOutOfBoundsException      [CONTEXT]        [BUGGY]  public  char  defaultArgName  =(char)this.options;  [BUGGY]        [CLASS]  HelpFormatter  OptionComparator  [VARIABLES]  	projects/Cli32/src/main/java/org/apache/commons/cli/HelpFormatter.java	0.2886751345948129	135	135	2	replace	public  char  defaultArgName  =(char)this.options;	  public    String    defaultArgName    =(String)this.options;    	non-compiled	[CE]  illegal  start  of  type	57	None	replace
209	[BUG]  [BUGGY]  public  String  defaultArgName  =  getDefaultArgName()  + ",  default  argument ";  [CE]  illegal  start  of  type  [FE]            StringIndexOutOfBoundsException      [CONTEXT]        [BUGGY]  public  String  defaultArgName  =  getDefaultArgName()  + ",  default  argument ";  [BUGGY]        [CLASS]  HelpFormatter  OptionComparator  [VARIABLES]  	projects/Cli32/src/main/java/org/apache/commons/cli/HelpFormatter.java	0.2886751345948129	135	135	2	replace	public  String  defaultArgName  =  getDefaultArgName()  + ",  default  argument ";	  public    String    defaultArgName    =    getDefaultArgName()    +   "n   ";    	non-compiled	[CE]  illegal  start  of  type	22	None	replace
210	[BUG]  [BUGGY]  public  String  defaultArgName  =  this.defaultArgName  ==  null?  this.defaultArgName.toLowerCase()  : " ";  [CE]  illegal  start  of  type  [FE]              StringIndexOutOfBoundsException      [CONTEXT]        [BUGGY]  public  String  defaultArgName  =  this.defaultArgName  ==  null?  this.defaultArgName.toLowerCase()  : " ";  [BUGGY]        [CLASS]  HelpFormatter  OptionComparator  [VARIABLES]  	projects/Cli32/src/main/java/org/apache/commons/cli/HelpFormatter.java	0.2886751345948129	135	135	2	replace	public  String  defaultArgName  =  this.defaultArgName  ==  null?  this.defaultArgName.toLowerCase()  : " ";	  public    String    defaultArgName    =    this.defaultArgName.toLowerCase();    	non-compiled	[CE]  illegal  start  of  type	29	None	replace
211	[BUG]  [BUGGY]  StringIndexOutOfBoundsException  ret  =  null;  [CE]  illegal  start  of  type  [FE]                  StringIndexOutOfBoundsException      [CONTEXT]        [BUGGY]  StringIndexOutOfBoundsException  ret  =  null;  [BUGGY]      public  String  defaultArgName  =  DEFAULT_ARG_NAME;  [CLASS]  HelpFormatter  OptionComparator  [VARIABLES]  	projects/Cli32/src/main/java/org/apache/commons/cli/HelpFormatter.java	0.2886751345948129	135	135	2	replace	StringIndexOutOfBoundsException  ret  =  null;	  StringIndexOutOfBoundsException    null;    	non-compiled	[CE]  illegal  start  of  type	81	None	replace
212	[BUG]  [BUGGY]  Preconditions.checkArgument(this.type!=  null);  [CE]  illegal  start  of  type  [FE]                    StringIndexOutOfBoundsException      [CONTEXT]        [BUGGY]  Preconditions.checkArgument(this.type!=  null);  [BUGGY]        [CLASS]  HelpFormatter  OptionComparator  [VARIABLES]  	projects/Cli32/src/main/java/org/apache/commons/cli/HelpFormatter.java	0.2886751345948129	135	135	2	replace	Preconditions.checkArgument(this.type!=  null);	  Preconditions.checkState(this.type!=    null);    	non-compiled	[CE]  illegal  start  of  type	46	None	replace
213	[BUG]  [BUGGY]  public  String  defaultArgName  =(this.defaultArgName  ==  null?  this.defaultArgName  : "null ");  [CE]  illegal  start  of  type  [FE]                  StringIndexOutOfBoundsException      [CONTEXT]        [BUGGY]  public  String  defaultArgName  =(this.defaultArgName  ==  null?  this.defaultArgName  : "null ");  [BUGGY]        [CLASS]  HelpFormatter  OptionComparator  [VARIABLES]  	projects/Cli32/src/main/java/org/apache/commons/cli/HelpFormatter.java	0.2886751345948129	135	135	2	replace	public  String  defaultArgName  =(this.defaultArgName  ==  null?  this.defaultArgName  : "null ");	  public    String    defaultArgName    =(String)this.defaultArgName;    	non-compiled	[CE]  illegal  start  of  type	12	None	replace
214	[BUG]  [BUGGY]  public  String  defaultArgName  =(this.defaultArgName!=  null?  this.defaultArgName  : "null ");  [CE]  illegal  start  of  type  [FE]                    StringIndexOutOfBoundsException      [CONTEXT]        [BUGGY]  public  String  defaultArgName  =(this.defaultArgName!=  null?  this.defaultArgName  : "null ");  [BUGGY]        [CLASS]  HelpFormatter  OptionComparator  [VARIABLES]  	projects/Cli32/src/main/java/org/apache/commons/cli/HelpFormatter.java	0.2886751345948129	135	135	2	replace	public  String  defaultArgName  =(this.defaultArgName!=  null?  this.defaultArgName  : "null ");	  public    String    defaultArgName    =(String)this.defaultArgName;    	non-compiled	[CE]  illegal  start  of  type	12	None	replace
215	[BUG]  [BUGGY]  Preconditions.checkArgument(this.defaultArgName!=  null  &&  this.defaultArgName.length()  >  0);  [CE]  illegal  start  of  type  [FE]                StringIndexOutOfBoundsException      [CONTEXT]        [BUGGY]  Preconditions.checkArgument(this.defaultArgName!=  null  &&  this.defaultArgName.length()  >  0);  [BUGGY]      public  String  defaultArgName  =  DEFAULT_ARG_NAME;  [CLASS]  HelpFormatter  OptionComparator  [VARIABLES]  	projects/Cli32/src/main/java/org/apache/commons/cli/HelpFormatter.java	0.2886751345948129	135	135	2	replace	Preconditions.checkArgument(this.defaultArgName!=  null  &&  this.defaultArgName.length()  >  0);	  Preconditions.checkArgument(this.defaultArgName!=    null);    	non-compiled	[CE]  illegal  start  of  type	10	None	replace
216	[BUG]  [BUGGY]  Preconditions.checkArgument(this.defaultArgName!=  null,  this.defaultArgName);  [CE]  illegal  start  of  type  [FE]                  StringIndexOutOfBoundsException      [CONTEXT]        [BUGGY]  Preconditions.checkArgument(this.defaultArgName!=  null,  this.defaultArgName);  [BUGGY]      public  String  defaultArgName  =  DEFAULT_ARG_NAME;  [CLASS]  HelpFormatter  OptionComparator  [VARIABLES]  	projects/Cli32/src/main/java/org/apache/commons/cli/HelpFormatter.java	0.2886751345948129	135	135	2	replace	Preconditions.checkArgument(this.defaultArgName!=  null,  this.defaultArgName);	  Preconditions.checkArgument(this.defaultArgName!=    null);    	non-compiled	[CE]  illegal  start  of  type	10	None	replace
217	[BUG]  [BUGGY]  StringIndexOutOfBoundsException.printStackTrace(System.in);  [CE]  illegal  start  of  type  [FE]              StringIndexOutOfBoundsException      [CONTEXT]        [BUGGY]  StringIndexOutOfBoundsException.printStackTrace(System.in);  [BUGGY]      public  String  defaultArgName  =  DEFAULT_ARG_NAME;  [CLASS]  HelpFormatter  OptionComparator  [VARIABLES]  	projects/Cli32/src/main/java/org/apache/commons/cli/HelpFormatter.java	0.2886751345948129	135	135	2	replace	StringIndexOutOfBoundsException.printStackTrace(System.in);	  StringIndexOutOfBoundsException.printStackTrace(System.out);    	non-compiled	[CE]  illegal  start  of  type	54	None	replace
218	[BUG]  [BUGGY]  Preconditions.checkArgument(this.defaultArgName  ==  null  ||  this.defaultArgName.length()  ==  0);  [CE]  illegal  start  of  type  [FE]              StringIndexOutOfBoundsException      [CONTEXT]        [BUGGY]  Preconditions.checkArgument(this.defaultArgName  ==  null  ||  this.defaultArgName.length()  ==  0);  [BUGGY]      public  String  defaultArgName  =  DEFAULT_ARG_NAME;  [CLASS]  HelpFormatter  OptionComparator  [VARIABLES]  	projects/Cli32/src/main/java/org/apache/commons/cli/HelpFormatter.java	0.2886751345948129	135	135	2	replace	Preconditions.checkArgument(this.defaultArgName  ==  null  ||  this.defaultArgName.length()  ==  0);	  Preconditions.checkArgument(this.defaultArgName    ==    null);    	non-compiled	[CE]  illegal  start  of  type	9	None	replace
219	[BUG]  [BUGGY]  Preconditions.checkArgument(this.defaultArgName  ==  null  ||  this.defaultArgName.length()!=  0);  [CE]  illegal  start  of  type  [FE]                StringIndexOutOfBoundsException      [CONTEXT]        [BUGGY]  Preconditions.checkArgument(this.defaultArgName  ==  null  ||  this.defaultArgName.length()!=  0);  [BUGGY]      public  String  defaultArgName  =  DEFAULT_ARG_NAME;  [CLASS]  HelpFormatter  OptionComparator  [VARIABLES]  	projects/Cli32/src/main/java/org/apache/commons/cli/HelpFormatter.java	0.2886751345948129	135	135	2	replace	Preconditions.checkArgument(this.defaultArgName  ==  null  ||  this.defaultArgName.length()!=  0);	  Preconditions.checkArgument(this.defaultArgName    ==    null);    	non-compiled	[CE]  illegal  start  of  type	9	None	replace
220	[BUG]  [BUGGY]  public  String  defaultArgName  =  System.getProperty( "line.separator ",   "no-separator ");  [CE]  illegal  start  of  type  [FE]            StringIndexOutOfBoundsException      [CONTEXT]        [BUGGY]  public  String  defaultArgName  =  System.getProperty( "line.separator ",   "no-separator ");  [BUGGY]        [CLASS]  HelpFormatter  OptionComparator  [VARIABLES]  	projects/Cli32/src/main/java/org/apache/commons/cli/HelpFormatter.java	0.2886751345948129	135	135	2	replace	public  String  defaultArgName  =  System.getProperty( "line.separator ",   "no-separator ");	  public    String    defaultArgName    =    System.getProperty(   "line.separator   ",   "n   ");    	non-compiled	[CE]  illegal  start  of  type	44	None	replace
221	[BUG]  [BUGGY]  StringIndexOutOfBoundsException.append( "Unexpected  default  argument: "  +  this);  [CE]  illegal  start  of  type  [FE]                        StringIndexOutOfBoundsException      [CONTEXT]        [BUGGY]  StringIndexOutOfBoundsException.append( "Unexpected  default  argument: "  +  this);  [BUGGY]      public  String  defaultArgName  =  DEFAULT_ARG_NAME;  [CLASS]  HelpFormatter  OptionComparator  [VARIABLES]  	projects/Cli32/src/main/java/org/apache/commons/cli/HelpFormatter.java	0.2886751345948129	135	135	2	replace	StringIndexOutOfBoundsException.append( "Unexpected  default  argument: "  +  this);	  StringIndexOutOfBoundsException.append(   "Unexpected    default    argument:   "    +    defaultArgName);    	non-compiled	[CE]  illegal  start  of  type	33	None	replace
222	[BUG]  [BUGGY]  return  new  HelpFormatterBuilder().append( "> ").append(String.valueOf(in.toString()));  [CE]  illegal  start  of  type  [FE]                    StringIndexOutOfBoundsException      [CONTEXT]        [BUGGY]  return  new  HelpFormatterBuilder().append( "> ").append(String.valueOf(in.toString()));  [BUGGY]        [CLASS]  HelpFormatter  OptionComparator  [VARIABLES]  	projects/Cli32/src/main/java/org/apache/commons/cli/HelpFormatter.java	0.2886751345948129	135	135	2	replace	return  new  HelpFormatterBuilder().append( "> ").append(String.valueOf(in.toString()));	  return    new    HelpFormatterBuilder().append(   ">   ").append(String.valueOf(in.length()));    	non-compiled	[CE]  illegal  start  of  type	64	None	replace
223	[BUG]  [BUGGY]  public  static  String  defaultArgName  =  System.getProperty( "user.default_arg ");  [CE]  illegal  start  of  type  [FE]            StringIndexOutOfBoundsException      [CONTEXT]        [BUGGY]  public  static  String  defaultArgName  =  System.getProperty( "user.default_arg ");  [BUGGY]        [CLASS]  HelpFormatter  OptionComparator  [VARIABLES]  	projects/Cli32/src/main/java/org/apache/commons/cli/HelpFormatter.java	0.2886751345948129	135	135	2	replace	public  static  String  defaultArgName  =  System.getProperty( "user.default_arg ");	  public    String    defaultArgName    =    System.getProperty(   "user.default_arg   ");    	non-compiled	[CE]  illegal  start  of  type	76	None	replace
224	[BUG]  [BUGGY]  public  String  defaultArgName  =  System.getProperty( "user.defaultarg ");  [CE]  illegal  start  of  type  [FE]              StringIndexOutOfBoundsException      [CONTEXT]        [BUGGY]  public  String  defaultArgName  =  System.getProperty( "user.defaultarg ");  [BUGGY]        [CLASS]  HelpFormatter  OptionComparator  [VARIABLES]  	projects/Cli32/src/main/java/org/apache/commons/cli/HelpFormatter.java	0.2886751345948129	135	135	2	replace	public  String  defaultArgName  =  System.getProperty( "user.defaultarg ");	  public    String    defaultArgName    =    System.getProperty(   "user.default_arg   ");    	non-compiled	[CE]  illegal  start  of  type	76	None	replace
225	[BUG]  [BUGGY]  public  String  defaultArgName  =  getDefaultArgument().trim();  [CE]  illegal  start  of  type  [FE]                  StringIndexOutOfBoundsException      [CONTEXT]        [BUGGY]  public  String  defaultArgName  =  getDefaultArgument().trim();  [BUGGY]        [CLASS]  HelpFormatter  OptionComparator  [VARIABLES]  	projects/Cli32/src/main/java/org/apache/commons/cli/HelpFormatter.java	0.2886751345948129	135	135	2	replace	public  String  defaultArgName  =  getDefaultArgument().trim();	  public    String    defaultArgName    =    getDefaultArgument();    	non-compiled	[CE]  illegal  start  of  type	37	None	replace
226	[BUG]  [BUGGY]  public  String  defaultArgName  =  getDefaultArgument().getValue();  [CE]  illegal  start  of  type  [FE]                    StringIndexOutOfBoundsException      [CONTEXT]        [BUGGY]  public  String  defaultArgName  =  getDefaultArgument().getValue();  [BUGGY]        [CLASS]  HelpFormatter  OptionComparator  [VARIABLES]  	projects/Cli32/src/main/java/org/apache/commons/cli/HelpFormatter.java	0.2886751345948129	135	135	2	replace	public  String  defaultArgName  =  getDefaultArgument().getValue();	  public    String    defaultArgName    =    getDefaultArgument();    	non-compiled	[CE]  illegal  start  of  type	37	None	replace
227	[BUG]  [BUGGY]  StringIndexOutOfBoundsException.printStackTrace( "Error: ");  [CE]  illegal  start  of  type  [FE]                StringIndexOutOfBoundsException      [CONTEXT]        [BUGGY]  StringIndexOutOfBoundsException.printStackTrace( "Error: ");  [BUGGY]      public  String  defaultArgName  =  DEFAULT_ARG_NAME;  [CLASS]  HelpFormatter  OptionComparator  [VARIABLES]  	projects/Cli32/src/main/java/org/apache/commons/cli/HelpFormatter.java	0.2886751345948129	135	135	2	replace	StringIndexOutOfBoundsException.printStackTrace( "Error: ");	  StringIndexOutOfBoundsException.printStackTrace(   "n   ");    	non-compiled	[CE]  illegal  start  of  type	55	None	replace
228	[BUG]  [BUGGY]  StringIndexOutOfBoundsException.printStackTrace( "Error  starting  type: ");  [CE]  illegal  start  of  type  [FE]                  StringIndexOutOfBoundsException      [CONTEXT]        [BUGGY]  StringIndexOutOfBoundsException.printStackTrace( "Error  starting  type: ");  [BUGGY]      public  String  defaultArgName  =  DEFAULT_ARG_NAME;  [CLASS]  HelpFormatter  OptionComparator  [VARIABLES]  	projects/Cli32/src/main/java/org/apache/commons/cli/HelpFormatter.java	0.2886751345948129	135	135	2	replace	StringIndexOutOfBoundsException.printStackTrace( "Error  starting  type: ");	  StringIndexOutOfBoundsException.printStackTrace(   "n   ");    	non-compiled	[CE]  illegal  start  of  type	55	None	replace
229	[BUG]  [BUGGY]  StringIndexOutOfBoundsException  =  new  StringIndexOutOfBoundsException( " ")  [CE]  illegal  start  of  type  [FE]                  StringIndexOutOfBoundsException      [CONTEXT]        [BUGGY]  StringIndexOutOfBoundsException  =  new  StringIndexOutOfBoundsException( " ")  [BUGGY]      public  String  defaultArgName  =  DEFAULT_ARG_NAME;  [CLASS]  HelpFormatter  OptionComparator  [VARIABLES]  	projects/Cli32/src/main/java/org/apache/commons/cli/HelpFormatter.java	0.2886751345948129	135	135	2	replace	StringIndexOutOfBoundsException  =  new  StringIndexOutOfBoundsException( " ")	  StringIndexOutOfBoundsException    =    new    StringIndexOutOfBoundsException(   "   ");    	non-compiled	[CE]  illegal  start  of  type	6	None	replace
230	[BUG]  [BUGGY]  return  new  HelpFormatterBuilder().append( "  {   ").append(StringUtils.repeat( ",   ");  [CE]  illegal  start  of  type  [FE]                        StringIndexOutOfBoundsException      [CONTEXT]        [BUGGY]  return  new  HelpFormatterBuilder().append( "  {   ").append(StringUtils.repeat( ",   ");  [BUGGY]        [CLASS]  HelpFormatter  OptionComparator  [VARIABLES]  	projects/Cli32/src/main/java/org/apache/commons/cli/HelpFormatter.java	0.2886751345948129	135	135	2	replace	return  new  HelpFormatterBuilder().append( "  {   ").append(StringUtils.repeat( ",   ");	  return    new    HelpFormatterBuilder().append(   ">   ").append(StringUtils.repeat(   ",   ");    	non-compiled	[CE]  illegal  start  of  type	66	None	replace
231	[BUG]  [BUGGY]  return  new  HelpFormatterBuilder().append( "> ").append(StringUtils.repeat( ",   "));  [CE]  illegal  start  of  type  [FE]                          StringIndexOutOfBoundsException      [CONTEXT]        [BUGGY]  return  new  HelpFormatterBuilder().append( "> ").append(StringUtils.repeat( ",   "));  [BUGGY]        [CLASS]  HelpFormatter  OptionComparator  [VARIABLES]  	projects/Cli32/src/main/java/org/apache/commons/cli/HelpFormatter.java	0.2886751345948129	135	135	2	replace	return  new  HelpFormatterBuilder().append( "> ").append(StringUtils.repeat( ",   "));	  return    new    HelpFormatterBuilder().append(   ">   ").append(StringUtils.repeat(   ",   ");    	non-compiled	[CE]  illegal  start  of  type	66	None	replace
232	[BUG]  [BUGGY]  public  static  String  defaultArgName  =(String)null;  [CE]  illegal  start  of  type  [FE]                    StringIndexOutOfBoundsException      [CONTEXT]        [BUGGY]  public  static  String  defaultArgName  =(String)null;  [BUGGY]        [CLASS]  HelpFormatter  OptionComparator  [VARIABLES]  	projects/Cli32/src/main/java/org/apache/commons/cli/HelpFormatter.java	0.2886751345948129	135	135	2	replace	public  static  String  defaultArgName  =(String)null;	  public    final    String    defaultArgName    =(String)null;    	non-compiled	[CE]  illegal  start  of  type	13	None	replace
233	[BUG]  [BUGGY]  this.defaultArgName  =  DEFAULT_ARG_NAME  + ": ";  [CE]  illegal  start  of  type  [FE]                  StringIndexOutOfBoundsException      [CONTEXT]        [BUGGY]  this.defaultArgName  =  DEFAULT_ARG_NAME  + ": ";  [BUGGY]      public  String  defaultArgName  =  DEFAULT_ARG_NAME;  [CLASS]  HelpFormatter  OptionComparator  [VARIABLES]  	projects/Cli32/src/main/java/org/apache/commons/cli/HelpFormatter.java	0.2886751345948129	135	135	2	replace	this.defaultArgName  =  DEFAULT_ARG_NAME  + ": ";	  this.defaultArgName    =    DEFAULT_ARG_NAME;    	non-compiled	[CE]  illegal  start  of  type	20	None	replace
234	[BUG]  [BUGGY]  this.defaultArgName  =  DEFAULT_ARG_NAME  + "n ";  [CE]  illegal  start  of  type  [FE]                    StringIndexOutOfBoundsException      [CONTEXT]        [BUGGY]  this.defaultArgName  =  DEFAULT_ARG_NAME  + "n ";  [BUGGY]      public  String  defaultArgName  =  DEFAULT_ARG_NAME;  [CLASS]  HelpFormatter  OptionComparator  [VARIABLES]  	projects/Cli32/src/main/java/org/apache/commons/cli/HelpFormatter.java	0.2886751345948129	135	135	2	replace	this.defaultArgName  =  DEFAULT_ARG_NAME  + "n ";	  this.defaultArgName    =    DEFAULT_ARG_NAME;    	non-compiled	[CE]  illegal  start  of  type	20	None	replace
235	[BUG]  [BUGGY]  this.defaultArgName  :  new  StringIndexOutOfBoundsException();  [CE]  illegal  start  of  type  [FE]                    StringIndexOutOfBoundsException      [CONTEXT]        [BUGGY]  this.defaultArgName  :  new  StringIndexOutOfBoundsException();  [BUGGY]      public  String  defaultArgName  =  DEFAULT_ARG_NAME;  [CLASS]  HelpFormatter  OptionComparator  [VARIABLES]  	projects/Cli32/src/main/java/org/apache/commons/cli/HelpFormatter.java	0.2886751345948129	135	135	2	replace	this.defaultArgName  :  new  StringIndexOutOfBoundsException();	  StringIndexOutOfBoundsException    :    new    StringIndexOutOfBoundsException();    	non-compiled	[CE]  illegal  start  of  type	69	None	replace
236	[BUG]  [BUGGY]  this.defaultArgName  =  DEFAULT_OBJECT_ARG_NAME  + ": ";  [CE]  illegal  start  of  type  [FE]            StringIndexOutOfBoundsException      [CONTEXT]        [BUGGY]  this.defaultArgName  =  DEFAULT_OBJECT_ARG_NAME  + ": ";  [BUGGY]      public  String  defaultArgName  =  DEFAULT_ARG_NAME;  [CLASS]  HelpFormatter  OptionComparator  [VARIABLES]  	projects/Cli32/src/main/java/org/apache/commons/cli/HelpFormatter.java	0.2886751345948129	135	135	2	replace	this.defaultArgName  =  DEFAULT_OBJECT_ARG_NAME  + ": ";	  this.defaultArgName    =    DEFAULT_OBJECT_ARG_NAME;    	non-compiled	[CE]  illegal  start  of  type	40	None	replace
237	[BUG]  [BUGGY]  this.defaultArgName  =  DEFAULT_OBJECT_ARG_NAME  + "n ";  [CE]  illegal  start  of  type  [FE]              StringIndexOutOfBoundsException      [CONTEXT]        [BUGGY]  this.defaultArgName  =  DEFAULT_OBJECT_ARG_NAME  + "n ";  [BUGGY]      public  String  defaultArgName  =  DEFAULT_ARG_NAME;  [CLASS]  HelpFormatter  OptionComparator  [VARIABLES]  	projects/Cli32/src/main/java/org/apache/commons/cli/HelpFormatter.java	0.2886751345948129	135	135	2	replace	this.defaultArgName  =  DEFAULT_OBJECT_ARG_NAME  + "n ";	  this.defaultArgName    =    DEFAULT_OBJECT_ARG_NAME;    	non-compiled	[CE]  illegal  start  of  type	40	None	replace
238	[BUG]  [BUGGY]  public  String  defaultArgName  =(this.defaultArgName  ==  null)?  this.defaultArgName  : "null ",  this.defaultArgName);  [CE]  illegal  start  of  type  [FE]              StringIndexOutOfBoundsException      [CONTEXT]        [BUGGY]  public  String  defaultArgName  =(this.defaultArgName  ==  null)?  this.defaultArgName  : "null ",  this.defaultArgName);  [BUGGY]        [CLASS]  HelpFormatter  OptionComparator  [VARIABLES]  	projects/Cli32/src/main/java/org/apache/commons/cli/HelpFormatter.java	0.2886751345948129	135	135	2	replace	public  String  defaultArgName  =(this.defaultArgName  ==  null)?  this.defaultArgName  : "null ",  this.defaultArgName);	  public    String    defaultArgName    =(this.defaultArgName!=    null)?    this.defaultArgName    :   "null   ";    	non-compiled	[CE]  illegal  start  of  type	45	None	replace
239	[BUG]  [BUGGY]  Preconditions.checkState(this.defaultArgName!=  null  &&  this.defaultArgName.length()  >  0);  [CE]  illegal  start  of  type  [FE]              StringIndexOutOfBoundsException      [CONTEXT]        [BUGGY]  Preconditions.checkState(this.defaultArgName!=  null  &&  this.defaultArgName.length()  >  0);  [BUGGY]      public  String  defaultArgName  =  DEFAULT_ARG_NAME;  [CLASS]  HelpFormatter  OptionComparator  [VARIABLES]  	projects/Cli32/src/main/java/org/apache/commons/cli/HelpFormatter.java	0.2886751345948129	135	135	2	replace	Preconditions.checkState(this.defaultArgName!=  null  &&  this.defaultArgName.length()  >  0);	  Preconditions.checkState(this.defaultArgName!=    null);    	non-compiled	[CE]  illegal  start  of  type	28	None	replace
240	[BUG]  [BUGGY]  StringIndexOutOfBoundsException.append( "'  or  ' ");  [CE]  illegal  start  of  type  [FE]                      StringIndexOutOfBoundsException      [CONTEXT]        [BUGGY]  StringIndexOutOfBoundsException.append( "'  or  ' ");  [BUGGY]      public  String  defaultArgName  =  DEFAULT_ARG_NAME;  [CLASS]  HelpFormatter  OptionComparator  [VARIABLES]  	projects/Cli32/src/main/java/org/apache/commons/cli/HelpFormatter.java	0.2886751345948129	135	135	2	replace	StringIndexOutOfBoundsException.append( "'  or  ' ");	  StringIndexOutOfBoundsException.append(   "'   ");    	non-compiled	[CE]  illegal  start  of  type	52	None	replace
241	[BUG]  [BUGGY]  public  String  defaultArgName  =(String)this.options.values().toArray(new  String[this.options.values().size()  ]);  [CE]  illegal  start  of  type  [FE]                StringIndexOutOfBoundsException      [CONTEXT]        [BUGGY]  public  String  defaultArgName  =(String)this.options.values().toArray(new  String[this.options.values().size()  ]);  [BUGGY]        [CLASS]  HelpFormatter  OptionComparator  [VARIABLES]  	projects/Cli32/src/main/java/org/apache/commons/cli/HelpFormatter.java	0.2886751345948129	135	135	2	replace	public  String  defaultArgName  =(String)this.options.values().toArray(new  String[this.options.values().size()  ]);	  public    String    defaultArgName    =(String)this.options.null;    	non-compiled	[CE]  illegal  start  of  type	56	None	replace
242	[BUG]  [BUGGY]  public  String  defaultArgName  =  this.defaultArgName  ==  null?  this.defaultArgName.toString()  : "null ";  [CE]  illegal  start  of  type  [FE]                StringIndexOutOfBoundsException      [CONTEXT]        [BUGGY]  public  String  defaultArgName  =  this.defaultArgName  ==  null?  this.defaultArgName.toString()  : "null ";  [BUGGY]        [CLASS]  HelpFormatter  OptionComparator  [VARIABLES]  	projects/Cli32/src/main/java/org/apache/commons/cli/HelpFormatter.java	0.2886751345948129	135	135	2	replace	public  String  defaultArgName  =  this.defaultArgName  ==  null?  this.defaultArgName.toString()  : "null ";	  public    String    defaultArgName    =    this.defaultArgName.toString();    	non-compiled	[CE]  illegal  start  of  type	30	None	replace
243	[BUG]  [BUGGY]  public  String  defaultArgName  =  this.defaultArgName!=  null?  this.defaultArgName.toString()  : " ";  [CE]  illegal  start  of  type  [FE]                  StringIndexOutOfBoundsException      [CONTEXT]        [BUGGY]  public  String  defaultArgName  =  this.defaultArgName!=  null?  this.defaultArgName.toString()  : " ";  [BUGGY]        [CLASS]  HelpFormatter  OptionComparator  [VARIABLES]  	projects/Cli32/src/main/java/org/apache/commons/cli/HelpFormatter.java	0.2886751345948129	135	135	2	replace	public  String  defaultArgName  =  this.defaultArgName!=  null?  this.defaultArgName.toString()  : " ";	  public    String    defaultArgName    =    this.defaultArgName.toString();    	non-compiled	[CE]  illegal  start  of  type	30	None	replace
244	[BUG]  [BUGGY]  if(nullWriter!=  null)  {  nullWriter.printStackTrace();  }  [CE]  illegal  start  of  type  [FE]                  StringIndexOutOfBoundsException      [CONTEXT]        [BUGGY]  if(nullWriter!=  null)  {  nullWriter.printStackTrace();  }  [BUGGY]      public  String  defaultArgName  =  DEFAULT_ARG_NAME;  [CLASS]  HelpFormatter  OptionComparator  [VARIABLES]  	projects/Cli32/src/main/java/org/apache/commons/cli/HelpFormatter.java	0.2886751345948129	135	135	2	replace	if(nullWriter!=  null)  {  nullWriter.printStackTrace();  }	  nullWriter.printStackTrace();    	non-compiled	[CE]  illegal  start  of  type	26	None	replace
245	[BUG]  [BUGGY]  if(nullWriter!=  null)  {  nullWriter.printStackTrace();  }  else  {  throw  new  IllegalStateException( " ");  }  [CE]  illegal  start  of  type  [FE]                    StringIndexOutOfBoundsException      [CONTEXT]        [BUGGY]  if(nullWriter!=  null)  {  nullWriter.printStackTrace();  }  else  {  throw  new  IllegalStateException( " ");  }  [BUGGY]      public  String  defaultArgName  =  DEFAULT_ARG_NAME;  [CLASS]  HelpFormatter  OptionComparator  [VARIABLES]  	projects/Cli32/src/main/java/org/apache/commons/cli/HelpFormatter.java	0.2886751345948129	135	135	2	replace	if(nullWriter!=  null)  {  nullWriter.printStackTrace();  }  else  {  throw  new  IllegalStateException( " ");  }	  nullWriter.printStackTrace();    	non-compiled	[CE]  illegal  start  of  type	26	None	replace
246	[BUG]  [BUGGY]  StringIndexOutOfBoundsException  :  default;  [CE]  illegal  start  of  type  [FE]                  StringIndexOutOfBoundsException      [CONTEXT]        [BUGGY]  StringIndexOutOfBoundsException  :  default;  [BUGGY]      public  String  defaultArgName  =  DEFAULT_ARG_NAME;  [CLASS]  HelpFormatter  OptionComparator  [VARIABLES]  	projects/Cli32/src/main/java/org/apache/commons/cli/HelpFormatter.java	0.2886751345948129	135	135	2	replace	StringIndexOutOfBoundsException  :  default;	  StringIndexOutOfBoundsException    :    null;    	non-compiled	[CE]  illegal  start  of  type	18	None	replace
247	[BUG]  [BUGGY]  ArrayList  <  String>  exception  =  new  ArrayList  <  String>();  [CE]  illegal  start  of  type  [FE]                    StringIndexOutOfBoundsException      [CONTEXT]        [BUGGY]  ArrayList  <  String>  exception  =  new  ArrayList  <  String>();  [BUGGY]      public  String  defaultArgName  =  DEFAULT_ARG_NAME;  [CLASS]  HelpFormatter  OptionComparator  [VARIABLES]  	projects/Cli32/src/main/java/org/apache/commons/cli/HelpFormatter.java	0.2886751345948129	135	135	2	replace	ArrayList  <  String>  exception  =  new  ArrayList  <  String>();	  StringIndexOutOfBoundsException    =    new    java.util.ArrayList    <    String>();    	non-compiled	[CE]  illegal  start  of  type	19	None	replace
248	[BUG]  [BUGGY]  ArrayList  <  String>  exception  =  new  java.util.ArrayList  <  String>();  [CE]  illegal  start  of  type  [FE]                      StringIndexOutOfBoundsException      [CONTEXT]        [BUGGY]  ArrayList  <  String>  exception  =  new  java.util.ArrayList  <  String>();  [BUGGY]      public  String  defaultArgName  =  DEFAULT_ARG_NAME;  [CLASS]  HelpFormatter  OptionComparator  [VARIABLES]  	projects/Cli32/src/main/java/org/apache/commons/cli/HelpFormatter.java	0.2886751345948129	135	135	2	replace	ArrayList  <  String>  exception  =  new  java.util.ArrayList  <  String>();	  StringIndexOutOfBoundsException    =    new    java.util.ArrayList    <    String>();    	non-compiled	[CE]  illegal  start  of  type	19	None	replace
249	[BUG]  [BUGGY]  StringIndexOutOfBoundsException  :  new  StringIndexOutOfBoundsException( " ")  [CE]  illegal  start  of  type  [FE]                  StringIndexOutOfBoundsException      [CONTEXT]        [BUGGY]  StringIndexOutOfBoundsException  :  new  StringIndexOutOfBoundsException( " ")  [BUGGY]      public  String  defaultArgName  =  DEFAULT_ARG_NAME;  [CLASS]  HelpFormatter  OptionComparator  [VARIABLES]  	projects/Cli32/src/main/java/org/apache/commons/cli/HelpFormatter.java	0.2886751345948129	135	135	2	replace	StringIndexOutOfBoundsException  :  new  StringIndexOutOfBoundsException( " ")	  StringIndexOutOfBoundsException    :    new    StringIndexOutOfBoundsException(   "   ");    	non-compiled	[CE]  illegal  start  of  type	68	None	replace
250	[BUG]  [BUGGY]  public  String  defaultArgName  =  getDefaultValue().substring(0,  getDefaultValue().length()  -  1);  [CE]  illegal  start  of  type  [FE]                      StringIndexOutOfBoundsException      [CONTEXT]        [BUGGY]  public  String  defaultArgName  =  getDefaultValue().substring(0,  getDefaultValue().length()  -  1);  [BUGGY]        [CLASS]  HelpFormatter  OptionComparator  [VARIABLES]  	projects/Cli32/src/main/java/org/apache/commons/cli/HelpFormatter.java	0.2886751345948129	135	135	2	replace	public  String  defaultArgName  =  getDefaultValue().substring(0,  getDefaultValue().length()  -  1);	  public    String    defaultArgName    =    getDefaultValue().trim();    	non-compiled	[CE]  illegal  start  of  type	39	None	replace
251	[BUG]  [BUGGY]  public  String  defaultArgName  =(this.defaultArgName  ==  null)?  this.defaultArgName  : "  }   ";  [CE]  illegal  start  of  type  [FE]              StringIndexOutOfBoundsException      [CONTEXT]        [BUGGY]  public  String  defaultArgName  =(this.defaultArgName  ==  null)?  this.defaultArgName  : "  }   ";  [BUGGY]        [CLASS]  HelpFormatter  OptionComparator  [VARIABLES]  	projects/Cli32/src/main/java/org/apache/commons/cli/HelpFormatter.java	0.2886751345948129	135	135	2	replace	public  String  defaultArgName  =(this.defaultArgName  ==  null)?  this.defaultArgName  : "  }   ";	  public    String    defaultArgName    =(this.defaultArgName    ==    null)?    this.defaultArgName    :   "   ";    	non-compiled	[CE]  illegal  start  of  type	71	None	replace
252	[BUG]  [BUGGY]  public  String  defaultArgName  =(this.defaultValue  ==  null? "null "  :  this.defaultValue);  [CE]  illegal  start  of  type  [FE]                StringIndexOutOfBoundsException      [CONTEXT]        [BUGGY]  public  String  defaultArgName  =(this.defaultValue  ==  null? "null "  :  this.defaultValue);  [BUGGY]        [CLASS]  HelpFormatter  OptionComparator  [VARIABLES]  	projects/Cli32/src/main/java/org/apache/commons/cli/HelpFormatter.java	0.2886751345948129	135	135	2	replace	public  String  defaultArgName  =(this.defaultValue  ==  null? "null "  :  this.defaultValue);	  public    String    defaultArgName    =(String)this.defaultValue;    	non-compiled	[CE]  illegal  start  of  type	11	None	replace
253	[BUG]  [BUGGY]  public  String  defaultArgName  =(this.defaultValue  ==  null?  this.defaultValue  : "null ");  [CE]  illegal  start  of  type  [FE]                  StringIndexOutOfBoundsException      [CONTEXT]        [BUGGY]  public  String  defaultArgName  =(this.defaultValue  ==  null?  this.defaultValue  : "null ");  [BUGGY]        [CLASS]  HelpFormatter  OptionComparator  [VARIABLES]  	projects/Cli32/src/main/java/org/apache/commons/cli/HelpFormatter.java	0.2886751345948129	135	135	2	replace	public  String  defaultArgName  =(this.defaultValue  ==  null?  this.defaultValue  : "null ");	  public    String    defaultArgName    =(String)this.defaultValue;    	non-compiled	[CE]  illegal  start  of  type	11	None	replace
254	[BUG]  [BUGGY]  public  String  defaultArgName  =(this.defaultValue!=  null?  this.defaultValue  : "null ");  [CE]  illegal  start  of  type  [FE]                    StringIndexOutOfBoundsException      [CONTEXT]        [BUGGY]  public  String  defaultArgName  =(this.defaultValue!=  null?  this.defaultValue  : "null ");  [BUGGY]        [CLASS]  HelpFormatter  OptionComparator  [VARIABLES]  	projects/Cli32/src/main/java/org/apache/commons/cli/HelpFormatter.java	0.2886751345948129	135	135	2	replace	public  String  defaultArgName  =(this.defaultValue!=  null?  this.defaultValue  : "null ");	  public    String    defaultArgName    =(String)this.defaultValue;    	non-compiled	[CE]  illegal  start  of  type	11	None	replace
255	[BUG]  [BUGGY]  this.defaultArgName  =  DEFAULT_DEFAULT_ARG_NAME  + ": ";  [CE]  illegal  start  of  type  [FE]                  StringIndexOutOfBoundsException      [CONTEXT]        [BUGGY]  this.defaultArgName  =  DEFAULT_DEFAULT_ARG_NAME  + ": ";  [BUGGY]      public  String  defaultArgName  =  DEFAULT_ARG_NAME;  [CLASS]  HelpFormatter  OptionComparator  [VARIABLES]  	projects/Cli32/src/main/java/org/apache/commons/cli/HelpFormatter.java	0.2886751345948129	135	135	2	replace	this.defaultArgName  =  DEFAULT_DEFAULT_ARG_NAME  + ": ";	  this.defaultArgName    =    DEFAULT_DEFAULT_ARG_NAME;    	non-compiled	[CE]  illegal  start  of  type	60	None	replace
256	[BUG]  [BUGGY]  Preconditions.checkArgument(deFAULT_ARG_NAME  ==  null);  [CE]  illegal  start  of  type  [FE]              StringIndexOutOfBoundsException      [CONTEXT]        [BUGGY]  Preconditions.checkArgument(deFAULT_ARG_NAME  ==  null);  [BUGGY]      public  String  defaultArgName  =  DEFAULT_ARG_NAME;  [CLASS]  HelpFormatter  OptionComparator  [VARIABLES]  	projects/Cli32/src/main/java/org/apache/commons/cli/HelpFormatter.java	0.2886751345948129	135	135	2	replace	Preconditions.checkArgument(deFAULT_ARG_NAME  ==  null);	  Preconditions.checkArgument(DEFAULT_ARG_NAME    ==    null);    	non-compiled	[CE]  illegal  start  of  type	59	None	replace
257	[BUG]  [BUGGY]  this.optionComparator.setIndexOutOfBounds(StringIndexOutOfBoundsException.class,  Arrays.asList(this.optionComparator));  [CE]  illegal  start  of  type  [FE]                    StringIndexOutOfBoundsException      [CONTEXT]        [BUGGY]  this.optionComparator.setIndexOutOfBounds(StringIndexOutOfBoundsException.class,  Arrays.asList(this.optionComparator));  [BUGGY]        [CLASS]  HelpFormatter  OptionComparator  [VARIABLES]  	projects/Cli32/src/main/java/org/apache/commons/cli/HelpFormatter.java	0.2886751345948129	135	135	2	replace	this.optionComparator.setIndexOutOfBounds(StringIndexOutOfBoundsException.class,  Arrays.asList(this.optionComparator));	  this.optionComparator.setIndexOutOfBounds(StringIndexOutOfBoundsException.class);    	non-compiled	[CE]  illegal  start  of  type	14	None	replace
258	[BUG]  [BUGGY]  public  String  defaultArgName  =  getDefaultValue().toString()  + "_ "+getMessage();  [CE]  illegal  start  of  type  [FE]                    StringIndexOutOfBoundsException      [CONTEXT]        [BUGGY]  public  String  defaultArgName  =  getDefaultValue().toString()  + "_ "+getMessage();  [BUGGY]        [CLASS]  HelpFormatter  OptionComparator  [VARIABLES]  	projects/Cli32/src/main/java/org/apache/commons/cli/HelpFormatter.java	0.2886751345948129	135	135	2	replace	public  String  defaultArgName  =  getDefaultValue().toString()  + "_ "+getMessage();	  public    String    defaultArgName    =    getDefaultValue().toString();    	non-compiled	[CE]  illegal  start  of  type	38	None	replace
259	[BUG]  [BUGGY]  if(null!=  null)  {  StringIndexOutOfBoundsException  ;  }  [CE]  illegal  start  of  type  [FE]                StringIndexOutOfBoundsException      [CONTEXT]        [BUGGY]  if(null!=  null)  {  StringIndexOutOfBoundsException  ;  }  [BUGGY]      public  String  defaultArgName  =  DEFAULT_ARG_NAME;  [CLASS]  HelpFormatter  OptionComparator  [VARIABLES]  	projects/Cli32/src/main/java/org/apache/commons/cli/HelpFormatter.java	0.2886751345948129	135	135	2	replace	if(null!=  null)  {  StringIndexOutOfBoundsException  ;  }	  StringIndexOutOfBoundsException    ;    	non-compiled	[CE]  illegal  start  of  type	80	None	replace
260	[BUG]  [BUGGY]  if(defaultArgName!=  null)  {  StringIndexOutOfBoundsException  ;  return  defaultArgName;  }  [CE]  illegal  start  of  type  [FE]                  StringIndexOutOfBoundsException      [CONTEXT]        [BUGGY]  if(defaultArgName!=  null)  {  StringIndexOutOfBoundsException  ;  return  defaultArgName;  }  [BUGGY]      public  String  defaultArgName  =  DEFAULT_ARG_NAME;  [CLASS]  HelpFormatter  OptionComparator  [VARIABLES]  	projects/Cli32/src/main/java/org/apache/commons/cli/HelpFormatter.java	0.2886751345948129	135	135	2	replace	if(defaultArgName!=  null)  {  StringIndexOutOfBoundsException  ;  return  defaultArgName;  }	  StringIndexOutOfBoundsException    ;    	non-compiled	[CE]  illegal  start  of  type	80	None	replace
261	[BUG]  [BUGGY]  public  final  String  defaultArgName  =  System.getProperty( "user.default-arg ");  [CE]  illegal  start  of  type  [FE]                StringIndexOutOfBoundsException      [CONTEXT]        [BUGGY]  public  final  String  defaultArgName  =  System.getProperty( "user.default-arg ");  [BUGGY]        [CLASS]  HelpFormatter  OptionComparator  [VARIABLES]  	projects/Cli32/src/main/java/org/apache/commons/cli/HelpFormatter.java	0.2886751345948129	135	135	2	replace	public  final  String  defaultArgName  =  System.getProperty( "user.default-arg ");	  public    String    defaultArgName    =    System.getProperty(   "user.default-arg   ");    	non-compiled	[CE]  illegal  start  of  type	78	None	replace
262	[BUG]  [BUGGY]  public  String  defaultArgName  =  System.getProperty( "line.default_arg ");  [CE]  illegal  start  of  type  [FE]            StringIndexOutOfBoundsException      [CONTEXT]        [BUGGY]  public  String  defaultArgName  =  System.getProperty( "line.default_arg ");  [BUGGY]        [CLASS]  HelpFormatter  OptionComparator  [VARIABLES]  	projects/Cli32/src/main/java/org/apache/commons/cli/HelpFormatter.java	0.2886751345948129	135	135	2	replace	public  String  defaultArgName  =  System.getProperty( "line.default_arg ");	  public    String    defaultArgName    =    DEFAULT_ARRAY_NAME;    	non-compiled	[CE]  illegal  start  of  type	50	None	replace
263	[BUG]  [BUGGY]  public  static  String  defaultArgName  =  System.getProperty( "line.separator ");  [CE]  illegal  start  of  type  [FE]              StringIndexOutOfBoundsException      [CONTEXT]        [BUGGY]  public  static  String  defaultArgName  =  System.getProperty( "line.separator ");  [BUGGY]        [CLASS]  HelpFormatter  OptionComparator  [VARIABLES]  	projects/Cli32/src/main/java/org/apache/commons/cli/HelpFormatter.java	0.2886751345948129	135	135	2	replace	public  static  String  defaultArgName  =  System.getProperty( "line.separator ");	  public    String    defaultArgName    =    System.getProperty(   "line.separator   ");    	non-compiled	[CE]  illegal  start  of  type	5	None	replace
264	[BUG]  [BUGGY]  public  String  defaultArgName  =  System.getProperty( "line.default-arg ");  [CE]  illegal  start  of  type  [FE]                StringIndexOutOfBoundsException      [CONTEXT]        [BUGGY]  public  String  defaultArgName  =  System.getProperty( "line.default-arg ");  [BUGGY]        [CLASS]  HelpFormatter  OptionComparator  [VARIABLES]  	projects/Cli32/src/main/java/org/apache/commons/cli/HelpFormatter.java	0.2886751345948129	135	135	2	replace	public  String  defaultArgName  =  System.getProperty( "line.default-arg ");	  public    String    defaultArgName    =    System.getProperty(   "line.separator   ");    	non-compiled	[CE]  illegal  start  of  type	5	None	replace
