projects/JacksonCore16/src/main/java/com/fasterxml/jackson/core/util/JsonParserSequence.java146if(_nextParser>=_parsers.length){
projects/JacksonCore16/src/main/java/com/fasterxml/jackson/core/util/JsonParserSequence.java146if(_nextParser==_parsers.length){
projects/JacksonCore16/src/main/java/com/fasterxml/jackson/core/util/JsonParserSequence.java146if(_nextParser!=_parsers.length){
projects/JacksonCore16/src/main/java/com/fasterxml/jackson/core/util/JsonParserSequence.java146if(delegate==_parsers.length){
projects/JacksonCore16/src/main/java/com/fasterxml/jackson/core/util/JsonParserSequence.java146
projects/JacksonCore16/src/main/java/com/fasterxml/jackson/core/util/JsonParserSequence.java146if(_nextParser==null){
projects/JacksonCore16/src/main/java/com/fasterxml/jackson/core/util/JsonParserSequence.java146if(_nextParser<_parsers.length){
