bugid	buggy	buggy_class	suspiciousness	buggy_line	endbuggycode	original_failing_test_number	action	patch	original_buggy	execution_result	diagnosis	previous_bug_id	new_failing_test_number	this_action
1	[BUG]  [BUGGY]  return(n.getType()  ==  Token.FALSE)?  BooleanResultPredicate.FALSE  :  BooleanResultPredicate.BOOLEAN;  [CE]  [FE]                            IllegalStateException      [CONTEXT]      case  Token.LE:  case  Token.GE:  case  Token.IN:  case  Token.INSTANCEOF:  case  Token.NOT:  return  true;  default:      [BUGGY]  return(n.getType()  ==  Token.FALSE)?  BooleanResultPredicate.FALSE  :  BooleanResultPredicate.BOOLEAN;  [BUGGY]      }  }  [CLASS]  NodeUtil  NumbericResultPredicate  BooleanResultPredicate  MayBeStringResultPredicate  VarCollector  MatchNameNode  MatchNodeType  MatchDeclaration  MatchNotFunction  MatchShallowStatement  [METHOD]  isBooleanResultHelper  [RETURN_TYPE]  boolean  Node  n  [VARIABLES]  BooleanResultPredicate  BOOLEAN_RESULT_PREDICATE  Set  BUILTIN_FUNCTIONS_WITHOUT_SIDEEFFECTS  CONSTRUCTORS_WITHOUT_SIDE_EFFECTS  OBJECT_METHODS_WITHOUT_SIDEEFFECTS  REGEXP_METHODS  STRING_REGEXP_METHODS  defines  emptySet  knownConstants  NumbericResultPredicate  NUMBERIC_RESULT_PREDICATE  boolean  MayBeStringResultPredicate  MAY_BE_STRING_PREDICATE  Node  n  String  JSC_PROPERTY_NAME_FN  childValue  name  namespaceName  rawJsString  s  value  Map  vars  int  c  end  nextSkipSlot  nextSlot  start  type  	projects/Closure80/src/com/google/javascript/jscomp/NodeUtil.java	0.4082482904638631	1264	1264	2	replace	return(n.getType()  ==  Token.FALSE)?  BooleanResultPredicate.FALSE  :  BooleanResultPredicate.BOOLEAN;	  return(n.getType()!=    Token.NAME)?    BooleanResultPredicate.FALSE    :    BooleanResultPredicate.BOOLEAN;    	non-compiled	[CE]  	50	None	replace
2	[BUG]  [BUGGY]  Preconditions.checkState(NodeUtil.isName(n)||  NodeUtil.isFunctionBoolean(n))  {  return  false;  }  [CE]  [FE]                  IllegalStateException      [CONTEXT]      case  Token.LE:  case  Token.GE:  case  Token.IN:  case  Token.INSTANCEOF:  case  Token.NOT:  return  true;  default:      [BUGGY]  Preconditions.checkState(NodeUtil.isName(n)||  NodeUtil.isFunctionBoolean(n))  {  return  false;  }  [BUGGY]      }  }  [CLASS]  NodeUtil  NumbericResultPredicate  BooleanResultPredicate  MayBeStringResultPredicate  VarCollector  MatchNameNode  MatchNodeType  MatchDeclaration  MatchNotFunction  MatchShallowStatement  [METHOD]  isBooleanResultHelper  [RETURN_TYPE]  boolean  Node  n  [VARIABLES]  BooleanResultPredicate  BOOLEAN_RESULT_PREDICATE  Set  BUILTIN_FUNCTIONS_WITHOUT_SIDEEFFECTS  CONSTRUCTORS_WITHOUT_SIDE_EFFECTS  OBJECT_METHODS_WITHOUT_SIDEEFFECTS  REGEXP_METHODS  STRING_REGEXP_METHODS  defines  emptySet  knownConstants  NumbericResultPredicate  NUMBERIC_RESULT_PREDICATE  boolean  MayBeStringResultPredicate  MAY_BE_STRING_PREDICATE  Node  n  String  JSC_PROPERTY_NAME_FN  childValue  name  namespaceName  rawJsString  s  value  Map  vars  int  c  end  nextSkipSlot  nextSlot  start  type  	projects/Closure80/src/com/google/javascript/jscomp/NodeUtil.java	0.4082482904638631	1264	1264	2	replace	Preconditions.checkState(NodeUtil.isName(n)||  NodeUtil.isFunctionBoolean(n))  {  return  false;  }	  Preconditions.checkState(NodeUtil.isFunctionAnonymous(n)||    NodeUtil.isFunctionBoolean(n))    {    return    false;    }    	non-compiled	[CE]  	88	None	replace
3	[BUG]  [BUGGY]  Preconditions.checkState(NodeUtil.isGet(n)||  NodeUtil.isFunctionBoolean(n))  {  return  false;  }  [CE]  [FE]                    IllegalStateException      [CONTEXT]      case  Token.LE:  case  Token.GE:  case  Token.IN:  case  Token.INSTANCEOF:  case  Token.NOT:  return  true;  default:      [BUGGY]  Preconditions.checkState(NodeUtil.isGet(n)||  NodeUtil.isFunctionBoolean(n))  {  return  false;  }  [BUGGY]      }  }  [CLASS]  NodeUtil  NumbericResultPredicate  BooleanResultPredicate  MayBeStringResultPredicate  VarCollector  MatchNameNode  MatchNodeType  MatchDeclaration  MatchNotFunction  MatchShallowStatement  [METHOD]  isBooleanResultHelper  [RETURN_TYPE]  boolean  Node  n  [VARIABLES]  BooleanResultPredicate  BOOLEAN_RESULT_PREDICATE  Set  BUILTIN_FUNCTIONS_WITHOUT_SIDEEFFECTS  CONSTRUCTORS_WITHOUT_SIDE_EFFECTS  OBJECT_METHODS_WITHOUT_SIDEEFFECTS  REGEXP_METHODS  STRING_REGEXP_METHODS  defines  emptySet  knownConstants  NumbericResultPredicate  NUMBERIC_RESULT_PREDICATE  boolean  MayBeStringResultPredicate  MAY_BE_STRING_PREDICATE  Node  n  String  JSC_PROPERTY_NAME_FN  childValue  name  namespaceName  rawJsString  s  value  Map  vars  int  c  end  nextSkipSlot  nextSlot  start  type  	projects/Closure80/src/com/google/javascript/jscomp/NodeUtil.java	0.4082482904638631	1264	1264	2	replace	Preconditions.checkState(NodeUtil.isGet(n)||  NodeUtil.isFunctionBoolean(n))  {  return  false;  }	  Preconditions.checkState(NodeUtil.isFunctionAnonymous(n)||    NodeUtil.isFunctionBoolean(n))    {    return    false;    }    	non-compiled	[CE]  	88	None	replace
4	[BUG]  [BUGGY]  Preconditions.checkState(NodeUtil.isExpressionNode(n)||  NodeUtil.isFunctionBoolean(n))  {  return  false;  }  [CE]  [FE]                      IllegalStateException      [CONTEXT]      case  Token.LE:  case  Token.GE:  case  Token.IN:  case  Token.INSTANCEOF:  case  Token.NOT:  return  true;  default:      [BUGGY]  Preconditions.checkState(NodeUtil.isExpressionNode(n)||  NodeUtil.isFunctionBoolean(n))  {  return  false;  }  [BUGGY]      }  }  [CLASS]  NodeUtil  NumbericResultPredicate  BooleanResultPredicate  MayBeStringResultPredicate  VarCollector  MatchNameNode  MatchNodeType  MatchDeclaration  MatchNotFunction  MatchShallowStatement  [METHOD]  isBooleanResultHelper  [RETURN_TYPE]  boolean  Node  n  [VARIABLES]  BooleanResultPredicate  BOOLEAN_RESULT_PREDICATE  Set  BUILTIN_FUNCTIONS_WITHOUT_SIDEEFFECTS  CONSTRUCTORS_WITHOUT_SIDE_EFFECTS  OBJECT_METHODS_WITHOUT_SIDEEFFECTS  REGEXP_METHODS  STRING_REGEXP_METHODS  defines  emptySet  knownConstants  NumbericResultPredicate  NUMBERIC_RESULT_PREDICATE  boolean  MayBeStringResultPredicate  MAY_BE_STRING_PREDICATE  Node  n  String  JSC_PROPERTY_NAME_FN  childValue  name  namespaceName  rawJsString  s  value  Map  vars  int  c  end  nextSkipSlot  nextSlot  start  type  	projects/Closure80/src/com/google/javascript/jscomp/NodeUtil.java	0.4082482904638631	1264	1264	2	replace	Preconditions.checkState(NodeUtil.isExpressionNode(n)||  NodeUtil.isFunctionBoolean(n))  {  return  false;  }	  Preconditions.checkState(NodeUtil.isFunctionAnonymous(n)||    NodeUtil.isFunctionBoolean(n))    {    return    false;    }    	non-compiled	[CE]  	88	None	replace
5	[BUG]  [BUGGY]  Preconditions.checkState(NodeUtil.isFunctionAnonymous(n)&&  NodeUtil.isFunctionBoolean(n))  {  return  false;  }  [CE]  [FE]                        IllegalStateException      [CONTEXT]      case  Token.LE:  case  Token.GE:  case  Token.IN:  case  Token.INSTANCEOF:  case  Token.NOT:  return  true;  default:      [BUGGY]  Preconditions.checkState(NodeUtil.isFunctionAnonymous(n)&&  NodeUtil.isFunctionBoolean(n))  {  return  false;  }  [BUGGY]      }  }  [CLASS]  NodeUtil  NumbericResultPredicate  BooleanResultPredicate  MayBeStringResultPredicate  VarCollector  MatchNameNode  MatchNodeType  MatchDeclaration  MatchNotFunction  MatchShallowStatement  [METHOD]  isBooleanResultHelper  [RETURN_TYPE]  boolean  Node  n  [VARIABLES]  BooleanResultPredicate  BOOLEAN_RESULT_PREDICATE  Set  BUILTIN_FUNCTIONS_WITHOUT_SIDEEFFECTS  CONSTRUCTORS_WITHOUT_SIDE_EFFECTS  OBJECT_METHODS_WITHOUT_SIDEEFFECTS  REGEXP_METHODS  STRING_REGEXP_METHODS  defines  emptySet  knownConstants  NumbericResultPredicate  NUMBERIC_RESULT_PREDICATE  boolean  MayBeStringResultPredicate  MAY_BE_STRING_PREDICATE  Node  n  String  JSC_PROPERTY_NAME_FN  childValue  name  namespaceName  rawJsString  s  value  Map  vars  int  c  end  nextSkipSlot  nextSlot  start  type  	projects/Closure80/src/com/google/javascript/jscomp/NodeUtil.java	0.4082482904638631	1264	1264	2	replace	Preconditions.checkState(NodeUtil.isFunctionAnonymous(n)&&  NodeUtil.isFunctionBoolean(n))  {  return  false;  }	  Preconditions.checkState(NodeUtil.isFunctionAnonymous(n)||    NodeUtil.isFunctionBoolean(n))    {    return    false;    }    	non-compiled	[CE]  	88	None	replace
6	[BUG]  [BUGGY]  Preconditions.checkState(NodeUtil.isFunctionAnonymous(n)||  NodeUtil.isGetProp(n))  {  return  false;  }  [CE]  [FE]                          IllegalStateException      [CONTEXT]      case  Token.LE:  case  Token.GE:  case  Token.IN:  case  Token.INSTANCEOF:  case  Token.NOT:  return  true;  default:      [BUGGY]  Preconditions.checkState(NodeUtil.isFunctionAnonymous(n)||  NodeUtil.isGetProp(n))  {  return  false;  }  [BUGGY]      }  }  [CLASS]  NodeUtil  NumbericResultPredicate  BooleanResultPredicate  MayBeStringResultPredicate  VarCollector  MatchNameNode  MatchNodeType  MatchDeclaration  MatchNotFunction  MatchShallowStatement  [METHOD]  isBooleanResultHelper  [RETURN_TYPE]  boolean  Node  n  [VARIABLES]  BooleanResultPredicate  BOOLEAN_RESULT_PREDICATE  Set  BUILTIN_FUNCTIONS_WITHOUT_SIDEEFFECTS  CONSTRUCTORS_WITHOUT_SIDE_EFFECTS  OBJECT_METHODS_WITHOUT_SIDEEFFECTS  REGEXP_METHODS  STRING_REGEXP_METHODS  defines  emptySet  knownConstants  NumbericResultPredicate  NUMBERIC_RESULT_PREDICATE  boolean  MayBeStringResultPredicate  MAY_BE_STRING_PREDICATE  Node  n  String  JSC_PROPERTY_NAME_FN  childValue  name  namespaceName  rawJsString  s  value  Map  vars  int  c  end  nextSkipSlot  nextSlot  start  type  	projects/Closure80/src/com/google/javascript/jscomp/NodeUtil.java	0.4082482904638631	1264	1264	2	replace	Preconditions.checkState(NodeUtil.isFunctionAnonymous(n)||  NodeUtil.isGetProp(n))  {  return  false;  }	  Preconditions.checkState(NodeUtil.isFunctionAnonymous(n)||    NodeUtil.isFunctionBoolean(n))    {    return    false;    }    	non-compiled	[CE]  	88	None	replace
7	[BUG]  [BUGGY]  Preconditions.checkState(NodeUtil.isFunctionAnonymous(n)||  NodeUtil.isFunctionBoolean(n))  {  return  true;  }  [CE]  [FE]                            IllegalStateException      [CONTEXT]      case  Token.LE:  case  Token.GE:  case  Token.IN:  case  Token.INSTANCEOF:  case  Token.NOT:  return  true;  default:      [BUGGY]  Preconditions.checkState(NodeUtil.isFunctionAnonymous(n)||  NodeUtil.isFunctionBoolean(n))  {  return  true;  }  [BUGGY]      }  }  [CLASS]  NodeUtil  NumbericResultPredicate  BooleanResultPredicate  MayBeStringResultPredicate  VarCollector  MatchNameNode  MatchNodeType  MatchDeclaration  MatchNotFunction  MatchShallowStatement  [METHOD]  isBooleanResultHelper  [RETURN_TYPE]  boolean  Node  n  [VARIABLES]  BooleanResultPredicate  BOOLEAN_RESULT_PREDICATE  Set  BUILTIN_FUNCTIONS_WITHOUT_SIDEEFFECTS  CONSTRUCTORS_WITHOUT_SIDE_EFFECTS  OBJECT_METHODS_WITHOUT_SIDEEFFECTS  REGEXP_METHODS  STRING_REGEXP_METHODS  defines  emptySet  knownConstants  NumbericResultPredicate  NUMBERIC_RESULT_PREDICATE  boolean  MayBeStringResultPredicate  MAY_BE_STRING_PREDICATE  Node  n  String  JSC_PROPERTY_NAME_FN  childValue  name  namespaceName  rawJsString  s  value  Map  vars  int  c  end  nextSkipSlot  nextSlot  start  type  	projects/Closure80/src/com/google/javascript/jscomp/NodeUtil.java	0.4082482904638631	1264	1264	2	replace	Preconditions.checkState(NodeUtil.isFunctionAnonymous(n)||  NodeUtil.isFunctionBoolean(n))  {  return  true;  }	  Preconditions.checkState(NodeUtil.isFunctionAnonymous(n)||    NodeUtil.isFunctionBoolean(n))    {    return    false;    }    	non-compiled	[CE]  	88	None	replace
8	[BUG]  [BUGGY]  NodeUtil.isFunctionAnonymous(n)||  NodeUtil.isGetProp(n))  {  return  false;  }  [CE]  [FE]                    IllegalStateException      [CONTEXT]      case  Token.LE:  case  Token.GE:  case  Token.IN:  case  Token.INSTANCEOF:  case  Token.NOT:  return  true;  default:      [BUGGY]  NodeUtil.isFunctionAnonymous(n)||  NodeUtil.isGetProp(n))  {  return  false;  }  [BUGGY]      }  }  [CLASS]  NodeUtil  NumbericResultPredicate  BooleanResultPredicate  MayBeStringResultPredicate  VarCollector  MatchNameNode  MatchNodeType  MatchDeclaration  MatchNotFunction  MatchShallowStatement  [METHOD]  isBooleanResultHelper  [RETURN_TYPE]  boolean  Node  n  [VARIABLES]  BooleanResultPredicate  BOOLEAN_RESULT_PREDICATE  Set  BUILTIN_FUNCTIONS_WITHOUT_SIDEEFFECTS  CONSTRUCTORS_WITHOUT_SIDE_EFFECTS  OBJECT_METHODS_WITHOUT_SIDEEFFECTS  REGEXP_METHODS  STRING_REGEXP_METHODS  defines  emptySet  knownConstants  NumbericResultPredicate  NUMBERIC_RESULT_PREDICATE  boolean  MayBeStringResultPredicate  MAY_BE_STRING_PREDICATE  Node  n  String  JSC_PROPERTY_NAME_FN  childValue  name  namespaceName  rawJsString  s  value  Map  vars  int  c  end  nextSkipSlot  nextSlot  start  type  	projects/Closure80/src/com/google/javascript/jscomp/NodeUtil.java	0.4082482904638631	1264	1264	2	replace	NodeUtil.isFunctionAnonymous(n)||  NodeUtil.isGetProp(n))  {  return  false;  }	  if(NodeUtil.isFunctionAnonymous(n)||    NodeUtil.isGetProp(n))    {    return    true;    }    	non-compiled	[CE]  	161	None	replace
9	[BUG]  [BUGGY]  Preconditions.checkState(NodeUtil.isFunctionAnonymous(n)||  NodeUtil.isGetProp(n))  {  return  true;  }  [CE]  [FE]                      IllegalStateException      [CONTEXT]      case  Token.LE:  case  Token.GE:  case  Token.IN:  case  Token.INSTANCEOF:  case  Token.NOT:  return  true;  default:      [BUGGY]  Preconditions.checkState(NodeUtil.isFunctionAnonymous(n)||  NodeUtil.isGetProp(n))  {  return  true;  }  [BUGGY]      }  }  [CLASS]  NodeUtil  NumbericResultPredicate  BooleanResultPredicate  MayBeStringResultPredicate  VarCollector  MatchNameNode  MatchNodeType  MatchDeclaration  MatchNotFunction  MatchShallowStatement  [METHOD]  isBooleanResultHelper  [RETURN_TYPE]  boolean  Node  n  [VARIABLES]  BooleanResultPredicate  BOOLEAN_RESULT_PREDICATE  Set  BUILTIN_FUNCTIONS_WITHOUT_SIDEEFFECTS  CONSTRUCTORS_WITHOUT_SIDE_EFFECTS  OBJECT_METHODS_WITHOUT_SIDEEFFECTS  REGEXP_METHODS  STRING_REGEXP_METHODS  defines  emptySet  knownConstants  NumbericResultPredicate  NUMBERIC_RESULT_PREDICATE  boolean  MayBeStringResultPredicate  MAY_BE_STRING_PREDICATE  Node  n  String  JSC_PROPERTY_NAME_FN  childValue  name  namespaceName  rawJsString  s  value  Map  vars  int  c  end  nextSkipSlot  nextSlot  start  type  	projects/Closure80/src/com/google/javascript/jscomp/NodeUtil.java	0.4082482904638631	1264	1264	2	replace	Preconditions.checkState(NodeUtil.isFunctionAnonymous(n)||  NodeUtil.isGetProp(n))  {  return  true;  }	  if(NodeUtil.isFunctionAnonymous(n)||    NodeUtil.isGetProp(n))    {    return    true;    }    	non-compiled	[CE]  	161	None	replace
10	[BUG]  [BUGGY]  Context.checkState(NodeUtil.isFunctionAnonymous(n)||  NodeUtil.isGetProp(n))  {  return  true;  }  [CE]  [FE]                        IllegalStateException      [CONTEXT]      case  Token.LE:  case  Token.GE:  case  Token.IN:  case  Token.INSTANCEOF:  case  Token.NOT:  return  true;  default:      [BUGGY]  Context.checkState(NodeUtil.isFunctionAnonymous(n)||  NodeUtil.isGetProp(n))  {  return  true;  }  [BUGGY]      }  }  [CLASS]  NodeUtil  NumbericResultPredicate  BooleanResultPredicate  MayBeStringResultPredicate  VarCollector  MatchNameNode  MatchNodeType  MatchDeclaration  MatchNotFunction  MatchShallowStatement  [METHOD]  isBooleanResultHelper  [RETURN_TYPE]  boolean  Node  n  [VARIABLES]  BooleanResultPredicate  BOOLEAN_RESULT_PREDICATE  Set  BUILTIN_FUNCTIONS_WITHOUT_SIDEEFFECTS  CONSTRUCTORS_WITHOUT_SIDE_EFFECTS  OBJECT_METHODS_WITHOUT_SIDEEFFECTS  REGEXP_METHODS  STRING_REGEXP_METHODS  defines  emptySet  knownConstants  NumbericResultPredicate  NUMBERIC_RESULT_PREDICATE  boolean  MayBeStringResultPredicate  MAY_BE_STRING_PREDICATE  Node  n  String  JSC_PROPERTY_NAME_FN  childValue  name  namespaceName  rawJsString  s  value  Map  vars  int  c  end  nextSkipSlot  nextSlot  start  type  	projects/Closure80/src/com/google/javascript/jscomp/NodeUtil.java	0.4082482904638631	1264	1264	2	replace	Context.checkState(NodeUtil.isFunctionAnonymous(n)||  NodeUtil.isGetProp(n))  {  return  true;  }	  if(NodeUtil.isFunctionAnonymous(n)||    NodeUtil.isGetProp(n))    {    return    true;    }    	non-compiled	[CE]  	161	None	replace
11	[BUG]  [BUGGY]  NodeUtil.isFunctionAnonymous(n)&&  NodeUtil.isGetProp(n))  {  return  true;  }  [CE]  [FE]                          IllegalStateException      [CONTEXT]      case  Token.LE:  case  Token.GE:  case  Token.IN:  case  Token.INSTANCEOF:  case  Token.NOT:  return  true;  default:      [BUGGY]  NodeUtil.isFunctionAnonymous(n)&&  NodeUtil.isGetProp(n))  {  return  true;  }  [BUGGY]      }  }  [CLASS]  NodeUtil  NumbericResultPredicate  BooleanResultPredicate  MayBeStringResultPredicate  VarCollector  MatchNameNode  MatchNodeType  MatchDeclaration  MatchNotFunction  MatchShallowStatement  [METHOD]  isBooleanResultHelper  [RETURN_TYPE]  boolean  Node  n  [VARIABLES]  BooleanResultPredicate  BOOLEAN_RESULT_PREDICATE  Set  BUILTIN_FUNCTIONS_WITHOUT_SIDEEFFECTS  CONSTRUCTORS_WITHOUT_SIDE_EFFECTS  OBJECT_METHODS_WITHOUT_SIDEEFFECTS  REGEXP_METHODS  STRING_REGEXP_METHODS  defines  emptySet  knownConstants  NumbericResultPredicate  NUMBERIC_RESULT_PREDICATE  boolean  MayBeStringResultPredicate  MAY_BE_STRING_PREDICATE  Node  n  String  JSC_PROPERTY_NAME_FN  childValue  name  namespaceName  rawJsString  s  value  Map  vars  int  c  end  nextSkipSlot  nextSlot  start  type  	projects/Closure80/src/com/google/javascript/jscomp/NodeUtil.java	0.4082482904638631	1264	1264	2	replace	NodeUtil.isFunctionAnonymous(n)&&  NodeUtil.isGetProp(n))  {  return  true;  }	  if(NodeUtil.isFunctionAnonymous(n)||    NodeUtil.isGetProp(n))    {    return    true;    }    	non-compiled	[CE]  	161	None	replace
12	[BUG]  [BUGGY]  if(NodeUtil.isFunctionAnonymous(n)&&  NodeUtil.isGetProp(n))  {  return  true;  }  [CE]  [FE]                            IllegalStateException      [CONTEXT]      case  Token.LE:  case  Token.GE:  case  Token.IN:  case  Token.INSTANCEOF:  case  Token.NOT:  return  true;  default:      [BUGGY]  if(NodeUtil.isFunctionAnonymous(n)&&  NodeUtil.isGetProp(n))  {  return  true;  }  [BUGGY]      }  }  [CLASS]  NodeUtil  NumbericResultPredicate  BooleanResultPredicate  MayBeStringResultPredicate  VarCollector  MatchNameNode  MatchNodeType  MatchDeclaration  MatchNotFunction  MatchShallowStatement  [METHOD]  isBooleanResultHelper  [RETURN_TYPE]  boolean  Node  n  [VARIABLES]  BooleanResultPredicate  BOOLEAN_RESULT_PREDICATE  Set  BUILTIN_FUNCTIONS_WITHOUT_SIDEEFFECTS  CONSTRUCTORS_WITHOUT_SIDE_EFFECTS  OBJECT_METHODS_WITHOUT_SIDEEFFECTS  REGEXP_METHODS  STRING_REGEXP_METHODS  defines  emptySet  knownConstants  NumbericResultPredicate  NUMBERIC_RESULT_PREDICATE  boolean  MayBeStringResultPredicate  MAY_BE_STRING_PREDICATE  Node  n  String  JSC_PROPERTY_NAME_FN  childValue  name  namespaceName  rawJsString  s  value  Map  vars  int  c  end  nextSkipSlot  nextSlot  start  type  	projects/Closure80/src/com/google/javascript/jscomp/NodeUtil.java	0.4082482904638631	1264	1264	2	replace	if(NodeUtil.isFunctionAnonymous(n)&&  NodeUtil.isGetProp(n))  {  return  true;  }	  if(NodeUtil.isFunctionAnonymous(n)||    NodeUtil.isGetProp(n))    {    return    true;    }    	non-compiled	[CE]  	161	None	replace
13	[BUG]  [BUGGY]  if(NodeUtil.isFunctionAnonymous(n)&&  NodeUtil.isGetProp(n))  {  return  false;  }  [CE]  [FE]                              IllegalStateException      [CONTEXT]      case  Token.LE:  case  Token.GE:  case  Token.IN:  case  Token.INSTANCEOF:  case  Token.NOT:  return  true;  default:      [BUGGY]  if(NodeUtil.isFunctionAnonymous(n)&&  NodeUtil.isGetProp(n))  {  return  false;  }  [BUGGY]      }  }  [CLASS]  NodeUtil  NumbericResultPredicate  BooleanResultPredicate  MayBeStringResultPredicate  VarCollector  MatchNameNode  MatchNodeType  MatchDeclaration  MatchNotFunction  MatchShallowStatement  [METHOD]  isBooleanResultHelper  [RETURN_TYPE]  boolean  Node  n  [VARIABLES]  BooleanResultPredicate  BOOLEAN_RESULT_PREDICATE  Set  BUILTIN_FUNCTIONS_WITHOUT_SIDEEFFECTS  CONSTRUCTORS_WITHOUT_SIDE_EFFECTS  OBJECT_METHODS_WITHOUT_SIDEEFFECTS  REGEXP_METHODS  STRING_REGEXP_METHODS  defines  emptySet  knownConstants  NumbericResultPredicate  NUMBERIC_RESULT_PREDICATE  boolean  MayBeStringResultPredicate  MAY_BE_STRING_PREDICATE  Node  n  String  JSC_PROPERTY_NAME_FN  childValue  name  namespaceName  rawJsString  s  value  Map  vars  int  c  end  nextSkipSlot  nextSlot  start  type  	projects/Closure80/src/com/google/javascript/jscomp/NodeUtil.java	0.4082482904638631	1264	1264	2	replace	if(NodeUtil.isFunctionAnonymous(n)&&  NodeUtil.isGetProp(n))  {  return  false;  }	  if(NodeUtil.isFunctionAnonymous(n)||    NodeUtil.isGetProp(n))    {    return    true;    }    	non-compiled	[CE]  	161	None	replace
14	[BUG]  [BUGGY]  if(n.getType()  ==  Token.NAME  &&  n.getType()  ==  Token.VAR)  {  return  false;  }  [CE]  [FE]                  IllegalStateException      [CONTEXT]      case  Token.LE:  case  Token.GE:  case  Token.IN:  case  Token.INSTANCEOF:  case  Token.NOT:  return  true;  default:      [BUGGY]  if(n.getType()  ==  Token.NAME  &&  n.getType()  ==  Token.VAR)  {  return  false;  }  [BUGGY]      }  }  [CLASS]  NodeUtil  NumbericResultPredicate  BooleanResultPredicate  MayBeStringResultPredicate  VarCollector  MatchNameNode  MatchNodeType  MatchDeclaration  MatchNotFunction  MatchShallowStatement  [METHOD]  isBooleanResultHelper  [RETURN_TYPE]  boolean  Node  n  [VARIABLES]  BooleanResultPredicate  BOOLEAN_RESULT_PREDICATE  Set  BUILTIN_FUNCTIONS_WITHOUT_SIDEEFFECTS  CONSTRUCTORS_WITHOUT_SIDE_EFFECTS  OBJECT_METHODS_WITHOUT_SIDEEFFECTS  REGEXP_METHODS  STRING_REGEXP_METHODS  defines  emptySet  knownConstants  NumbericResultPredicate  NUMBERIC_RESULT_PREDICATE  boolean  MayBeStringResultPredicate  MAY_BE_STRING_PREDICATE  Node  n  String  JSC_PROPERTY_NAME_FN  childValue  name  namespaceName  rawJsString  s  value  Map  vars  int  c  end  nextSkipSlot  nextSlot  start  type  	projects/Closure80/src/com/google/javascript/jscomp/NodeUtil.java	0.4082482904638631	1264	1264	2	replace	if(n.getType()  ==  Token.NAME  &&  n.getType()  ==  Token.VAR)  {  return  false;  }	  if(n.getType()    ==    Token.NAME    ||    n.getType()    ==    Token.VAR)    {    return    false;    }    	non-compiled	[CE]  	163	None	replace
15	[BUG]  [BUGGY]  ||  n.getType()  ==  Token.VAR)  {  return  false;  }  [CE]  [FE]                    IllegalStateException      [CONTEXT]      case  Token.LE:  case  Token.GE:  case  Token.IN:  case  Token.INSTANCEOF:  case  Token.NOT:  return  true;  default:      [BUGGY]  ||  n.getType()  ==  Token.VAR)  {  return  false;  }  [BUGGY]      }  }  [CLASS]  NodeUtil  NumbericResultPredicate  BooleanResultPredicate  MayBeStringResultPredicate  VarCollector  MatchNameNode  MatchNodeType  MatchDeclaration  MatchNotFunction  MatchShallowStatement  [METHOD]  isBooleanResultHelper  [RETURN_TYPE]  boolean  Node  n  [VARIABLES]  BooleanResultPredicate  BOOLEAN_RESULT_PREDICATE  Set  BUILTIN_FUNCTIONS_WITHOUT_SIDEEFFECTS  CONSTRUCTORS_WITHOUT_SIDE_EFFECTS  OBJECT_METHODS_WITHOUT_SIDEEFFECTS  REGEXP_METHODS  STRING_REGEXP_METHODS  defines  emptySet  knownConstants  NumbericResultPredicate  NUMBERIC_RESULT_PREDICATE  boolean  MayBeStringResultPredicate  MAY_BE_STRING_PREDICATE  Node  n  String  JSC_PROPERTY_NAME_FN  childValue  name  namespaceName  rawJsString  s  value  Map  vars  int  c  end  nextSkipSlot  nextSlot  start  type  	projects/Closure80/src/com/google/javascript/jscomp/NodeUtil.java	0.4082482904638631	1264	1264	2	replace	||  n.getType()  ==  Token.VAR)  {  return  false;  }	  if(n.getType()    ==    Token.NAME    ||    n.getType()    ==    Token.VAR)    {    return    false;    }    	non-compiled	[CE]  	163	None	replace
16	[BUG]  [BUGGY]  if(n.getType()  ==  Token.NAME  ||  n.getType()!=  Token.VAR)  {  return  false;  }  [CE]  [FE]                      IllegalStateException      [CONTEXT]      case  Token.LE:  case  Token.GE:  case  Token.IN:  case  Token.INSTANCEOF:  case  Token.NOT:  return  true;  default:      [BUGGY]  if(n.getType()  ==  Token.NAME  ||  n.getType()!=  Token.VAR)  {  return  false;  }  [BUGGY]      }  }  [CLASS]  NodeUtil  NumbericResultPredicate  BooleanResultPredicate  MayBeStringResultPredicate  VarCollector  MatchNameNode  MatchNodeType  MatchDeclaration  MatchNotFunction  MatchShallowStatement  [METHOD]  isBooleanResultHelper  [RETURN_TYPE]  boolean  Node  n  [VARIABLES]  BooleanResultPredicate  BOOLEAN_RESULT_PREDICATE  Set  BUILTIN_FUNCTIONS_WITHOUT_SIDEEFFECTS  CONSTRUCTORS_WITHOUT_SIDE_EFFECTS  OBJECT_METHODS_WITHOUT_SIDEEFFECTS  REGEXP_METHODS  STRING_REGEXP_METHODS  defines  emptySet  knownConstants  NumbericResultPredicate  NUMBERIC_RESULT_PREDICATE  boolean  MayBeStringResultPredicate  MAY_BE_STRING_PREDICATE  Node  n  String  JSC_PROPERTY_NAME_FN  childValue  name  namespaceName  rawJsString  s  value  Map  vars  int  c  end  nextSkipSlot  nextSlot  start  type  	projects/Closure80/src/com/google/javascript/jscomp/NodeUtil.java	0.4082482904638631	1264	1264	2	replace	if(n.getType()  ==  Token.NAME  ||  n.getType()!=  Token.VAR)  {  return  false;  }	  if(n.getType()    ==    Token.NAME    ||    n.getType()    ==    Token.VAR)    {    return    false;    }    	non-compiled	[CE]  	163	None	replace
17	[BUG]  [BUGGY]  n.getType()  ==  Token.NAME  ||  n.getType()  ==  Token.VAR)  {  return  false;  }  [CE]  [FE]                        IllegalStateException      [CONTEXT]      case  Token.LE:  case  Token.GE:  case  Token.IN:  case  Token.INSTANCEOF:  case  Token.NOT:  return  true;  default:      [BUGGY]  n.getType()  ==  Token.NAME  ||  n.getType()  ==  Token.VAR)  {  return  false;  }  [BUGGY]      }  }  [CLASS]  NodeUtil  NumbericResultPredicate  BooleanResultPredicate  MayBeStringResultPredicate  VarCollector  MatchNameNode  MatchNodeType  MatchDeclaration  MatchNotFunction  MatchShallowStatement  [METHOD]  isBooleanResultHelper  [RETURN_TYPE]  boolean  Node  n  [VARIABLES]  BooleanResultPredicate  BOOLEAN_RESULT_PREDICATE  Set  BUILTIN_FUNCTIONS_WITHOUT_SIDEEFFECTS  CONSTRUCTORS_WITHOUT_SIDE_EFFECTS  OBJECT_METHODS_WITHOUT_SIDEEFFECTS  REGEXP_METHODS  STRING_REGEXP_METHODS  defines  emptySet  knownConstants  NumbericResultPredicate  NUMBERIC_RESULT_PREDICATE  boolean  MayBeStringResultPredicate  MAY_BE_STRING_PREDICATE  Node  n  String  JSC_PROPERTY_NAME_FN  childValue  name  namespaceName  rawJsString  s  value  Map  vars  int  c  end  nextSkipSlot  nextSlot  start  type  	projects/Closure80/src/com/google/javascript/jscomp/NodeUtil.java	0.4082482904638631	1264	1264	2	replace	n.getType()  ==  Token.NAME  ||  n.getType()  ==  Token.VAR)  {  return  false;  }	  if(n.getType()    ==    Token.NAME    ||    n.getType()    ==    Token.VAR)    {    return    false;    }    	non-compiled	[CE]  	163	None	replace
18	[BUG]  [BUGGY]  if(n.getType()!=  Token.NAME  ||  n.getType()  ==  Token.VAR)  {  return  false;  }  [CE]  [FE]                          IllegalStateException      [CONTEXT]      case  Token.LE:  case  Token.GE:  case  Token.IN:  case  Token.INSTANCEOF:  case  Token.NOT:  return  true;  default:      [BUGGY]  if(n.getType()!=  Token.NAME  ||  n.getType()  ==  Token.VAR)  {  return  false;  }  [BUGGY]      }  }  [CLASS]  NodeUtil  NumbericResultPredicate  BooleanResultPredicate  MayBeStringResultPredicate  VarCollector  MatchNameNode  MatchNodeType  MatchDeclaration  MatchNotFunction  MatchShallowStatement  [METHOD]  isBooleanResultHelper  [RETURN_TYPE]  boolean  Node  n  [VARIABLES]  BooleanResultPredicate  BOOLEAN_RESULT_PREDICATE  Set  BUILTIN_FUNCTIONS_WITHOUT_SIDEEFFECTS  CONSTRUCTORS_WITHOUT_SIDE_EFFECTS  OBJECT_METHODS_WITHOUT_SIDEEFFECTS  REGEXP_METHODS  STRING_REGEXP_METHODS  defines  emptySet  knownConstants  NumbericResultPredicate  NUMBERIC_RESULT_PREDICATE  boolean  MayBeStringResultPredicate  MAY_BE_STRING_PREDICATE  Node  n  String  JSC_PROPERTY_NAME_FN  childValue  name  namespaceName  rawJsString  s  value  Map  vars  int  c  end  nextSkipSlot  nextSlot  start  type  	projects/Closure80/src/com/google/javascript/jscomp/NodeUtil.java	0.4082482904638631	1264	1264	2	replace	if(n.getType()!=  Token.NAME  ||  n.getType()  ==  Token.VAR)  {  return  false;  }	  if(n.getType()    ==    Token.NAME    ||    n.getType()    ==    Token.VAR)    {    return    false;    }    	non-compiled	[CE]  	163	None	replace
19	[BUG]  [BUGGY]  if(n.getType()  ==  Token.NAME  ||  n.getType()  ==  Token.VAR)return  false;  }  [CE]  [FE]                            IllegalStateException      [CONTEXT]      case  Token.LE:  case  Token.GE:  case  Token.IN:  case  Token.INSTANCEOF:  case  Token.NOT:  return  true;  default:      [BUGGY]  if(n.getType()  ==  Token.NAME  ||  n.getType()  ==  Token.VAR)return  false;  }  [BUGGY]      }  }  [CLASS]  NodeUtil  NumbericResultPredicate  BooleanResultPredicate  MayBeStringResultPredicate  VarCollector  MatchNameNode  MatchNodeType  MatchDeclaration  MatchNotFunction  MatchShallowStatement  [METHOD]  isBooleanResultHelper  [RETURN_TYPE]  boolean  Node  n  [VARIABLES]  BooleanResultPredicate  BOOLEAN_RESULT_PREDICATE  Set  BUILTIN_FUNCTIONS_WITHOUT_SIDEEFFECTS  CONSTRUCTORS_WITHOUT_SIDE_EFFECTS  OBJECT_METHODS_WITHOUT_SIDEEFFECTS  REGEXP_METHODS  STRING_REGEXP_METHODS  defines  emptySet  knownConstants  NumbericResultPredicate  NUMBERIC_RESULT_PREDICATE  boolean  MayBeStringResultPredicate  MAY_BE_STRING_PREDICATE  Node  n  String  JSC_PROPERTY_NAME_FN  childValue  name  namespaceName  rawJsString  s  value  Map  vars  int  c  end  nextSkipSlot  nextSlot  start  type  	projects/Closure80/src/com/google/javascript/jscomp/NodeUtil.java	0.4082482904638631	1264	1264	2	replace	if(n.getType()  ==  Token.NAME  ||  n.getType()  ==  Token.VAR)return  false;  }	  if(n.getType()    ==    Token.NAME    ||    n.getType()    ==    Token.VAR)    {    return    false;    }    	non-compiled	[CE]  	163	None	replace
20	[BUG]  [BUGGY]  return(n.getType()  ==  Token.BLOCK)?  BooleanResultPredicate.FALSE  :  BooleanResultPredicate.FUNCTION;  [CE]  [FE]                          IllegalStateException      [CONTEXT]      case  Token.LE:  case  Token.GE:  case  Token.IN:  case  Token.INSTANCEOF:  case  Token.NOT:  return  true;  default:      [BUGGY]  return(n.getType()  ==  Token.BLOCK)?  BooleanResultPredicate.FALSE  :  BooleanResultPredicate.FUNCTION;  [BUGGY]      }  }  [CLASS]  NodeUtil  NumbericResultPredicate  BooleanResultPredicate  MayBeStringResultPredicate  VarCollector  MatchNameNode  MatchNodeType  MatchDeclaration  MatchNotFunction  MatchShallowStatement  [METHOD]  isBooleanResultHelper  [RETURN_TYPE]  boolean  Node  n  [VARIABLES]  BooleanResultPredicate  BOOLEAN_RESULT_PREDICATE  Set  BUILTIN_FUNCTIONS_WITHOUT_SIDEEFFECTS  CONSTRUCTORS_WITHOUT_SIDE_EFFECTS  OBJECT_METHODS_WITHOUT_SIDEEFFECTS  REGEXP_METHODS  STRING_REGEXP_METHODS  defines  emptySet  knownConstants  NumbericResultPredicate  NUMBERIC_RESULT_PREDICATE  boolean  MayBeStringResultPredicate  MAY_BE_STRING_PREDICATE  Node  n  String  JSC_PROPERTY_NAME_FN  childValue  name  namespaceName  rawJsString  s  value  Map  vars  int  c  end  nextSkipSlot  nextSlot  start  type  	projects/Closure80/src/com/google/javascript/jscomp/NodeUtil.java	0.4082482904638631	1264	1264	2	replace	return(n.getType()  ==  Token.BLOCK)?  BooleanResultPredicate.FALSE  :  BooleanResultPredicate.FUNCTION;	  return(n.getType()    ==    Token.BLOCK)?    BooleanResultPredicate.FALSE    :    BooleanResultPredicate.BOOLEAN;    	non-compiled	[CE]  	49	None	replace
21	[BUG]  [BUGGY]  return(n.getType()  ==  Token.BLOCK)?  BooleanResultPredicate.FALSE  :  BooleanResultPredicate.NUMBERIC_RESULT_PREDICATE;  [CE]  [FE]                            IllegalStateException      [CONTEXT]      case  Token.LE:  case  Token.GE:  case  Token.IN:  case  Token.INSTANCEOF:  case  Token.NOT:  return  true;  default:      [BUGGY]  return(n.getType()  ==  Token.BLOCK)?  BooleanResultPredicate.FALSE  :  BooleanResultPredicate.NUMBERIC_RESULT_PREDICATE;  [BUGGY]      }  }  [CLASS]  NodeUtil  NumbericResultPredicate  BooleanResultPredicate  MayBeStringResultPredicate  VarCollector  MatchNameNode  MatchNodeType  MatchDeclaration  MatchNotFunction  MatchShallowStatement  [METHOD]  isBooleanResultHelper  [RETURN_TYPE]  boolean  Node  n  [VARIABLES]  BooleanResultPredicate  BOOLEAN_RESULT_PREDICATE  Set  BUILTIN_FUNCTIONS_WITHOUT_SIDEEFFECTS  CONSTRUCTORS_WITHOUT_SIDE_EFFECTS  OBJECT_METHODS_WITHOUT_SIDEEFFECTS  REGEXP_METHODS  STRING_REGEXP_METHODS  defines  emptySet  knownConstants  NumbericResultPredicate  NUMBERIC_RESULT_PREDICATE  boolean  MayBeStringResultPredicate  MAY_BE_STRING_PREDICATE  Node  n  String  JSC_PROPERTY_NAME_FN  childValue  name  namespaceName  rawJsString  s  value  Map  vars  int  c  end  nextSkipSlot  nextSlot  start  type  	projects/Closure80/src/com/google/javascript/jscomp/NodeUtil.java	0.4082482904638631	1264	1264	2	replace	return(n.getType()  ==  Token.BLOCK)?  BooleanResultPredicate.FALSE  :  BooleanResultPredicate.NUMBERIC_RESULT_PREDICATE;	  return(n.getType()    ==    Token.BLOCK)?    BooleanResultPredicate.FALSE    :    BooleanResultPredicate.BOOLEAN;    	non-compiled	[CE]  	49	None	replace
22	[BUG]  [BUGGY]  return(n.getType()  ==  Token.BLOCK)?  BooleanResultPredicate.FALSE  :  BooleanResultPredicate.BOOLEAN_RESULT_PREDICATE;  [CE]  [FE]                              IllegalStateException      [CONTEXT]      case  Token.LE:  case  Token.GE:  case  Token.IN:  case  Token.INSTANCEOF:  case  Token.NOT:  return  true;  default:      [BUGGY]  return(n.getType()  ==  Token.BLOCK)?  BooleanResultPredicate.FALSE  :  BooleanResultPredicate.BOOLEAN_RESULT_PREDICATE;  [BUGGY]      }  }  [CLASS]  NodeUtil  NumbericResultPredicate  BooleanResultPredicate  MayBeStringResultPredicate  VarCollector  MatchNameNode  MatchNodeType  MatchDeclaration  MatchNotFunction  MatchShallowStatement  [METHOD]  isBooleanResultHelper  [RETURN_TYPE]  boolean  Node  n  [VARIABLES]  BooleanResultPredicate  BOOLEAN_RESULT_PREDICATE  Set  BUILTIN_FUNCTIONS_WITHOUT_SIDEEFFECTS  CONSTRUCTORS_WITHOUT_SIDE_EFFECTS  OBJECT_METHODS_WITHOUT_SIDEEFFECTS  REGEXP_METHODS  STRING_REGEXP_METHODS  defines  emptySet  knownConstants  NumbericResultPredicate  NUMBERIC_RESULT_PREDICATE  boolean  MayBeStringResultPredicate  MAY_BE_STRING_PREDICATE  Node  n  String  JSC_PROPERTY_NAME_FN  childValue  name  namespaceName  rawJsString  s  value  Map  vars  int  c  end  nextSkipSlot  nextSlot  start  type  	projects/Closure80/src/com/google/javascript/jscomp/NodeUtil.java	0.4082482904638631	1264	1264	2	replace	return(n.getType()  ==  Token.BLOCK)?  BooleanResultPredicate.FALSE  :  BooleanResultPredicate.BOOLEAN_RESULT_PREDICATE;	  return(n.getType()    ==    Token.BLOCK)?    BooleanResultPredicate.FALSE    :    BooleanResultPredicate.BOOLEAN;    	non-compiled	[CE]  	49	None	replace
23	[BUG]  [BUGGY]  ||  n.getFirstChild()!=  null)  {  return  false;  }  [CE]  [FE]                  IllegalStateException      [CONTEXT]      case  Token.LE:  case  Token.GE:  case  Token.IN:  case  Token.INSTANCEOF:  case  Token.NOT:  return  true;  default:      [BUGGY]  ||  n.getFirstChild()!=  null)  {  return  false;  }  [BUGGY]      }  }  [CLASS]  NodeUtil  NumbericResultPredicate  BooleanResultPredicate  MayBeStringResultPredicate  VarCollector  MatchNameNode  MatchNodeType  MatchDeclaration  MatchNotFunction  MatchShallowStatement  [METHOD]  isBooleanResultHelper  [RETURN_TYPE]  boolean  Node  n  [VARIABLES]  BooleanResultPredicate  BOOLEAN_RESULT_PREDICATE  Set  BUILTIN_FUNCTIONS_WITHOUT_SIDEEFFECTS  CONSTRUCTORS_WITHOUT_SIDE_EFFECTS  OBJECT_METHODS_WITHOUT_SIDEEFFECTS  REGEXP_METHODS  STRING_REGEXP_METHODS  defines  emptySet  knownConstants  NumbericResultPredicate  NUMBERIC_RESULT_PREDICATE  boolean  MayBeStringResultPredicate  MAY_BE_STRING_PREDICATE  Node  n  String  JSC_PROPERTY_NAME_FN  childValue  name  namespaceName  rawJsString  s  value  Map  vars  int  c  end  nextSkipSlot  nextSlot  start  type  	projects/Closure80/src/com/google/javascript/jscomp/NodeUtil.java	0.4082482904638631	1264	1264	2	replace	||  n.getFirstChild()!=  null)  {  return  false;  }	  if(n.getType()    ==    Token.FUNCTION    ||    n.getFirstChild()!=    null)    {    return    false;    }    	non-compiled	[CE]  	120	None	replace
24	[BUG]  [BUGGY]  if(n.getType()  ==  Token.FUNCTION  &&  n.getFirstChild()!=  null)  {  return  false;  }  [CE]  [FE]                    IllegalStateException      [CONTEXT]      case  Token.LE:  case  Token.GE:  case  Token.IN:  case  Token.INSTANCEOF:  case  Token.NOT:  return  true;  default:      [BUGGY]  if(n.getType()  ==  Token.FUNCTION  &&  n.getFirstChild()!=  null)  {  return  false;  }  [BUGGY]      }  }  [CLASS]  NodeUtil  NumbericResultPredicate  BooleanResultPredicate  MayBeStringResultPredicate  VarCollector  MatchNameNode  MatchNodeType  MatchDeclaration  MatchNotFunction  MatchShallowStatement  [METHOD]  isBooleanResultHelper  [RETURN_TYPE]  boolean  Node  n  [VARIABLES]  BooleanResultPredicate  BOOLEAN_RESULT_PREDICATE  Set  BUILTIN_FUNCTIONS_WITHOUT_SIDEEFFECTS  CONSTRUCTORS_WITHOUT_SIDE_EFFECTS  OBJECT_METHODS_WITHOUT_SIDEEFFECTS  REGEXP_METHODS  STRING_REGEXP_METHODS  defines  emptySet  knownConstants  NumbericResultPredicate  NUMBERIC_RESULT_PREDICATE  boolean  MayBeStringResultPredicate  MAY_BE_STRING_PREDICATE  Node  n  String  JSC_PROPERTY_NAME_FN  childValue  name  namespaceName  rawJsString  s  value  Map  vars  int  c  end  nextSkipSlot  nextSlot  start  type  	projects/Closure80/src/com/google/javascript/jscomp/NodeUtil.java	0.4082482904638631	1264	1264	2	replace	if(n.getType()  ==  Token.FUNCTION  &&  n.getFirstChild()!=  null)  {  return  false;  }	  if(n.getType()    ==    Token.FUNCTION    ||    n.getFirstChild()!=    null)    {    return    false;    }    	non-compiled	[CE]  	120	None	replace
25	[BUG]  [BUGGY]  &&  n.getType()  ==  Token.FUNCTION  ||  n.getFirstChild()!=  null)  {  return  false;  }  [CE]  [FE]                      IllegalStateException      [CONTEXT]      case  Token.LE:  case  Token.GE:  case  Token.IN:  case  Token.INSTANCEOF:  case  Token.NOT:  return  true;  default:      [BUGGY]  &&  n.getType()  ==  Token.FUNCTION  ||  n.getFirstChild()!=  null)  {  return  false;  }  [BUGGY]      }  }  [CLASS]  NodeUtil  NumbericResultPredicate  BooleanResultPredicate  MayBeStringResultPredicate  VarCollector  MatchNameNode  MatchNodeType  MatchDeclaration  MatchNotFunction  MatchShallowStatement  [METHOD]  isBooleanResultHelper  [RETURN_TYPE]  boolean  Node  n  [VARIABLES]  BooleanResultPredicate  BOOLEAN_RESULT_PREDICATE  Set  BUILTIN_FUNCTIONS_WITHOUT_SIDEEFFECTS  CONSTRUCTORS_WITHOUT_SIDE_EFFECTS  OBJECT_METHODS_WITHOUT_SIDEEFFECTS  REGEXP_METHODS  STRING_REGEXP_METHODS  defines  emptySet  knownConstants  NumbericResultPredicate  NUMBERIC_RESULT_PREDICATE  boolean  MayBeStringResultPredicate  MAY_BE_STRING_PREDICATE  Node  n  String  JSC_PROPERTY_NAME_FN  childValue  name  namespaceName  rawJsString  s  value  Map  vars  int  c  end  nextSkipSlot  nextSlot  start  type  	projects/Closure80/src/com/google/javascript/jscomp/NodeUtil.java	0.4082482904638631	1264	1264	2	replace	&&  n.getType()  ==  Token.FUNCTION  ||  n.getFirstChild()!=  null)  {  return  false;  }	  if(n.getType()    ==    Token.FUNCTION    ||    n.getFirstChild()!=    null)    {    return    false;    }    	non-compiled	[CE]  	120	None	replace
26	[BUG]  [BUGGY]  n.getType()  ==  Token.FUNCTION  ||  n.getFirstChild()!=  null)  {  return  false;  }  [CE]  [FE]                        IllegalStateException      [CONTEXT]      case  Token.LE:  case  Token.GE:  case  Token.IN:  case  Token.INSTANCEOF:  case  Token.NOT:  return  true;  default:      [BUGGY]  n.getType()  ==  Token.FUNCTION  ||  n.getFirstChild()!=  null)  {  return  false;  }  [BUGGY]      }  }  [CLASS]  NodeUtil  NumbericResultPredicate  BooleanResultPredicate  MayBeStringResultPredicate  VarCollector  MatchNameNode  MatchNodeType  MatchDeclaration  MatchNotFunction  MatchShallowStatement  [METHOD]  isBooleanResultHelper  [RETURN_TYPE]  boolean  Node  n  [VARIABLES]  BooleanResultPredicate  BOOLEAN_RESULT_PREDICATE  Set  BUILTIN_FUNCTIONS_WITHOUT_SIDEEFFECTS  CONSTRUCTORS_WITHOUT_SIDE_EFFECTS  OBJECT_METHODS_WITHOUT_SIDEEFFECTS  REGEXP_METHODS  STRING_REGEXP_METHODS  defines  emptySet  knownConstants  NumbericResultPredicate  NUMBERIC_RESULT_PREDICATE  boolean  MayBeStringResultPredicate  MAY_BE_STRING_PREDICATE  Node  n  String  JSC_PROPERTY_NAME_FN  childValue  name  namespaceName  rawJsString  s  value  Map  vars  int  c  end  nextSkipSlot  nextSlot  start  type  	projects/Closure80/src/com/google/javascript/jscomp/NodeUtil.java	0.4082482904638631	1264	1264	2	replace	n.getType()  ==  Token.FUNCTION  ||  n.getFirstChild()!=  null)  {  return  false;  }	  if(n.getType()    ==    Token.FUNCTION    ||    n.getFirstChild()!=    null)    {    return    false;    }    	non-compiled	[CE]  	120	None	replace
27	[BUG]  [BUGGY]  n.getType()  ==  Token.FUNCTION  &&  n.getFirstChild()!=  null)  {  return  false;  }  [CE]  [FE]                          IllegalStateException      [CONTEXT]      case  Token.LE:  case  Token.GE:  case  Token.IN:  case  Token.INSTANCEOF:  case  Token.NOT:  return  true;  default:      [BUGGY]  n.getType()  ==  Token.FUNCTION  &&  n.getFirstChild()!=  null)  {  return  false;  }  [BUGGY]      }  }  [CLASS]  NodeUtil  NumbericResultPredicate  BooleanResultPredicate  MayBeStringResultPredicate  VarCollector  MatchNameNode  MatchNodeType  MatchDeclaration  MatchNotFunction  MatchShallowStatement  [METHOD]  isBooleanResultHelper  [RETURN_TYPE]  boolean  Node  n  [VARIABLES]  BooleanResultPredicate  BOOLEAN_RESULT_PREDICATE  Set  BUILTIN_FUNCTIONS_WITHOUT_SIDEEFFECTS  CONSTRUCTORS_WITHOUT_SIDE_EFFECTS  OBJECT_METHODS_WITHOUT_SIDEEFFECTS  REGEXP_METHODS  STRING_REGEXP_METHODS  defines  emptySet  knownConstants  NumbericResultPredicate  NUMBERIC_RESULT_PREDICATE  boolean  MayBeStringResultPredicate  MAY_BE_STRING_PREDICATE  Node  n  String  JSC_PROPERTY_NAME_FN  childValue  name  namespaceName  rawJsString  s  value  Map  vars  int  c  end  nextSkipSlot  nextSlot  start  type  	projects/Closure80/src/com/google/javascript/jscomp/NodeUtil.java	0.4082482904638631	1264	1264	2	replace	n.getType()  ==  Token.FUNCTION  &&  n.getFirstChild()!=  null)  {  return  false;  }	  if(n.getType()    ==    Token.FUNCTION    ||    n.getFirstChild()!=    null)    {    return    false;    }    	non-compiled	[CE]  	120	None	replace
28	[BUG]  [BUGGY]  if(n.getType()  ==  Token.FUNCTION  ||  n.getLastChild()!=  null)  {  return  false;  }  [CE]  [FE]                            IllegalStateException      [CONTEXT]      case  Token.LE:  case  Token.GE:  case  Token.IN:  case  Token.INSTANCEOF:  case  Token.NOT:  return  true;  default:      [BUGGY]  if(n.getType()  ==  Token.FUNCTION  ||  n.getLastChild()!=  null)  {  return  false;  }  [BUGGY]      }  }  [CLASS]  NodeUtil  NumbericResultPredicate  BooleanResultPredicate  MayBeStringResultPredicate  VarCollector  MatchNameNode  MatchNodeType  MatchDeclaration  MatchNotFunction  MatchShallowStatement  [METHOD]  isBooleanResultHelper  [RETURN_TYPE]  boolean  Node  n  [VARIABLES]  BooleanResultPredicate  BOOLEAN_RESULT_PREDICATE  Set  BUILTIN_FUNCTIONS_WITHOUT_SIDEEFFECTS  CONSTRUCTORS_WITHOUT_SIDE_EFFECTS  OBJECT_METHODS_WITHOUT_SIDEEFFECTS  REGEXP_METHODS  STRING_REGEXP_METHODS  defines  emptySet  knownConstants  NumbericResultPredicate  NUMBERIC_RESULT_PREDICATE  boolean  MayBeStringResultPredicate  MAY_BE_STRING_PREDICATE  Node  n  String  JSC_PROPERTY_NAME_FN  childValue  name  namespaceName  rawJsString  s  value  Map  vars  int  c  end  nextSkipSlot  nextSlot  start  type  	projects/Closure80/src/com/google/javascript/jscomp/NodeUtil.java	0.4082482904638631	1264	1264	2	replace	if(n.getType()  ==  Token.FUNCTION  ||  n.getLastChild()!=  null)  {  return  false;  }	  if(n.getType()    ==    Token.FUNCTION    ||    n.getFirstChild()!=    null)    {    return    false;    }    	non-compiled	[CE]  	120	None	replace
29	[BUG]  [BUGGY]  Preconditions.checkState(NodeUtil.isGet(n));  [CE]  [FE]                IllegalStateException      [CONTEXT]      case  Token.LE:  case  Token.GE:  case  Token.IN:  case  Token.INSTANCEOF:  case  Token.NOT:  return  true;  default:      [BUGGY]  Preconditions.checkState(NodeUtil.isGet(n));  [BUGGY]      }  }  [CLASS]  NodeUtil  NumbericResultPredicate  BooleanResultPredicate  MayBeStringResultPredicate  VarCollector  MatchNameNode  MatchNodeType  MatchDeclaration  MatchNotFunction  MatchShallowStatement  [METHOD]  isBooleanResultHelper  [RETURN_TYPE]  boolean  Node  n  [VARIABLES]  BooleanResultPredicate  BOOLEAN_RESULT_PREDICATE  Set  BUILTIN_FUNCTIONS_WITHOUT_SIDEEFFECTS  CONSTRUCTORS_WITHOUT_SIDE_EFFECTS  OBJECT_METHODS_WITHOUT_SIDEEFFECTS  REGEXP_METHODS  STRING_REGEXP_METHODS  defines  emptySet  knownConstants  NumbericResultPredicate  NUMBERIC_RESULT_PREDICATE  boolean  MayBeStringResultPredicate  MAY_BE_STRING_PREDICATE  Node  n  String  JSC_PROPERTY_NAME_FN  childValue  name  namespaceName  rawJsString  s  value  Map  vars  int  c  end  nextSkipSlot  nextSlot  start  type  	projects/Closure80/src/com/google/javascript/jscomp/NodeUtil.java	0.4082482904638631	1264	1264	2	replace	Preconditions.checkState(NodeUtil.isGet(n));	  Preconditions.checkState(NodeUtil.isFunctionDeclaration(n));    	non-compiled	[CE]  	105	None	replace
30	[BUG]  [BUGGY]  Preconditions.checkState(NodeUtil.isFunctionDeclaration(n)||  n.getType()  ==  Token.FUNCTION);  [CE]  [FE]                  IllegalStateException      [CONTEXT]      case  Token.LE:  case  Token.GE:  case  Token.IN:  case  Token.INSTANCEOF:  case  Token.NOT:  return  true;  default:      [BUGGY]  Preconditions.checkState(NodeUtil.isFunctionDeclaration(n)||  n.getType()  ==  Token.FUNCTION);  [BUGGY]      }  }  [CLASS]  NodeUtil  NumbericResultPredicate  BooleanResultPredicate  MayBeStringResultPredicate  VarCollector  MatchNameNode  MatchNodeType  MatchDeclaration  MatchNotFunction  MatchShallowStatement  [METHOD]  isBooleanResultHelper  [RETURN_TYPE]  boolean  Node  n  [VARIABLES]  BooleanResultPredicate  BOOLEAN_RESULT_PREDICATE  Set  BUILTIN_FUNCTIONS_WITHOUT_SIDEEFFECTS  CONSTRUCTORS_WITHOUT_SIDE_EFFECTS  OBJECT_METHODS_WITHOUT_SIDEEFFECTS  REGEXP_METHODS  STRING_REGEXP_METHODS  defines  emptySet  knownConstants  NumbericResultPredicate  NUMBERIC_RESULT_PREDICATE  boolean  MayBeStringResultPredicate  MAY_BE_STRING_PREDICATE  Node  n  String  JSC_PROPERTY_NAME_FN  childValue  name  namespaceName  rawJsString  s  value  Map  vars  int  c  end  nextSkipSlot  nextSlot  start  type  	projects/Closure80/src/com/google/javascript/jscomp/NodeUtil.java	0.4082482904638631	1264	1264	2	replace	Preconditions.checkState(NodeUtil.isFunctionDeclaration(n)||  n.getType()  ==  Token.FUNCTION);	  Preconditions.checkState(NodeUtil.isFunctionDeclaration(n));    	non-compiled	[CE]  	105	None	replace
31	[BUG]  [BUGGY]  Preconditions.checkState(NodeUtil.isFunctionDeclaration(n)||  NodeUtil.isFunctionDeclaration(n));  [CE]  [FE]                    IllegalStateException      [CONTEXT]      case  Token.LE:  case  Token.GE:  case  Token.IN:  case  Token.INSTANCEOF:  case  Token.NOT:  return  true;  default:      [BUGGY]  Preconditions.checkState(NodeUtil.isFunctionDeclaration(n)||  NodeUtil.isFunctionDeclaration(n));  [BUGGY]      }  }  [CLASS]  NodeUtil  NumbericResultPredicate  BooleanResultPredicate  MayBeStringResultPredicate  VarCollector  MatchNameNode  MatchNodeType  MatchDeclaration  MatchNotFunction  MatchShallowStatement  [METHOD]  isBooleanResultHelper  [RETURN_TYPE]  boolean  Node  n  [VARIABLES]  BooleanResultPredicate  BOOLEAN_RESULT_PREDICATE  Set  BUILTIN_FUNCTIONS_WITHOUT_SIDEEFFECTS  CONSTRUCTORS_WITHOUT_SIDE_EFFECTS  OBJECT_METHODS_WITHOUT_SIDEEFFECTS  REGEXP_METHODS  STRING_REGEXP_METHODS  defines  emptySet  knownConstants  NumbericResultPredicate  NUMBERIC_RESULT_PREDICATE  boolean  MayBeStringResultPredicate  MAY_BE_STRING_PREDICATE  Node  n  String  JSC_PROPERTY_NAME_FN  childValue  name  namespaceName  rawJsString  s  value  Map  vars  int  c  end  nextSkipSlot  nextSlot  start  type  	projects/Closure80/src/com/google/javascript/jscomp/NodeUtil.java	0.4082482904638631	1264	1264	2	replace	Preconditions.checkState(NodeUtil.isFunctionDeclaration(n)||  NodeUtil.isFunctionDeclaration(n));	  Preconditions.checkState(NodeUtil.isFunctionDeclaration(n));    	non-compiled	[CE]  	105	None	replace
32	[BUG]  [BUGGY]  Preconditions.checkState(NodeUtil.isVarDeclaration(n));  [CE]  [FE]                      IllegalStateException      [CONTEXT]      case  Token.LE:  case  Token.GE:  case  Token.IN:  case  Token.INSTANCEOF:  case  Token.NOT:  return  true;  default:      [BUGGY]  Preconditions.checkState(NodeUtil.isVarDeclaration(n));  [BUGGY]      }  }  [CLASS]  NodeUtil  NumbericResultPredicate  BooleanResultPredicate  MayBeStringResultPredicate  VarCollector  MatchNameNode  MatchNodeType  MatchDeclaration  MatchNotFunction  MatchShallowStatement  [METHOD]  isBooleanResultHelper  [RETURN_TYPE]  boolean  Node  n  [VARIABLES]  BooleanResultPredicate  BOOLEAN_RESULT_PREDICATE  Set  BUILTIN_FUNCTIONS_WITHOUT_SIDEEFFECTS  CONSTRUCTORS_WITHOUT_SIDE_EFFECTS  OBJECT_METHODS_WITHOUT_SIDEEFFECTS  REGEXP_METHODS  STRING_REGEXP_METHODS  defines  emptySet  knownConstants  NumbericResultPredicate  NUMBERIC_RESULT_PREDICATE  boolean  MayBeStringResultPredicate  MAY_BE_STRING_PREDICATE  Node  n  String  JSC_PROPERTY_NAME_FN  childValue  name  namespaceName  rawJsString  s  value  Map  vars  int  c  end  nextSkipSlot  nextSlot  start  type  	projects/Closure80/src/com/google/javascript/jscomp/NodeUtil.java	0.4082482904638631	1264	1264	2	replace	Preconditions.checkState(NodeUtil.isVarDeclaration(n));	  Preconditions.checkState(NodeUtil.isFunctionDeclaration(n));    	non-compiled	[CE]  	105	None	replace
33	[BUG]  [BUGGY]  Preconditions.checkState(NodeUtil.isGetProp(n));  [CE]  [FE]                        IllegalStateException      [CONTEXT]      case  Token.LE:  case  Token.GE:  case  Token.IN:  case  Token.INSTANCEOF:  case  Token.NOT:  return  true;  default:      [BUGGY]  Preconditions.checkState(NodeUtil.isGetProp(n));  [BUGGY]      }  }  [CLASS]  NodeUtil  NumbericResultPredicate  BooleanResultPredicate  MayBeStringResultPredicate  VarCollector  MatchNameNode  MatchNodeType  MatchDeclaration  MatchNotFunction  MatchShallowStatement  [METHOD]  isBooleanResultHelper  [RETURN_TYPE]  boolean  Node  n  [VARIABLES]  BooleanResultPredicate  BOOLEAN_RESULT_PREDICATE  Set  BUILTIN_FUNCTIONS_WITHOUT_SIDEEFFECTS  CONSTRUCTORS_WITHOUT_SIDE_EFFECTS  OBJECT_METHODS_WITHOUT_SIDEEFFECTS  REGEXP_METHODS  STRING_REGEXP_METHODS  defines  emptySet  knownConstants  NumbericResultPredicate  NUMBERIC_RESULT_PREDICATE  boolean  MayBeStringResultPredicate  MAY_BE_STRING_PREDICATE  Node  n  String  JSC_PROPERTY_NAME_FN  childValue  name  namespaceName  rawJsString  s  value  Map  vars  int  c  end  nextSkipSlot  nextSlot  start  type  	projects/Closure80/src/com/google/javascript/jscomp/NodeUtil.java	0.4082482904638631	1264	1264	2	replace	Preconditions.checkState(NodeUtil.isGetProp(n));	  Preconditions.checkState(NodeUtil.isFunctionDeclaration(n));    	non-compiled	[CE]  	105	None	replace
34	[BUG]  [BUGGY]  Preconditions.checkArgument(NodeUtil.isFunctionDeclaration(n));  [CE]  [FE]                          IllegalStateException      [CONTEXT]      case  Token.LE:  case  Token.GE:  case  Token.IN:  case  Token.INSTANCEOF:  case  Token.NOT:  return  true;  default:      [BUGGY]  Preconditions.checkArgument(NodeUtil.isFunctionDeclaration(n));  [BUGGY]      }  }  [CLASS]  NodeUtil  NumbericResultPredicate  BooleanResultPredicate  MayBeStringResultPredicate  VarCollector  MatchNameNode  MatchNodeType  MatchDeclaration  MatchNotFunction  MatchShallowStatement  [METHOD]  isBooleanResultHelper  [RETURN_TYPE]  boolean  Node  n  [VARIABLES]  BooleanResultPredicate  BOOLEAN_RESULT_PREDICATE  Set  BUILTIN_FUNCTIONS_WITHOUT_SIDEEFFECTS  CONSTRUCTORS_WITHOUT_SIDE_EFFECTS  OBJECT_METHODS_WITHOUT_SIDEEFFECTS  REGEXP_METHODS  STRING_REGEXP_METHODS  defines  emptySet  knownConstants  NumbericResultPredicate  NUMBERIC_RESULT_PREDICATE  boolean  MayBeStringResultPredicate  MAY_BE_STRING_PREDICATE  Node  n  String  JSC_PROPERTY_NAME_FN  childValue  name  namespaceName  rawJsString  s  value  Map  vars  int  c  end  nextSkipSlot  nextSlot  start  type  	projects/Closure80/src/com/google/javascript/jscomp/NodeUtil.java	0.4082482904638631	1264	1264	2	replace	Preconditions.checkArgument(NodeUtil.isFunctionDeclaration(n));	  Preconditions.checkState(NodeUtil.isFunctionDeclaration(n));    	non-compiled	[CE]  	105	None	replace
35	[BUG]  [BUGGY]  Node  c  =  n.getFirstChild();  c!=  null;  c  =  c.getNext())  {  Node  n  =  c.getNext();  if(n.getType()  ==  Token.STRING)  {  return  false;  }  [CE]  [FE]                              IllegalStateException      [CONTEXT]      case  Token.LE:  case  Token.GE:  case  Token.IN:  case  Token.INSTANCEOF:  case  Token.NOT:  return  true;  default:      [BUGGY]  Node  c  =  n.getFirstChild();  c!=  null;  c  =  c.getNext())  {  Node  n  =  c.getNext();  if(n.getType()  ==  Token.STRING)  {  return  false;  }  [BUGGY]      }  }  [CLASS]  NodeUtil  NumbericResultPredicate  BooleanResultPredicate  MayBeStringResultPredicate  VarCollector  MatchNameNode  MatchNodeType  MatchDeclaration  MatchNotFunction  MatchShallowStatement  [METHOD]  isBooleanResultHelper  [RETURN_TYPE]  boolean  Node  n  [VARIABLES]  BooleanResultPredicate  BOOLEAN_RESULT_PREDICATE  Set  BUILTIN_FUNCTIONS_WITHOUT_SIDEEFFECTS  CONSTRUCTORS_WITHOUT_SIDE_EFFECTS  OBJECT_METHODS_WITHOUT_SIDEEFFECTS  REGEXP_METHODS  STRING_REGEXP_METHODS  defines  emptySet  knownConstants  NumbericResultPredicate  NUMBERIC_RESULT_PREDICATE  boolean  MayBeStringResultPredicate  MAY_BE_STRING_PREDICATE  Node  n  String  JSC_PROPERTY_NAME_FN  childValue  name  namespaceName  rawJsString  s  value  Map  vars  int  c  end  nextSkipSlot  nextSlot  start  type  	projects/Closure80/src/com/google/javascript/jscomp/NodeUtil.java	0.4082482904638631	1264	1264	2	replace	Node  c  =  n.getFirstChild();  c!=  null;  c  =  c.getNext())  {  Node  n  =  c.getNext();  if(n.getType()  ==  Token.STRING)  {  return  false;  }	  for(Node    c    =    n.getFirstChild();    c!=    null;    c    =    c.getNext())    {    Node    n    =    c.getNext();    if(n.getType()    ==    Token.STRING)    {    return    false;    }    	non-compiled	[CE]  	146	None	replace
36	[BUG]  [BUGGY]  Node  c  =  n.getFirstChild();  c!=  null;  c  =  c.getNext())  {  Node  n  =  c.getNext();  if(n.getType()  ==  Token.STRING)  {  return  false  [CE]  [FE]                                IllegalStateException      [CONTEXT]      case  Token.LE:  case  Token.GE:  case  Token.IN:  case  Token.INSTANCEOF:  case  Token.NOT:  return  true;  default:      [BUGGY]  Node  c  =  n.getFirstChild();  c!=  null;  c  =  c.getNext())  {  Node  n  =  c.getNext();  if(n.getType()  ==  Token.STRING)  {  return  false  [BUGGY]      }  }  [CLASS]  NodeUtil  NumbericResultPredicate  BooleanResultPredicate  MayBeStringResultPredicate  VarCollector  MatchNameNode  MatchNodeType  MatchDeclaration  MatchNotFunction  MatchShallowStatement  [METHOD]  isBooleanResultHelper  [RETURN_TYPE]  boolean  Node  n  [VARIABLES]  BooleanResultPredicate  BOOLEAN_RESULT_PREDICATE  Set  BUILTIN_FUNCTIONS_WITHOUT_SIDEEFFECTS  CONSTRUCTORS_WITHOUT_SIDE_EFFECTS  OBJECT_METHODS_WITHOUT_SIDEEFFECTS  REGEXP_METHODS  STRING_REGEXP_METHODS  defines  emptySet  knownConstants  NumbericResultPredicate  NUMBERIC_RESULT_PREDICATE  boolean  MayBeStringResultPredicate  MAY_BE_STRING_PREDICATE  Node  n  String  JSC_PROPERTY_NAME_FN  childValue  name  namespaceName  rawJsString  s  value  Map  vars  int  c  end  nextSkipSlot  nextSlot  start  type  	projects/Closure80/src/com/google/javascript/jscomp/NodeUtil.java	0.4082482904638631	1264	1264	2	replace	Node  c  =  n.getFirstChild();  c!=  null;  c  =  c.getNext())  {  Node  n  =  c.getNext();  if(n.getType()  ==  Token.STRING)  {  return  false	  for(Node    c    =    n.getFirstChild();    c!=    null;    c    =    c.getNext())    {    Node    n    =    c.getNext();    if(n.getType()    ==    Token.STRING)    {    return    false;    }    	non-compiled	[CE]  	146	None	replace
37	[BUG]  [BUGGY]  for(Node  c  =  n.getFirstChild();  c!=  null;  c  =  c.getNext())  {  Node  n  =  c.getNext();  if(n.getType()  ==  Token.STRING)  {  return  true;  }  [CE]  [FE]                                  IllegalStateException      [CONTEXT]      case  Token.LE:  case  Token.GE:  case  Token.IN:  case  Token.INSTANCEOF:  case  Token.NOT:  return  true;  default:      [BUGGY]  for(Node  c  =  n.getFirstChild();  c!=  null;  c  =  c.getNext())  {  Node  n  =  c.getNext();  if(n.getType()  ==  Token.STRING)  {  return  true;  }  [BUGGY]      }  }  [CLASS]  NodeUtil  NumbericResultPredicate  BooleanResultPredicate  MayBeStringResultPredicate  VarCollector  MatchNameNode  MatchNodeType  MatchDeclaration  MatchNotFunction  MatchShallowStatement  [METHOD]  isBooleanResultHelper  [RETURN_TYPE]  boolean  Node  n  [VARIABLES]  BooleanResultPredicate  BOOLEAN_RESULT_PREDICATE  Set  BUILTIN_FUNCTIONS_WITHOUT_SIDEEFFECTS  CONSTRUCTORS_WITHOUT_SIDE_EFFECTS  OBJECT_METHODS_WITHOUT_SIDEEFFECTS  REGEXP_METHODS  STRING_REGEXP_METHODS  defines  emptySet  knownConstants  NumbericResultPredicate  NUMBERIC_RESULT_PREDICATE  boolean  MayBeStringResultPredicate  MAY_BE_STRING_PREDICATE  Node  n  String  JSC_PROPERTY_NAME_FN  childValue  name  namespaceName  rawJsString  s  value  Map  vars  int  c  end  nextSkipSlot  nextSlot  start  type  	projects/Closure80/src/com/google/javascript/jscomp/NodeUtil.java	0.4082482904638631	1264	1264	2	replace	for(Node  c  =  n.getFirstChild();  c!=  null;  c  =  c.getNext())  {  Node  n  =  c.getNext();  if(n.getType()  ==  Token.STRING)  {  return  true;  }	  for(Node    c    =    n.getFirstChild();    c!=    null;    c    =    c.getNext())    {    Node    n    =    c.getNext();    if(n.getType()    ==    Token.STRING)    {    return    false;    }    	non-compiled	[CE]  	146	None	replace
38	[BUG]  [BUGGY]  Node  c  =  n.getFirstChild();  c!=  null;  c  =  c.getNext())  {  Node  n  =  c.getNext();  if(n.getType()  ==  Token.STRING)  {  return  true;  }  [CE]  [FE]                                    IllegalStateException      [CONTEXT]      case  Token.LE:  case  Token.GE:  case  Token.IN:  case  Token.INSTANCEOF:  case  Token.NOT:  return  true;  default:      [BUGGY]  Node  c  =  n.getFirstChild();  c!=  null;  c  =  c.getNext())  {  Node  n  =  c.getNext();  if(n.getType()  ==  Token.STRING)  {  return  true;  }  [BUGGY]      }  }  [CLASS]  NodeUtil  NumbericResultPredicate  BooleanResultPredicate  MayBeStringResultPredicate  VarCollector  MatchNameNode  MatchNodeType  MatchDeclaration  MatchNotFunction  MatchShallowStatement  [METHOD]  isBooleanResultHelper  [RETURN_TYPE]  boolean  Node  n  [VARIABLES]  BooleanResultPredicate  BOOLEAN_RESULT_PREDICATE  Set  BUILTIN_FUNCTIONS_WITHOUT_SIDEEFFECTS  CONSTRUCTORS_WITHOUT_SIDE_EFFECTS  OBJECT_METHODS_WITHOUT_SIDEEFFECTS  REGEXP_METHODS  STRING_REGEXP_METHODS  defines  emptySet  knownConstants  NumbericResultPredicate  NUMBERIC_RESULT_PREDICATE  boolean  MayBeStringResultPredicate  MAY_BE_STRING_PREDICATE  Node  n  String  JSC_PROPERTY_NAME_FN  childValue  name  namespaceName  rawJsString  s  value  Map  vars  int  c  end  nextSkipSlot  nextSlot  start  type  	projects/Closure80/src/com/google/javascript/jscomp/NodeUtil.java	0.4082482904638631	1264	1264	2	replace	Node  c  =  n.getFirstChild();  c!=  null;  c  =  c.getNext())  {  Node  n  =  c.getNext();  if(n.getType()  ==  Token.STRING)  {  return  true;  }	  for(Node    c    =    n.getFirstChild();    c!=    null;    c    =    c.getNext())    {    Node    n    =    c.getNext();    if(n.getType()    ==    Token.STRING)    {    return    false;    }    	non-compiled	[CE]  	146	None	replace
39	[BUG]  [BUGGY]  Node  c  =  n.getFirstChild();  c  ==  null;  c  =  c.getNext())  {  Node  n  =  c.getNext();  if(n.getType()  ==  Token.STRING)  {  return  false;  }  [CE]  [FE]                                      IllegalStateException      [CONTEXT]      case  Token.LE:  case  Token.GE:  case  Token.IN:  case  Token.INSTANCEOF:  case  Token.NOT:  return  true;  default:      [BUGGY]  Node  c  =  n.getFirstChild();  c  ==  null;  c  =  c.getNext())  {  Node  n  =  c.getNext();  if(n.getType()  ==  Token.STRING)  {  return  false;  }  [BUGGY]      }  }  [CLASS]  NodeUtil  NumbericResultPredicate  BooleanResultPredicate  MayBeStringResultPredicate  VarCollector  MatchNameNode  MatchNodeType  MatchDeclaration  MatchNotFunction  MatchShallowStatement  [METHOD]  isBooleanResultHelper  [RETURN_TYPE]  boolean  Node  n  [VARIABLES]  BooleanResultPredicate  BOOLEAN_RESULT_PREDICATE  Set  BUILTIN_FUNCTIONS_WITHOUT_SIDEEFFECTS  CONSTRUCTORS_WITHOUT_SIDE_EFFECTS  OBJECT_METHODS_WITHOUT_SIDEEFFECTS  REGEXP_METHODS  STRING_REGEXP_METHODS  defines  emptySet  knownConstants  NumbericResultPredicate  NUMBERIC_RESULT_PREDICATE  boolean  MayBeStringResultPredicate  MAY_BE_STRING_PREDICATE  Node  n  String  JSC_PROPERTY_NAME_FN  childValue  name  namespaceName  rawJsString  s  value  Map  vars  int  c  end  nextSkipSlot  nextSlot  start  type  	projects/Closure80/src/com/google/javascript/jscomp/NodeUtil.java	0.4082482904638631	1264	1264	2	replace	Node  c  =  n.getFirstChild();  c  ==  null;  c  =  c.getNext())  {  Node  n  =  c.getNext();  if(n.getType()  ==  Token.STRING)  {  return  false;  }	  for(Node    c    =    n.getFirstChild();    c!=    null;    c    =    c.getNext())    {    Node    n    =    c.getNext();    if(n.getType()    ==    Token.STRING)    {    return    false;    }    	non-compiled	[CE]  	146	None	replace
40	[BUG]  [BUGGY]  return(n.getType()  ==  Token.STRING)?  BooleanResultPredicate.FALSE  :  BooleanResultPredicate.FALSE;  [CE]  [FE]                        IllegalStateException      [CONTEXT]      case  Token.LE:  case  Token.GE:  case  Token.IN:  case  Token.INSTANCEOF:  case  Token.NOT:  return  true;  default:      [BUGGY]  return(n.getType()  ==  Token.STRING)?  BooleanResultPredicate.FALSE  :  BooleanResultPredicate.FALSE;  [BUGGY]      }  }  [CLASS]  NodeUtil  NumbericResultPredicate  BooleanResultPredicate  MayBeStringResultPredicate  VarCollector  MatchNameNode  MatchNodeType  MatchDeclaration  MatchNotFunction  MatchShallowStatement  [METHOD]  isBooleanResultHelper  [RETURN_TYPE]  boolean  Node  n  [VARIABLES]  BooleanResultPredicate  BOOLEAN_RESULT_PREDICATE  Set  BUILTIN_FUNCTIONS_WITHOUT_SIDEEFFECTS  CONSTRUCTORS_WITHOUT_SIDE_EFFECTS  OBJECT_METHODS_WITHOUT_SIDEEFFECTS  REGEXP_METHODS  STRING_REGEXP_METHODS  defines  emptySet  knownConstants  NumbericResultPredicate  NUMBERIC_RESULT_PREDICATE  boolean  MayBeStringResultPredicate  MAY_BE_STRING_PREDICATE  Node  n  String  JSC_PROPERTY_NAME_FN  childValue  name  namespaceName  rawJsString  s  value  Map  vars  int  c  end  nextSkipSlot  nextSlot  start  type  	projects/Closure80/src/com/google/javascript/jscomp/NodeUtil.java	0.4082482904638631	1264	1264	2	replace	return(n.getType()  ==  Token.STRING)?  BooleanResultPredicate.FALSE  :  BooleanResultPredicate.FALSE;	  return(n.getType()    ==    Token.STRING)?    BooleanResultPredicate.FALSE    :    BooleanResultPredicate.TRUE;    	non-compiled	[CE]  	56	None	replace
41	[BUG]  [BUGGY]  return(n.getType()  ==  Token.STRING)?  BooleanResultPredicate.FALSE  :  BooleanResultPredicate.FIELD;  [CE]  [FE]                          IllegalStateException      [CONTEXT]      case  Token.LE:  case  Token.GE:  case  Token.IN:  case  Token.INSTANCEOF:  case  Token.NOT:  return  true;  default:      [BUGGY]  return(n.getType()  ==  Token.STRING)?  BooleanResultPredicate.FALSE  :  BooleanResultPredicate.FIELD;  [BUGGY]      }  }  [CLASS]  NodeUtil  NumbericResultPredicate  BooleanResultPredicate  MayBeStringResultPredicate  VarCollector  MatchNameNode  MatchNodeType  MatchDeclaration  MatchNotFunction  MatchShallowStatement  [METHOD]  isBooleanResultHelper  [RETURN_TYPE]  boolean  Node  n  [VARIABLES]  BooleanResultPredicate  BOOLEAN_RESULT_PREDICATE  Set  BUILTIN_FUNCTIONS_WITHOUT_SIDEEFFECTS  CONSTRUCTORS_WITHOUT_SIDE_EFFECTS  OBJECT_METHODS_WITHOUT_SIDEEFFECTS  REGEXP_METHODS  STRING_REGEXP_METHODS  defines  emptySet  knownConstants  NumbericResultPredicate  NUMBERIC_RESULT_PREDICATE  boolean  MayBeStringResultPredicate  MAY_BE_STRING_PREDICATE  Node  n  String  JSC_PROPERTY_NAME_FN  childValue  name  namespaceName  rawJsString  s  value  Map  vars  int  c  end  nextSkipSlot  nextSlot  start  type  	projects/Closure80/src/com/google/javascript/jscomp/NodeUtil.java	0.4082482904638631	1264	1264	2	replace	return(n.getType()  ==  Token.STRING)?  BooleanResultPredicate.FALSE  :  BooleanResultPredicate.FIELD;	  return(n.getType()    ==    Token.STRING)?    BooleanResultPredicate.FALSE    :    BooleanResultPredicate.TRUE;    	non-compiled	[CE]  	56	None	replace
42	[BUG]  [BUGGY]  return(n.getType()  ==  Token.STRING)?  BooleanResultPredicate.FALSE  :  BooleanResultPredicate.FUNCTION;  [CE]  [FE]                            IllegalStateException      [CONTEXT]      case  Token.LE:  case  Token.GE:  case  Token.IN:  case  Token.INSTANCEOF:  case  Token.NOT:  return  true;  default:      [BUGGY]  return(n.getType()  ==  Token.STRING)?  BooleanResultPredicate.FALSE  :  BooleanResultPredicate.FUNCTION;  [BUGGY]      }  }  [CLASS]  NodeUtil  NumbericResultPredicate  BooleanResultPredicate  MayBeStringResultPredicate  VarCollector  MatchNameNode  MatchNodeType  MatchDeclaration  MatchNotFunction  MatchShallowStatement  [METHOD]  isBooleanResultHelper  [RETURN_TYPE]  boolean  Node  n  [VARIABLES]  BooleanResultPredicate  BOOLEAN_RESULT_PREDICATE  Set  BUILTIN_FUNCTIONS_WITHOUT_SIDEEFFECTS  CONSTRUCTORS_WITHOUT_SIDE_EFFECTS  OBJECT_METHODS_WITHOUT_SIDEEFFECTS  REGEXP_METHODS  STRING_REGEXP_METHODS  defines  emptySet  knownConstants  NumbericResultPredicate  NUMBERIC_RESULT_PREDICATE  boolean  MayBeStringResultPredicate  MAY_BE_STRING_PREDICATE  Node  n  String  JSC_PROPERTY_NAME_FN  childValue  name  namespaceName  rawJsString  s  value  Map  vars  int  c  end  nextSkipSlot  nextSlot  start  type  	projects/Closure80/src/com/google/javascript/jscomp/NodeUtil.java	0.4082482904638631	1264	1264	2	replace	return(n.getType()  ==  Token.STRING)?  BooleanResultPredicate.FALSE  :  BooleanResultPredicate.FUNCTION;	  return(n.getType()    ==    Token.STRING)?    BooleanResultPredicate.FALSE    :    BooleanResultPredicate.TRUE;    	non-compiled	[CE]  	56	None	replace
43	[BUG]  [BUGGY]  ||  n.getType()  ==  Token.VAR)  {  return  true;  }  [CE]  [FE]                        IllegalStateException      [CONTEXT]      case  Token.LE:  case  Token.GE:  case  Token.IN:  case  Token.INSTANCEOF:  case  Token.NOT:  return  true;  default:      [BUGGY]  ||  n.getType()  ==  Token.VAR)  {  return  true;  }  [BUGGY]      }  }  [CLASS]  NodeUtil  NumbericResultPredicate  BooleanResultPredicate  MayBeStringResultPredicate  VarCollector  MatchNameNode  MatchNodeType  MatchDeclaration  MatchNotFunction  MatchShallowStatement  [METHOD]  isBooleanResultHelper  [RETURN_TYPE]  boolean  Node  n  [VARIABLES]  BooleanResultPredicate  BOOLEAN_RESULT_PREDICATE  Set  BUILTIN_FUNCTIONS_WITHOUT_SIDEEFFECTS  CONSTRUCTORS_WITHOUT_SIDE_EFFECTS  OBJECT_METHODS_WITHOUT_SIDEEFFECTS  REGEXP_METHODS  STRING_REGEXP_METHODS  defines  emptySet  knownConstants  NumbericResultPredicate  NUMBERIC_RESULT_PREDICATE  boolean  MayBeStringResultPredicate  MAY_BE_STRING_PREDICATE  Node  n  String  JSC_PROPERTY_NAME_FN  childValue  name  namespaceName  rawJsString  s  value  Map  vars  int  c  end  nextSkipSlot  nextSlot  start  type  	projects/Closure80/src/com/google/javascript/jscomp/NodeUtil.java	0.4082482904638631	1264	1264	2	replace	||  n.getType()  ==  Token.VAR)  {  return  true;  }	  if(n.getType()    ==    Token.FUNCTION    ||    n.getType()    ==    Token.VAR)    {    return    true;    }    	non-compiled	[CE]  	171	None	replace
44	[BUG]  [BUGGY]  n.getType()  ==  Token.FUNCTION  ||  n.getType()  ==  Token.VAR)  {  return  true;  }  [CE]  [FE]                          IllegalStateException      [CONTEXT]      case  Token.LE:  case  Token.GE:  case  Token.IN:  case  Token.INSTANCEOF:  case  Token.NOT:  return  true;  default:      [BUGGY]  n.getType()  ==  Token.FUNCTION  ||  n.getType()  ==  Token.VAR)  {  return  true;  }  [BUGGY]      }  }  [CLASS]  NodeUtil  NumbericResultPredicate  BooleanResultPredicate  MayBeStringResultPredicate  VarCollector  MatchNameNode  MatchNodeType  MatchDeclaration  MatchNotFunction  MatchShallowStatement  [METHOD]  isBooleanResultHelper  [RETURN_TYPE]  boolean  Node  n  [VARIABLES]  BooleanResultPredicate  BOOLEAN_RESULT_PREDICATE  Set  BUILTIN_FUNCTIONS_WITHOUT_SIDEEFFECTS  CONSTRUCTORS_WITHOUT_SIDE_EFFECTS  OBJECT_METHODS_WITHOUT_SIDEEFFECTS  REGEXP_METHODS  STRING_REGEXP_METHODS  defines  emptySet  knownConstants  NumbericResultPredicate  NUMBERIC_RESULT_PREDICATE  boolean  MayBeStringResultPredicate  MAY_BE_STRING_PREDICATE  Node  n  String  JSC_PROPERTY_NAME_FN  childValue  name  namespaceName  rawJsString  s  value  Map  vars  int  c  end  nextSkipSlot  nextSlot  start  type  	projects/Closure80/src/com/google/javascript/jscomp/NodeUtil.java	0.4082482904638631	1264	1264	2	replace	n.getType()  ==  Token.FUNCTION  ||  n.getType()  ==  Token.VAR)  {  return  true;  }	  if(n.getType()    ==    Token.FUNCTION    ||    n.getType()    ==    Token.VAR)    {    return    true;    }    	non-compiled	[CE]  	171	None	replace
45	[BUG]  [BUGGY]  n.setType(Token.FUNCTION  ||  n.getType()  ==  Token.VAR)  {  return  true;  }  [CE]  [FE]                            IllegalStateException      [CONTEXT]      case  Token.LE:  case  Token.GE:  case  Token.IN:  case  Token.INSTANCEOF:  case  Token.NOT:  return  true;  default:      [BUGGY]  n.setType(Token.FUNCTION  ||  n.getType()  ==  Token.VAR)  {  return  true;  }  [BUGGY]      }  }  [CLASS]  NodeUtil  NumbericResultPredicate  BooleanResultPredicate  MayBeStringResultPredicate  VarCollector  MatchNameNode  MatchNodeType  MatchDeclaration  MatchNotFunction  MatchShallowStatement  [METHOD]  isBooleanResultHelper  [RETURN_TYPE]  boolean  Node  n  [VARIABLES]  BooleanResultPredicate  BOOLEAN_RESULT_PREDICATE  Set  BUILTIN_FUNCTIONS_WITHOUT_SIDEEFFECTS  CONSTRUCTORS_WITHOUT_SIDE_EFFECTS  OBJECT_METHODS_WITHOUT_SIDEEFFECTS  REGEXP_METHODS  STRING_REGEXP_METHODS  defines  emptySet  knownConstants  NumbericResultPredicate  NUMBERIC_RESULT_PREDICATE  boolean  MayBeStringResultPredicate  MAY_BE_STRING_PREDICATE  Node  n  String  JSC_PROPERTY_NAME_FN  childValue  name  namespaceName  rawJsString  s  value  Map  vars  int  c  end  nextSkipSlot  nextSlot  start  type  	projects/Closure80/src/com/google/javascript/jscomp/NodeUtil.java	0.4082482904638631	1264	1264	2	replace	n.setType(Token.FUNCTION  ||  n.getType()  ==  Token.VAR)  {  return  true;  }	  if(n.getType()    ==    Token.FUNCTION    ||    n.getType()    ==    Token.VAR)    {    return    true;    }    	non-compiled	[CE]  	171	None	replace
46	[BUG]  [BUGGY]  n.setType(Token.FUNCTION)||  n.getType()  ==  Token.VAR)  {  return  true;  }  [CE]  [FE]                              IllegalStateException      [CONTEXT]      case  Token.LE:  case  Token.GE:  case  Token.IN:  case  Token.INSTANCEOF:  case  Token.NOT:  return  true;  default:      [BUGGY]  n.setType(Token.FUNCTION)||  n.getType()  ==  Token.VAR)  {  return  true;  }  [BUGGY]      }  }  [CLASS]  NodeUtil  NumbericResultPredicate  BooleanResultPredicate  MayBeStringResultPredicate  VarCollector  MatchNameNode  MatchNodeType  MatchDeclaration  MatchNotFunction  MatchShallowStatement  [METHOD]  isBooleanResultHelper  [RETURN_TYPE]  boolean  Node  n  [VARIABLES]  BooleanResultPredicate  BOOLEAN_RESULT_PREDICATE  Set  BUILTIN_FUNCTIONS_WITHOUT_SIDEEFFECTS  CONSTRUCTORS_WITHOUT_SIDE_EFFECTS  OBJECT_METHODS_WITHOUT_SIDEEFFECTS  REGEXP_METHODS  STRING_REGEXP_METHODS  defines  emptySet  knownConstants  NumbericResultPredicate  NUMBERIC_RESULT_PREDICATE  boolean  MayBeStringResultPredicate  MAY_BE_STRING_PREDICATE  Node  n  String  JSC_PROPERTY_NAME_FN  childValue  name  namespaceName  rawJsString  s  value  Map  vars  int  c  end  nextSkipSlot  nextSlot  start  type  	projects/Closure80/src/com/google/javascript/jscomp/NodeUtil.java	0.4082482904638631	1264	1264	2	replace	n.setType(Token.FUNCTION)||  n.getType()  ==  Token.VAR)  {  return  true;  }	  if(n.getType()    ==    Token.FUNCTION    ||    n.getType()    ==    Token.VAR)    {    return    true;    }    	non-compiled	[CE]  	171	None	replace
47	[BUG]  [BUGGY]  if(n.getType()  ==  Token.FUNCTION  &&  n.getType()  ==  Token.VAR)  {  return  true;  }  [CE]  [FE]                                IllegalStateException      [CONTEXT]      case  Token.LE:  case  Token.GE:  case  Token.IN:  case  Token.INSTANCEOF:  case  Token.NOT:  return  true;  default:      [BUGGY]  if(n.getType()  ==  Token.FUNCTION  &&  n.getType()  ==  Token.VAR)  {  return  true;  }  [BUGGY]      }  }  [CLASS]  NodeUtil  NumbericResultPredicate  BooleanResultPredicate  MayBeStringResultPredicate  VarCollector  MatchNameNode  MatchNodeType  MatchDeclaration  MatchNotFunction  MatchShallowStatement  [METHOD]  isBooleanResultHelper  [RETURN_TYPE]  boolean  Node  n  [VARIABLES]  BooleanResultPredicate  BOOLEAN_RESULT_PREDICATE  Set  BUILTIN_FUNCTIONS_WITHOUT_SIDEEFFECTS  CONSTRUCTORS_WITHOUT_SIDE_EFFECTS  OBJECT_METHODS_WITHOUT_SIDEEFFECTS  REGEXP_METHODS  STRING_REGEXP_METHODS  defines  emptySet  knownConstants  NumbericResultPredicate  NUMBERIC_RESULT_PREDICATE  boolean  MayBeStringResultPredicate  MAY_BE_STRING_PREDICATE  Node  n  String  JSC_PROPERTY_NAME_FN  childValue  name  namespaceName  rawJsString  s  value  Map  vars  int  c  end  nextSkipSlot  nextSlot  start  type  	projects/Closure80/src/com/google/javascript/jscomp/NodeUtil.java	0.4082482904638631	1264	1264	2	replace	if(n.getType()  ==  Token.FUNCTION  &&  n.getType()  ==  Token.VAR)  {  return  true;  }	  if(n.getType()    ==    Token.FUNCTION    ||    n.getType()    ==    Token.VAR)    {    return    true;    }    	non-compiled	[CE]  	171	None	replace
48	[BUG]  [BUGGY]  return(n.getType()  ==  Token.NAME)||  BooleanResultPredicate.UNKNOWN  :  BooleanResultPredicate.FALSE;  [CE]  [FE]                  IllegalStateException      [CONTEXT]      case  Token.LE:  case  Token.GE:  case  Token.IN:  case  Token.INSTANCEOF:  case  Token.NOT:  return  true;  default:      [BUGGY]  return(n.getType()  ==  Token.NAME)||  BooleanResultPredicate.UNKNOWN  :  BooleanResultPredicate.FALSE;  [BUGGY]      }  }  [CLASS]  NodeUtil  NumbericResultPredicate  BooleanResultPredicate  MayBeStringResultPredicate  VarCollector  MatchNameNode  MatchNodeType  MatchDeclaration  MatchNotFunction  MatchShallowStatement  [METHOD]  isBooleanResultHelper  [RETURN_TYPE]  boolean  Node  n  [VARIABLES]  BooleanResultPredicate  BOOLEAN_RESULT_PREDICATE  Set  BUILTIN_FUNCTIONS_WITHOUT_SIDEEFFECTS  CONSTRUCTORS_WITHOUT_SIDE_EFFECTS  OBJECT_METHODS_WITHOUT_SIDEEFFECTS  REGEXP_METHODS  STRING_REGEXP_METHODS  defines  emptySet  knownConstants  NumbericResultPredicate  NUMBERIC_RESULT_PREDICATE  boolean  MayBeStringResultPredicate  MAY_BE_STRING_PREDICATE  Node  n  String  JSC_PROPERTY_NAME_FN  childValue  name  namespaceName  rawJsString  s  value  Map  vars  int  c  end  nextSkipSlot  nextSlot  start  type  	projects/Closure80/src/com/google/javascript/jscomp/NodeUtil.java	0.4082482904638631	1264	1264	2	replace	return(n.getType()  ==  Token.NAME)||  BooleanResultPredicate.UNKNOWN  :  BooleanResultPredicate.FALSE;	  return(n.getType()    ==    Token.NAME)&&    BooleanResultPredicate.UNKNOWN    :    BooleanResultPredicate.FALSE;    	non-compiled	[CE]  	51	None	replace
49	[BUG]  [BUGGY]  return(n.getType()!=  Token.NAME)&&  BooleanResultPredicate.UNKNOWN  :  BooleanResultPredicate.FALSE;  [CE]  [FE]                    IllegalStateException      [CONTEXT]      case  Token.LE:  case  Token.GE:  case  Token.IN:  case  Token.INSTANCEOF:  case  Token.NOT:  return  true;  default:      [BUGGY]  return(n.getType()!=  Token.NAME)&&  BooleanResultPredicate.UNKNOWN  :  BooleanResultPredicate.FALSE;  [BUGGY]      }  }  [CLASS]  NodeUtil  NumbericResultPredicate  BooleanResultPredicate  MayBeStringResultPredicate  VarCollector  MatchNameNode  MatchNodeType  MatchDeclaration  MatchNotFunction  MatchShallowStatement  [METHOD]  isBooleanResultHelper  [RETURN_TYPE]  boolean  Node  n  [VARIABLES]  BooleanResultPredicate  BOOLEAN_RESULT_PREDICATE  Set  BUILTIN_FUNCTIONS_WITHOUT_SIDEEFFECTS  CONSTRUCTORS_WITHOUT_SIDE_EFFECTS  OBJECT_METHODS_WITHOUT_SIDEEFFECTS  REGEXP_METHODS  STRING_REGEXP_METHODS  defines  emptySet  knownConstants  NumbericResultPredicate  NUMBERIC_RESULT_PREDICATE  boolean  MayBeStringResultPredicate  MAY_BE_STRING_PREDICATE  Node  n  String  JSC_PROPERTY_NAME_FN  childValue  name  namespaceName  rawJsString  s  value  Map  vars  int  c  end  nextSkipSlot  nextSlot  start  type  	projects/Closure80/src/com/google/javascript/jscomp/NodeUtil.java	0.4082482904638631	1264	1264	2	replace	return(n.getType()!=  Token.NAME)&&  BooleanResultPredicate.UNKNOWN  :  BooleanResultPredicate.FALSE;	  return(n.getType()    ==    Token.NAME)&&    BooleanResultPredicate.UNKNOWN    :    BooleanResultPredicate.FALSE;    	non-compiled	[CE]  	51	None	replace
50	[BUG]  [BUGGY]  return(n.getType()  ==  Token.NAME)&&  BooleanResultPredicate.UNKNOWN  ||  BooleanResultPredicate.FALSE;  [CE]  [FE]                      IllegalStateException      [CONTEXT]      case  Token.LE:  case  Token.GE:  case  Token.IN:  case  Token.INSTANCEOF:  case  Token.NOT:  return  true;  default:      [BUGGY]  return(n.getType()  ==  Token.NAME)&&  BooleanResultPredicate.UNKNOWN  ||  BooleanResultPredicate.FALSE;  [BUGGY]      }  }  [CLASS]  NodeUtil  NumbericResultPredicate  BooleanResultPredicate  MayBeStringResultPredicate  VarCollector  MatchNameNode  MatchNodeType  MatchDeclaration  MatchNotFunction  MatchShallowStatement  [METHOD]  isBooleanResultHelper  [RETURN_TYPE]  boolean  Node  n  [VARIABLES]  BooleanResultPredicate  BOOLEAN_RESULT_PREDICATE  Set  BUILTIN_FUNCTIONS_WITHOUT_SIDEEFFECTS  CONSTRUCTORS_WITHOUT_SIDE_EFFECTS  OBJECT_METHODS_WITHOUT_SIDEEFFECTS  REGEXP_METHODS  STRING_REGEXP_METHODS  defines  emptySet  knownConstants  NumbericResultPredicate  NUMBERIC_RESULT_PREDICATE  boolean  MayBeStringResultPredicate  MAY_BE_STRING_PREDICATE  Node  n  String  JSC_PROPERTY_NAME_FN  childValue  name  namespaceName  rawJsString  s  value  Map  vars  int  c  end  nextSkipSlot  nextSlot  start  type  	projects/Closure80/src/com/google/javascript/jscomp/NodeUtil.java	0.4082482904638631	1264	1264	2	replace	return(n.getType()  ==  Token.NAME)&&  BooleanResultPredicate.UNKNOWN  ||  BooleanResultPredicate.FALSE;	  return(n.getType()    ==    Token.NAME)&&    BooleanResultPredicate.UNKNOWN    :    BooleanResultPredicate.FALSE;    	non-compiled	[CE]  	51	None	replace
51	[BUG]  [BUGGY]  return(n.getType()  ==  Token.NAME)&&  BooleanResultPredicate.UNKNOWN  :  BooleanResultPredicate.FUNCTION;  [CE]  [FE]                        IllegalStateException      [CONTEXT]      case  Token.LE:  case  Token.GE:  case  Token.IN:  case  Token.INSTANCEOF:  case  Token.NOT:  return  true;  default:      [BUGGY]  return(n.getType()  ==  Token.NAME)&&  BooleanResultPredicate.UNKNOWN  :  BooleanResultPredicate.FUNCTION;  [BUGGY]      }  }  [CLASS]  NodeUtil  NumbericResultPredicate  BooleanResultPredicate  MayBeStringResultPredicate  VarCollector  MatchNameNode  MatchNodeType  MatchDeclaration  MatchNotFunction  MatchShallowStatement  [METHOD]  isBooleanResultHelper  [RETURN_TYPE]  boolean  Node  n  [VARIABLES]  BooleanResultPredicate  BOOLEAN_RESULT_PREDICATE  Set  BUILTIN_FUNCTIONS_WITHOUT_SIDEEFFECTS  CONSTRUCTORS_WITHOUT_SIDE_EFFECTS  OBJECT_METHODS_WITHOUT_SIDEEFFECTS  REGEXP_METHODS  STRING_REGEXP_METHODS  defines  emptySet  knownConstants  NumbericResultPredicate  NUMBERIC_RESULT_PREDICATE  boolean  MayBeStringResultPredicate  MAY_BE_STRING_PREDICATE  Node  n  String  JSC_PROPERTY_NAME_FN  childValue  name  namespaceName  rawJsString  s  value  Map  vars  int  c  end  nextSkipSlot  nextSlot  start  type  	projects/Closure80/src/com/google/javascript/jscomp/NodeUtil.java	0.4082482904638631	1264	1264	2	replace	return(n.getType()  ==  Token.NAME)&&  BooleanResultPredicate.UNKNOWN  :  BooleanResultPredicate.FUNCTION;	  return(n.getType()    ==    Token.NAME)&&    BooleanResultPredicate.UNKNOWN    :    BooleanResultPredicate.FALSE;    	non-compiled	[CE]  	51	None	replace
52	[BUG]  [BUGGY]  return(n.getType()  ==  Token.NAME)&&  BooleanResultPredicate.UNKNOWN  :  BooleanResultPredicate.BLOCK;  [CE]  [FE]                          IllegalStateException      [CONTEXT]      case  Token.LE:  case  Token.GE:  case  Token.IN:  case  Token.INSTANCEOF:  case  Token.NOT:  return  true;  default:      [BUGGY]  return(n.getType()  ==  Token.NAME)&&  BooleanResultPredicate.UNKNOWN  :  BooleanResultPredicate.BLOCK;  [BUGGY]      }  }  [CLASS]  NodeUtil  NumbericResultPredicate  BooleanResultPredicate  MayBeStringResultPredicate  VarCollector  MatchNameNode  MatchNodeType  MatchDeclaration  MatchNotFunction  MatchShallowStatement  [METHOD]  isBooleanResultHelper  [RETURN_TYPE]  boolean  Node  n  [VARIABLES]  BooleanResultPredicate  BOOLEAN_RESULT_PREDICATE  Set  BUILTIN_FUNCTIONS_WITHOUT_SIDEEFFECTS  CONSTRUCTORS_WITHOUT_SIDE_EFFECTS  OBJECT_METHODS_WITHOUT_SIDEEFFECTS  REGEXP_METHODS  STRING_REGEXP_METHODS  defines  emptySet  knownConstants  NumbericResultPredicate  NUMBERIC_RESULT_PREDICATE  boolean  MayBeStringResultPredicate  MAY_BE_STRING_PREDICATE  Node  n  String  JSC_PROPERTY_NAME_FN  childValue  name  namespaceName  rawJsString  s  value  Map  vars  int  c  end  nextSkipSlot  nextSlot  start  type  	projects/Closure80/src/com/google/javascript/jscomp/NodeUtil.java	0.4082482904638631	1264	1264	2	replace	return(n.getType()  ==  Token.NAME)&&  BooleanResultPredicate.UNKNOWN  :  BooleanResultPredicate.BLOCK;	  return(n.getType()    ==    Token.NAME)&&    BooleanResultPredicate.UNKNOWN    :    BooleanResultPredicate.FALSE;    	non-compiled	[CE]  	51	None	replace
53	[BUG]  [BUGGY]  return(n.getType()  ==  Token.NAME)?  BooleanResultPredicate.BOOLEAN  :  BooleanResultPredicate.FIELD;  [CE]  [FE]                      IllegalStateException      [CONTEXT]      case  Token.LE:  case  Token.GE:  case  Token.IN:  case  Token.INSTANCEOF:  case  Token.NOT:  return  true;  default:      [BUGGY]  return(n.getType()  ==  Token.NAME)?  BooleanResultPredicate.BOOLEAN  :  BooleanResultPredicate.FIELD;  [BUGGY]      }  }  [CLASS]  NodeUtil  NumbericResultPredicate  BooleanResultPredicate  MayBeStringResultPredicate  VarCollector  MatchNameNode  MatchNodeType  MatchDeclaration  MatchNotFunction  MatchShallowStatement  [METHOD]  isBooleanResultHelper  [RETURN_TYPE]  boolean  Node  n  [VARIABLES]  BooleanResultPredicate  BOOLEAN_RESULT_PREDICATE  Set  BUILTIN_FUNCTIONS_WITHOUT_SIDEEFFECTS  CONSTRUCTORS_WITHOUT_SIDE_EFFECTS  OBJECT_METHODS_WITHOUT_SIDEEFFECTS  REGEXP_METHODS  STRING_REGEXP_METHODS  defines  emptySet  knownConstants  NumbericResultPredicate  NUMBERIC_RESULT_PREDICATE  boolean  MayBeStringResultPredicate  MAY_BE_STRING_PREDICATE  Node  n  String  JSC_PROPERTY_NAME_FN  childValue  name  namespaceName  rawJsString  s  value  Map  vars  int  c  end  nextSkipSlot  nextSlot  start  type  	projects/Closure80/src/com/google/javascript/jscomp/NodeUtil.java	0.4082482904638631	1264	1264	2	replace	return(n.getType()  ==  Token.NAME)?  BooleanResultPredicate.BOOLEAN  :  BooleanResultPredicate.FIELD;	  return(n.getType()    ==    Token.NAME)?    BooleanResultPredicate.BOOLEAN    :    BooleanResultPredicate.FALSE;    	non-compiled	[CE]  	90	None	replace
54	[BUG]  [BUGGY]  return(n.getType()  ==  Token.FUNCTION)?  BooleanResultPredicate.BOOLEAN  :  BooleanResultPredicate.FALSE;  [CE]  [FE]                        IllegalStateException      [CONTEXT]      case  Token.LE:  case  Token.GE:  case  Token.IN:  case  Token.INSTANCEOF:  case  Token.NOT:  return  true;  default:      [BUGGY]  return(n.getType()  ==  Token.FUNCTION)?  BooleanResultPredicate.BOOLEAN  :  BooleanResultPredicate.FALSE;  [BUGGY]      }  }  [CLASS]  NodeUtil  NumbericResultPredicate  BooleanResultPredicate  MayBeStringResultPredicate  VarCollector  MatchNameNode  MatchNodeType  MatchDeclaration  MatchNotFunction  MatchShallowStatement  [METHOD]  isBooleanResultHelper  [RETURN_TYPE]  boolean  Node  n  [VARIABLES]  BooleanResultPredicate  BOOLEAN_RESULT_PREDICATE  Set  BUILTIN_FUNCTIONS_WITHOUT_SIDEEFFECTS  CONSTRUCTORS_WITHOUT_SIDE_EFFECTS  OBJECT_METHODS_WITHOUT_SIDEEFFECTS  REGEXP_METHODS  STRING_REGEXP_METHODS  defines  emptySet  knownConstants  NumbericResultPredicate  NUMBERIC_RESULT_PREDICATE  boolean  MayBeStringResultPredicate  MAY_BE_STRING_PREDICATE  Node  n  String  JSC_PROPERTY_NAME_FN  childValue  name  namespaceName  rawJsString  s  value  Map  vars  int  c  end  nextSkipSlot  nextSlot  start  type  	projects/Closure80/src/com/google/javascript/jscomp/NodeUtil.java	0.4082482904638631	1264	1264	2	replace	return(n.getType()  ==  Token.FUNCTION)?  BooleanResultPredicate.BOOLEAN  :  BooleanResultPredicate.FALSE;	  return(n.getType()    ==    Token.NAME)?    BooleanResultPredicate.BOOLEAN    :    BooleanResultPredicate.FALSE;    	non-compiled	[CE]  	90	None	replace
55	[BUG]  [BUGGY]  return(n.getType()  ==  Token.NAME)?  BooleanResultPredicate.BOOLEAN  :  BooleanResultPredicate.FUNCTION;  [CE]  [FE]                          IllegalStateException      [CONTEXT]      case  Token.LE:  case  Token.GE:  case  Token.IN:  case  Token.INSTANCEOF:  case  Token.NOT:  return  true;  default:      [BUGGY]  return(n.getType()  ==  Token.NAME)?  BooleanResultPredicate.BOOLEAN  :  BooleanResultPredicate.FUNCTION;  [BUGGY]      }  }  [CLASS]  NodeUtil  NumbericResultPredicate  BooleanResultPredicate  MayBeStringResultPredicate  VarCollector  MatchNameNode  MatchNodeType  MatchDeclaration  MatchNotFunction  MatchShallowStatement  [METHOD]  isBooleanResultHelper  [RETURN_TYPE]  boolean  Node  n  [VARIABLES]  BooleanResultPredicate  BOOLEAN_RESULT_PREDICATE  Set  BUILTIN_FUNCTIONS_WITHOUT_SIDEEFFECTS  CONSTRUCTORS_WITHOUT_SIDE_EFFECTS  OBJECT_METHODS_WITHOUT_SIDEEFFECTS  REGEXP_METHODS  STRING_REGEXP_METHODS  defines  emptySet  knownConstants  NumbericResultPredicate  NUMBERIC_RESULT_PREDICATE  boolean  MayBeStringResultPredicate  MAY_BE_STRING_PREDICATE  Node  n  String  JSC_PROPERTY_NAME_FN  childValue  name  namespaceName  rawJsString  s  value  Map  vars  int  c  end  nextSkipSlot  nextSlot  start  type  	projects/Closure80/src/com/google/javascript/jscomp/NodeUtil.java	0.4082482904638631	1264	1264	2	replace	return(n.getType()  ==  Token.NAME)?  BooleanResultPredicate.BOOLEAN  :  BooleanResultPredicate.FUNCTION;	  return(n.getType()    ==    Token.NAME)?    BooleanResultPredicate.BOOLEAN    :    BooleanResultPredicate.FALSE;    	non-compiled	[CE]  	90	None	replace
56	[BUG]  [BUGGY]  return(n.getType()  ==  Token.NAME)?  BooleanResultPredicate.BOOLEAN  :  BooleanResultPredicate.BLOCK;  [CE]  [FE]                            IllegalStateException      [CONTEXT]      case  Token.LE:  case  Token.GE:  case  Token.IN:  case  Token.INSTANCEOF:  case  Token.NOT:  return  true;  default:      [BUGGY]  return(n.getType()  ==  Token.NAME)?  BooleanResultPredicate.BOOLEAN  :  BooleanResultPredicate.BLOCK;  [BUGGY]      }  }  [CLASS]  NodeUtil  NumbericResultPredicate  BooleanResultPredicate  MayBeStringResultPredicate  VarCollector  MatchNameNode  MatchNodeType  MatchDeclaration  MatchNotFunction  MatchShallowStatement  [METHOD]  isBooleanResultHelper  [RETURN_TYPE]  boolean  Node  n  [VARIABLES]  BooleanResultPredicate  BOOLEAN_RESULT_PREDICATE  Set  BUILTIN_FUNCTIONS_WITHOUT_SIDEEFFECTS  CONSTRUCTORS_WITHOUT_SIDE_EFFECTS  OBJECT_METHODS_WITHOUT_SIDEEFFECTS  REGEXP_METHODS  STRING_REGEXP_METHODS  defines  emptySet  knownConstants  NumbericResultPredicate  NUMBERIC_RESULT_PREDICATE  boolean  MayBeStringResultPredicate  MAY_BE_STRING_PREDICATE  Node  n  String  JSC_PROPERTY_NAME_FN  childValue  name  namespaceName  rawJsString  s  value  Map  vars  int  c  end  nextSkipSlot  nextSlot  start  type  	projects/Closure80/src/com/google/javascript/jscomp/NodeUtil.java	0.4082482904638631	1264	1264	2	replace	return(n.getType()  ==  Token.NAME)?  BooleanResultPredicate.BOOLEAN  :  BooleanResultPredicate.BLOCK;	  return(n.getType()    ==    Token.NAME)?    BooleanResultPredicate.BOOLEAN    :    BooleanResultPredicate.FALSE;    	non-compiled	[CE]  	90	None	replace
57	[BUG]  [BUGGY]  return(n.getType()  ==  Token.BLOCK)?  BooleanResultPredicate.BOOLEAN  :  BooleanResultPredicate.FALSE;  [CE]  [FE]                              IllegalStateException      [CONTEXT]      case  Token.LE:  case  Token.GE:  case  Token.IN:  case  Token.INSTANCEOF:  case  Token.NOT:  return  true;  default:      [BUGGY]  return(n.getType()  ==  Token.BLOCK)?  BooleanResultPredicate.BOOLEAN  :  BooleanResultPredicate.FALSE;  [BUGGY]      }  }  [CLASS]  NodeUtil  NumbericResultPredicate  BooleanResultPredicate  MayBeStringResultPredicate  VarCollector  MatchNameNode  MatchNodeType  MatchDeclaration  MatchNotFunction  MatchShallowStatement  [METHOD]  isBooleanResultHelper  [RETURN_TYPE]  boolean  Node  n  [VARIABLES]  BooleanResultPredicate  BOOLEAN_RESULT_PREDICATE  Set  BUILTIN_FUNCTIONS_WITHOUT_SIDEEFFECTS  CONSTRUCTORS_WITHOUT_SIDE_EFFECTS  OBJECT_METHODS_WITHOUT_SIDEEFFECTS  REGEXP_METHODS  STRING_REGEXP_METHODS  defines  emptySet  knownConstants  NumbericResultPredicate  NUMBERIC_RESULT_PREDICATE  boolean  MayBeStringResultPredicate  MAY_BE_STRING_PREDICATE  Node  n  String  JSC_PROPERTY_NAME_FN  childValue  name  namespaceName  rawJsString  s  value  Map  vars  int  c  end  nextSkipSlot  nextSlot  start  type  	projects/Closure80/src/com/google/javascript/jscomp/NodeUtil.java	0.4082482904638631	1264	1264	2	replace	return(n.getType()  ==  Token.BLOCK)?  BooleanResultPredicate.BOOLEAN  :  BooleanResultPredicate.FALSE;	  return(n.getType()    ==    Token.NAME)?    BooleanResultPredicate.BOOLEAN    :    BooleanResultPredicate.FALSE;    	non-compiled	[CE]  	90	None	replace
58	[BUG]  [BUGGY]  return(n.getType()  ==  Token.NAME)&  BooleanResultPredicate.UNKNOWN?  BooleanResultPredicate.UNKNOWN  :  BooleanResultPredicate.UNKNOWN;  [CE]  [FE]                  IllegalStateException      [CONTEXT]      case  Token.LE:  case  Token.GE:  case  Token.IN:  case  Token.INSTANCEOF:  case  Token.NOT:  return  true;  default:      [BUGGY]  return(n.getType()  ==  Token.NAME)&  BooleanResultPredicate.UNKNOWN?  BooleanResultPredicate.UNKNOWN  :  BooleanResultPredicate.UNKNOWN;  [BUGGY]      }  }  [CLASS]  NodeUtil  NumbericResultPredicate  BooleanResultPredicate  MayBeStringResultPredicate  VarCollector  MatchNameNode  MatchNodeType  MatchDeclaration  MatchNotFunction  MatchShallowStatement  [METHOD]  isBooleanResultHelper  [RETURN_TYPE]  boolean  Node  n  [VARIABLES]  BooleanResultPredicate  BOOLEAN_RESULT_PREDICATE  Set  BUILTIN_FUNCTIONS_WITHOUT_SIDEEFFECTS  CONSTRUCTORS_WITHOUT_SIDE_EFFECTS  OBJECT_METHODS_WITHOUT_SIDEEFFECTS  REGEXP_METHODS  STRING_REGEXP_METHODS  defines  emptySet  knownConstants  NumbericResultPredicate  NUMBERIC_RESULT_PREDICATE  boolean  MayBeStringResultPredicate  MAY_BE_STRING_PREDICATE  Node  n  String  JSC_PROPERTY_NAME_FN  childValue  name  namespaceName  rawJsString  s  value  Map  vars  int  c  end  nextSkipSlot  nextSlot  start  type  	projects/Closure80/src/com/google/javascript/jscomp/NodeUtil.java	0.4082482904638631	1264	1264	2	replace	return(n.getType()  ==  Token.NAME)&  BooleanResultPredicate.UNKNOWN?  BooleanResultPredicate.UNKNOWN  :  BooleanResultPredicate.UNKNOWN;	  return(n.getType()    ==    Token.NAME)&    BooleanResultPredicate.UNKNOWN    :    BooleanResultPredicate.UNKNOWN;    	non-compiled	[CE]  	114	None	replace
59	[BUG]  [BUGGY]  return(n.getType()  ==  Token.NAME)|  BooleanResultPredicate.UNKNOWN  :  BooleanResultPredicate.UNKNOWN;  [CE]  [FE]                    IllegalStateException      [CONTEXT]      case  Token.LE:  case  Token.GE:  case  Token.IN:  case  Token.INSTANCEOF:  case  Token.NOT:  return  true;  default:      [BUGGY]  return(n.getType()  ==  Token.NAME)|  BooleanResultPredicate.UNKNOWN  :  BooleanResultPredicate.UNKNOWN;  [BUGGY]      }  }  [CLASS]  NodeUtil  NumbericResultPredicate  BooleanResultPredicate  MayBeStringResultPredicate  VarCollector  MatchNameNode  MatchNodeType  MatchDeclaration  MatchNotFunction  MatchShallowStatement  [METHOD]  isBooleanResultHelper  [RETURN_TYPE]  boolean  Node  n  [VARIABLES]  BooleanResultPredicate  BOOLEAN_RESULT_PREDICATE  Set  BUILTIN_FUNCTIONS_WITHOUT_SIDEEFFECTS  CONSTRUCTORS_WITHOUT_SIDE_EFFECTS  OBJECT_METHODS_WITHOUT_SIDEEFFECTS  REGEXP_METHODS  STRING_REGEXP_METHODS  defines  emptySet  knownConstants  NumbericResultPredicate  NUMBERIC_RESULT_PREDICATE  boolean  MayBeStringResultPredicate  MAY_BE_STRING_PREDICATE  Node  n  String  JSC_PROPERTY_NAME_FN  childValue  name  namespaceName  rawJsString  s  value  Map  vars  int  c  end  nextSkipSlot  nextSlot  start  type  	projects/Closure80/src/com/google/javascript/jscomp/NodeUtil.java	0.4082482904638631	1264	1264	2	replace	return(n.getType()  ==  Token.NAME)|  BooleanResultPredicate.UNKNOWN  :  BooleanResultPredicate.UNKNOWN;	  return(n.getType()    ==    Token.NAME)&    BooleanResultPredicate.UNKNOWN    :    BooleanResultPredicate.UNKNOWN;    	non-compiled	[CE]  	114	None	replace
60	[BUG]  [BUGGY]  return(n.getType()!=  Token.NAME)&  BooleanResultPredicate.UNKNOWN  :  BooleanResultPredicate.UNKNOWN;  [CE]  [FE]                      IllegalStateException      [CONTEXT]      case  Token.LE:  case  Token.GE:  case  Token.IN:  case  Token.INSTANCEOF:  case  Token.NOT:  return  true;  default:      [BUGGY]  return(n.getType()!=  Token.NAME)&  BooleanResultPredicate.UNKNOWN  :  BooleanResultPredicate.UNKNOWN;  [BUGGY]      }  }  [CLASS]  NodeUtil  NumbericResultPredicate  BooleanResultPredicate  MayBeStringResultPredicate  VarCollector  MatchNameNode  MatchNodeType  MatchDeclaration  MatchNotFunction  MatchShallowStatement  [METHOD]  isBooleanResultHelper  [RETURN_TYPE]  boolean  Node  n  [VARIABLES]  BooleanResultPredicate  BOOLEAN_RESULT_PREDICATE  Set  BUILTIN_FUNCTIONS_WITHOUT_SIDEEFFECTS  CONSTRUCTORS_WITHOUT_SIDE_EFFECTS  OBJECT_METHODS_WITHOUT_SIDEEFFECTS  REGEXP_METHODS  STRING_REGEXP_METHODS  defines  emptySet  knownConstants  NumbericResultPredicate  NUMBERIC_RESULT_PREDICATE  boolean  MayBeStringResultPredicate  MAY_BE_STRING_PREDICATE  Node  n  String  JSC_PROPERTY_NAME_FN  childValue  name  namespaceName  rawJsString  s  value  Map  vars  int  c  end  nextSkipSlot  nextSlot  start  type  	projects/Closure80/src/com/google/javascript/jscomp/NodeUtil.java	0.4082482904638631	1264	1264	2	replace	return(n.getType()!=  Token.NAME)&  BooleanResultPredicate.UNKNOWN  :  BooleanResultPredicate.UNKNOWN;	  return(n.getType()    ==    Token.NAME)&    BooleanResultPredicate.UNKNOWN    :    BooleanResultPredicate.UNKNOWN;    	non-compiled	[CE]  	114	None	replace
61	[BUG]  [BUGGY]  return(n.getType()  ==  Token.FUNCTION)&  BooleanResultPredicate.UNKNOWN  :  BooleanResultPredicate.UNKNOWN;  [CE]  [FE]                        IllegalStateException      [CONTEXT]      case  Token.LE:  case  Token.GE:  case  Token.IN:  case  Token.INSTANCEOF:  case  Token.NOT:  return  true;  default:      [BUGGY]  return(n.getType()  ==  Token.FUNCTION)&  BooleanResultPredicate.UNKNOWN  :  BooleanResultPredicate.UNKNOWN;  [BUGGY]      }  }  [CLASS]  NodeUtil  NumbericResultPredicate  BooleanResultPredicate  MayBeStringResultPredicate  VarCollector  MatchNameNode  MatchNodeType  MatchDeclaration  MatchNotFunction  MatchShallowStatement  [METHOD]  isBooleanResultHelper  [RETURN_TYPE]  boolean  Node  n  [VARIABLES]  BooleanResultPredicate  BOOLEAN_RESULT_PREDICATE  Set  BUILTIN_FUNCTIONS_WITHOUT_SIDEEFFECTS  CONSTRUCTORS_WITHOUT_SIDE_EFFECTS  OBJECT_METHODS_WITHOUT_SIDEEFFECTS  REGEXP_METHODS  STRING_REGEXP_METHODS  defines  emptySet  knownConstants  NumbericResultPredicate  NUMBERIC_RESULT_PREDICATE  boolean  MayBeStringResultPredicate  MAY_BE_STRING_PREDICATE  Node  n  String  JSC_PROPERTY_NAME_FN  childValue  name  namespaceName  rawJsString  s  value  Map  vars  int  c  end  nextSkipSlot  nextSlot  start  type  	projects/Closure80/src/com/google/javascript/jscomp/NodeUtil.java	0.4082482904638631	1264	1264	2	replace	return(n.getType()  ==  Token.FUNCTION)&  BooleanResultPredicate.UNKNOWN  :  BooleanResultPredicate.UNKNOWN;	  return(n.getType()    ==    Token.NAME)&    BooleanResultPredicate.UNKNOWN    :    BooleanResultPredicate.UNKNOWN;    	non-compiled	[CE]  	114	None	replace
62	[BUG]  [BUGGY]  return(n.getType()  ==  Token.NAME)&  BooleanResultPredicate.UNKNOWN  -  1;  [CE]  [FE]                          IllegalStateException      [CONTEXT]      case  Token.LE:  case  Token.GE:  case  Token.IN:  case  Token.INSTANCEOF:  case  Token.NOT:  return  true;  default:      [BUGGY]  return(n.getType()  ==  Token.NAME)&  BooleanResultPredicate.UNKNOWN  -  1;  [BUGGY]      }  }  [CLASS]  NodeUtil  NumbericResultPredicate  BooleanResultPredicate  MayBeStringResultPredicate  VarCollector  MatchNameNode  MatchNodeType  MatchDeclaration  MatchNotFunction  MatchShallowStatement  [METHOD]  isBooleanResultHelper  [RETURN_TYPE]  boolean  Node  n  [VARIABLES]  BooleanResultPredicate  BOOLEAN_RESULT_PREDICATE  Set  BUILTIN_FUNCTIONS_WITHOUT_SIDEEFFECTS  CONSTRUCTORS_WITHOUT_SIDE_EFFECTS  OBJECT_METHODS_WITHOUT_SIDEEFFECTS  REGEXP_METHODS  STRING_REGEXP_METHODS  defines  emptySet  knownConstants  NumbericResultPredicate  NUMBERIC_RESULT_PREDICATE  boolean  MayBeStringResultPredicate  MAY_BE_STRING_PREDICATE  Node  n  String  JSC_PROPERTY_NAME_FN  childValue  name  namespaceName  rawJsString  s  value  Map  vars  int  c  end  nextSkipSlot  nextSlot  start  type  	projects/Closure80/src/com/google/javascript/jscomp/NodeUtil.java	0.4082482904638631	1264	1264	2	replace	return(n.getType()  ==  Token.NAME)&  BooleanResultPredicate.UNKNOWN  -  1;	  return(n.getType()    ==    Token.NAME)&    BooleanResultPredicate.UNKNOWN    :    BooleanResultPredicate.UNKNOWN;    	non-compiled	[CE]  	114	None	replace
63	[BUG]  [BUGGY]  if(n.getType()  ==  Token.VAR  ||  n.getType()  ==  Token.FUNCTION)  {  return  false;  }  [CE]  [FE]            IllegalStateException      [CONTEXT]      case  Token.LE:  case  Token.GE:  case  Token.IN:  case  Token.INSTANCEOF:  case  Token.NOT:  return  true;  default:      [BUGGY]  if(n.getType()  ==  Token.VAR  ||  n.getType()  ==  Token.FUNCTION)  {  return  false;  }  [BUGGY]      }  }  [CLASS]  NodeUtil  NumbericResultPredicate  BooleanResultPredicate  MayBeStringResultPredicate  VarCollector  MatchNameNode  MatchNodeType  MatchDeclaration  MatchNotFunction  MatchShallowStatement  [METHOD]  isBooleanResultHelper  [RETURN_TYPE]  boolean  Node  n  [VARIABLES]  BooleanResultPredicate  BOOLEAN_RESULT_PREDICATE  Set  BUILTIN_FUNCTIONS_WITHOUT_SIDEEFFECTS  CONSTRUCTORS_WITHOUT_SIDE_EFFECTS  OBJECT_METHODS_WITHOUT_SIDEEFFECTS  REGEXP_METHODS  STRING_REGEXP_METHODS  defines  emptySet  knownConstants  NumbericResultPredicate  NUMBERIC_RESULT_PREDICATE  boolean  MayBeStringResultPredicate  MAY_BE_STRING_PREDICATE  Node  n  String  JSC_PROPERTY_NAME_FN  childValue  name  namespaceName  rawJsString  s  value  Map  vars  int  c  end  nextSkipSlot  nextSlot  start  type  	projects/Closure80/src/com/google/javascript/jscomp/NodeUtil.java	0.4082482904638631	1264	1264	2	replace	if(n.getType()  ==  Token.VAR  ||  n.getType()  ==  Token.FUNCTION)  {  return  false;  }	  if(n.getType()    ==    Token.VAR)    {    return    false;    }    	non-compiled	[CE]  	134	None	replace
64	[BUG]  [BUGGY]  if(n.getType()  ==  Token.VAR  ||  n.getType()!=  Token.FUNCTION)  {  return  false;  }  [CE]  [FE]              IllegalStateException      [CONTEXT]      case  Token.LE:  case  Token.GE:  case  Token.IN:  case  Token.INSTANCEOF:  case  Token.NOT:  return  true;  default:      [BUGGY]  if(n.getType()  ==  Token.VAR  ||  n.getType()!=  Token.FUNCTION)  {  return  false;  }  [BUGGY]      }  }  [CLASS]  NodeUtil  NumbericResultPredicate  BooleanResultPredicate  MayBeStringResultPredicate  VarCollector  MatchNameNode  MatchNodeType  MatchDeclaration  MatchNotFunction  MatchShallowStatement  [METHOD]  isBooleanResultHelper  [RETURN_TYPE]  boolean  Node  n  [VARIABLES]  BooleanResultPredicate  BOOLEAN_RESULT_PREDICATE  Set  BUILTIN_FUNCTIONS_WITHOUT_SIDEEFFECTS  CONSTRUCTORS_WITHOUT_SIDE_EFFECTS  OBJECT_METHODS_WITHOUT_SIDEEFFECTS  REGEXP_METHODS  STRING_REGEXP_METHODS  defines  emptySet  knownConstants  NumbericResultPredicate  NUMBERIC_RESULT_PREDICATE  boolean  MayBeStringResultPredicate  MAY_BE_STRING_PREDICATE  Node  n  String  JSC_PROPERTY_NAME_FN  childValue  name  namespaceName  rawJsString  s  value  Map  vars  int  c  end  nextSkipSlot  nextSlot  start  type  	projects/Closure80/src/com/google/javascript/jscomp/NodeUtil.java	0.4082482904638631	1264	1264	2	replace	if(n.getType()  ==  Token.VAR  ||  n.getType()!=  Token.FUNCTION)  {  return  false;  }	  if(n.getType()    ==    Token.VAR)    {    return    false;    }    	non-compiled	[CE]  	134	None	replace
65	[BUG]  [BUGGY]  if(n.getType()  ==  Token.VAR)  {  return  true;  }  [CE]  [FE]                IllegalStateException      [CONTEXT]      case  Token.LE:  case  Token.GE:  case  Token.IN:  case  Token.INSTANCEOF:  case  Token.NOT:  return  true;  default:      [BUGGY]  if(n.getType()  ==  Token.VAR)  {  return  true;  }  [BUGGY]      }  }  [CLASS]  NodeUtil  NumbericResultPredicate  BooleanResultPredicate  MayBeStringResultPredicate  VarCollector  MatchNameNode  MatchNodeType  MatchDeclaration  MatchNotFunction  MatchShallowStatement  [METHOD]  isBooleanResultHelper  [RETURN_TYPE]  boolean  Node  n  [VARIABLES]  BooleanResultPredicate  BOOLEAN_RESULT_PREDICATE  Set  BUILTIN_FUNCTIONS_WITHOUT_SIDEEFFECTS  CONSTRUCTORS_WITHOUT_SIDE_EFFECTS  OBJECT_METHODS_WITHOUT_SIDEEFFECTS  REGEXP_METHODS  STRING_REGEXP_METHODS  defines  emptySet  knownConstants  NumbericResultPredicate  NUMBERIC_RESULT_PREDICATE  boolean  MayBeStringResultPredicate  MAY_BE_STRING_PREDICATE  Node  n  String  JSC_PROPERTY_NAME_FN  childValue  name  namespaceName  rawJsString  s  value  Map  vars  int  c  end  nextSkipSlot  nextSlot  start  type  	projects/Closure80/src/com/google/javascript/jscomp/NodeUtil.java	0.4082482904638631	1264	1264	2	replace	if(n.getType()  ==  Token.VAR)  {  return  true;  }	  if(n.getType()    ==    Token.VAR)    {    return    false;    }    	non-compiled	[CE]  	134	None	replace
66	[BUG]  [BUGGY]  if(n.getType()  ==  Token.VAR  ||  n.getType()  ==  Token.NAME)  {  return  false;  }  [CE]  [FE]                  IllegalStateException      [CONTEXT]      case  Token.LE:  case  Token.GE:  case  Token.IN:  case  Token.INSTANCEOF:  case  Token.NOT:  return  true;  default:      [BUGGY]  if(n.getType()  ==  Token.VAR  ||  n.getType()  ==  Token.NAME)  {  return  false;  }  [BUGGY]      }  }  [CLASS]  NodeUtil  NumbericResultPredicate  BooleanResultPredicate  MayBeStringResultPredicate  VarCollector  MatchNameNode  MatchNodeType  MatchDeclaration  MatchNotFunction  MatchShallowStatement  [METHOD]  isBooleanResultHelper  [RETURN_TYPE]  boolean  Node  n  [VARIABLES]  BooleanResultPredicate  BOOLEAN_RESULT_PREDICATE  Set  BUILTIN_FUNCTIONS_WITHOUT_SIDEEFFECTS  CONSTRUCTORS_WITHOUT_SIDE_EFFECTS  OBJECT_METHODS_WITHOUT_SIDEEFFECTS  REGEXP_METHODS  STRING_REGEXP_METHODS  defines  emptySet  knownConstants  NumbericResultPredicate  NUMBERIC_RESULT_PREDICATE  boolean  MayBeStringResultPredicate  MAY_BE_STRING_PREDICATE  Node  n  String  JSC_PROPERTY_NAME_FN  childValue  name  namespaceName  rawJsString  s  value  Map  vars  int  c  end  nextSkipSlot  nextSlot  start  type  	projects/Closure80/src/com/google/javascript/jscomp/NodeUtil.java	0.4082482904638631	1264	1264	2	replace	if(n.getType()  ==  Token.VAR  ||  n.getType()  ==  Token.NAME)  {  return  false;  }	  if(n.getType()    ==    Token.VAR)    {    return    false;    }    	non-compiled	[CE]  	134	None	replace
67	[BUG]  [BUGGY]  return(n  ==  null)?  BooleanResultPredicate.FALSE  :  BooleanResultPredicate.TRUE;  [CE]  [FE]                      IllegalStateException      [CONTEXT]      case  Token.LE:  case  Token.GE:  case  Token.IN:  case  Token.INSTANCEOF:  case  Token.NOT:  return  true;  default:      [BUGGY]  return(n  ==  null)?  BooleanResultPredicate.FALSE  :  BooleanResultPredicate.TRUE;  [BUGGY]      }  }  [CLASS]  NodeUtil  NumbericResultPredicate  BooleanResultPredicate  MayBeStringResultPredicate  VarCollector  MatchNameNode  MatchNodeType  MatchDeclaration  MatchNotFunction  MatchShallowStatement  [METHOD]  isBooleanResultHelper  [RETURN_TYPE]  boolean  Node  n  [VARIABLES]  BooleanResultPredicate  BOOLEAN_RESULT_PREDICATE  Set  BUILTIN_FUNCTIONS_WITHOUT_SIDEEFFECTS  CONSTRUCTORS_WITHOUT_SIDE_EFFECTS  OBJECT_METHODS_WITHOUT_SIDEEFFECTS  REGEXP_METHODS  STRING_REGEXP_METHODS  defines  emptySet  knownConstants  NumbericResultPredicate  NUMBERIC_RESULT_PREDICATE  boolean  MayBeStringResultPredicate  MAY_BE_STRING_PREDICATE  Node  n  String  JSC_PROPERTY_NAME_FN  childValue  name  namespaceName  rawJsString  s  value  Map  vars  int  c  end  nextSkipSlot  nextSlot  start  type  	projects/Closure80/src/com/google/javascript/jscomp/NodeUtil.java	0.4082482904638631	1264	1264	2	replace	return(n  ==  null)?  BooleanResultPredicate.FALSE  :  BooleanResultPredicate.TRUE;	  return(n!=    null)?    BooleanResultPredicate.FALSE    :    BooleanResultPredicate.TRUE;    	non-compiled	[CE]  	94	None	replace
68	[BUG]  [BUGGY]  return(n  ==  null)?  BooleanResultPredicate.TRUE  :  BooleanResultPredicate.FALSE;  [CE]  [FE]                        IllegalStateException      [CONTEXT]      case  Token.LE:  case  Token.GE:  case  Token.IN:  case  Token.INSTANCEOF:  case  Token.NOT:  return  true;  default:      [BUGGY]  return(n  ==  null)?  BooleanResultPredicate.TRUE  :  BooleanResultPredicate.FALSE;  [BUGGY]      }  }  [CLASS]  NodeUtil  NumbericResultPredicate  BooleanResultPredicate  MayBeStringResultPredicate  VarCollector  MatchNameNode  MatchNodeType  MatchDeclaration  MatchNotFunction  MatchShallowStatement  [METHOD]  isBooleanResultHelper  [RETURN_TYPE]  boolean  Node  n  [VARIABLES]  BooleanResultPredicate  BOOLEAN_RESULT_PREDICATE  Set  BUILTIN_FUNCTIONS_WITHOUT_SIDEEFFECTS  CONSTRUCTORS_WITHOUT_SIDE_EFFECTS  OBJECT_METHODS_WITHOUT_SIDEEFFECTS  REGEXP_METHODS  STRING_REGEXP_METHODS  defines  emptySet  knownConstants  NumbericResultPredicate  NUMBERIC_RESULT_PREDICATE  boolean  MayBeStringResultPredicate  MAY_BE_STRING_PREDICATE  Node  n  String  JSC_PROPERTY_NAME_FN  childValue  name  namespaceName  rawJsString  s  value  Map  vars  int  c  end  nextSkipSlot  nextSlot  start  type  	projects/Closure80/src/com/google/javascript/jscomp/NodeUtil.java	0.4082482904638631	1264	1264	2	replace	return(n  ==  null)?  BooleanResultPredicate.TRUE  :  BooleanResultPredicate.FALSE;	  return(n!=    null)?    BooleanResultPredicate.FALSE    :    BooleanResultPredicate.TRUE;    	non-compiled	[CE]  	94	None	replace
69	[BUG]  [BUGGY]  return(n!=  null)?  BooleanResultPredicate.TRUE  :  BooleanResultPredicate.FALSE;  [CE]  [FE]                          IllegalStateException      [CONTEXT]      case  Token.LE:  case  Token.GE:  case  Token.IN:  case  Token.INSTANCEOF:  case  Token.NOT:  return  true;  default:      [BUGGY]  return(n!=  null)?  BooleanResultPredicate.TRUE  :  BooleanResultPredicate.FALSE;  [BUGGY]      }  }  [CLASS]  NodeUtil  NumbericResultPredicate  BooleanResultPredicate  MayBeStringResultPredicate  VarCollector  MatchNameNode  MatchNodeType  MatchDeclaration  MatchNotFunction  MatchShallowStatement  [METHOD]  isBooleanResultHelper  [RETURN_TYPE]  boolean  Node  n  [VARIABLES]  BooleanResultPredicate  BOOLEAN_RESULT_PREDICATE  Set  BUILTIN_FUNCTIONS_WITHOUT_SIDEEFFECTS  CONSTRUCTORS_WITHOUT_SIDE_EFFECTS  OBJECT_METHODS_WITHOUT_SIDEEFFECTS  REGEXP_METHODS  STRING_REGEXP_METHODS  defines  emptySet  knownConstants  NumbericResultPredicate  NUMBERIC_RESULT_PREDICATE  boolean  MayBeStringResultPredicate  MAY_BE_STRING_PREDICATE  Node  n  String  JSC_PROPERTY_NAME_FN  childValue  name  namespaceName  rawJsString  s  value  Map  vars  int  c  end  nextSkipSlot  nextSlot  start  type  	projects/Closure80/src/com/google/javascript/jscomp/NodeUtil.java	0.4082482904638631	1264	1264	2	replace	return(n!=  null)?  BooleanResultPredicate.TRUE  :  BooleanResultPredicate.FALSE;	  return(n!=    null)?    BooleanResultPredicate.FALSE    :    BooleanResultPredicate.TRUE;    	non-compiled	[CE]  	94	None	replace
70	[BUG]  [BUGGY]  return(n  ==  null)?  BooleanResultPredicate.FALSE  :  BooleanResultPredicate.FIELD;  [CE]  [FE]                            IllegalStateException      [CONTEXT]      case  Token.LE:  case  Token.GE:  case  Token.IN:  case  Token.INSTANCEOF:  case  Token.NOT:  return  true;  default:      [BUGGY]  return(n  ==  null)?  BooleanResultPredicate.FALSE  :  BooleanResultPredicate.FIELD;  [BUGGY]      }  }  [CLASS]  NodeUtil  NumbericResultPredicate  BooleanResultPredicate  MayBeStringResultPredicate  VarCollector  MatchNameNode  MatchNodeType  MatchDeclaration  MatchNotFunction  MatchShallowStatement  [METHOD]  isBooleanResultHelper  [RETURN_TYPE]  boolean  Node  n  [VARIABLES]  BooleanResultPredicate  BOOLEAN_RESULT_PREDICATE  Set  BUILTIN_FUNCTIONS_WITHOUT_SIDEEFFECTS  CONSTRUCTORS_WITHOUT_SIDE_EFFECTS  OBJECT_METHODS_WITHOUT_SIDEEFFECTS  REGEXP_METHODS  STRING_REGEXP_METHODS  defines  emptySet  knownConstants  NumbericResultPredicate  NUMBERIC_RESULT_PREDICATE  boolean  MayBeStringResultPredicate  MAY_BE_STRING_PREDICATE  Node  n  String  JSC_PROPERTY_NAME_FN  childValue  name  namespaceName  rawJsString  s  value  Map  vars  int  c  end  nextSkipSlot  nextSlot  start  type  	projects/Closure80/src/com/google/javascript/jscomp/NodeUtil.java	0.4082482904638631	1264	1264	2	replace	return(n  ==  null)?  BooleanResultPredicate.FALSE  :  BooleanResultPredicate.FIELD;	  return(n!=    null)?    BooleanResultPredicate.FALSE    :    BooleanResultPredicate.TRUE;    	non-compiled	[CE]  	94	None	replace
71	[BUG]  [BUGGY]  return(n  ==  null)?  BooleanResultPredicate.FALSE  :  BooleanResultPredicate.TOP;  [CE]  [FE]                              IllegalStateException      [CONTEXT]      case  Token.LE:  case  Token.GE:  case  Token.IN:  case  Token.INSTANCEOF:  case  Token.NOT:  return  true;  default:      [BUGGY]  return(n  ==  null)?  BooleanResultPredicate.FALSE  :  BooleanResultPredicate.TOP;  [BUGGY]      }  }  [CLASS]  NodeUtil  NumbericResultPredicate  BooleanResultPredicate  MayBeStringResultPredicate  VarCollector  MatchNameNode  MatchNodeType  MatchDeclaration  MatchNotFunction  MatchShallowStatement  [METHOD]  isBooleanResultHelper  [RETURN_TYPE]  boolean  Node  n  [VARIABLES]  BooleanResultPredicate  BOOLEAN_RESULT_PREDICATE  Set  BUILTIN_FUNCTIONS_WITHOUT_SIDEEFFECTS  CONSTRUCTORS_WITHOUT_SIDE_EFFECTS  OBJECT_METHODS_WITHOUT_SIDEEFFECTS  REGEXP_METHODS  STRING_REGEXP_METHODS  defines  emptySet  knownConstants  NumbericResultPredicate  NUMBERIC_RESULT_PREDICATE  boolean  MayBeStringResultPredicate  MAY_BE_STRING_PREDICATE  Node  n  String  JSC_PROPERTY_NAME_FN  childValue  name  namespaceName  rawJsString  s  value  Map  vars  int  c  end  nextSkipSlot  nextSlot  start  type  	projects/Closure80/src/com/google/javascript/jscomp/NodeUtil.java	0.4082482904638631	1264	1264	2	replace	return(n  ==  null)?  BooleanResultPredicate.FALSE  :  BooleanResultPredicate.TOP;	  return(n!=    null)?    BooleanResultPredicate.FALSE    :    BooleanResultPredicate.TRUE;    	non-compiled	[CE]  	94	None	replace
72	[BUG]  [BUGGY]  return(n.getType()  ==  Token.FUNCTION)?  BooleanResultPredicate.FALSE  :  BooleanResultPredicate.BOOLEAN_RESULT_PREDICATE;  [CE]  [FE]                        IllegalStateException      [CONTEXT]      case  Token.LE:  case  Token.GE:  case  Token.IN:  case  Token.INSTANCEOF:  case  Token.NOT:  return  true;  default:      [BUGGY]  return(n.getType()  ==  Token.FUNCTION)?  BooleanResultPredicate.FALSE  :  BooleanResultPredicate.BOOLEAN_RESULT_PREDICATE;  [BUGGY]      }  }  [CLASS]  NodeUtil  NumbericResultPredicate  BooleanResultPredicate  MayBeStringResultPredicate  VarCollector  MatchNameNode  MatchNodeType  MatchDeclaration  MatchNotFunction  MatchShallowStatement  [METHOD]  isBooleanResultHelper  [RETURN_TYPE]  boolean  Node  n  [VARIABLES]  BooleanResultPredicate  BOOLEAN_RESULT_PREDICATE  Set  BUILTIN_FUNCTIONS_WITHOUT_SIDEEFFECTS  CONSTRUCTORS_WITHOUT_SIDE_EFFECTS  OBJECT_METHODS_WITHOUT_SIDEEFFECTS  REGEXP_METHODS  STRING_REGEXP_METHODS  defines  emptySet  knownConstants  NumbericResultPredicate  NUMBERIC_RESULT_PREDICATE  boolean  MayBeStringResultPredicate  MAY_BE_STRING_PREDICATE  Node  n  String  JSC_PROPERTY_NAME_FN  childValue  name  namespaceName  rawJsString  s  value  Map  vars  int  c  end  nextSkipSlot  nextSlot  start  type  	projects/Closure80/src/com/google/javascript/jscomp/NodeUtil.java	0.4082482904638631	1264	1264	2	replace	return(n.getType()  ==  Token.FUNCTION)?  BooleanResultPredicate.FALSE  :  BooleanResultPredicate.BOOLEAN_RESULT_PREDICATE;	  return(n.getType()    ==    Token.NAME)?    BooleanResultPredicate.FALSE    :    BooleanResultPredicate.BOOLEAN_RESULT_PREDICATE;    	non-compiled	[CE]  	48	None	replace
73	[BUG]  [BUGGY]  return(n.getType()!=  Token.NAME)?  BooleanResultPredicate.FALSE  :  BooleanResultPredicate.BOOLEAN_RESULT_PREDICATE;  [CE]  [FE]                          IllegalStateException      [CONTEXT]      case  Token.LE:  case  Token.GE:  case  Token.IN:  case  Token.INSTANCEOF:  case  Token.NOT:  return  true;  default:      [BUGGY]  return(n.getType()!=  Token.NAME)?  BooleanResultPredicate.FALSE  :  BooleanResultPredicate.BOOLEAN_RESULT_PREDICATE;  [BUGGY]      }  }  [CLASS]  NodeUtil  NumbericResultPredicate  BooleanResultPredicate  MayBeStringResultPredicate  VarCollector  MatchNameNode  MatchNodeType  MatchDeclaration  MatchNotFunction  MatchShallowStatement  [METHOD]  isBooleanResultHelper  [RETURN_TYPE]  boolean  Node  n  [VARIABLES]  BooleanResultPredicate  BOOLEAN_RESULT_PREDICATE  Set  BUILTIN_FUNCTIONS_WITHOUT_SIDEEFFECTS  CONSTRUCTORS_WITHOUT_SIDE_EFFECTS  OBJECT_METHODS_WITHOUT_SIDEEFFECTS  REGEXP_METHODS  STRING_REGEXP_METHODS  defines  emptySet  knownConstants  NumbericResultPredicate  NUMBERIC_RESULT_PREDICATE  boolean  MayBeStringResultPredicate  MAY_BE_STRING_PREDICATE  Node  n  String  JSC_PROPERTY_NAME_FN  childValue  name  namespaceName  rawJsString  s  value  Map  vars  int  c  end  nextSkipSlot  nextSlot  start  type  	projects/Closure80/src/com/google/javascript/jscomp/NodeUtil.java	0.4082482904638631	1264	1264	2	replace	return(n.getType()!=  Token.NAME)?  BooleanResultPredicate.FALSE  :  BooleanResultPredicate.BOOLEAN_RESULT_PREDICATE;	  return(n.getType()    ==    Token.NAME)?    BooleanResultPredicate.FALSE    :    BooleanResultPredicate.BOOLEAN_RESULT_PREDICATE;    	non-compiled	[CE]  	48	None	replace
74	[BUG]  [BUGGY]  return(n.getType()  ==  Token.NAME)?  BooleanResultPredicate.BOOLEAN_RESULT_PREDICATE  :  BooleanResultPredicate.FALSE;  [CE]  [FE]                            IllegalStateException      [CONTEXT]      case  Token.LE:  case  Token.GE:  case  Token.IN:  case  Token.INSTANCEOF:  case  Token.NOT:  return  true;  default:      [BUGGY]  return(n.getType()  ==  Token.NAME)?  BooleanResultPredicate.BOOLEAN_RESULT_PREDICATE  :  BooleanResultPredicate.FALSE;  [BUGGY]      }  }  [CLASS]  NodeUtil  NumbericResultPredicate  BooleanResultPredicate  MayBeStringResultPredicate  VarCollector  MatchNameNode  MatchNodeType  MatchDeclaration  MatchNotFunction  MatchShallowStatement  [METHOD]  isBooleanResultHelper  [RETURN_TYPE]  boolean  Node  n  [VARIABLES]  BooleanResultPredicate  BOOLEAN_RESULT_PREDICATE  Set  BUILTIN_FUNCTIONS_WITHOUT_SIDEEFFECTS  CONSTRUCTORS_WITHOUT_SIDE_EFFECTS  OBJECT_METHODS_WITHOUT_SIDEEFFECTS  REGEXP_METHODS  STRING_REGEXP_METHODS  defines  emptySet  knownConstants  NumbericResultPredicate  NUMBERIC_RESULT_PREDICATE  boolean  MayBeStringResultPredicate  MAY_BE_STRING_PREDICATE  Node  n  String  JSC_PROPERTY_NAME_FN  childValue  name  namespaceName  rawJsString  s  value  Map  vars  int  c  end  nextSkipSlot  nextSlot  start  type  	projects/Closure80/src/com/google/javascript/jscomp/NodeUtil.java	0.4082482904638631	1264	1264	2	replace	return(n.getType()  ==  Token.NAME)?  BooleanResultPredicate.BOOLEAN_RESULT_PREDICATE  :  BooleanResultPredicate.FALSE;	  return(n.getType()    ==    Token.NAME)?    BooleanResultPredicate.FALSE    :    BooleanResultPredicate.BOOLEAN_RESULT_PREDICATE;    	non-compiled	[CE]  	48	None	replace
75	[BUG]  [BUGGY]  return(n.getType()  ==  Token.NAME)?  BOOLEAN_RESULT_PREDICATE  :  BooleanResultPredicate.FALSE;  [CE]  [FE]                              IllegalStateException      [CONTEXT]      case  Token.LE:  case  Token.GE:  case  Token.IN:  case  Token.INSTANCEOF:  case  Token.NOT:  return  true;  default:      [BUGGY]  return(n.getType()  ==  Token.NAME)?  BOOLEAN_RESULT_PREDICATE  :  BooleanResultPredicate.FALSE;  [BUGGY]      }  }  [CLASS]  NodeUtil  NumbericResultPredicate  BooleanResultPredicate  MayBeStringResultPredicate  VarCollector  MatchNameNode  MatchNodeType  MatchDeclaration  MatchNotFunction  MatchShallowStatement  [METHOD]  isBooleanResultHelper  [RETURN_TYPE]  boolean  Node  n  [VARIABLES]  BooleanResultPredicate  BOOLEAN_RESULT_PREDICATE  Set  BUILTIN_FUNCTIONS_WITHOUT_SIDEEFFECTS  CONSTRUCTORS_WITHOUT_SIDE_EFFECTS  OBJECT_METHODS_WITHOUT_SIDEEFFECTS  REGEXP_METHODS  STRING_REGEXP_METHODS  defines  emptySet  knownConstants  NumbericResultPredicate  NUMBERIC_RESULT_PREDICATE  boolean  MayBeStringResultPredicate  MAY_BE_STRING_PREDICATE  Node  n  String  JSC_PROPERTY_NAME_FN  childValue  name  namespaceName  rawJsString  s  value  Map  vars  int  c  end  nextSkipSlot  nextSlot  start  type  	projects/Closure80/src/com/google/javascript/jscomp/NodeUtil.java	0.4082482904638631	1264	1264	2	replace	return(n.getType()  ==  Token.NAME)?  BOOLEAN_RESULT_PREDICATE  :  BooleanResultPredicate.FALSE;	  return(n.getType()    ==    Token.NAME)?    BooleanResultPredicate.FALSE    :    BooleanResultPredicate.BOOLEAN_RESULT_PREDICATE;    	non-compiled	[CE]  	48	None	replace
76	[BUG]  [BUGGY]  ||  n.getType()!=  Token.NAME)  {  return  true;  }  [CE]  [FE]                  IllegalStateException      [CONTEXT]      case  Token.LE:  case  Token.GE:  case  Token.IN:  case  Token.INSTANCEOF:  case  Token.NOT:  return  true;  default:      [BUGGY]  ||  n.getType()!=  Token.NAME)  {  return  true;  }  [BUGGY]      }  }  [CLASS]  NodeUtil  NumbericResultPredicate  BooleanResultPredicate  MayBeStringResultPredicate  VarCollector  MatchNameNode  MatchNodeType  MatchDeclaration  MatchNotFunction  MatchShallowStatement  [METHOD]  isBooleanResultHelper  [RETURN_TYPE]  boolean  Node  n  [VARIABLES]  BooleanResultPredicate  BOOLEAN_RESULT_PREDICATE  Set  BUILTIN_FUNCTIONS_WITHOUT_SIDEEFFECTS  CONSTRUCTORS_WITHOUT_SIDE_EFFECTS  OBJECT_METHODS_WITHOUT_SIDEEFFECTS  REGEXP_METHODS  STRING_REGEXP_METHODS  defines  emptySet  knownConstants  NumbericResultPredicate  NUMBERIC_RESULT_PREDICATE  boolean  MayBeStringResultPredicate  MAY_BE_STRING_PREDICATE  Node  n  String  JSC_PROPERTY_NAME_FN  childValue  name  namespaceName  rawJsString  s  value  Map  vars  int  c  end  nextSkipSlot  nextSlot  start  type  	projects/Closure80/src/com/google/javascript/jscomp/NodeUtil.java	0.4082482904638631	1264	1264	2	replace	||  n.getType()!=  Token.NAME)  {  return  true;  }	  if(n.getType()!=    Token.NAME)    {    return    true;    }    	non-compiled	[CE]  	122	None	replace
77	[BUG]  [BUGGY]  ||(n.getType()!=  Token.NAME  &&  n.getChildCount()  >  1))  {  return  true;  }  [CE]  [FE]                    IllegalStateException      [CONTEXT]      case  Token.LE:  case  Token.GE:  case  Token.IN:  case  Token.INSTANCEOF:  case  Token.NOT:  return  true;  default:      [BUGGY]  ||(n.getType()!=  Token.NAME  &&  n.getChildCount()  >  1))  {  return  true;  }  [BUGGY]      }  }  [CLASS]  NodeUtil  NumbericResultPredicate  BooleanResultPredicate  MayBeStringResultPredicate  VarCollector  MatchNameNode  MatchNodeType  MatchDeclaration  MatchNotFunction  MatchShallowStatement  [METHOD]  isBooleanResultHelper  [RETURN_TYPE]  boolean  Node  n  [VARIABLES]  BooleanResultPredicate  BOOLEAN_RESULT_PREDICATE  Set  BUILTIN_FUNCTIONS_WITHOUT_SIDEEFFECTS  CONSTRUCTORS_WITHOUT_SIDE_EFFECTS  OBJECT_METHODS_WITHOUT_SIDEEFFECTS  REGEXP_METHODS  STRING_REGEXP_METHODS  defines  emptySet  knownConstants  NumbericResultPredicate  NUMBERIC_RESULT_PREDICATE  boolean  MayBeStringResultPredicate  MAY_BE_STRING_PREDICATE  Node  n  String  JSC_PROPERTY_NAME_FN  childValue  name  namespaceName  rawJsString  s  value  Map  vars  int  c  end  nextSkipSlot  nextSlot  start  type  	projects/Closure80/src/com/google/javascript/jscomp/NodeUtil.java	0.4082482904638631	1264	1264	2	replace	||(n.getType()!=  Token.NAME  &&  n.getChildCount()  >  1))  {  return  true;  }	  if(n.getType()!=    Token.NAME)    {    return    true;    }    	non-compiled	[CE]  	122	None	replace
78	[BUG]  [BUGGY]  NodeUtil.isAssignmentOp(n)||  NodeUtil.isFunctionAnonymous(n))  {  return  false;  }  [CE]  [FE]              IllegalStateException      [CONTEXT]      case  Token.LE:  case  Token.GE:  case  Token.IN:  case  Token.INSTANCEOF:  case  Token.NOT:  return  true;  default:      [BUGGY]  NodeUtil.isAssignmentOp(n)||  NodeUtil.isFunctionAnonymous(n))  {  return  false;  }  [BUGGY]      }  }  [CLASS]  NodeUtil  NumbericResultPredicate  BooleanResultPredicate  MayBeStringResultPredicate  VarCollector  MatchNameNode  MatchNodeType  MatchDeclaration  MatchNotFunction  MatchShallowStatement  [METHOD]  isBooleanResultHelper  [RETURN_TYPE]  boolean  Node  n  [VARIABLES]  BooleanResultPredicate  BOOLEAN_RESULT_PREDICATE  Set  BUILTIN_FUNCTIONS_WITHOUT_SIDEEFFECTS  CONSTRUCTORS_WITHOUT_SIDE_EFFECTS  OBJECT_METHODS_WITHOUT_SIDEEFFECTS  REGEXP_METHODS  STRING_REGEXP_METHODS  defines  emptySet  knownConstants  NumbericResultPredicate  NUMBERIC_RESULT_PREDICATE  boolean  MayBeStringResultPredicate  MAY_BE_STRING_PREDICATE  Node  n  String  JSC_PROPERTY_NAME_FN  childValue  name  namespaceName  rawJsString  s  value  Map  vars  int  c  end  nextSkipSlot  nextSlot  start  type  	projects/Closure80/src/com/google/javascript/jscomp/NodeUtil.java	0.4082482904638631	1264	1264	2	replace	NodeUtil.isAssignmentOp(n)||  NodeUtil.isFunctionAnonymous(n))  {  return  false;  }	  if(NodeUtil.isAssignmentOp(n)||    NodeUtil.isFunctionAnonymous(n))    {    return    true;    }    	non-compiled	[CE]  	158	None	replace
79	[BUG]  [BUGGY]  NodeUtil.isAssignmentOp(n)&&  NodeUtil.isFunctionAnonymous(n))  {  return  true;  }  [CE]  [FE]                IllegalStateException      [CONTEXT]      case  Token.LE:  case  Token.GE:  case  Token.IN:  case  Token.INSTANCEOF:  case  Token.NOT:  return  true;  default:      [BUGGY]  NodeUtil.isAssignmentOp(n)&&  NodeUtil.isFunctionAnonymous(n))  {  return  true;  }  [BUGGY]      }  }  [CLASS]  NodeUtil  NumbericResultPredicate  BooleanResultPredicate  MayBeStringResultPredicate  VarCollector  MatchNameNode  MatchNodeType  MatchDeclaration  MatchNotFunction  MatchShallowStatement  [METHOD]  isBooleanResultHelper  [RETURN_TYPE]  boolean  Node  n  [VARIABLES]  BooleanResultPredicate  BOOLEAN_RESULT_PREDICATE  Set  BUILTIN_FUNCTIONS_WITHOUT_SIDEEFFECTS  CONSTRUCTORS_WITHOUT_SIDE_EFFECTS  OBJECT_METHODS_WITHOUT_SIDEEFFECTS  REGEXP_METHODS  STRING_REGEXP_METHODS  defines  emptySet  knownConstants  NumbericResultPredicate  NUMBERIC_RESULT_PREDICATE  boolean  MayBeStringResultPredicate  MAY_BE_STRING_PREDICATE  Node  n  String  JSC_PROPERTY_NAME_FN  childValue  name  namespaceName  rawJsString  s  value  Map  vars  int  c  end  nextSkipSlot  nextSlot  start  type  	projects/Closure80/src/com/google/javascript/jscomp/NodeUtil.java	0.4082482904638631	1264	1264	2	replace	NodeUtil.isAssignmentOp(n)&&  NodeUtil.isFunctionAnonymous(n))  {  return  true;  }	  if(NodeUtil.isAssignmentOp(n)||    NodeUtil.isFunctionAnonymous(n))    {    return    true;    }    	non-compiled	[CE]  	158	None	replace
80	[BUG]  [BUGGY]  if(NodeUtil.isAssignmentOp(n)&&  NodeUtil.isFunctionAnonymous(n))  {  return  true;  }  [CE]  [FE]                  IllegalStateException      [CONTEXT]      case  Token.LE:  case  Token.GE:  case  Token.IN:  case  Token.INSTANCEOF:  case  Token.NOT:  return  true;  default:      [BUGGY]  if(NodeUtil.isAssignmentOp(n)&&  NodeUtil.isFunctionAnonymous(n))  {  return  true;  }  [BUGGY]      }  }  [CLASS]  NodeUtil  NumbericResultPredicate  BooleanResultPredicate  MayBeStringResultPredicate  VarCollector  MatchNameNode  MatchNodeType  MatchDeclaration  MatchNotFunction  MatchShallowStatement  [METHOD]  isBooleanResultHelper  [RETURN_TYPE]  boolean  Node  n  [VARIABLES]  BooleanResultPredicate  BOOLEAN_RESULT_PREDICATE  Set  BUILTIN_FUNCTIONS_WITHOUT_SIDEEFFECTS  CONSTRUCTORS_WITHOUT_SIDE_EFFECTS  OBJECT_METHODS_WITHOUT_SIDEEFFECTS  REGEXP_METHODS  STRING_REGEXP_METHODS  defines  emptySet  knownConstants  NumbericResultPredicate  NUMBERIC_RESULT_PREDICATE  boolean  MayBeStringResultPredicate  MAY_BE_STRING_PREDICATE  Node  n  String  JSC_PROPERTY_NAME_FN  childValue  name  namespaceName  rawJsString  s  value  Map  vars  int  c  end  nextSkipSlot  nextSlot  start  type  	projects/Closure80/src/com/google/javascript/jscomp/NodeUtil.java	0.4082482904638631	1264	1264	2	replace	if(NodeUtil.isAssignmentOp(n)&&  NodeUtil.isFunctionAnonymous(n))  {  return  true;  }	  if(NodeUtil.isAssignmentOp(n)||    NodeUtil.isFunctionAnonymous(n))    {    return    true;    }    	non-compiled	[CE]  	158	None	replace
81	[BUG]  [BUGGY]  NodeUtil.isAssignmentOp(n)||  NodeUtil.isFunctionAnonymous(n))  {  return  true;  }  [CE]  [FE]                    IllegalStateException      [CONTEXT]      case  Token.LE:  case  Token.GE:  case  Token.IN:  case  Token.INSTANCEOF:  case  Token.NOT:  return  true;  default:      [BUGGY]  NodeUtil.isAssignmentOp(n)||  NodeUtil.isFunctionAnonymous(n))  {  return  true;  }  [BUGGY]      }  }  [CLASS]  NodeUtil  NumbericResultPredicate  BooleanResultPredicate  MayBeStringResultPredicate  VarCollector  MatchNameNode  MatchNodeType  MatchDeclaration  MatchNotFunction  MatchShallowStatement  [METHOD]  isBooleanResultHelper  [RETURN_TYPE]  boolean  Node  n  [VARIABLES]  BooleanResultPredicate  BOOLEAN_RESULT_PREDICATE  Set  BUILTIN_FUNCTIONS_WITHOUT_SIDEEFFECTS  CONSTRUCTORS_WITHOUT_SIDE_EFFECTS  OBJECT_METHODS_WITHOUT_SIDEEFFECTS  REGEXP_METHODS  STRING_REGEXP_METHODS  defines  emptySet  knownConstants  NumbericResultPredicate  NUMBERIC_RESULT_PREDICATE  boolean  MayBeStringResultPredicate  MAY_BE_STRING_PREDICATE  Node  n  String  JSC_PROPERTY_NAME_FN  childValue  name  namespaceName  rawJsString  s  value  Map  vars  int  c  end  nextSkipSlot  nextSlot  start  type  	projects/Closure80/src/com/google/javascript/jscomp/NodeUtil.java	0.4082482904638631	1264	1264	2	replace	NodeUtil.isAssignmentOp(n)||  NodeUtil.isFunctionAnonymous(n))  {  return  true;  }	  if(NodeUtil.isAssignmentOp(n)||    NodeUtil.isFunctionAnonymous(n))    {    return    true;    }    	non-compiled	[CE]  	158	None	replace
82	[BUG]  [BUGGY]  ||  NodeUtil.isFunctionAnonymous(n))  {  return  true;  }  [CE]  [FE]                      IllegalStateException      [CONTEXT]      case  Token.LE:  case  Token.GE:  case  Token.IN:  case  Token.INSTANCEOF:  case  Token.NOT:  return  true;  default:      [BUGGY]  ||  NodeUtil.isFunctionAnonymous(n))  {  return  true;  }  [BUGGY]      }  }  [CLASS]  NodeUtil  NumbericResultPredicate  BooleanResultPredicate  MayBeStringResultPredicate  VarCollector  MatchNameNode  MatchNodeType  MatchDeclaration  MatchNotFunction  MatchShallowStatement  [METHOD]  isBooleanResultHelper  [RETURN_TYPE]  boolean  Node  n  [VARIABLES]  BooleanResultPredicate  BOOLEAN_RESULT_PREDICATE  Set  BUILTIN_FUNCTIONS_WITHOUT_SIDEEFFECTS  CONSTRUCTORS_WITHOUT_SIDE_EFFECTS  OBJECT_METHODS_WITHOUT_SIDEEFFECTS  REGEXP_METHODS  STRING_REGEXP_METHODS  defines  emptySet  knownConstants  NumbericResultPredicate  NUMBERIC_RESULT_PREDICATE  boolean  MayBeStringResultPredicate  MAY_BE_STRING_PREDICATE  Node  n  String  JSC_PROPERTY_NAME_FN  childValue  name  namespaceName  rawJsString  s  value  Map  vars  int  c  end  nextSkipSlot  nextSlot  start  type  	projects/Closure80/src/com/google/javascript/jscomp/NodeUtil.java	0.4082482904638631	1264	1264	2	replace	||  NodeUtil.isFunctionAnonymous(n))  {  return  true;  }	  if(NodeUtil.isAssignmentOp(n)||    NodeUtil.isFunctionAnonymous(n))    {    return    true;    }    	non-compiled	[CE]  	158	None	replace
83	[BUG]  [BUGGY]  n.getType()  ==  Token.FUNCTION  ||  n.getType()  ==  Token.VAR)  {  return  false;  }  [CE]  [FE]              IllegalStateException      [CONTEXT]      case  Token.LE:  case  Token.GE:  case  Token.IN:  case  Token.INSTANCEOF:  case  Token.NOT:  return  true;  default:      [BUGGY]  n.getType()  ==  Token.FUNCTION  ||  n.getType()  ==  Token.VAR)  {  return  false;  }  [BUGGY]      }  }  [CLASS]  NodeUtil  NumbericResultPredicate  BooleanResultPredicate  MayBeStringResultPredicate  VarCollector  MatchNameNode  MatchNodeType  MatchDeclaration  MatchNotFunction  MatchShallowStatement  [METHOD]  isBooleanResultHelper  [RETURN_TYPE]  boolean  Node  n  [VARIABLES]  BooleanResultPredicate  BOOLEAN_RESULT_PREDICATE  Set  BUILTIN_FUNCTIONS_WITHOUT_SIDEEFFECTS  CONSTRUCTORS_WITHOUT_SIDE_EFFECTS  OBJECT_METHODS_WITHOUT_SIDEEFFECTS  REGEXP_METHODS  STRING_REGEXP_METHODS  defines  emptySet  knownConstants  NumbericResultPredicate  NUMBERIC_RESULT_PREDICATE  boolean  MayBeStringResultPredicate  MAY_BE_STRING_PREDICATE  Node  n  String  JSC_PROPERTY_NAME_FN  childValue  name  namespaceName  rawJsString  s  value  Map  vars  int  c  end  nextSkipSlot  nextSlot  start  type  	projects/Closure80/src/com/google/javascript/jscomp/NodeUtil.java	0.4082482904638631	1264	1264	2	replace	n.getType()  ==  Token.FUNCTION  ||  n.getType()  ==  Token.VAR)  {  return  false;  }	  if(n.getType()    ==    Token.FUNCTION    ||    n.getType()    ==    Token.VAR)    {    return    false;    }    	non-compiled	[CE]  	103	None	replace
84	[BUG]  [BUGGY]  n.setType(Token.FUNCTION  ||  n.getType()  ==  Token.VAR)  {  return  false;  }  [CE]  [FE]                IllegalStateException      [CONTEXT]      case  Token.LE:  case  Token.GE:  case  Token.IN:  case  Token.INSTANCEOF:  case  Token.NOT:  return  true;  default:      [BUGGY]  n.setType(Token.FUNCTION  ||  n.getType()  ==  Token.VAR)  {  return  false;  }  [BUGGY]      }  }  [CLASS]  NodeUtil  NumbericResultPredicate  BooleanResultPredicate  MayBeStringResultPredicate  VarCollector  MatchNameNode  MatchNodeType  MatchDeclaration  MatchNotFunction  MatchShallowStatement  [METHOD]  isBooleanResultHelper  [RETURN_TYPE]  boolean  Node  n  [VARIABLES]  BooleanResultPredicate  BOOLEAN_RESULT_PREDICATE  Set  BUILTIN_FUNCTIONS_WITHOUT_SIDEEFFECTS  CONSTRUCTORS_WITHOUT_SIDE_EFFECTS  OBJECT_METHODS_WITHOUT_SIDEEFFECTS  REGEXP_METHODS  STRING_REGEXP_METHODS  defines  emptySet  knownConstants  NumbericResultPredicate  NUMBERIC_RESULT_PREDICATE  boolean  MayBeStringResultPredicate  MAY_BE_STRING_PREDICATE  Node  n  String  JSC_PROPERTY_NAME_FN  childValue  name  namespaceName  rawJsString  s  value  Map  vars  int  c  end  nextSkipSlot  nextSlot  start  type  	projects/Closure80/src/com/google/javascript/jscomp/NodeUtil.java	0.4082482904638631	1264	1264	2	replace	n.setType(Token.FUNCTION  ||  n.getType()  ==  Token.VAR)  {  return  false;  }	  if(n.getType()    ==    Token.FUNCTION    ||    n.getType()    ==    Token.VAR)    {    return    false;    }    	non-compiled	[CE]  	103	None	replace
85	[BUG]  [BUGGY]  if(n.getType()  ==  Token.FUNCTION  ||  n.getType()!=  Token.VAR)  {  return  false;  }  [CE]  [FE]                  IllegalStateException      [CONTEXT]      case  Token.LE:  case  Token.GE:  case  Token.IN:  case  Token.INSTANCEOF:  case  Token.NOT:  return  true;  default:      [BUGGY]  if(n.getType()  ==  Token.FUNCTION  ||  n.getType()!=  Token.VAR)  {  return  false;  }  [BUGGY]      }  }  [CLASS]  NodeUtil  NumbericResultPredicate  BooleanResultPredicate  MayBeStringResultPredicate  VarCollector  MatchNameNode  MatchNodeType  MatchDeclaration  MatchNotFunction  MatchShallowStatement  [METHOD]  isBooleanResultHelper  [RETURN_TYPE]  boolean  Node  n  [VARIABLES]  BooleanResultPredicate  BOOLEAN_RESULT_PREDICATE  Set  BUILTIN_FUNCTIONS_WITHOUT_SIDEEFFECTS  CONSTRUCTORS_WITHOUT_SIDE_EFFECTS  OBJECT_METHODS_WITHOUT_SIDEEFFECTS  REGEXP_METHODS  STRING_REGEXP_METHODS  defines  emptySet  knownConstants  NumbericResultPredicate  NUMBERIC_RESULT_PREDICATE  boolean  MayBeStringResultPredicate  MAY_BE_STRING_PREDICATE  Node  n  String  JSC_PROPERTY_NAME_FN  childValue  name  namespaceName  rawJsString  s  value  Map  vars  int  c  end  nextSkipSlot  nextSlot  start  type  	projects/Closure80/src/com/google/javascript/jscomp/NodeUtil.java	0.4082482904638631	1264	1264	2	replace	if(n.getType()  ==  Token.FUNCTION  ||  n.getType()!=  Token.VAR)  {  return  false;  }	  if(n.getType()    ==    Token.FUNCTION    ||    n.getType()    ==    Token.VAR)    {    return    false;    }    	non-compiled	[CE]  	103	None	replace
86	[BUG]  [BUGGY]  if(n.getType()  ==  Token.FUNCTION  &&  n.getType()  ==  Token.VAR)  {  return  false;  }  [CE]  [FE]                    IllegalStateException      [CONTEXT]      case  Token.LE:  case  Token.GE:  case  Token.IN:  case  Token.INSTANCEOF:  case  Token.NOT:  return  true;  default:      [BUGGY]  if(n.getType()  ==  Token.FUNCTION  &&  n.getType()  ==  Token.VAR)  {  return  false;  }  [BUGGY]      }  }  [CLASS]  NodeUtil  NumbericResultPredicate  BooleanResultPredicate  MayBeStringResultPredicate  VarCollector  MatchNameNode  MatchNodeType  MatchDeclaration  MatchNotFunction  MatchShallowStatement  [METHOD]  isBooleanResultHelper  [RETURN_TYPE]  boolean  Node  n  [VARIABLES]  BooleanResultPredicate  BOOLEAN_RESULT_PREDICATE  Set  BUILTIN_FUNCTIONS_WITHOUT_SIDEEFFECTS  CONSTRUCTORS_WITHOUT_SIDE_EFFECTS  OBJECT_METHODS_WITHOUT_SIDEEFFECTS  REGEXP_METHODS  STRING_REGEXP_METHODS  defines  emptySet  knownConstants  NumbericResultPredicate  NUMBERIC_RESULT_PREDICATE  boolean  MayBeStringResultPredicate  MAY_BE_STRING_PREDICATE  Node  n  String  JSC_PROPERTY_NAME_FN  childValue  name  namespaceName  rawJsString  s  value  Map  vars  int  c  end  nextSkipSlot  nextSlot  start  type  	projects/Closure80/src/com/google/javascript/jscomp/NodeUtil.java	0.4082482904638631	1264	1264	2	replace	if(n.getType()  ==  Token.FUNCTION  &&  n.getType()  ==  Token.VAR)  {  return  false;  }	  if(n.getType()    ==    Token.FUNCTION    ||    n.getType()    ==    Token.VAR)    {    return    false;    }    	non-compiled	[CE]  	103	None	replace
87	[BUG]  [BUGGY]  n.getType()  ==  Token.FUNCTION  ||  n.getType()!=  Token.VAR)  {  return  false;  }  [CE]  [FE]                      IllegalStateException      [CONTEXT]      case  Token.LE:  case  Token.GE:  case  Token.IN:  case  Token.INSTANCEOF:  case  Token.NOT:  return  true;  default:      [BUGGY]  n.getType()  ==  Token.FUNCTION  ||  n.getType()!=  Token.VAR)  {  return  false;  }  [BUGGY]      }  }  [CLASS]  NodeUtil  NumbericResultPredicate  BooleanResultPredicate  MayBeStringResultPredicate  VarCollector  MatchNameNode  MatchNodeType  MatchDeclaration  MatchNotFunction  MatchShallowStatement  [METHOD]  isBooleanResultHelper  [RETURN_TYPE]  boolean  Node  n  [VARIABLES]  BooleanResultPredicate  BOOLEAN_RESULT_PREDICATE  Set  BUILTIN_FUNCTIONS_WITHOUT_SIDEEFFECTS  CONSTRUCTORS_WITHOUT_SIDE_EFFECTS  OBJECT_METHODS_WITHOUT_SIDEEFFECTS  REGEXP_METHODS  STRING_REGEXP_METHODS  defines  emptySet  knownConstants  NumbericResultPredicate  NUMBERIC_RESULT_PREDICATE  boolean  MayBeStringResultPredicate  MAY_BE_STRING_PREDICATE  Node  n  String  JSC_PROPERTY_NAME_FN  childValue  name  namespaceName  rawJsString  s  value  Map  vars  int  c  end  nextSkipSlot  nextSlot  start  type  	projects/Closure80/src/com/google/javascript/jscomp/NodeUtil.java	0.4082482904638631	1264	1264	2	replace	n.getType()  ==  Token.FUNCTION  ||  n.getType()!=  Token.VAR)  {  return  false;  }	  if(n.getType()    ==    Token.FUNCTION    ||    n.getType()    ==    Token.VAR)    {    return    false;    }    	non-compiled	[CE]  	103	None	replace
88	[BUG]  [BUGGY]  n.setType(Token.GETPROP,  JSC_PROPERTY_NAME_FN);  [CE]  [FE]                      IllegalStateException      [CONTEXT]      case  Token.LE:  case  Token.GE:  case  Token.IN:  case  Token.INSTANCEOF:  case  Token.NOT:  return  true;  default:      [BUGGY]  n.setType(Token.GETPROP,  JSC_PROPERTY_NAME_FN);  [BUGGY]      }  }  [CLASS]  NodeUtil  NumbericResultPredicate  BooleanResultPredicate  MayBeStringResultPredicate  VarCollector  MatchNameNode  MatchNodeType  MatchDeclaration  MatchNotFunction  MatchShallowStatement  [METHOD]  isBooleanResultHelper  [RETURN_TYPE]  boolean  Node  n  [VARIABLES]  BooleanResultPredicate  BOOLEAN_RESULT_PREDICATE  Set  BUILTIN_FUNCTIONS_WITHOUT_SIDEEFFECTS  CONSTRUCTORS_WITHOUT_SIDE_EFFECTS  OBJECT_METHODS_WITHOUT_SIDEEFFECTS  REGEXP_METHODS  STRING_REGEXP_METHODS  defines  emptySet  knownConstants  NumbericResultPredicate  NUMBERIC_RESULT_PREDICATE  boolean  MayBeStringResultPredicate  MAY_BE_STRING_PREDICATE  Node  n  String  JSC_PROPERTY_NAME_FN  childValue  name  namespaceName  rawJsString  s  value  Map  vars  int  c  end  nextSkipSlot  nextSlot  start  type  	projects/Closure80/src/com/google/javascript/jscomp/NodeUtil.java	0.4082482904638631	1264	1264	2	replace	n.setType(Token.GETPROP,  JSC_PROPERTY_NAME_FN);	  n.setType(Token.GETPROP);    	non-compiled	[CE]  	100	None	replace
89	[BUG]  [BUGGY]  n.setType(Token.NAME);  [CE]  [FE]                        IllegalStateException      [CONTEXT]      case  Token.LE:  case  Token.GE:  case  Token.IN:  case  Token.INSTANCEOF:  case  Token.NOT:  return  true;  default:      [BUGGY]  n.setType(Token.NAME);  [BUGGY]      }  }  [CLASS]  NodeUtil  NumbericResultPredicate  BooleanResultPredicate  MayBeStringResultPredicate  VarCollector  MatchNameNode  MatchNodeType  MatchDeclaration  MatchNotFunction  MatchShallowStatement  [METHOD]  isBooleanResultHelper  [RETURN_TYPE]  boolean  Node  n  [VARIABLES]  BooleanResultPredicate  BOOLEAN_RESULT_PREDICATE  Set  BUILTIN_FUNCTIONS_WITHOUT_SIDEEFFECTS  CONSTRUCTORS_WITHOUT_SIDE_EFFECTS  OBJECT_METHODS_WITHOUT_SIDEEFFECTS  REGEXP_METHODS  STRING_REGEXP_METHODS  defines  emptySet  knownConstants  NumbericResultPredicate  NUMBERIC_RESULT_PREDICATE  boolean  MayBeStringResultPredicate  MAY_BE_STRING_PREDICATE  Node  n  String  JSC_PROPERTY_NAME_FN  childValue  name  namespaceName  rawJsString  s  value  Map  vars  int  c  end  nextSkipSlot  nextSlot  start  type  	projects/Closure80/src/com/google/javascript/jscomp/NodeUtil.java	0.4082482904638631	1264	1264	2	replace	n.setType(Token.NAME);	  n.setType(Token.GETPROP);    	non-compiled	[CE]  	100	None	replace
90	[BUG]  [BUGGY]  n.setType(Token.GETPROP  +  1);  [CE]  [FE]                          IllegalStateException      [CONTEXT]      case  Token.LE:  case  Token.GE:  case  Token.IN:  case  Token.INSTANCEOF:  case  Token.NOT:  return  true;  default:      [BUGGY]  n.setType(Token.GETPROP  +  1);  [BUGGY]      }  }  [CLASS]  NodeUtil  NumbericResultPredicate  BooleanResultPredicate  MayBeStringResultPredicate  VarCollector  MatchNameNode  MatchNodeType  MatchDeclaration  MatchNotFunction  MatchShallowStatement  [METHOD]  isBooleanResultHelper  [RETURN_TYPE]  boolean  Node  n  [VARIABLES]  BooleanResultPredicate  BOOLEAN_RESULT_PREDICATE  Set  BUILTIN_FUNCTIONS_WITHOUT_SIDEEFFECTS  CONSTRUCTORS_WITHOUT_SIDE_EFFECTS  OBJECT_METHODS_WITHOUT_SIDEEFFECTS  REGEXP_METHODS  STRING_REGEXP_METHODS  defines  emptySet  knownConstants  NumbericResultPredicate  NUMBERIC_RESULT_PREDICATE  boolean  MayBeStringResultPredicate  MAY_BE_STRING_PREDICATE  Node  n  String  JSC_PROPERTY_NAME_FN  childValue  name  namespaceName  rawJsString  s  value  Map  vars  int  c  end  nextSkipSlot  nextSlot  start  type  	projects/Closure80/src/com/google/javascript/jscomp/NodeUtil.java	0.4082482904638631	1264	1264	2	replace	n.setType(Token.GETPROP  +  1);	  n.setType(Token.GETPROP);    	non-compiled	[CE]  	100	None	replace
91	[BUG]  [BUGGY]  n.setType(Token.STRING);  [CE]  [FE]                            IllegalStateException      [CONTEXT]      case  Token.LE:  case  Token.GE:  case  Token.IN:  case  Token.INSTANCEOF:  case  Token.NOT:  return  true;  default:      [BUGGY]  n.setType(Token.STRING);  [BUGGY]      }  }  [CLASS]  NodeUtil  NumbericResultPredicate  BooleanResultPredicate  MayBeStringResultPredicate  VarCollector  MatchNameNode  MatchNodeType  MatchDeclaration  MatchNotFunction  MatchShallowStatement  [METHOD]  isBooleanResultHelper  [RETURN_TYPE]  boolean  Node  n  [VARIABLES]  BooleanResultPredicate  BOOLEAN_RESULT_PREDICATE  Set  BUILTIN_FUNCTIONS_WITHOUT_SIDEEFFECTS  CONSTRUCTORS_WITHOUT_SIDE_EFFECTS  OBJECT_METHODS_WITHOUT_SIDEEFFECTS  REGEXP_METHODS  STRING_REGEXP_METHODS  defines  emptySet  knownConstants  NumbericResultPredicate  NUMBERIC_RESULT_PREDICATE  boolean  MayBeStringResultPredicate  MAY_BE_STRING_PREDICATE  Node  n  String  JSC_PROPERTY_NAME_FN  childValue  name  namespaceName  rawJsString  s  value  Map  vars  int  c  end  nextSkipSlot  nextSlot  start  type  	projects/Closure80/src/com/google/javascript/jscomp/NodeUtil.java	0.4082482904638631	1264	1264	2	replace	n.setType(Token.STRING);	  n.setType(Token.GETPROP);    	non-compiled	[CE]  	100	None	replace
92	[BUG]  [BUGGY]  n.setType(Token.GETPROP,  name);  [CE]  [FE]                              IllegalStateException      [CONTEXT]      case  Token.LE:  case  Token.GE:  case  Token.IN:  case  Token.INSTANCEOF:  case  Token.NOT:  return  true;  default:      [BUGGY]  n.setType(Token.GETPROP,  name);  [BUGGY]      }  }  [CLASS]  NodeUtil  NumbericResultPredicate  BooleanResultPredicate  MayBeStringResultPredicate  VarCollector  MatchNameNode  MatchNodeType  MatchDeclaration  MatchNotFunction  MatchShallowStatement  [METHOD]  isBooleanResultHelper  [RETURN_TYPE]  boolean  Node  n  [VARIABLES]  BooleanResultPredicate  BOOLEAN_RESULT_PREDICATE  Set  BUILTIN_FUNCTIONS_WITHOUT_SIDEEFFECTS  CONSTRUCTORS_WITHOUT_SIDE_EFFECTS  OBJECT_METHODS_WITHOUT_SIDEEFFECTS  REGEXP_METHODS  STRING_REGEXP_METHODS  defines  emptySet  knownConstants  NumbericResultPredicate  NUMBERIC_RESULT_PREDICATE  boolean  MayBeStringResultPredicate  MAY_BE_STRING_PREDICATE  Node  n  String  JSC_PROPERTY_NAME_FN  childValue  name  namespaceName  rawJsString  s  value  Map  vars  int  c  end  nextSkipSlot  nextSlot  start  type  	projects/Closure80/src/com/google/javascript/jscomp/NodeUtil.java	0.4082482904638631	1264	1264	2	replace	n.setType(Token.GETPROP,  name);	  n.setType(Token.GETPROP);    	non-compiled	[CE]  	100	None	replace
93	[BUG]  [BUGGY]  n.setType(Token.GETPROP,  JSC_PROPERTY_NAME);  [CE]  [FE]                                IllegalStateException      [CONTEXT]      case  Token.LE:  case  Token.GE:  case  Token.IN:  case  Token.INSTANCEOF:  case  Token.NOT:  return  true;  default:      [BUGGY]  n.setType(Token.GETPROP,  JSC_PROPERTY_NAME);  [BUGGY]      }  }  [CLASS]  NodeUtil  NumbericResultPredicate  BooleanResultPredicate  MayBeStringResultPredicate  VarCollector  MatchNameNode  MatchNodeType  MatchDeclaration  MatchNotFunction  MatchShallowStatement  [METHOD]  isBooleanResultHelper  [RETURN_TYPE]  boolean  Node  n  [VARIABLES]  BooleanResultPredicate  BOOLEAN_RESULT_PREDICATE  Set  BUILTIN_FUNCTIONS_WITHOUT_SIDEEFFECTS  CONSTRUCTORS_WITHOUT_SIDE_EFFECTS  OBJECT_METHODS_WITHOUT_SIDEEFFECTS  REGEXP_METHODS  STRING_REGEXP_METHODS  defines  emptySet  knownConstants  NumbericResultPredicate  NUMBERIC_RESULT_PREDICATE  boolean  MayBeStringResultPredicate  MAY_BE_STRING_PREDICATE  Node  n  String  JSC_PROPERTY_NAME_FN  childValue  name  namespaceName  rawJsString  s  value  Map  vars  int  c  end  nextSkipSlot  nextSlot  start  type  	projects/Closure80/src/com/google/javascript/jscomp/NodeUtil.java	0.4082482904638631	1264	1264	2	replace	n.setType(Token.GETPROP,  JSC_PROPERTY_NAME);	  n.setType(Token.GETPROP);    	non-compiled	[CE]  	100	None	replace
94	[BUG]  [BUGGY]  Context.checkState(NodeUtil.isFunctionAnonymous(n)||  NodeUtil.isFunctionBoolean(n))  {  return  false;  }  [CE]  [FE]                IllegalStateException      [CONTEXT]      case  Token.LE:  case  Token.GE:  case  Token.IN:  case  Token.INSTANCEOF:  case  Token.NOT:  return  true;  default:      [BUGGY]  Context.checkState(NodeUtil.isFunctionAnonymous(n)||  NodeUtil.isFunctionBoolean(n))  {  return  false;  }  [BUGGY]      }  }  [CLASS]  NodeUtil  NumbericResultPredicate  BooleanResultPredicate  MayBeStringResultPredicate  VarCollector  MatchNameNode  MatchNodeType  MatchDeclaration  MatchNotFunction  MatchShallowStatement  [METHOD]  isBooleanResultHelper  [RETURN_TYPE]  boolean  Node  n  [VARIABLES]  BooleanResultPredicate  BOOLEAN_RESULT_PREDICATE  Set  BUILTIN_FUNCTIONS_WITHOUT_SIDEEFFECTS  CONSTRUCTORS_WITHOUT_SIDE_EFFECTS  OBJECT_METHODS_WITHOUT_SIDEEFFECTS  REGEXP_METHODS  STRING_REGEXP_METHODS  defines  emptySet  knownConstants  NumbericResultPredicate  NUMBERIC_RESULT_PREDICATE  boolean  MayBeStringResultPredicate  MAY_BE_STRING_PREDICATE  Node  n  String  JSC_PROPERTY_NAME_FN  childValue  name  namespaceName  rawJsString  s  value  Map  vars  int  c  end  nextSkipSlot  nextSlot  start  type  	projects/Closure80/src/com/google/javascript/jscomp/NodeUtil.java	0.4082482904638631	1264	1264	2	replace	Context.checkState(NodeUtil.isFunctionAnonymous(n)||  NodeUtil.isFunctionBoolean(n))  {  return  false;  }	  if(NodeUtil.isFunctionAnonymous(n)&&    NodeUtil.isFunctionBoolean(n))    {    return    false;    }    	non-compiled	[CE]  	76	None	replace
95	[BUG]  [BUGGY]  if(NodeUtil.isFunctionAnonymous(n)&&  NodeUtil.isStatementBoolean(n))  {  return  false;  }  [CE]  [FE]                  IllegalStateException      [CONTEXT]      case  Token.LE:  case  Token.GE:  case  Token.IN:  case  Token.INSTANCEOF:  case  Token.NOT:  return  true;  default:      [BUGGY]  if(NodeUtil.isFunctionAnonymous(n)&&  NodeUtil.isStatementBoolean(n))  {  return  false;  }  [BUGGY]      }  }  [CLASS]  NodeUtil  NumbericResultPredicate  BooleanResultPredicate  MayBeStringResultPredicate  VarCollector  MatchNameNode  MatchNodeType  MatchDeclaration  MatchNotFunction  MatchShallowStatement  [METHOD]  isBooleanResultHelper  [RETURN_TYPE]  boolean  Node  n  [VARIABLES]  BooleanResultPredicate  BOOLEAN_RESULT_PREDICATE  Set  BUILTIN_FUNCTIONS_WITHOUT_SIDEEFFECTS  CONSTRUCTORS_WITHOUT_SIDE_EFFECTS  OBJECT_METHODS_WITHOUT_SIDEEFFECTS  REGEXP_METHODS  STRING_REGEXP_METHODS  defines  emptySet  knownConstants  NumbericResultPredicate  NUMBERIC_RESULT_PREDICATE  boolean  MayBeStringResultPredicate  MAY_BE_STRING_PREDICATE  Node  n  String  JSC_PROPERTY_NAME_FN  childValue  name  namespaceName  rawJsString  s  value  Map  vars  int  c  end  nextSkipSlot  nextSlot  start  type  	projects/Closure80/src/com/google/javascript/jscomp/NodeUtil.java	0.4082482904638631	1264	1264	2	replace	if(NodeUtil.isFunctionAnonymous(n)&&  NodeUtil.isStatementBoolean(n))  {  return  false;  }	  if(NodeUtil.isFunctionAnonymous(n)&&    NodeUtil.isFunctionBoolean(n))    {    return    false;    }    	non-compiled	[CE]  	76	None	replace
96	[BUG]  [BUGGY]  if(NodeUtil.isFunctionAnonymous(n)&&  NodeUtil.isBoolean(n))  {  return  false;  }  [CE]  [FE]                    IllegalStateException      [CONTEXT]      case  Token.LE:  case  Token.GE:  case  Token.IN:  case  Token.INSTANCEOF:  case  Token.NOT:  return  true;  default:      [BUGGY]  if(NodeUtil.isFunctionAnonymous(n)&&  NodeUtil.isBoolean(n))  {  return  false;  }  [BUGGY]      }  }  [CLASS]  NodeUtil  NumbericResultPredicate  BooleanResultPredicate  MayBeStringResultPredicate  VarCollector  MatchNameNode  MatchNodeType  MatchDeclaration  MatchNotFunction  MatchShallowStatement  [METHOD]  isBooleanResultHelper  [RETURN_TYPE]  boolean  Node  n  [VARIABLES]  BooleanResultPredicate  BOOLEAN_RESULT_PREDICATE  Set  BUILTIN_FUNCTIONS_WITHOUT_SIDEEFFECTS  CONSTRUCTORS_WITHOUT_SIDE_EFFECTS  OBJECT_METHODS_WITHOUT_SIDEEFFECTS  REGEXP_METHODS  STRING_REGEXP_METHODS  defines  emptySet  knownConstants  NumbericResultPredicate  NUMBERIC_RESULT_PREDICATE  boolean  MayBeStringResultPredicate  MAY_BE_STRING_PREDICATE  Node  n  String  JSC_PROPERTY_NAME_FN  childValue  name  namespaceName  rawJsString  s  value  Map  vars  int  c  end  nextSkipSlot  nextSlot  start  type  	projects/Closure80/src/com/google/javascript/jscomp/NodeUtil.java	0.4082482904638631	1264	1264	2	replace	if(NodeUtil.isFunctionAnonymous(n)&&  NodeUtil.isBoolean(n))  {  return  false;  }	  if(NodeUtil.isFunctionAnonymous(n)&&    NodeUtil.isFunctionBoolean(n))    {    return    false;    }    	non-compiled	[CE]  	76	None	replace
97	[BUG]  [BUGGY]  Preconditions.checkState(n.getType()!=  Token.FUNCTION);  [CE]  [FE]                              IllegalStateException      [CONTEXT]      case  Token.LE:  case  Token.GE:  case  Token.IN:  case  Token.INSTANCEOF:  case  Token.NOT:  return  true;  default:      [BUGGY]  Preconditions.checkState(n.getType()!=  Token.FUNCTION);  [BUGGY]      }  }  [CLASS]  NodeUtil  NumbericResultPredicate  BooleanResultPredicate  MayBeStringResultPredicate  VarCollector  MatchNameNode  MatchNodeType  MatchDeclaration  MatchNotFunction  MatchShallowStatement  [METHOD]  isBooleanResultHelper  [RETURN_TYPE]  boolean  Node  n  [VARIABLES]  BooleanResultPredicate  BOOLEAN_RESULT_PREDICATE  Set  BUILTIN_FUNCTIONS_WITHOUT_SIDEEFFECTS  CONSTRUCTORS_WITHOUT_SIDE_EFFECTS  OBJECT_METHODS_WITHOUT_SIDEEFFECTS  REGEXP_METHODS  STRING_REGEXP_METHODS  defines  emptySet  knownConstants  NumbericResultPredicate  NUMBERIC_RESULT_PREDICATE  boolean  MayBeStringResultPredicate  MAY_BE_STRING_PREDICATE  Node  n  String  JSC_PROPERTY_NAME_FN  childValue  name  namespaceName  rawJsString  s  value  Map  vars  int  c  end  nextSkipSlot  nextSlot  start  type  	projects/Closure80/src/com/google/javascript/jscomp/NodeUtil.java	0.4082482904638631	1264	1264	2	replace	Preconditions.checkState(n.getType()!=  Token.FUNCTION);	  Preconditions.checkState(n.getType()    ==    Token.FUNCTION);    	non-compiled	[CE]  	97	None	replace
98	[BUG]  [BUGGY]  Preconditions.checkState(n.getType()  ==  Token.FUNCTION  ||  n.getType()  ==  Token.NAME);  [CE]  [FE]                                IllegalStateException      [CONTEXT]      case  Token.LE:  case  Token.GE:  case  Token.IN:  case  Token.INSTANCEOF:  case  Token.NOT:  return  true;  default:      [BUGGY]  Preconditions.checkState(n.getType()  ==  Token.FUNCTION  ||  n.getType()  ==  Token.NAME);  [BUGGY]      }  }  [CLASS]  NodeUtil  NumbericResultPredicate  BooleanResultPredicate  MayBeStringResultPredicate  VarCollector  MatchNameNode  MatchNodeType  MatchDeclaration  MatchNotFunction  MatchShallowStatement  [METHOD]  isBooleanResultHelper  [RETURN_TYPE]  boolean  Node  n  [VARIABLES]  BooleanResultPredicate  BOOLEAN_RESULT_PREDICATE  Set  BUILTIN_FUNCTIONS_WITHOUT_SIDEEFFECTS  CONSTRUCTORS_WITHOUT_SIDE_EFFECTS  OBJECT_METHODS_WITHOUT_SIDEEFFECTS  REGEXP_METHODS  STRING_REGEXP_METHODS  defines  emptySet  knownConstants  NumbericResultPredicate  NUMBERIC_RESULT_PREDICATE  boolean  MayBeStringResultPredicate  MAY_BE_STRING_PREDICATE  Node  n  String  JSC_PROPERTY_NAME_FN  childValue  name  namespaceName  rawJsString  s  value  Map  vars  int  c  end  nextSkipSlot  nextSlot  start  type  	projects/Closure80/src/com/google/javascript/jscomp/NodeUtil.java	0.4082482904638631	1264	1264	2	replace	Preconditions.checkState(n.getType()  ==  Token.FUNCTION  ||  n.getType()  ==  Token.NAME);	  Preconditions.checkState(n.getType()    ==    Token.FUNCTION);    	non-compiled	[CE]  	97	None	replace
99	[BUG]  [BUGGY]  Preconditions.checkState(n.getType()  ==  Token.FUNCTION,  n.getFirstChild());  [CE]  [FE]                                  IllegalStateException      [CONTEXT]      case  Token.LE:  case  Token.GE:  case  Token.IN:  case  Token.INSTANCEOF:  case  Token.NOT:  return  true;  default:      [BUGGY]  Preconditions.checkState(n.getType()  ==  Token.FUNCTION,  n.getFirstChild());  [BUGGY]      }  }  [CLASS]  NodeUtil  NumbericResultPredicate  BooleanResultPredicate  MayBeStringResultPredicate  VarCollector  MatchNameNode  MatchNodeType  MatchDeclaration  MatchNotFunction  MatchShallowStatement  [METHOD]  isBooleanResultHelper  [RETURN_TYPE]  boolean  Node  n  [VARIABLES]  BooleanResultPredicate  BOOLEAN_RESULT_PREDICATE  Set  BUILTIN_FUNCTIONS_WITHOUT_SIDEEFFECTS  CONSTRUCTORS_WITHOUT_SIDE_EFFECTS  OBJECT_METHODS_WITHOUT_SIDEEFFECTS  REGEXP_METHODS  STRING_REGEXP_METHODS  defines  emptySet  knownConstants  NumbericResultPredicate  NUMBERIC_RESULT_PREDICATE  boolean  MayBeStringResultPredicate  MAY_BE_STRING_PREDICATE  Node  n  String  JSC_PROPERTY_NAME_FN  childValue  name  namespaceName  rawJsString  s  value  Map  vars  int  c  end  nextSkipSlot  nextSlot  start  type  	projects/Closure80/src/com/google/javascript/jscomp/NodeUtil.java	0.4082482904638631	1264	1264	2	replace	Preconditions.checkState(n.getType()  ==  Token.FUNCTION,  n.getFirstChild());	  Preconditions.checkState(n.getType()    ==    Token.FUNCTION);    	non-compiled	[CE]  	97	None	replace
100	[BUG]  [BUGGY]  Preconditions.checkArgument(n.getType()  ==  Token.FUNCTION);  [CE]  [FE]                                    IllegalStateException      [CONTEXT]      case  Token.LE:  case  Token.GE:  case  Token.IN:  case  Token.INSTANCEOF:  case  Token.NOT:  return  true;  default:      [BUGGY]  Preconditions.checkArgument(n.getType()  ==  Token.FUNCTION);  [BUGGY]      }  }  [CLASS]  NodeUtil  NumbericResultPredicate  BooleanResultPredicate  MayBeStringResultPredicate  VarCollector  MatchNameNode  MatchNodeType  MatchDeclaration  MatchNotFunction  MatchShallowStatement  [METHOD]  isBooleanResultHelper  [RETURN_TYPE]  boolean  Node  n  [VARIABLES]  BooleanResultPredicate  BOOLEAN_RESULT_PREDICATE  Set  BUILTIN_FUNCTIONS_WITHOUT_SIDEEFFECTS  CONSTRUCTORS_WITHOUT_SIDE_EFFECTS  OBJECT_METHODS_WITHOUT_SIDEEFFECTS  REGEXP_METHODS  STRING_REGEXP_METHODS  defines  emptySet  knownConstants  NumbericResultPredicate  NUMBERIC_RESULT_PREDICATE  boolean  MayBeStringResultPredicate  MAY_BE_STRING_PREDICATE  Node  n  String  JSC_PROPERTY_NAME_FN  childValue  name  namespaceName  rawJsString  s  value  Map  vars  int  c  end  nextSkipSlot  nextSlot  start  type  	projects/Closure80/src/com/google/javascript/jscomp/NodeUtil.java	0.4082482904638631	1264	1264	2	replace	Preconditions.checkArgument(n.getType()  ==  Token.FUNCTION);	  Preconditions.checkState(n.getType()    ==    Token.FUNCTION);    	non-compiled	[CE]  	97	None	replace
101	[BUG]  [BUGGY]  Preconditions.checkState(n.getType()  ==  Token.FUNCTION  ||  n.getType()  ==  Token.GETPROP);  [CE]  [FE]                                      IllegalStateException      [CONTEXT]      case  Token.LE:  case  Token.GE:  case  Token.IN:  case  Token.INSTANCEOF:  case  Token.NOT:  return  true;  default:      [BUGGY]  Preconditions.checkState(n.getType()  ==  Token.FUNCTION  ||  n.getType()  ==  Token.GETPROP);  [BUGGY]      }  }  [CLASS]  NodeUtil  NumbericResultPredicate  BooleanResultPredicate  MayBeStringResultPredicate  VarCollector  MatchNameNode  MatchNodeType  MatchDeclaration  MatchNotFunction  MatchShallowStatement  [METHOD]  isBooleanResultHelper  [RETURN_TYPE]  boolean  Node  n  [VARIABLES]  BooleanResultPredicate  BOOLEAN_RESULT_PREDICATE  Set  BUILTIN_FUNCTIONS_WITHOUT_SIDEEFFECTS  CONSTRUCTORS_WITHOUT_SIDE_EFFECTS  OBJECT_METHODS_WITHOUT_SIDEEFFECTS  REGEXP_METHODS  STRING_REGEXP_METHODS  defines  emptySet  knownConstants  NumbericResultPredicate  NUMBERIC_RESULT_PREDICATE  boolean  MayBeStringResultPredicate  MAY_BE_STRING_PREDICATE  Node  n  String  JSC_PROPERTY_NAME_FN  childValue  name  namespaceName  rawJsString  s  value  Map  vars  int  c  end  nextSkipSlot  nextSlot  start  type  	projects/Closure80/src/com/google/javascript/jscomp/NodeUtil.java	0.4082482904638631	1264	1264	2	replace	Preconditions.checkState(n.getType()  ==  Token.FUNCTION  ||  n.getType()  ==  Token.GETPROP);	  Preconditions.checkState(n.getType()    ==    Token.FUNCTION);    	non-compiled	[CE]  	97	None	replace
102	[BUG]  [BUGGY]  n.getType()  ==  Token.GETPROP  &&!NodeUtil.isFunctionAnonymous(n))  {  return  false;  }  [CE]  [FE]                              IllegalStateException      [CONTEXT]      case  Token.LE:  case  Token.GE:  case  Token.IN:  case  Token.INSTANCEOF:  case  Token.NOT:  return  true;  default:      [BUGGY]  n.getType()  ==  Token.GETPROP  &&!NodeUtil.isFunctionAnonymous(n))  {  return  false;  }  [BUGGY]      }  }  [CLASS]  NodeUtil  NumbericResultPredicate  BooleanResultPredicate  MayBeStringResultPredicate  VarCollector  MatchNameNode  MatchNodeType  MatchDeclaration  MatchNotFunction  MatchShallowStatement  [METHOD]  isBooleanResultHelper  [RETURN_TYPE]  boolean  Node  n  [VARIABLES]  BooleanResultPredicate  BOOLEAN_RESULT_PREDICATE  Set  BUILTIN_FUNCTIONS_WITHOUT_SIDEEFFECTS  CONSTRUCTORS_WITHOUT_SIDE_EFFECTS  OBJECT_METHODS_WITHOUT_SIDEEFFECTS  REGEXP_METHODS  STRING_REGEXP_METHODS  defines  emptySet  knownConstants  NumbericResultPredicate  NUMBERIC_RESULT_PREDICATE  boolean  MayBeStringResultPredicate  MAY_BE_STRING_PREDICATE  Node  n  String  JSC_PROPERTY_NAME_FN  childValue  name  namespaceName  rawJsString  s  value  Map  vars  int  c  end  nextSkipSlot  nextSlot  start  type  	projects/Closure80/src/com/google/javascript/jscomp/NodeUtil.java	0.4082482904638631	1264	1264	2	replace	n.getType()  ==  Token.GETPROP  &&!NodeUtil.isFunctionAnonymous(n))  {  return  false;  }	  if(n.getType()    ==    Token.GETPROP    &&!NodeUtil.isFunctionAnonymous(n))    {    return    false;    }    	non-compiled	[CE]  	64	None	replace
103	[BUG]  [BUGGY]  if(n.getType()  ==  Token.GETPROP  ||!NodeUtil.isFunctionAnonymous(n))  {  return  false;  }  [CE]  [FE]                                IllegalStateException      [CONTEXT]      case  Token.LE:  case  Token.GE:  case  Token.IN:  case  Token.INSTANCEOF:  case  Token.NOT:  return  true;  default:      [BUGGY]  if(n.getType()  ==  Token.GETPROP  ||!NodeUtil.isFunctionAnonymous(n))  {  return  false;  }  [BUGGY]      }  }  [CLASS]  NodeUtil  NumbericResultPredicate  BooleanResultPredicate  MayBeStringResultPredicate  VarCollector  MatchNameNode  MatchNodeType  MatchDeclaration  MatchNotFunction  MatchShallowStatement  [METHOD]  isBooleanResultHelper  [RETURN_TYPE]  boolean  Node  n  [VARIABLES]  BooleanResultPredicate  BOOLEAN_RESULT_PREDICATE  Set  BUILTIN_FUNCTIONS_WITHOUT_SIDEEFFECTS  CONSTRUCTORS_WITHOUT_SIDE_EFFECTS  OBJECT_METHODS_WITHOUT_SIDEEFFECTS  REGEXP_METHODS  STRING_REGEXP_METHODS  defines  emptySet  knownConstants  NumbericResultPredicate  NUMBERIC_RESULT_PREDICATE  boolean  MayBeStringResultPredicate  MAY_BE_STRING_PREDICATE  Node  n  String  JSC_PROPERTY_NAME_FN  childValue  name  namespaceName  rawJsString  s  value  Map  vars  int  c  end  nextSkipSlot  nextSlot  start  type  	projects/Closure80/src/com/google/javascript/jscomp/NodeUtil.java	0.4082482904638631	1264	1264	2	replace	if(n.getType()  ==  Token.GETPROP  ||!NodeUtil.isFunctionAnonymous(n))  {  return  false;  }	  if(n.getType()    ==    Token.GETPROP    &&!NodeUtil.isFunctionAnonymous(n))    {    return    false;    }    	non-compiled	[CE]  	64	None	replace
104	[BUG]  [BUGGY]  parent.getType()  ==  Token.GETPROP  &&!NodeUtil.isFunctionAnonymous(n))  {  return  false;  }  [CE]  [FE]                                  IllegalStateException      [CONTEXT]      case  Token.LE:  case  Token.GE:  case  Token.IN:  case  Token.INSTANCEOF:  case  Token.NOT:  return  true;  default:      [BUGGY]  parent.getType()  ==  Token.GETPROP  &&!NodeUtil.isFunctionAnonymous(n))  {  return  false;  }  [BUGGY]      }  }  [CLASS]  NodeUtil  NumbericResultPredicate  BooleanResultPredicate  MayBeStringResultPredicate  VarCollector  MatchNameNode  MatchNodeType  MatchDeclaration  MatchNotFunction  MatchShallowStatement  [METHOD]  isBooleanResultHelper  [RETURN_TYPE]  boolean  Node  n  [VARIABLES]  BooleanResultPredicate  BOOLEAN_RESULT_PREDICATE  Set  BUILTIN_FUNCTIONS_WITHOUT_SIDEEFFECTS  CONSTRUCTORS_WITHOUT_SIDE_EFFECTS  OBJECT_METHODS_WITHOUT_SIDEEFFECTS  REGEXP_METHODS  STRING_REGEXP_METHODS  defines  emptySet  knownConstants  NumbericResultPredicate  NUMBERIC_RESULT_PREDICATE  boolean  MayBeStringResultPredicate  MAY_BE_STRING_PREDICATE  Node  n  String  JSC_PROPERTY_NAME_FN  childValue  name  namespaceName  rawJsString  s  value  Map  vars  int  c  end  nextSkipSlot  nextSlot  start  type  	projects/Closure80/src/com/google/javascript/jscomp/NodeUtil.java	0.4082482904638631	1264	1264	2	replace	parent.getType()  ==  Token.GETPROP  &&!NodeUtil.isFunctionAnonymous(n))  {  return  false;  }	  if(n.getType()    ==    Token.GETPROP    &&!NodeUtil.isFunctionAnonymous(n))    {    return    false;    }    	non-compiled	[CE]  	64	None	replace
105	[BUG]  [BUGGY]  if(n.getType()  ==  Token.GETPROP  &&!NodeUtil.isAnonymous(n))  {  return  false;  }  [CE]  [FE]                                    IllegalStateException      [CONTEXT]      case  Token.LE:  case  Token.GE:  case  Token.IN:  case  Token.INSTANCEOF:  case  Token.NOT:  return  true;  default:      [BUGGY]  if(n.getType()  ==  Token.GETPROP  &&!NodeUtil.isAnonymous(n))  {  return  false;  }  [BUGGY]      }  }  [CLASS]  NodeUtil  NumbericResultPredicate  BooleanResultPredicate  MayBeStringResultPredicate  VarCollector  MatchNameNode  MatchNodeType  MatchDeclaration  MatchNotFunction  MatchShallowStatement  [METHOD]  isBooleanResultHelper  [RETURN_TYPE]  boolean  Node  n  [VARIABLES]  BooleanResultPredicate  BOOLEAN_RESULT_PREDICATE  Set  BUILTIN_FUNCTIONS_WITHOUT_SIDEEFFECTS  CONSTRUCTORS_WITHOUT_SIDE_EFFECTS  OBJECT_METHODS_WITHOUT_SIDEEFFECTS  REGEXP_METHODS  STRING_REGEXP_METHODS  defines  emptySet  knownConstants  NumbericResultPredicate  NUMBERIC_RESULT_PREDICATE  boolean  MayBeStringResultPredicate  MAY_BE_STRING_PREDICATE  Node  n  String  JSC_PROPERTY_NAME_FN  childValue  name  namespaceName  rawJsString  s  value  Map  vars  int  c  end  nextSkipSlot  nextSlot  start  type  	projects/Closure80/src/com/google/javascript/jscomp/NodeUtil.java	0.4082482904638631	1264	1264	2	replace	if(n.getType()  ==  Token.GETPROP  &&!NodeUtil.isAnonymous(n))  {  return  false;  }	  if(n.getType()    ==    Token.GETPROP    &&!NodeUtil.isFunctionAnonymous(n))    {    return    false;    }    	non-compiled	[CE]  	64	None	replace
106	[BUG]  [BUGGY]  if(n.getType()  ==  Token.GETPROP  &&!NodeUtil.isFunctionAnonymous(n))  {  return  true;  }  [CE]  [FE]                                      IllegalStateException      [CONTEXT]      case  Token.LE:  case  Token.GE:  case  Token.IN:  case  Token.INSTANCEOF:  case  Token.NOT:  return  true;  default:      [BUGGY]  if(n.getType()  ==  Token.GETPROP  &&!NodeUtil.isFunctionAnonymous(n))  {  return  true;  }  [BUGGY]      }  }  [CLASS]  NodeUtil  NumbericResultPredicate  BooleanResultPredicate  MayBeStringResultPredicate  VarCollector  MatchNameNode  MatchNodeType  MatchDeclaration  MatchNotFunction  MatchShallowStatement  [METHOD]  isBooleanResultHelper  [RETURN_TYPE]  boolean  Node  n  [VARIABLES]  BooleanResultPredicate  BOOLEAN_RESULT_PREDICATE  Set  BUILTIN_FUNCTIONS_WITHOUT_SIDEEFFECTS  CONSTRUCTORS_WITHOUT_SIDE_EFFECTS  OBJECT_METHODS_WITHOUT_SIDEEFFECTS  REGEXP_METHODS  STRING_REGEXP_METHODS  defines  emptySet  knownConstants  NumbericResultPredicate  NUMBERIC_RESULT_PREDICATE  boolean  MayBeStringResultPredicate  MAY_BE_STRING_PREDICATE  Node  n  String  JSC_PROPERTY_NAME_FN  childValue  name  namespaceName  rawJsString  s  value  Map  vars  int  c  end  nextSkipSlot  nextSlot  start  type  	projects/Closure80/src/com/google/javascript/jscomp/NodeUtil.java	0.4082482904638631	1264	1264	2	replace	if(n.getType()  ==  Token.GETPROP  &&!NodeUtil.isFunctionAnonymous(n))  {  return  true;  }	  if(n.getType()    ==    Token.GETPROP    &&!NodeUtil.isFunctionAnonymous(n))    {    return    false;    }    	non-compiled	[CE]  	64	None	replace
107	[BUG]  [BUGGY]  Context.checkState(NodeUtil.isFunctionAnonymous(n)||  NodeUtil.isFunctionAnonymous(n))  {  return  false;  }  [CE]  [FE]              IllegalStateException      [CONTEXT]      case  Token.LE:  case  Token.GE:  case  Token.IN:  case  Token.INSTANCEOF:  case  Token.NOT:  return  true;  default:      [BUGGY]  Context.checkState(NodeUtil.isFunctionAnonymous(n)||  NodeUtil.isFunctionAnonymous(n))  {  return  false;  }  [BUGGY]      }  }  [CLASS]  NodeUtil  NumbericResultPredicate  BooleanResultPredicate  MayBeStringResultPredicate  VarCollector  MatchNameNode  MatchNodeType  MatchDeclaration  MatchNotFunction  MatchShallowStatement  [METHOD]  isBooleanResultHelper  [RETURN_TYPE]  boolean  Node  n  [VARIABLES]  BooleanResultPredicate  BOOLEAN_RESULT_PREDICATE  Set  BUILTIN_FUNCTIONS_WITHOUT_SIDEEFFECTS  CONSTRUCTORS_WITHOUT_SIDE_EFFECTS  OBJECT_METHODS_WITHOUT_SIDEEFFECTS  REGEXP_METHODS  STRING_REGEXP_METHODS  defines  emptySet  knownConstants  NumbericResultPredicate  NUMBERIC_RESULT_PREDICATE  boolean  MayBeStringResultPredicate  MAY_BE_STRING_PREDICATE  Node  n  String  JSC_PROPERTY_NAME_FN  childValue  name  namespaceName  rawJsString  s  value  Map  vars  int  c  end  nextSkipSlot  nextSlot  start  type  	projects/Closure80/src/com/google/javascript/jscomp/NodeUtil.java	0.4082482904638631	1264	1264	2	replace	Context.checkState(NodeUtil.isFunctionAnonymous(n)||  NodeUtil.isFunctionAnonymous(n))  {  return  false;  }	  if(NodeUtil.isFunctionAnonymous(n)&&    NodeUtil.isFunctionAnonymous(n))    {    return    false;    }    	non-compiled	[CE]  	23	None	replace
108	[BUG]  [BUGGY]  if(NodeUtil.isName(n)&&  NodeUtil.isFunctionAnonymous(n))  {  return  false;  }  [CE]  [FE]                IllegalStateException      [CONTEXT]      case  Token.LE:  case  Token.GE:  case  Token.IN:  case  Token.INSTANCEOF:  case  Token.NOT:  return  true;  default:      [BUGGY]  if(NodeUtil.isName(n)&&  NodeUtil.isFunctionAnonymous(n))  {  return  false;  }  [BUGGY]      }  }  [CLASS]  NodeUtil  NumbericResultPredicate  BooleanResultPredicate  MayBeStringResultPredicate  VarCollector  MatchNameNode  MatchNodeType  MatchDeclaration  MatchNotFunction  MatchShallowStatement  [METHOD]  isBooleanResultHelper  [RETURN_TYPE]  boolean  Node  n  [VARIABLES]  BooleanResultPredicate  BOOLEAN_RESULT_PREDICATE  Set  BUILTIN_FUNCTIONS_WITHOUT_SIDEEFFECTS  CONSTRUCTORS_WITHOUT_SIDE_EFFECTS  OBJECT_METHODS_WITHOUT_SIDEEFFECTS  REGEXP_METHODS  STRING_REGEXP_METHODS  defines  emptySet  knownConstants  NumbericResultPredicate  NUMBERIC_RESULT_PREDICATE  boolean  MayBeStringResultPredicate  MAY_BE_STRING_PREDICATE  Node  n  String  JSC_PROPERTY_NAME_FN  childValue  name  namespaceName  rawJsString  s  value  Map  vars  int  c  end  nextSkipSlot  nextSlot  start  type  	projects/Closure80/src/com/google/javascript/jscomp/NodeUtil.java	0.4082482904638631	1264	1264	2	replace	if(NodeUtil.isName(n)&&  NodeUtil.isFunctionAnonymous(n))  {  return  false;  }	  if(NodeUtil.isFunctionAnonymous(n)&&    NodeUtil.isFunctionAnonymous(n))    {    return    false;    }    	non-compiled	[CE]  	23	None	replace
109	[BUG]  [BUGGY]  return(n.getType()  ==  Token.NAME)&  BooleanResultPredicate.FALSE  /  BooleanResultPredicate.UNKNOWN;  [CE]  [FE]                  IllegalStateException      [CONTEXT]      case  Token.LE:  case  Token.GE:  case  Token.IN:  case  Token.INSTANCEOF:  case  Token.NOT:  return  true;  default:      [BUGGY]  return(n.getType()  ==  Token.NAME)&  BooleanResultPredicate.FALSE  /  BooleanResultPredicate.UNKNOWN;  [BUGGY]      }  }  [CLASS]  NodeUtil  NumbericResultPredicate  BooleanResultPredicate  MayBeStringResultPredicate  VarCollector  MatchNameNode  MatchNodeType  MatchDeclaration  MatchNotFunction  MatchShallowStatement  [METHOD]  isBooleanResultHelper  [RETURN_TYPE]  boolean  Node  n  [VARIABLES]  BooleanResultPredicate  BOOLEAN_RESULT_PREDICATE  Set  BUILTIN_FUNCTIONS_WITHOUT_SIDEEFFECTS  CONSTRUCTORS_WITHOUT_SIDE_EFFECTS  OBJECT_METHODS_WITHOUT_SIDEEFFECTS  REGEXP_METHODS  STRING_REGEXP_METHODS  defines  emptySet  knownConstants  NumbericResultPredicate  NUMBERIC_RESULT_PREDICATE  boolean  MayBeStringResultPredicate  MAY_BE_STRING_PREDICATE  Node  n  String  JSC_PROPERTY_NAME_FN  childValue  name  namespaceName  rawJsString  s  value  Map  vars  int  c  end  nextSkipSlot  nextSlot  start  type  	projects/Closure80/src/com/google/javascript/jscomp/NodeUtil.java	0.4082482904638631	1264	1264	2	replace	return(n.getType()  ==  Token.NAME)&  BooleanResultPredicate.FALSE  /  BooleanResultPredicate.UNKNOWN;	  return(n.getType()    ==    Token.NAME)&    BooleanResultPredicate.FALSE    :    BooleanResultPredicate.UNKNOWN;    	non-compiled	[CE]  	129	None	replace
110	[BUG]  [BUGGY]  return(n.getType()  ==  Token.NAME)|  BooleanResultPredicate.FALSE  :  BooleanResultPredicate.UNKNOWN;  [CE]  [FE]                    IllegalStateException      [CONTEXT]      case  Token.LE:  case  Token.GE:  case  Token.IN:  case  Token.INSTANCEOF:  case  Token.NOT:  return  true;  default:      [BUGGY]  return(n.getType()  ==  Token.NAME)|  BooleanResultPredicate.FALSE  :  BooleanResultPredicate.UNKNOWN;  [BUGGY]      }  }  [CLASS]  NodeUtil  NumbericResultPredicate  BooleanResultPredicate  MayBeStringResultPredicate  VarCollector  MatchNameNode  MatchNodeType  MatchDeclaration  MatchNotFunction  MatchShallowStatement  [METHOD]  isBooleanResultHelper  [RETURN_TYPE]  boolean  Node  n  [VARIABLES]  BooleanResultPredicate  BOOLEAN_RESULT_PREDICATE  Set  BUILTIN_FUNCTIONS_WITHOUT_SIDEEFFECTS  CONSTRUCTORS_WITHOUT_SIDE_EFFECTS  OBJECT_METHODS_WITHOUT_SIDEEFFECTS  REGEXP_METHODS  STRING_REGEXP_METHODS  defines  emptySet  knownConstants  NumbericResultPredicate  NUMBERIC_RESULT_PREDICATE  boolean  MayBeStringResultPredicate  MAY_BE_STRING_PREDICATE  Node  n  String  JSC_PROPERTY_NAME_FN  childValue  name  namespaceName  rawJsString  s  value  Map  vars  int  c  end  nextSkipSlot  nextSlot  start  type  	projects/Closure80/src/com/google/javascript/jscomp/NodeUtil.java	0.4082482904638631	1264	1264	2	replace	return(n.getType()  ==  Token.NAME)|  BooleanResultPredicate.FALSE  :  BooleanResultPredicate.UNKNOWN;	  return(n.getType()    ==    Token.NAME)&    BooleanResultPredicate.FALSE    :    BooleanResultPredicate.UNKNOWN;    	non-compiled	[CE]  	129	None	replace
111	[BUG]  [BUGGY]  return(n.getType()  ==  Token.FUNCTION)&  BooleanResultPredicate.FALSE  :  BooleanResultPredicate.UNKNOWN;  [CE]  [FE]                      IllegalStateException      [CONTEXT]      case  Token.LE:  case  Token.GE:  case  Token.IN:  case  Token.INSTANCEOF:  case  Token.NOT:  return  true;  default:      [BUGGY]  return(n.getType()  ==  Token.FUNCTION)&  BooleanResultPredicate.FALSE  :  BooleanResultPredicate.UNKNOWN;  [BUGGY]      }  }  [CLASS]  NodeUtil  NumbericResultPredicate  BooleanResultPredicate  MayBeStringResultPredicate  VarCollector  MatchNameNode  MatchNodeType  MatchDeclaration  MatchNotFunction  MatchShallowStatement  [METHOD]  isBooleanResultHelper  [RETURN_TYPE]  boolean  Node  n  [VARIABLES]  BooleanResultPredicate  BOOLEAN_RESULT_PREDICATE  Set  BUILTIN_FUNCTIONS_WITHOUT_SIDEEFFECTS  CONSTRUCTORS_WITHOUT_SIDE_EFFECTS  OBJECT_METHODS_WITHOUT_SIDEEFFECTS  REGEXP_METHODS  STRING_REGEXP_METHODS  defines  emptySet  knownConstants  NumbericResultPredicate  NUMBERIC_RESULT_PREDICATE  boolean  MayBeStringResultPredicate  MAY_BE_STRING_PREDICATE  Node  n  String  JSC_PROPERTY_NAME_FN  childValue  name  namespaceName  rawJsString  s  value  Map  vars  int  c  end  nextSkipSlot  nextSlot  start  type  	projects/Closure80/src/com/google/javascript/jscomp/NodeUtil.java	0.4082482904638631	1264	1264	2	replace	return(n.getType()  ==  Token.FUNCTION)&  BooleanResultPredicate.FALSE  :  BooleanResultPredicate.UNKNOWN;	  return(n.getType()    ==    Token.NAME)&    BooleanResultPredicate.FALSE    :    BooleanResultPredicate.UNKNOWN;    	non-compiled	[CE]  	129	None	replace
112	[BUG]  [BUGGY]  return(n.getType()  ==  Token.NAME)&  BooleanResultPredicate.FALSE  ||  BooleanResultPredicate.UNKNOWN;  [CE]  [FE]                        IllegalStateException      [CONTEXT]      case  Token.LE:  case  Token.GE:  case  Token.IN:  case  Token.INSTANCEOF:  case  Token.NOT:  return  true;  default:      [BUGGY]  return(n.getType()  ==  Token.NAME)&  BooleanResultPredicate.FALSE  ||  BooleanResultPredicate.UNKNOWN;  [BUGGY]      }  }  [CLASS]  NodeUtil  NumbericResultPredicate  BooleanResultPredicate  MayBeStringResultPredicate  VarCollector  MatchNameNode  MatchNodeType  MatchDeclaration  MatchNotFunction  MatchShallowStatement  [METHOD]  isBooleanResultHelper  [RETURN_TYPE]  boolean  Node  n  [VARIABLES]  BooleanResultPredicate  BOOLEAN_RESULT_PREDICATE  Set  BUILTIN_FUNCTIONS_WITHOUT_SIDEEFFECTS  CONSTRUCTORS_WITHOUT_SIDE_EFFECTS  OBJECT_METHODS_WITHOUT_SIDEEFFECTS  REGEXP_METHODS  STRING_REGEXP_METHODS  defines  emptySet  knownConstants  NumbericResultPredicate  NUMBERIC_RESULT_PREDICATE  boolean  MayBeStringResultPredicate  MAY_BE_STRING_PREDICATE  Node  n  String  JSC_PROPERTY_NAME_FN  childValue  name  namespaceName  rawJsString  s  value  Map  vars  int  c  end  nextSkipSlot  nextSlot  start  type  	projects/Closure80/src/com/google/javascript/jscomp/NodeUtil.java	0.4082482904638631	1264	1264	2	replace	return(n.getType()  ==  Token.NAME)&  BooleanResultPredicate.FALSE  ||  BooleanResultPredicate.UNKNOWN;	  return(n.getType()    ==    Token.NAME)&    BooleanResultPredicate.FALSE    :    BooleanResultPredicate.UNKNOWN;    	non-compiled	[CE]  	129	None	replace
113	[BUG]  [BUGGY]  return(n.getType()  ==  Token.NAME)&  BooleanResultPredicate.FALSE?  BooleanResultPredicate.UNKNOWN  :  BooleanResultPredicate.BLOCK;  [CE]  [FE]                          IllegalStateException      [CONTEXT]      case  Token.LE:  case  Token.GE:  case  Token.IN:  case  Token.INSTANCEOF:  case  Token.NOT:  return  true;  default:      [BUGGY]  return(n.getType()  ==  Token.NAME)&  BooleanResultPredicate.FALSE?  BooleanResultPredicate.UNKNOWN  :  BooleanResultPredicate.BLOCK;  [BUGGY]      }  }  [CLASS]  NodeUtil  NumbericResultPredicate  BooleanResultPredicate  MayBeStringResultPredicate  VarCollector  MatchNameNode  MatchNodeType  MatchDeclaration  MatchNotFunction  MatchShallowStatement  [METHOD]  isBooleanResultHelper  [RETURN_TYPE]  boolean  Node  n  [VARIABLES]  BooleanResultPredicate  BOOLEAN_RESULT_PREDICATE  Set  BUILTIN_FUNCTIONS_WITHOUT_SIDEEFFECTS  CONSTRUCTORS_WITHOUT_SIDE_EFFECTS  OBJECT_METHODS_WITHOUT_SIDEEFFECTS  REGEXP_METHODS  STRING_REGEXP_METHODS  defines  emptySet  knownConstants  NumbericResultPredicate  NUMBERIC_RESULT_PREDICATE  boolean  MayBeStringResultPredicate  MAY_BE_STRING_PREDICATE  Node  n  String  JSC_PROPERTY_NAME_FN  childValue  name  namespaceName  rawJsString  s  value  Map  vars  int  c  end  nextSkipSlot  nextSlot  start  type  	projects/Closure80/src/com/google/javascript/jscomp/NodeUtil.java	0.4082482904638631	1264	1264	2	replace	return(n.getType()  ==  Token.NAME)&  BooleanResultPredicate.FALSE?  BooleanResultPredicate.UNKNOWN  :  BooleanResultPredicate.BLOCK;	  return(n.getType()    ==    Token.NAME)&    BooleanResultPredicate.FALSE    :    BooleanResultPredicate.UNKNOWN;    	non-compiled	[CE]  	129	None	replace
114	[BUG]  [BUGGY]  return(n.getType()  ==  Token.NAME)&  BooleanResultPredicate.FALSE  &&  BooleanResultPredicate.UNKNOWN;  [CE]  [FE]                            IllegalStateException      [CONTEXT]      case  Token.LE:  case  Token.GE:  case  Token.IN:  case  Token.INSTANCEOF:  case  Token.NOT:  return  true;  default:      [BUGGY]  return(n.getType()  ==  Token.NAME)&  BooleanResultPredicate.FALSE  &&  BooleanResultPredicate.UNKNOWN;  [BUGGY]      }  }  [CLASS]  NodeUtil  NumbericResultPredicate  BooleanResultPredicate  MayBeStringResultPredicate  VarCollector  MatchNameNode  MatchNodeType  MatchDeclaration  MatchNotFunction  MatchShallowStatement  [METHOD]  isBooleanResultHelper  [RETURN_TYPE]  boolean  Node  n  [VARIABLES]  BooleanResultPredicate  BOOLEAN_RESULT_PREDICATE  Set  BUILTIN_FUNCTIONS_WITHOUT_SIDEEFFECTS  CONSTRUCTORS_WITHOUT_SIDE_EFFECTS  OBJECT_METHODS_WITHOUT_SIDEEFFECTS  REGEXP_METHODS  STRING_REGEXP_METHODS  defines  emptySet  knownConstants  NumbericResultPredicate  NUMBERIC_RESULT_PREDICATE  boolean  MayBeStringResultPredicate  MAY_BE_STRING_PREDICATE  Node  n  String  JSC_PROPERTY_NAME_FN  childValue  name  namespaceName  rawJsString  s  value  Map  vars  int  c  end  nextSkipSlot  nextSlot  start  type  	projects/Closure80/src/com/google/javascript/jscomp/NodeUtil.java	0.4082482904638631	1264	1264	2	replace	return(n.getType()  ==  Token.NAME)&  BooleanResultPredicate.FALSE  &&  BooleanResultPredicate.UNKNOWN;	  return(n.getType()    ==    Token.NAME)&    BooleanResultPredicate.FALSE    :    BooleanResultPredicate.UNKNOWN;    	non-compiled	[CE]  	129	None	replace
115	[BUG]  [BUGGY]  ||  n.getType()!=  Token.GETPROP)  {  return  true;  }  [CE]  [FE]                        IllegalStateException      [CONTEXT]      case  Token.LE:  case  Token.GE:  case  Token.IN:  case  Token.INSTANCEOF:  case  Token.NOT:  return  true;  default:      [BUGGY]  ||  n.getType()!=  Token.GETPROP)  {  return  true;  }  [BUGGY]      }  }  [CLASS]  NodeUtil  NumbericResultPredicate  BooleanResultPredicate  MayBeStringResultPredicate  VarCollector  MatchNameNode  MatchNodeType  MatchDeclaration  MatchNotFunction  MatchShallowStatement  [METHOD]  isBooleanResultHelper  [RETURN_TYPE]  boolean  Node  n  [VARIABLES]  BooleanResultPredicate  BOOLEAN_RESULT_PREDICATE  Set  BUILTIN_FUNCTIONS_WITHOUT_SIDEEFFECTS  CONSTRUCTORS_WITHOUT_SIDE_EFFECTS  OBJECT_METHODS_WITHOUT_SIDEEFFECTS  REGEXP_METHODS  STRING_REGEXP_METHODS  defines  emptySet  knownConstants  NumbericResultPredicate  NUMBERIC_RESULT_PREDICATE  boolean  MayBeStringResultPredicate  MAY_BE_STRING_PREDICATE  Node  n  String  JSC_PROPERTY_NAME_FN  childValue  name  namespaceName  rawJsString  s  value  Map  vars  int  c  end  nextSkipSlot  nextSlot  start  type  	projects/Closure80/src/com/google/javascript/jscomp/NodeUtil.java	0.4082482904638631	1264	1264	2	replace	||  n.getType()!=  Token.GETPROP)  {  return  true;  }	  if(n.getType()    ==    Token.FUNCTION    ||    n.getType()!=    Token.GETPROP)    {    return    true;    }    	non-compiled	[CE]  	116	None	replace
116	[BUG]  [BUGGY]  n.getType()  ==  Token.FUNCTION  ||  n.getType()!=  Token.GETPROP)  {  return  true;  }  [CE]  [FE]                          IllegalStateException      [CONTEXT]      case  Token.LE:  case  Token.GE:  case  Token.IN:  case  Token.INSTANCEOF:  case  Token.NOT:  return  true;  default:      [BUGGY]  n.getType()  ==  Token.FUNCTION  ||  n.getType()!=  Token.GETPROP)  {  return  true;  }  [BUGGY]      }  }  [CLASS]  NodeUtil  NumbericResultPredicate  BooleanResultPredicate  MayBeStringResultPredicate  VarCollector  MatchNameNode  MatchNodeType  MatchDeclaration  MatchNotFunction  MatchShallowStatement  [METHOD]  isBooleanResultHelper  [RETURN_TYPE]  boolean  Node  n  [VARIABLES]  BooleanResultPredicate  BOOLEAN_RESULT_PREDICATE  Set  BUILTIN_FUNCTIONS_WITHOUT_SIDEEFFECTS  CONSTRUCTORS_WITHOUT_SIDE_EFFECTS  OBJECT_METHODS_WITHOUT_SIDEEFFECTS  REGEXP_METHODS  STRING_REGEXP_METHODS  defines  emptySet  knownConstants  NumbericResultPredicate  NUMBERIC_RESULT_PREDICATE  boolean  MayBeStringResultPredicate  MAY_BE_STRING_PREDICATE  Node  n  String  JSC_PROPERTY_NAME_FN  childValue  name  namespaceName  rawJsString  s  value  Map  vars  int  c  end  nextSkipSlot  nextSlot  start  type  	projects/Closure80/src/com/google/javascript/jscomp/NodeUtil.java	0.4082482904638631	1264	1264	2	replace	n.getType()  ==  Token.FUNCTION  ||  n.getType()!=  Token.GETPROP)  {  return  true;  }	  if(n.getType()    ==    Token.FUNCTION    ||    n.getType()!=    Token.GETPROP)    {    return    true;    }    	non-compiled	[CE]  	116	None	replace
117	[BUG]  [BUGGY]  n.setType(Token.FUNCTION  ||  n.getType()!=  Token.GETPROP)  {  return  true;  }  [CE]  [FE]                            IllegalStateException      [CONTEXT]      case  Token.LE:  case  Token.GE:  case  Token.IN:  case  Token.INSTANCEOF:  case  Token.NOT:  return  true;  default:      [BUGGY]  n.setType(Token.FUNCTION  ||  n.getType()!=  Token.GETPROP)  {  return  true;  }  [BUGGY]      }  }  [CLASS]  NodeUtil  NumbericResultPredicate  BooleanResultPredicate  MayBeStringResultPredicate  VarCollector  MatchNameNode  MatchNodeType  MatchDeclaration  MatchNotFunction  MatchShallowStatement  [METHOD]  isBooleanResultHelper  [RETURN_TYPE]  boolean  Node  n  [VARIABLES]  BooleanResultPredicate  BOOLEAN_RESULT_PREDICATE  Set  BUILTIN_FUNCTIONS_WITHOUT_SIDEEFFECTS  CONSTRUCTORS_WITHOUT_SIDE_EFFECTS  OBJECT_METHODS_WITHOUT_SIDEEFFECTS  REGEXP_METHODS  STRING_REGEXP_METHODS  defines  emptySet  knownConstants  NumbericResultPredicate  NUMBERIC_RESULT_PREDICATE  boolean  MayBeStringResultPredicate  MAY_BE_STRING_PREDICATE  Node  n  String  JSC_PROPERTY_NAME_FN  childValue  name  namespaceName  rawJsString  s  value  Map  vars  int  c  end  nextSkipSlot  nextSlot  start  type  	projects/Closure80/src/com/google/javascript/jscomp/NodeUtil.java	0.4082482904638631	1264	1264	2	replace	n.setType(Token.FUNCTION  ||  n.getType()!=  Token.GETPROP)  {  return  true;  }	  if(n.getType()    ==    Token.FUNCTION    ||    n.getType()!=    Token.GETPROP)    {    return    true;    }    	non-compiled	[CE]  	116	None	replace
118	[BUG]  [BUGGY]  if(n.getType()  ==  Token.GETPROP  ||  n.getType()!=  Token.FUNCTION)  {  return  true;  }  [CE]  [FE]                              IllegalStateException      [CONTEXT]      case  Token.LE:  case  Token.GE:  case  Token.IN:  case  Token.INSTANCEOF:  case  Token.NOT:  return  true;  default:      [BUGGY]  if(n.getType()  ==  Token.GETPROP  ||  n.getType()!=  Token.FUNCTION)  {  return  true;  }  [BUGGY]      }  }  [CLASS]  NodeUtil  NumbericResultPredicate  BooleanResultPredicate  MayBeStringResultPredicate  VarCollector  MatchNameNode  MatchNodeType  MatchDeclaration  MatchNotFunction  MatchShallowStatement  [METHOD]  isBooleanResultHelper  [RETURN_TYPE]  boolean  Node  n  [VARIABLES]  BooleanResultPredicate  BOOLEAN_RESULT_PREDICATE  Set  BUILTIN_FUNCTIONS_WITHOUT_SIDEEFFECTS  CONSTRUCTORS_WITHOUT_SIDE_EFFECTS  OBJECT_METHODS_WITHOUT_SIDEEFFECTS  REGEXP_METHODS  STRING_REGEXP_METHODS  defines  emptySet  knownConstants  NumbericResultPredicate  NUMBERIC_RESULT_PREDICATE  boolean  MayBeStringResultPredicate  MAY_BE_STRING_PREDICATE  Node  n  String  JSC_PROPERTY_NAME_FN  childValue  name  namespaceName  rawJsString  s  value  Map  vars  int  c  end  nextSkipSlot  nextSlot  start  type  	projects/Closure80/src/com/google/javascript/jscomp/NodeUtil.java	0.4082482904638631	1264	1264	2	replace	if(n.getType()  ==  Token.GETPROP  ||  n.getType()!=  Token.FUNCTION)  {  return  true;  }	  if(n.getType()    ==    Token.FUNCTION    ||    n.getType()!=    Token.GETPROP)    {    return    true;    }    	non-compiled	[CE]  	116	None	replace
119	[BUG]  [BUGGY]  if(n.getType()  ==  Token.FUNCTION  &&  n.getType()!=  Token.GETPROP)  {  return  true;  }  [CE]  [FE]                                IllegalStateException      [CONTEXT]      case  Token.LE:  case  Token.GE:  case  Token.IN:  case  Token.INSTANCEOF:  case  Token.NOT:  return  true;  default:      [BUGGY]  if(n.getType()  ==  Token.FUNCTION  &&  n.getType()!=  Token.GETPROP)  {  return  true;  }  [BUGGY]      }  }  [CLASS]  NodeUtil  NumbericResultPredicate  BooleanResultPredicate  MayBeStringResultPredicate  VarCollector  MatchNameNode  MatchNodeType  MatchDeclaration  MatchNotFunction  MatchShallowStatement  [METHOD]  isBooleanResultHelper  [RETURN_TYPE]  boolean  Node  n  [VARIABLES]  BooleanResultPredicate  BOOLEAN_RESULT_PREDICATE  Set  BUILTIN_FUNCTIONS_WITHOUT_SIDEEFFECTS  CONSTRUCTORS_WITHOUT_SIDE_EFFECTS  OBJECT_METHODS_WITHOUT_SIDEEFFECTS  REGEXP_METHODS  STRING_REGEXP_METHODS  defines  emptySet  knownConstants  NumbericResultPredicate  NUMBERIC_RESULT_PREDICATE  boolean  MayBeStringResultPredicate  MAY_BE_STRING_PREDICATE  Node  n  String  JSC_PROPERTY_NAME_FN  childValue  name  namespaceName  rawJsString  s  value  Map  vars  int  c  end  nextSkipSlot  nextSlot  start  type  	projects/Closure80/src/com/google/javascript/jscomp/NodeUtil.java	0.4082482904638631	1264	1264	2	replace	if(n.getType()  ==  Token.FUNCTION  &&  n.getType()!=  Token.GETPROP)  {  return  true;  }	  if(n.getType()    ==    Token.FUNCTION    ||    n.getType()!=    Token.GETPROP)    {    return    true;    }    	non-compiled	[CE]  	116	None	replace
120	[BUG]  [BUGGY]  Preconditions.checkState(NodeUtil.isFunctionAnonymous(n)&&  NodeUtil.isStatementBlock(n))  {  return  false;  }  [CE]  [FE]                    IllegalStateException      [CONTEXT]      case  Token.LE:  case  Token.GE:  case  Token.IN:  case  Token.INSTANCEOF:  case  Token.NOT:  return  true;  default:      [BUGGY]  Preconditions.checkState(NodeUtil.isFunctionAnonymous(n)&&  NodeUtil.isStatementBlock(n))  {  return  false;  }  [BUGGY]      }  }  [CLASS]  NodeUtil  NumbericResultPredicate  BooleanResultPredicate  MayBeStringResultPredicate  VarCollector  MatchNameNode  MatchNodeType  MatchDeclaration  MatchNotFunction  MatchShallowStatement  [METHOD]  isBooleanResultHelper  [RETURN_TYPE]  boolean  Node  n  [VARIABLES]  BooleanResultPredicate  BOOLEAN_RESULT_PREDICATE  Set  BUILTIN_FUNCTIONS_WITHOUT_SIDEEFFECTS  CONSTRUCTORS_WITHOUT_SIDE_EFFECTS  OBJECT_METHODS_WITHOUT_SIDEEFFECTS  REGEXP_METHODS  STRING_REGEXP_METHODS  defines  emptySet  knownConstants  NumbericResultPredicate  NUMBERIC_RESULT_PREDICATE  boolean  MayBeStringResultPredicate  MAY_BE_STRING_PREDICATE  Node  n  String  JSC_PROPERTY_NAME_FN  childValue  name  namespaceName  rawJsString  s  value  Map  vars  int  c  end  nextSkipSlot  nextSlot  start  type  	projects/Closure80/src/com/google/javascript/jscomp/NodeUtil.java	0.4082482904638631	1264	1264	2	replace	Preconditions.checkState(NodeUtil.isFunctionAnonymous(n)&&  NodeUtil.isStatementBlock(n))  {  return  false;  }	  Preconditions.checkState(NodeUtil.isFunctionAnonymous(n)||    NodeUtil.isStatementBlock(n))    {    return    false;    }    	non-compiled	[CE]  	115	None	replace
121	[BUG]  [BUGGY]  Preconditions.checkArgument(NodeUtil.isFunctionAnonymous(n)||  NodeUtil.isStatementBlock(n))  {  return  false;  }  [CE]  [FE]                      IllegalStateException      [CONTEXT]      case  Token.LE:  case  Token.GE:  case  Token.IN:  case  Token.INSTANCEOF:  case  Token.NOT:  return  true;  default:      [BUGGY]  Preconditions.checkArgument(NodeUtil.isFunctionAnonymous(n)||  NodeUtil.isStatementBlock(n))  {  return  false;  }  [BUGGY]      }  }  [CLASS]  NodeUtil  NumbericResultPredicate  BooleanResultPredicate  MayBeStringResultPredicate  VarCollector  MatchNameNode  MatchNodeType  MatchDeclaration  MatchNotFunction  MatchShallowStatement  [METHOD]  isBooleanResultHelper  [RETURN_TYPE]  boolean  Node  n  [VARIABLES]  BooleanResultPredicate  BOOLEAN_RESULT_PREDICATE  Set  BUILTIN_FUNCTIONS_WITHOUT_SIDEEFFECTS  CONSTRUCTORS_WITHOUT_SIDE_EFFECTS  OBJECT_METHODS_WITHOUT_SIDEEFFECTS  REGEXP_METHODS  STRING_REGEXP_METHODS  defines  emptySet  knownConstants  NumbericResultPredicate  NUMBERIC_RESULT_PREDICATE  boolean  MayBeStringResultPredicate  MAY_BE_STRING_PREDICATE  Node  n  String  JSC_PROPERTY_NAME_FN  childValue  name  namespaceName  rawJsString  s  value  Map  vars  int  c  end  nextSkipSlot  nextSlot  start  type  	projects/Closure80/src/com/google/javascript/jscomp/NodeUtil.java	0.4082482904638631	1264	1264	2	replace	Preconditions.checkArgument(NodeUtil.isFunctionAnonymous(n)||  NodeUtil.isStatementBlock(n))  {  return  false;  }	  Preconditions.checkState(NodeUtil.isFunctionAnonymous(n)||    NodeUtil.isStatementBlock(n))    {    return    false;    }    	non-compiled	[CE]  	115	None	replace
122	[BUG]  [BUGGY]  Preconditions.checkState(NodeUtil.isName(n)||  NodeUtil.isStatementBlock(n))  {  return  false;  }  [CE]  [FE]                        IllegalStateException      [CONTEXT]      case  Token.LE:  case  Token.GE:  case  Token.IN:  case  Token.INSTANCEOF:  case  Token.NOT:  return  true;  default:      [BUGGY]  Preconditions.checkState(NodeUtil.isName(n)||  NodeUtil.isStatementBlock(n))  {  return  false;  }  [BUGGY]      }  }  [CLASS]  NodeUtil  NumbericResultPredicate  BooleanResultPredicate  MayBeStringResultPredicate  VarCollector  MatchNameNode  MatchNodeType  MatchDeclaration  MatchNotFunction  MatchShallowStatement  [METHOD]  isBooleanResultHelper  [RETURN_TYPE]  boolean  Node  n  [VARIABLES]  BooleanResultPredicate  BOOLEAN_RESULT_PREDICATE  Set  BUILTIN_FUNCTIONS_WITHOUT_SIDEEFFECTS  CONSTRUCTORS_WITHOUT_SIDE_EFFECTS  OBJECT_METHODS_WITHOUT_SIDEEFFECTS  REGEXP_METHODS  STRING_REGEXP_METHODS  defines  emptySet  knownConstants  NumbericResultPredicate  NUMBERIC_RESULT_PREDICATE  boolean  MayBeStringResultPredicate  MAY_BE_STRING_PREDICATE  Node  n  String  JSC_PROPERTY_NAME_FN  childValue  name  namespaceName  rawJsString  s  value  Map  vars  int  c  end  nextSkipSlot  nextSlot  start  type  	projects/Closure80/src/com/google/javascript/jscomp/NodeUtil.java	0.4082482904638631	1264	1264	2	replace	Preconditions.checkState(NodeUtil.isName(n)||  NodeUtil.isStatementBlock(n))  {  return  false;  }	  Preconditions.checkState(NodeUtil.isFunctionAnonymous(n)||    NodeUtil.isStatementBlock(n))    {    return    false;    }    	non-compiled	[CE]  	115	None	replace
123	[BUG]  [BUGGY]  Preconditions.checkState(NodeUtil.isGet(n)||  NodeUtil.isStatementBlock(n))  {  return  false;  }  [CE]  [FE]                          IllegalStateException      [CONTEXT]      case  Token.LE:  case  Token.GE:  case  Token.IN:  case  Token.INSTANCEOF:  case  Token.NOT:  return  true;  default:      [BUGGY]  Preconditions.checkState(NodeUtil.isGet(n)||  NodeUtil.isStatementBlock(n))  {  return  false;  }  [BUGGY]      }  }  [CLASS]  NodeUtil  NumbericResultPredicate  BooleanResultPredicate  MayBeStringResultPredicate  VarCollector  MatchNameNode  MatchNodeType  MatchDeclaration  MatchNotFunction  MatchShallowStatement  [METHOD]  isBooleanResultHelper  [RETURN_TYPE]  boolean  Node  n  [VARIABLES]  BooleanResultPredicate  BOOLEAN_RESULT_PREDICATE  Set  BUILTIN_FUNCTIONS_WITHOUT_SIDEEFFECTS  CONSTRUCTORS_WITHOUT_SIDE_EFFECTS  OBJECT_METHODS_WITHOUT_SIDEEFFECTS  REGEXP_METHODS  STRING_REGEXP_METHODS  defines  emptySet  knownConstants  NumbericResultPredicate  NUMBERIC_RESULT_PREDICATE  boolean  MayBeStringResultPredicate  MAY_BE_STRING_PREDICATE  Node  n  String  JSC_PROPERTY_NAME_FN  childValue  name  namespaceName  rawJsString  s  value  Map  vars  int  c  end  nextSkipSlot  nextSlot  start  type  	projects/Closure80/src/com/google/javascript/jscomp/NodeUtil.java	0.4082482904638631	1264	1264	2	replace	Preconditions.checkState(NodeUtil.isGet(n)||  NodeUtil.isStatementBlock(n))  {  return  false;  }	  Preconditions.checkState(NodeUtil.isFunctionAnonymous(n)||    NodeUtil.isStatementBlock(n))    {    return    false;    }    	non-compiled	[CE]  	115	None	replace
124	[BUG]  [BUGGY]  Preconditions.checkState(NodeUtil.isFunctionAnonymous(n)||  NodeUtil.isGet(n))  {  return  false;  }  [CE]  [FE]                            IllegalStateException      [CONTEXT]      case  Token.LE:  case  Token.GE:  case  Token.IN:  case  Token.INSTANCEOF:  case  Token.NOT:  return  true;  default:      [BUGGY]  Preconditions.checkState(NodeUtil.isFunctionAnonymous(n)||  NodeUtil.isGet(n))  {  return  false;  }  [BUGGY]      }  }  [CLASS]  NodeUtil  NumbericResultPredicate  BooleanResultPredicate  MayBeStringResultPredicate  VarCollector  MatchNameNode  MatchNodeType  MatchDeclaration  MatchNotFunction  MatchShallowStatement  [METHOD]  isBooleanResultHelper  [RETURN_TYPE]  boolean  Node  n  [VARIABLES]  BooleanResultPredicate  BOOLEAN_RESULT_PREDICATE  Set  BUILTIN_FUNCTIONS_WITHOUT_SIDEEFFECTS  CONSTRUCTORS_WITHOUT_SIDE_EFFECTS  OBJECT_METHODS_WITHOUT_SIDEEFFECTS  REGEXP_METHODS  STRING_REGEXP_METHODS  defines  emptySet  knownConstants  NumbericResultPredicate  NUMBERIC_RESULT_PREDICATE  boolean  MayBeStringResultPredicate  MAY_BE_STRING_PREDICATE  Node  n  String  JSC_PROPERTY_NAME_FN  childValue  name  namespaceName  rawJsString  s  value  Map  vars  int  c  end  nextSkipSlot  nextSlot  start  type  	projects/Closure80/src/com/google/javascript/jscomp/NodeUtil.java	0.4082482904638631	1264	1264	2	replace	Preconditions.checkState(NodeUtil.isFunctionAnonymous(n)||  NodeUtil.isGet(n))  {  return  false;  }	  Preconditions.checkState(NodeUtil.isFunctionAnonymous(n)||    NodeUtil.isStatementBlock(n))    {    return    false;    }    	non-compiled	[CE]  	115	None	replace
125	[BUG]  [BUGGY]  NodeUtil.mayHaveSideEffects(n)||  NodeUtil.isFunctionAnonymous(n))  {  return  false;  }  [CE]  [FE]                    IllegalStateException      [CONTEXT]      case  Token.LE:  case  Token.GE:  case  Token.IN:  case  Token.INSTANCEOF:  case  Token.NOT:  return  true;  default:      [BUGGY]  NodeUtil.mayHaveSideEffects(n)||  NodeUtil.isFunctionAnonymous(n))  {  return  false;  }  [BUGGY]      }  }  [CLASS]  NodeUtil  NumbericResultPredicate  BooleanResultPredicate  MayBeStringResultPredicate  VarCollector  MatchNameNode  MatchNodeType  MatchDeclaration  MatchNotFunction  MatchShallowStatement  [METHOD]  isBooleanResultHelper  [RETURN_TYPE]  boolean  Node  n  [VARIABLES]  BooleanResultPredicate  BOOLEAN_RESULT_PREDICATE  Set  BUILTIN_FUNCTIONS_WITHOUT_SIDEEFFECTS  CONSTRUCTORS_WITHOUT_SIDE_EFFECTS  OBJECT_METHODS_WITHOUT_SIDEEFFECTS  REGEXP_METHODS  STRING_REGEXP_METHODS  defines  emptySet  knownConstants  NumbericResultPredicate  NUMBERIC_RESULT_PREDICATE  boolean  MayBeStringResultPredicate  MAY_BE_STRING_PREDICATE  Node  n  String  JSC_PROPERTY_NAME_FN  childValue  name  namespaceName  rawJsString  s  value  Map  vars  int  c  end  nextSkipSlot  nextSlot  start  type  	projects/Closure80/src/com/google/javascript/jscomp/NodeUtil.java	0.4082482904638631	1264	1264	2	replace	NodeUtil.mayHaveSideEffects(n)||  NodeUtil.isFunctionAnonymous(n))  {  return  false;  }	  NodeUtil.mayHaveSideEffects(n)&&    NodeUtil.isFunctionAnonymous(n))    {    return    false;    }    	non-compiled	[CE]  	86	None	replace
126	[BUG]  [BUGGY]  NodeUtil.mayHaveSideEffects(n)&&  NodeUtil.isAnonymous(n))  {  return  false;  }  [CE]  [FE]                      IllegalStateException      [CONTEXT]      case  Token.LE:  case  Token.GE:  case  Token.IN:  case  Token.INSTANCEOF:  case  Token.NOT:  return  true;  default:      [BUGGY]  NodeUtil.mayHaveSideEffects(n)&&  NodeUtil.isAnonymous(n))  {  return  false;  }  [BUGGY]      }  }  [CLASS]  NodeUtil  NumbericResultPredicate  BooleanResultPredicate  MayBeStringResultPredicate  VarCollector  MatchNameNode  MatchNodeType  MatchDeclaration  MatchNotFunction  MatchShallowStatement  [METHOD]  isBooleanResultHelper  [RETURN_TYPE]  boolean  Node  n  [VARIABLES]  BooleanResultPredicate  BOOLEAN_RESULT_PREDICATE  Set  BUILTIN_FUNCTIONS_WITHOUT_SIDEEFFECTS  CONSTRUCTORS_WITHOUT_SIDE_EFFECTS  OBJECT_METHODS_WITHOUT_SIDEEFFECTS  REGEXP_METHODS  STRING_REGEXP_METHODS  defines  emptySet  knownConstants  NumbericResultPredicate  NUMBERIC_RESULT_PREDICATE  boolean  MayBeStringResultPredicate  MAY_BE_STRING_PREDICATE  Node  n  String  JSC_PROPERTY_NAME_FN  childValue  name  namespaceName  rawJsString  s  value  Map  vars  int  c  end  nextSkipSlot  nextSlot  start  type  	projects/Closure80/src/com/google/javascript/jscomp/NodeUtil.java	0.4082482904638631	1264	1264	2	replace	NodeUtil.mayHaveSideEffects(n)&&  NodeUtil.isAnonymous(n))  {  return  false;  }	  NodeUtil.mayHaveSideEffects(n)&&    NodeUtil.isFunctionAnonymous(n))    {    return    false;    }    	non-compiled	[CE]  	86	None	replace
127	[BUG]  [BUGGY]  NodeUtil.mayHaveSideEffects(n)&&  NodeUtil.isExpressionNode(n))  {  return  false;  }  [CE]  [FE]                        IllegalStateException      [CONTEXT]      case  Token.LE:  case  Token.GE:  case  Token.IN:  case  Token.INSTANCEOF:  case  Token.NOT:  return  true;  default:      [BUGGY]  NodeUtil.mayHaveSideEffects(n)&&  NodeUtil.isExpressionNode(n))  {  return  false;  }  [BUGGY]      }  }  [CLASS]  NodeUtil  NumbericResultPredicate  BooleanResultPredicate  MayBeStringResultPredicate  VarCollector  MatchNameNode  MatchNodeType  MatchDeclaration  MatchNotFunction  MatchShallowStatement  [METHOD]  isBooleanResultHelper  [RETURN_TYPE]  boolean  Node  n  [VARIABLES]  BooleanResultPredicate  BOOLEAN_RESULT_PREDICATE  Set  BUILTIN_FUNCTIONS_WITHOUT_SIDEEFFECTS  CONSTRUCTORS_WITHOUT_SIDE_EFFECTS  OBJECT_METHODS_WITHOUT_SIDEEFFECTS  REGEXP_METHODS  STRING_REGEXP_METHODS  defines  emptySet  knownConstants  NumbericResultPredicate  NUMBERIC_RESULT_PREDICATE  boolean  MayBeStringResultPredicate  MAY_BE_STRING_PREDICATE  Node  n  String  JSC_PROPERTY_NAME_FN  childValue  name  namespaceName  rawJsString  s  value  Map  vars  int  c  end  nextSkipSlot  nextSlot  start  type  	projects/Closure80/src/com/google/javascript/jscomp/NodeUtil.java	0.4082482904638631	1264	1264	2	replace	NodeUtil.mayHaveSideEffects(n)&&  NodeUtil.isExpressionNode(n))  {  return  false;  }	  NodeUtil.mayHaveSideEffects(n)&&    NodeUtil.isFunctionAnonymous(n))    {    return    false;    }    	non-compiled	[CE]  	86	None	replace
128	[BUG]  [BUGGY]  NodeUtil.mayHaveSideEffects(n)&&  NodeUtil.isName(n))  {  return  false;  }  [CE]  [FE]                          IllegalStateException      [CONTEXT]      case  Token.LE:  case  Token.GE:  case  Token.IN:  case  Token.INSTANCEOF:  case  Token.NOT:  return  true;  default:      [BUGGY]  NodeUtil.mayHaveSideEffects(n)&&  NodeUtil.isName(n))  {  return  false;  }  [BUGGY]      }  }  [CLASS]  NodeUtil  NumbericResultPredicate  BooleanResultPredicate  MayBeStringResultPredicate  VarCollector  MatchNameNode  MatchNodeType  MatchDeclaration  MatchNotFunction  MatchShallowStatement  [METHOD]  isBooleanResultHelper  [RETURN_TYPE]  boolean  Node  n  [VARIABLES]  BooleanResultPredicate  BOOLEAN_RESULT_PREDICATE  Set  BUILTIN_FUNCTIONS_WITHOUT_SIDEEFFECTS  CONSTRUCTORS_WITHOUT_SIDE_EFFECTS  OBJECT_METHODS_WITHOUT_SIDEEFFECTS  REGEXP_METHODS  STRING_REGEXP_METHODS  defines  emptySet  knownConstants  NumbericResultPredicate  NUMBERIC_RESULT_PREDICATE  boolean  MayBeStringResultPredicate  MAY_BE_STRING_PREDICATE  Node  n  String  JSC_PROPERTY_NAME_FN  childValue  name  namespaceName  rawJsString  s  value  Map  vars  int  c  end  nextSkipSlot  nextSlot  start  type  	projects/Closure80/src/com/google/javascript/jscomp/NodeUtil.java	0.4082482904638631	1264	1264	2	replace	NodeUtil.mayHaveSideEffects(n)&&  NodeUtil.isName(n))  {  return  false;  }	  NodeUtil.mayHaveSideEffects(n)&&    NodeUtil.isFunctionAnonymous(n))    {    return    false;    }    	non-compiled	[CE]  	86	None	replace
129	[BUG]  [BUGGY]  Preconditions.checkState(NodeUtil.isFunctionAnonymous(n)||  NodeUtil.isVar(n))  {  return  false;  }  [CE]  [FE]                      IllegalStateException      [CONTEXT]      case  Token.LE:  case  Token.GE:  case  Token.IN:  case  Token.INSTANCEOF:  case  Token.NOT:  return  true;  default:      [BUGGY]  Preconditions.checkState(NodeUtil.isFunctionAnonymous(n)||  NodeUtil.isVar(n))  {  return  false;  }  [BUGGY]      }  }  [CLASS]  NodeUtil  NumbericResultPredicate  BooleanResultPredicate  MayBeStringResultPredicate  VarCollector  MatchNameNode  MatchNodeType  MatchDeclaration  MatchNotFunction  MatchShallowStatement  [METHOD]  isBooleanResultHelper  [RETURN_TYPE]  boolean  Node  n  [VARIABLES]  BooleanResultPredicate  BOOLEAN_RESULT_PREDICATE  Set  BUILTIN_FUNCTIONS_WITHOUT_SIDEEFFECTS  CONSTRUCTORS_WITHOUT_SIDE_EFFECTS  OBJECT_METHODS_WITHOUT_SIDEEFFECTS  REGEXP_METHODS  STRING_REGEXP_METHODS  defines  emptySet  knownConstants  NumbericResultPredicate  NUMBERIC_RESULT_PREDICATE  boolean  MayBeStringResultPredicate  MAY_BE_STRING_PREDICATE  Node  n  String  JSC_PROPERTY_NAME_FN  childValue  name  namespaceName  rawJsString  s  value  Map  vars  int  c  end  nextSkipSlot  nextSlot  start  type  	projects/Closure80/src/com/google/javascript/jscomp/NodeUtil.java	0.4082482904638631	1264	1264	2	replace	Preconditions.checkState(NodeUtil.isFunctionAnonymous(n)||  NodeUtil.isVar(n))  {  return  false;  }	  if(NodeUtil.isFunctionAnonymous(n)||    NodeUtil.isVar(n))    {    return    false;    }    	non-compiled	[CE]  	140	None	replace
130	[BUG]  [BUGGY]  if(NodeUtil.isFunctionAnonymous(n)&&  NodeUtil.isVar(n))  {  return  false;  }  [CE]  [FE]                        IllegalStateException      [CONTEXT]      case  Token.LE:  case  Token.GE:  case  Token.IN:  case  Token.INSTANCEOF:  case  Token.NOT:  return  true;  default:      [BUGGY]  if(NodeUtil.isFunctionAnonymous(n)&&  NodeUtil.isVar(n))  {  return  false;  }  [BUGGY]      }  }  [CLASS]  NodeUtil  NumbericResultPredicate  BooleanResultPredicate  MayBeStringResultPredicate  VarCollector  MatchNameNode  MatchNodeType  MatchDeclaration  MatchNotFunction  MatchShallowStatement  [METHOD]  isBooleanResultHelper  [RETURN_TYPE]  boolean  Node  n  [VARIABLES]  BooleanResultPredicate  BOOLEAN_RESULT_PREDICATE  Set  BUILTIN_FUNCTIONS_WITHOUT_SIDEEFFECTS  CONSTRUCTORS_WITHOUT_SIDE_EFFECTS  OBJECT_METHODS_WITHOUT_SIDEEFFECTS  REGEXP_METHODS  STRING_REGEXP_METHODS  defines  emptySet  knownConstants  NumbericResultPredicate  NUMBERIC_RESULT_PREDICATE  boolean  MayBeStringResultPredicate  MAY_BE_STRING_PREDICATE  Node  n  String  JSC_PROPERTY_NAME_FN  childValue  name  namespaceName  rawJsString  s  value  Map  vars  int  c  end  nextSkipSlot  nextSlot  start  type  	projects/Closure80/src/com/google/javascript/jscomp/NodeUtil.java	0.4082482904638631	1264	1264	2	replace	if(NodeUtil.isFunctionAnonymous(n)&&  NodeUtil.isVar(n))  {  return  false;  }	  if(NodeUtil.isFunctionAnonymous(n)||    NodeUtil.isVar(n))    {    return    false;    }    	non-compiled	[CE]  	140	None	replace
131	[BUG]  [BUGGY]  NodeUtil.isFunctionAnonymous(n)&&  NodeUtil.isVar(n))  {  return  false;  }  [CE]  [FE]                          IllegalStateException      [CONTEXT]      case  Token.LE:  case  Token.GE:  case  Token.IN:  case  Token.INSTANCEOF:  case  Token.NOT:  return  true;  default:      [BUGGY]  NodeUtil.isFunctionAnonymous(n)&&  NodeUtil.isVar(n))  {  return  false;  }  [BUGGY]      }  }  [CLASS]  NodeUtil  NumbericResultPredicate  BooleanResultPredicate  MayBeStringResultPredicate  VarCollector  MatchNameNode  MatchNodeType  MatchDeclaration  MatchNotFunction  MatchShallowStatement  [METHOD]  isBooleanResultHelper  [RETURN_TYPE]  boolean  Node  n  [VARIABLES]  BooleanResultPredicate  BOOLEAN_RESULT_PREDICATE  Set  BUILTIN_FUNCTIONS_WITHOUT_SIDEEFFECTS  CONSTRUCTORS_WITHOUT_SIDE_EFFECTS  OBJECT_METHODS_WITHOUT_SIDEEFFECTS  REGEXP_METHODS  STRING_REGEXP_METHODS  defines  emptySet  knownConstants  NumbericResultPredicate  NUMBERIC_RESULT_PREDICATE  boolean  MayBeStringResultPredicate  MAY_BE_STRING_PREDICATE  Node  n  String  JSC_PROPERTY_NAME_FN  childValue  name  namespaceName  rawJsString  s  value  Map  vars  int  c  end  nextSkipSlot  nextSlot  start  type  	projects/Closure80/src/com/google/javascript/jscomp/NodeUtil.java	0.4082482904638631	1264	1264	2	replace	NodeUtil.isFunctionAnonymous(n)&&  NodeUtil.isVar(n))  {  return  false;  }	  if(NodeUtil.isFunctionAnonymous(n)||    NodeUtil.isVar(n))    {    return    false;    }    	non-compiled	[CE]  	140	None	replace
132	[BUG]  [BUGGY]  if(NodeUtil.isFunctionAnonymous(n)||  NodeUtil.isName(n))  {  return  false;  }  [CE]  [FE]                            IllegalStateException      [CONTEXT]      case  Token.LE:  case  Token.GE:  case  Token.IN:  case  Token.INSTANCEOF:  case  Token.NOT:  return  true;  default:      [BUGGY]  if(NodeUtil.isFunctionAnonymous(n)||  NodeUtil.isName(n))  {  return  false;  }  [BUGGY]      }  }  [CLASS]  NodeUtil  NumbericResultPredicate  BooleanResultPredicate  MayBeStringResultPredicate  VarCollector  MatchNameNode  MatchNodeType  MatchDeclaration  MatchNotFunction  MatchShallowStatement  [METHOD]  isBooleanResultHelper  [RETURN_TYPE]  boolean  Node  n  [VARIABLES]  BooleanResultPredicate  BOOLEAN_RESULT_PREDICATE  Set  BUILTIN_FUNCTIONS_WITHOUT_SIDEEFFECTS  CONSTRUCTORS_WITHOUT_SIDE_EFFECTS  OBJECT_METHODS_WITHOUT_SIDEEFFECTS  REGEXP_METHODS  STRING_REGEXP_METHODS  defines  emptySet  knownConstants  NumbericResultPredicate  NUMBERIC_RESULT_PREDICATE  boolean  MayBeStringResultPredicate  MAY_BE_STRING_PREDICATE  Node  n  String  JSC_PROPERTY_NAME_FN  childValue  name  namespaceName  rawJsString  s  value  Map  vars  int  c  end  nextSkipSlot  nextSlot  start  type  	projects/Closure80/src/com/google/javascript/jscomp/NodeUtil.java	0.4082482904638631	1264	1264	2	replace	if(NodeUtil.isFunctionAnonymous(n)||  NodeUtil.isName(n))  {  return  false;  }	  if(NodeUtil.isFunctionAnonymous(n)||    NodeUtil.isVar(n))    {    return    false;    }    	non-compiled	[CE]  	140	None	replace
133	[BUG]  [BUGGY]  NodeUtil.isFunctionAnonymous(n)||  NodeUtil.isVar(n))  {  return  false;  }  [CE]  [FE]                              IllegalStateException      [CONTEXT]      case  Token.LE:  case  Token.GE:  case  Token.IN:  case  Token.INSTANCEOF:  case  Token.NOT:  return  true;  default:      [BUGGY]  NodeUtil.isFunctionAnonymous(n)||  NodeUtil.isVar(n))  {  return  false;  }  [BUGGY]      }  }  [CLASS]  NodeUtil  NumbericResultPredicate  BooleanResultPredicate  MayBeStringResultPredicate  VarCollector  MatchNameNode  MatchNodeType  MatchDeclaration  MatchNotFunction  MatchShallowStatement  [METHOD]  isBooleanResultHelper  [RETURN_TYPE]  boolean  Node  n  [VARIABLES]  BooleanResultPredicate  BOOLEAN_RESULT_PREDICATE  Set  BUILTIN_FUNCTIONS_WITHOUT_SIDEEFFECTS  CONSTRUCTORS_WITHOUT_SIDE_EFFECTS  OBJECT_METHODS_WITHOUT_SIDEEFFECTS  REGEXP_METHODS  STRING_REGEXP_METHODS  defines  emptySet  knownConstants  NumbericResultPredicate  NUMBERIC_RESULT_PREDICATE  boolean  MayBeStringResultPredicate  MAY_BE_STRING_PREDICATE  Node  n  String  JSC_PROPERTY_NAME_FN  childValue  name  namespaceName  rawJsString  s  value  Map  vars  int  c  end  nextSkipSlot  nextSlot  start  type  	projects/Closure80/src/com/google/javascript/jscomp/NodeUtil.java	0.4082482904638631	1264	1264	2	replace	NodeUtil.isFunctionAnonymous(n)||  NodeUtil.isVar(n))  {  return  false;  }	  if(NodeUtil.isFunctionAnonymous(n)||    NodeUtil.isVar(n))    {    return    false;    }    	non-compiled	[CE]  	140	None	replace
134	[BUG]  [BUGGY]  if(NodeUtil.isFunctionAnonymous(n)||  NodeUtil.isLocal(n))  {  return  false;  }  [CE]  [FE]                                IllegalStateException      [CONTEXT]      case  Token.LE:  case  Token.GE:  case  Token.IN:  case  Token.INSTANCEOF:  case  Token.NOT:  return  true;  default:      [BUGGY]  if(NodeUtil.isFunctionAnonymous(n)||  NodeUtil.isLocal(n))  {  return  false;  }  [BUGGY]      }  }  [CLASS]  NodeUtil  NumbericResultPredicate  BooleanResultPredicate  MayBeStringResultPredicate  VarCollector  MatchNameNode  MatchNodeType  MatchDeclaration  MatchNotFunction  MatchShallowStatement  [METHOD]  isBooleanResultHelper  [RETURN_TYPE]  boolean  Node  n  [VARIABLES]  BooleanResultPredicate  BOOLEAN_RESULT_PREDICATE  Set  BUILTIN_FUNCTIONS_WITHOUT_SIDEEFFECTS  CONSTRUCTORS_WITHOUT_SIDE_EFFECTS  OBJECT_METHODS_WITHOUT_SIDEEFFECTS  REGEXP_METHODS  STRING_REGEXP_METHODS  defines  emptySet  knownConstants  NumbericResultPredicate  NUMBERIC_RESULT_PREDICATE  boolean  MayBeStringResultPredicate  MAY_BE_STRING_PREDICATE  Node  n  String  JSC_PROPERTY_NAME_FN  childValue  name  namespaceName  rawJsString  s  value  Map  vars  int  c  end  nextSkipSlot  nextSlot  start  type  	projects/Closure80/src/com/google/javascript/jscomp/NodeUtil.java	0.4082482904638631	1264	1264	2	replace	if(NodeUtil.isFunctionAnonymous(n)||  NodeUtil.isLocal(n))  {  return  false;  }	  if(NodeUtil.isFunctionAnonymous(n)||    NodeUtil.isVar(n))    {    return    false;    }    	non-compiled	[CE]  	140	None	replace
135	[BUG]  [BUGGY]  NodeUtil.isFunctionDeclaration(n)&&  NodeUtil.isForIn(n))  {  return  false;  }  [CE]  [FE]                        IllegalStateException      [CONTEXT]      case  Token.LE:  case  Token.GE:  case  Token.IN:  case  Token.INSTANCEOF:  case  Token.NOT:  return  true;  default:      [BUGGY]  NodeUtil.isFunctionDeclaration(n)&&  NodeUtil.isForIn(n))  {  return  false;  }  [BUGGY]      }  }  [CLASS]  NodeUtil  NumbericResultPredicate  BooleanResultPredicate  MayBeStringResultPredicate  VarCollector  MatchNameNode  MatchNodeType  MatchDeclaration  MatchNotFunction  MatchShallowStatement  [METHOD]  isBooleanResultHelper  [RETURN_TYPE]  boolean  Node  n  [VARIABLES]  BooleanResultPredicate  BOOLEAN_RESULT_PREDICATE  Set  BUILTIN_FUNCTIONS_WITHOUT_SIDEEFFECTS  CONSTRUCTORS_WITHOUT_SIDE_EFFECTS  OBJECT_METHODS_WITHOUT_SIDEEFFECTS  REGEXP_METHODS  STRING_REGEXP_METHODS  defines  emptySet  knownConstants  NumbericResultPredicate  NUMBERIC_RESULT_PREDICATE  boolean  MayBeStringResultPredicate  MAY_BE_STRING_PREDICATE  Node  n  String  JSC_PROPERTY_NAME_FN  childValue  name  namespaceName  rawJsString  s  value  Map  vars  int  c  end  nextSkipSlot  nextSlot  start  type  	projects/Closure80/src/com/google/javascript/jscomp/NodeUtil.java	0.4082482904638631	1264	1264	2	replace	NodeUtil.isFunctionDeclaration(n)&&  NodeUtil.isForIn(n))  {  return  false;  }	  if(NodeUtil.isFunctionDeclaration(n)||    NodeUtil.isForIn(n))    {    return    false;    }    	non-compiled	[CE]  	109	None	replace
136	[BUG]  [BUGGY]  if(NodeUtil.isFunctionDeclaration(n)&&  NodeUtil.isForIn(n))  {  return  false;  }  [CE]  [FE]                          IllegalStateException      [CONTEXT]      case  Token.LE:  case  Token.GE:  case  Token.IN:  case  Token.INSTANCEOF:  case  Token.NOT:  return  true;  default:      [BUGGY]  if(NodeUtil.isFunctionDeclaration(n)&&  NodeUtil.isForIn(n))  {  return  false;  }  [BUGGY]      }  }  [CLASS]  NodeUtil  NumbericResultPredicate  BooleanResultPredicate  MayBeStringResultPredicate  VarCollector  MatchNameNode  MatchNodeType  MatchDeclaration  MatchNotFunction  MatchShallowStatement  [METHOD]  isBooleanResultHelper  [RETURN_TYPE]  boolean  Node  n  [VARIABLES]  BooleanResultPredicate  BOOLEAN_RESULT_PREDICATE  Set  BUILTIN_FUNCTIONS_WITHOUT_SIDEEFFECTS  CONSTRUCTORS_WITHOUT_SIDE_EFFECTS  OBJECT_METHODS_WITHOUT_SIDEEFFECTS  REGEXP_METHODS  STRING_REGEXP_METHODS  defines  emptySet  knownConstants  NumbericResultPredicate  NUMBERIC_RESULT_PREDICATE  boolean  MayBeStringResultPredicate  MAY_BE_STRING_PREDICATE  Node  n  String  JSC_PROPERTY_NAME_FN  childValue  name  namespaceName  rawJsString  s  value  Map  vars  int  c  end  nextSkipSlot  nextSlot  start  type  	projects/Closure80/src/com/google/javascript/jscomp/NodeUtil.java	0.4082482904638631	1264	1264	2	replace	if(NodeUtil.isFunctionDeclaration(n)&&  NodeUtil.isForIn(n))  {  return  false;  }	  if(NodeUtil.isFunctionDeclaration(n)||    NodeUtil.isForIn(n))    {    return    false;    }    	non-compiled	[CE]  	109	None	replace
137	[BUG]  [BUGGY]  NodeUtil.isFunctionDeclaration(n)||  NodeUtil.isForIn(n))  {  return  false;  }  [CE]  [FE]                            IllegalStateException      [CONTEXT]      case  Token.LE:  case  Token.GE:  case  Token.IN:  case  Token.INSTANCEOF:  case  Token.NOT:  return  true;  default:      [BUGGY]  NodeUtil.isFunctionDeclaration(n)||  NodeUtil.isForIn(n))  {  return  false;  }  [BUGGY]      }  }  [CLASS]  NodeUtil  NumbericResultPredicate  BooleanResultPredicate  MayBeStringResultPredicate  VarCollector  MatchNameNode  MatchNodeType  MatchDeclaration  MatchNotFunction  MatchShallowStatement  [METHOD]  isBooleanResultHelper  [RETURN_TYPE]  boolean  Node  n  [VARIABLES]  BooleanResultPredicate  BOOLEAN_RESULT_PREDICATE  Set  BUILTIN_FUNCTIONS_WITHOUT_SIDEEFFECTS  CONSTRUCTORS_WITHOUT_SIDE_EFFECTS  OBJECT_METHODS_WITHOUT_SIDEEFFECTS  REGEXP_METHODS  STRING_REGEXP_METHODS  defines  emptySet  knownConstants  NumbericResultPredicate  NUMBERIC_RESULT_PREDICATE  boolean  MayBeStringResultPredicate  MAY_BE_STRING_PREDICATE  Node  n  String  JSC_PROPERTY_NAME_FN  childValue  name  namespaceName  rawJsString  s  value  Map  vars  int  c  end  nextSkipSlot  nextSlot  start  type  	projects/Closure80/src/com/google/javascript/jscomp/NodeUtil.java	0.4082482904638631	1264	1264	2	replace	NodeUtil.isFunctionDeclaration(n)||  NodeUtil.isForIn(n))  {  return  false;  }	  if(NodeUtil.isFunctionDeclaration(n)||    NodeUtil.isForIn(n))    {    return    false;    }    	non-compiled	[CE]  	109	None	replace
138	[BUG]  [BUGGY]  ||  NodeUtil.isForIn(n))  {  return  false;  }  [CE]  [FE]                              IllegalStateException      [CONTEXT]      case  Token.LE:  case  Token.GE:  case  Token.IN:  case  Token.INSTANCEOF:  case  Token.NOT:  return  true;  default:      [BUGGY]  ||  NodeUtil.isForIn(n))  {  return  false;  }  [BUGGY]      }  }  [CLASS]  NodeUtil  NumbericResultPredicate  BooleanResultPredicate  MayBeStringResultPredicate  VarCollector  MatchNameNode  MatchNodeType  MatchDeclaration  MatchNotFunction  MatchShallowStatement  [METHOD]  isBooleanResultHelper  [RETURN_TYPE]  boolean  Node  n  [VARIABLES]  BooleanResultPredicate  BOOLEAN_RESULT_PREDICATE  Set  BUILTIN_FUNCTIONS_WITHOUT_SIDEEFFECTS  CONSTRUCTORS_WITHOUT_SIDE_EFFECTS  OBJECT_METHODS_WITHOUT_SIDEEFFECTS  REGEXP_METHODS  STRING_REGEXP_METHODS  defines  emptySet  knownConstants  NumbericResultPredicate  NUMBERIC_RESULT_PREDICATE  boolean  MayBeStringResultPredicate  MAY_BE_STRING_PREDICATE  Node  n  String  JSC_PROPERTY_NAME_FN  childValue  name  namespaceName  rawJsString  s  value  Map  vars  int  c  end  nextSkipSlot  nextSlot  start  type  	projects/Closure80/src/com/google/javascript/jscomp/NodeUtil.java	0.4082482904638631	1264	1264	2	replace	||  NodeUtil.isForIn(n))  {  return  false;  }	  if(NodeUtil.isFunctionDeclaration(n)||    NodeUtil.isForIn(n))    {    return    false;    }    	non-compiled	[CE]  	109	None	replace
139	[BUG]  [BUGGY]  if(n.getType()  ==  Token.GETPROP  &&  n.getLastChild()!=  null)  {  return  false;  }  [CE]  [FE]                          IllegalStateException      [CONTEXT]      case  Token.LE:  case  Token.GE:  case  Token.IN:  case  Token.INSTANCEOF:  case  Token.NOT:  return  true;  default:      [BUGGY]  if(n.getType()  ==  Token.GETPROP  &&  n.getLastChild()!=  null)  {  return  false;  }  [BUGGY]      }  }  [CLASS]  NodeUtil  NumbericResultPredicate  BooleanResultPredicate  MayBeStringResultPredicate  VarCollector  MatchNameNode  MatchNodeType  MatchDeclaration  MatchNotFunction  MatchShallowStatement  [METHOD]  isBooleanResultHelper  [RETURN_TYPE]  boolean  Node  n  [VARIABLES]  BooleanResultPredicate  BOOLEAN_RESULT_PREDICATE  Set  BUILTIN_FUNCTIONS_WITHOUT_SIDEEFFECTS  CONSTRUCTORS_WITHOUT_SIDE_EFFECTS  OBJECT_METHODS_WITHOUT_SIDEEFFECTS  REGEXP_METHODS  STRING_REGEXP_METHODS  defines  emptySet  knownConstants  NumbericResultPredicate  NUMBERIC_RESULT_PREDICATE  boolean  MayBeStringResultPredicate  MAY_BE_STRING_PREDICATE  Node  n  String  JSC_PROPERTY_NAME_FN  childValue  name  namespaceName  rawJsString  s  value  Map  vars  int  c  end  nextSkipSlot  nextSlot  start  type  	projects/Closure80/src/com/google/javascript/jscomp/NodeUtil.java	0.4082482904638631	1264	1264	2	replace	if(n.getType()  ==  Token.GETPROP  &&  n.getLastChild()!=  null)  {  return  false;  }	  if(n.getType()    ==    Token.GETPROP    &&    n.getFirstChild()!=    null)    {    return    false;    }    	non-compiled	[CE]  	133	None	replace
140	[BUG]  [BUGGY]  ||(n.getType()  ==  Token.GETPROP  &&  n.getFirstChild()!=  null))  {  return  false;  }  [CE]  [FE]                            IllegalStateException      [CONTEXT]      case  Token.LE:  case  Token.GE:  case  Token.IN:  case  Token.INSTANCEOF:  case  Token.NOT:  return  true;  default:      [BUGGY]  ||(n.getType()  ==  Token.GETPROP  &&  n.getFirstChild()!=  null))  {  return  false;  }  [BUGGY]      }  }  [CLASS]  NodeUtil  NumbericResultPredicate  BooleanResultPredicate  MayBeStringResultPredicate  VarCollector  MatchNameNode  MatchNodeType  MatchDeclaration  MatchNotFunction  MatchShallowStatement  [METHOD]  isBooleanResultHelper  [RETURN_TYPE]  boolean  Node  n  [VARIABLES]  BooleanResultPredicate  BOOLEAN_RESULT_PREDICATE  Set  BUILTIN_FUNCTIONS_WITHOUT_SIDEEFFECTS  CONSTRUCTORS_WITHOUT_SIDE_EFFECTS  OBJECT_METHODS_WITHOUT_SIDEEFFECTS  REGEXP_METHODS  STRING_REGEXP_METHODS  defines  emptySet  knownConstants  NumbericResultPredicate  NUMBERIC_RESULT_PREDICATE  boolean  MayBeStringResultPredicate  MAY_BE_STRING_PREDICATE  Node  n  String  JSC_PROPERTY_NAME_FN  childValue  name  namespaceName  rawJsString  s  value  Map  vars  int  c  end  nextSkipSlot  nextSlot  start  type  	projects/Closure80/src/com/google/javascript/jscomp/NodeUtil.java	0.4082482904638631	1264	1264	2	replace	||(n.getType()  ==  Token.GETPROP  &&  n.getFirstChild()!=  null))  {  return  false;  }	  if(n.getType()    ==    Token.GETPROP    &&    n.getFirstChild()!=    null)    {    return    false;    }    	non-compiled	[CE]  	133	None	replace
141	[BUG]  [BUGGY]  if(n.getType()  ==  Token.GETPROP  &&  n.getFirstChild()!=  JSC_PROPERTY_NAME_FN)  {  return  false;  }  [CE]  [FE]                              IllegalStateException      [CONTEXT]      case  Token.LE:  case  Token.GE:  case  Token.IN:  case  Token.INSTANCEOF:  case  Token.NOT:  return  true;  default:      [BUGGY]  if(n.getType()  ==  Token.GETPROP  &&  n.getFirstChild()!=  JSC_PROPERTY_NAME_FN)  {  return  false;  }  [BUGGY]      }  }  [CLASS]  NodeUtil  NumbericResultPredicate  BooleanResultPredicate  MayBeStringResultPredicate  VarCollector  MatchNameNode  MatchNodeType  MatchDeclaration  MatchNotFunction  MatchShallowStatement  [METHOD]  isBooleanResultHelper  [RETURN_TYPE]  boolean  Node  n  [VARIABLES]  BooleanResultPredicate  BOOLEAN_RESULT_PREDICATE  Set  BUILTIN_FUNCTIONS_WITHOUT_SIDEEFFECTS  CONSTRUCTORS_WITHOUT_SIDE_EFFECTS  OBJECT_METHODS_WITHOUT_SIDEEFFECTS  REGEXP_METHODS  STRING_REGEXP_METHODS  defines  emptySet  knownConstants  NumbericResultPredicate  NUMBERIC_RESULT_PREDICATE  boolean  MayBeStringResultPredicate  MAY_BE_STRING_PREDICATE  Node  n  String  JSC_PROPERTY_NAME_FN  childValue  name  namespaceName  rawJsString  s  value  Map  vars  int  c  end  nextSkipSlot  nextSlot  start  type  	projects/Closure80/src/com/google/javascript/jscomp/NodeUtil.java	0.4082482904638631	1264	1264	2	replace	if(n.getType()  ==  Token.GETPROP  &&  n.getFirstChild()!=  JSC_PROPERTY_NAME_FN)  {  return  false;  }	  if(n.getType()    ==    Token.GETPROP    &&    n.getFirstChild()!=    null)    {    return    false;    }    	non-compiled	[CE]  	133	None	replace
142	[BUG]  [BUGGY]  if(n.getType()  ==  Token.GETPROP  ||  n.getFirstChild()!=  null)  {  return  false;  }  [CE]  [FE]                                IllegalStateException      [CONTEXT]      case  Token.LE:  case  Token.GE:  case  Token.IN:  case  Token.INSTANCEOF:  case  Token.NOT:  return  true;  default:      [BUGGY]  if(n.getType()  ==  Token.GETPROP  ||  n.getFirstChild()!=  null)  {  return  false;  }  [BUGGY]      }  }  [CLASS]  NodeUtil  NumbericResultPredicate  BooleanResultPredicate  MayBeStringResultPredicate  VarCollector  MatchNameNode  MatchNodeType  MatchDeclaration  MatchNotFunction  MatchShallowStatement  [METHOD]  isBooleanResultHelper  [RETURN_TYPE]  boolean  Node  n  [VARIABLES]  BooleanResultPredicate  BOOLEAN_RESULT_PREDICATE  Set  BUILTIN_FUNCTIONS_WITHOUT_SIDEEFFECTS  CONSTRUCTORS_WITHOUT_SIDE_EFFECTS  OBJECT_METHODS_WITHOUT_SIDEEFFECTS  REGEXP_METHODS  STRING_REGEXP_METHODS  defines  emptySet  knownConstants  NumbericResultPredicate  NUMBERIC_RESULT_PREDICATE  boolean  MayBeStringResultPredicate  MAY_BE_STRING_PREDICATE  Node  n  String  JSC_PROPERTY_NAME_FN  childValue  name  namespaceName  rawJsString  s  value  Map  vars  int  c  end  nextSkipSlot  nextSlot  start  type  	projects/Closure80/src/com/google/javascript/jscomp/NodeUtil.java	0.4082482904638631	1264	1264	2	replace	if(n.getType()  ==  Token.GETPROP  ||  n.getFirstChild()!=  null)  {  return  false;  }	  if(n.getType()    ==    Token.GETPROP    &&    n.getFirstChild()!=    null)    {    return    false;    }    	non-compiled	[CE]  	133	None	replace
143	[BUG]  [BUGGY]  &&  n.getFirstChild()!=  null)  {  return  false;  }  [CE]  [FE]                                  IllegalStateException      [CONTEXT]      case  Token.LE:  case  Token.GE:  case  Token.IN:  case  Token.INSTANCEOF:  case  Token.NOT:  return  true;  default:      [BUGGY]  &&  n.getFirstChild()!=  null)  {  return  false;  }  [BUGGY]      }  }  [CLASS]  NodeUtil  NumbericResultPredicate  BooleanResultPredicate  MayBeStringResultPredicate  VarCollector  MatchNameNode  MatchNodeType  MatchDeclaration  MatchNotFunction  MatchShallowStatement  [METHOD]  isBooleanResultHelper  [RETURN_TYPE]  boolean  Node  n  [VARIABLES]  BooleanResultPredicate  BOOLEAN_RESULT_PREDICATE  Set  BUILTIN_FUNCTIONS_WITHOUT_SIDEEFFECTS  CONSTRUCTORS_WITHOUT_SIDE_EFFECTS  OBJECT_METHODS_WITHOUT_SIDEEFFECTS  REGEXP_METHODS  STRING_REGEXP_METHODS  defines  emptySet  knownConstants  NumbericResultPredicate  NUMBERIC_RESULT_PREDICATE  boolean  MayBeStringResultPredicate  MAY_BE_STRING_PREDICATE  Node  n  String  JSC_PROPERTY_NAME_FN  childValue  name  namespaceName  rawJsString  s  value  Map  vars  int  c  end  nextSkipSlot  nextSlot  start  type  	projects/Closure80/src/com/google/javascript/jscomp/NodeUtil.java	0.4082482904638631	1264	1264	2	replace	&&  n.getFirstChild()!=  null)  {  return  false;  }	  if(n.getType()    ==    Token.GETPROP    &&    n.getFirstChild()!=    null)    {    return    false;    }    	non-compiled	[CE]  	133	None	replace
144	[BUG]  [BUGGY]  if(n.getType()!=  Token.GETPROP  &&  n.getFirstChild()!=  null)  {  return  false;  }  [CE]  [FE]                                    IllegalStateException      [CONTEXT]      case  Token.LE:  case  Token.GE:  case  Token.IN:  case  Token.INSTANCEOF:  case  Token.NOT:  return  true;  default:      [BUGGY]  if(n.getType()!=  Token.GETPROP  &&  n.getFirstChild()!=  null)  {  return  false;  }  [BUGGY]      }  }  [CLASS]  NodeUtil  NumbericResultPredicate  BooleanResultPredicate  MayBeStringResultPredicate  VarCollector  MatchNameNode  MatchNodeType  MatchDeclaration  MatchNotFunction  MatchShallowStatement  [METHOD]  isBooleanResultHelper  [RETURN_TYPE]  boolean  Node  n  [VARIABLES]  BooleanResultPredicate  BOOLEAN_RESULT_PREDICATE  Set  BUILTIN_FUNCTIONS_WITHOUT_SIDEEFFECTS  CONSTRUCTORS_WITHOUT_SIDE_EFFECTS  OBJECT_METHODS_WITHOUT_SIDEEFFECTS  REGEXP_METHODS  STRING_REGEXP_METHODS  defines  emptySet  knownConstants  NumbericResultPredicate  NUMBERIC_RESULT_PREDICATE  boolean  MayBeStringResultPredicate  MAY_BE_STRING_PREDICATE  Node  n  String  JSC_PROPERTY_NAME_FN  childValue  name  namespaceName  rawJsString  s  value  Map  vars  int  c  end  nextSkipSlot  nextSlot  start  type  	projects/Closure80/src/com/google/javascript/jscomp/NodeUtil.java	0.4082482904638631	1264	1264	2	replace	if(n.getType()!=  Token.GETPROP  &&  n.getFirstChild()!=  null)  {  return  false;  }	  if(n.getType()    ==    Token.GETPROP    &&    n.getFirstChild()!=    null)    {    return    false;    }    	non-compiled	[CE]  	133	None	replace
145	[BUG]  [BUGGY]  Preconditions.checkState(n.getType()  ==  Token.NAME,  n.getString());  [CE]  [FE]                          IllegalStateException      [CONTEXT]      case  Token.LE:  case  Token.GE:  case  Token.IN:  case  Token.INSTANCEOF:  case  Token.NOT:  return  true;  default:      [BUGGY]  Preconditions.checkState(n.getType()  ==  Token.NAME,  n.getString());  [BUGGY]      }  }  [CLASS]  NodeUtil  NumbericResultPredicate  BooleanResultPredicate  MayBeStringResultPredicate  VarCollector  MatchNameNode  MatchNodeType  MatchDeclaration  MatchNotFunction  MatchShallowStatement  [METHOD]  isBooleanResultHelper  [RETURN_TYPE]  boolean  Node  n  [VARIABLES]  BooleanResultPredicate  BOOLEAN_RESULT_PREDICATE  Set  BUILTIN_FUNCTIONS_WITHOUT_SIDEEFFECTS  CONSTRUCTORS_WITHOUT_SIDE_EFFECTS  OBJECT_METHODS_WITHOUT_SIDEEFFECTS  REGEXP_METHODS  STRING_REGEXP_METHODS  defines  emptySet  knownConstants  NumbericResultPredicate  NUMBERIC_RESULT_PREDICATE  boolean  MayBeStringResultPredicate  MAY_BE_STRING_PREDICATE  Node  n  String  JSC_PROPERTY_NAME_FN  childValue  name  namespaceName  rawJsString  s  value  Map  vars  int  c  end  nextSkipSlot  nextSlot  start  type  	projects/Closure80/src/com/google/javascript/jscomp/NodeUtil.java	0.4082482904638631	1264	1264	2	replace	Preconditions.checkState(n.getType()  ==  Token.NAME,  n.getString());	  Preconditions.checkState(n.getType()    ==    Token.NAME);    	non-compiled	[CE]  	95	None	replace
146	[BUG]  [BUGGY]  Preconditions.checkState(n.getType()  ==  Token.NAME,  n.getFirstChild());  [CE]  [FE]                            IllegalStateException      [CONTEXT]      case  Token.LE:  case  Token.GE:  case  Token.IN:  case  Token.INSTANCEOF:  case  Token.NOT:  return  true;  default:      [BUGGY]  Preconditions.checkState(n.getType()  ==  Token.NAME,  n.getFirstChild());  [BUGGY]      }  }  [CLASS]  NodeUtil  NumbericResultPredicate  BooleanResultPredicate  MayBeStringResultPredicate  VarCollector  MatchNameNode  MatchNodeType  MatchDeclaration  MatchNotFunction  MatchShallowStatement  [METHOD]  isBooleanResultHelper  [RETURN_TYPE]  boolean  Node  n  [VARIABLES]  BooleanResultPredicate  BOOLEAN_RESULT_PREDICATE  Set  BUILTIN_FUNCTIONS_WITHOUT_SIDEEFFECTS  CONSTRUCTORS_WITHOUT_SIDE_EFFECTS  OBJECT_METHODS_WITHOUT_SIDEEFFECTS  REGEXP_METHODS  STRING_REGEXP_METHODS  defines  emptySet  knownConstants  NumbericResultPredicate  NUMBERIC_RESULT_PREDICATE  boolean  MayBeStringResultPredicate  MAY_BE_STRING_PREDICATE  Node  n  String  JSC_PROPERTY_NAME_FN  childValue  name  namespaceName  rawJsString  s  value  Map  vars  int  c  end  nextSkipSlot  nextSlot  start  type  	projects/Closure80/src/com/google/javascript/jscomp/NodeUtil.java	0.4082482904638631	1264	1264	2	replace	Preconditions.checkState(n.getType()  ==  Token.NAME,  n.getFirstChild());	  Preconditions.checkState(n.getType()    ==    Token.NAME);    	non-compiled	[CE]  	95	None	replace
147	[BUG]  [BUGGY]  Preconditions.checkState(n.getType()!=  Token.NAME);  [CE]  [FE]                              IllegalStateException      [CONTEXT]      case  Token.LE:  case  Token.GE:  case  Token.IN:  case  Token.INSTANCEOF:  case  Token.NOT:  return  true;  default:      [BUGGY]  Preconditions.checkState(n.getType()!=  Token.NAME);  [BUGGY]      }  }  [CLASS]  NodeUtil  NumbericResultPredicate  BooleanResultPredicate  MayBeStringResultPredicate  VarCollector  MatchNameNode  MatchNodeType  MatchDeclaration  MatchNotFunction  MatchShallowStatement  [METHOD]  isBooleanResultHelper  [RETURN_TYPE]  boolean  Node  n  [VARIABLES]  BooleanResultPredicate  BOOLEAN_RESULT_PREDICATE  Set  BUILTIN_FUNCTIONS_WITHOUT_SIDEEFFECTS  CONSTRUCTORS_WITHOUT_SIDE_EFFECTS  OBJECT_METHODS_WITHOUT_SIDEEFFECTS  REGEXP_METHODS  STRING_REGEXP_METHODS  defines  emptySet  knownConstants  NumbericResultPredicate  NUMBERIC_RESULT_PREDICATE  boolean  MayBeStringResultPredicate  MAY_BE_STRING_PREDICATE  Node  n  String  JSC_PROPERTY_NAME_FN  childValue  name  namespaceName  rawJsString  s  value  Map  vars  int  c  end  nextSkipSlot  nextSlot  start  type  	projects/Closure80/src/com/google/javascript/jscomp/NodeUtil.java	0.4082482904638631	1264	1264	2	replace	Preconditions.checkState(n.getType()!=  Token.NAME);	  Preconditions.checkState(n.getType()    ==    Token.NAME);    	non-compiled	[CE]  	95	None	replace
148	[BUG]  [BUGGY]  Preconditions.checkState(n.getType()  ==  Token.NAME,  JSC_PROPERTY_NAME);  [CE]  [FE]                                IllegalStateException      [CONTEXT]      case  Token.LE:  case  Token.GE:  case  Token.IN:  case  Token.INSTANCEOF:  case  Token.NOT:  return  true;  default:      [BUGGY]  Preconditions.checkState(n.getType()  ==  Token.NAME,  JSC_PROPERTY_NAME);  [BUGGY]      }  }  [CLASS]  NodeUtil  NumbericResultPredicate  BooleanResultPredicate  MayBeStringResultPredicate  VarCollector  MatchNameNode  MatchNodeType  MatchDeclaration  MatchNotFunction  MatchShallowStatement  [METHOD]  isBooleanResultHelper  [RETURN_TYPE]  boolean  Node  n  [VARIABLES]  BooleanResultPredicate  BOOLEAN_RESULT_PREDICATE  Set  BUILTIN_FUNCTIONS_WITHOUT_SIDEEFFECTS  CONSTRUCTORS_WITHOUT_SIDE_EFFECTS  OBJECT_METHODS_WITHOUT_SIDEEFFECTS  REGEXP_METHODS  STRING_REGEXP_METHODS  defines  emptySet  knownConstants  NumbericResultPredicate  NUMBERIC_RESULT_PREDICATE  boolean  MayBeStringResultPredicate  MAY_BE_STRING_PREDICATE  Node  n  String  JSC_PROPERTY_NAME_FN  childValue  name  namespaceName  rawJsString  s  value  Map  vars  int  c  end  nextSkipSlot  nextSlot  start  type  	projects/Closure80/src/com/google/javascript/jscomp/NodeUtil.java	0.4082482904638631	1264	1264	2	replace	Preconditions.checkState(n.getType()  ==  Token.NAME,  JSC_PROPERTY_NAME);	  Preconditions.checkState(n.getType()    ==    Token.NAME);    	non-compiled	[CE]  	95	None	replace
149	[BUG]  [BUGGY]  Preconditions.checkState(n.getType()  ==  Token.NAME,  n.getChildCount());  [CE]  [FE]                                  IllegalStateException      [CONTEXT]      case  Token.LE:  case  Token.GE:  case  Token.IN:  case  Token.INSTANCEOF:  case  Token.NOT:  return  true;  default:      [BUGGY]  Preconditions.checkState(n.getType()  ==  Token.NAME,  n.getChildCount());  [BUGGY]      }  }  [CLASS]  NodeUtil  NumbericResultPredicate  BooleanResultPredicate  MayBeStringResultPredicate  VarCollector  MatchNameNode  MatchNodeType  MatchDeclaration  MatchNotFunction  MatchShallowStatement  [METHOD]  isBooleanResultHelper  [RETURN_TYPE]  boolean  Node  n  [VARIABLES]  BooleanResultPredicate  BOOLEAN_RESULT_PREDICATE  Set  BUILTIN_FUNCTIONS_WITHOUT_SIDEEFFECTS  CONSTRUCTORS_WITHOUT_SIDE_EFFECTS  OBJECT_METHODS_WITHOUT_SIDEEFFECTS  REGEXP_METHODS  STRING_REGEXP_METHODS  defines  emptySet  knownConstants  NumbericResultPredicate  NUMBERIC_RESULT_PREDICATE  boolean  MayBeStringResultPredicate  MAY_BE_STRING_PREDICATE  Node  n  String  JSC_PROPERTY_NAME_FN  childValue  name  namespaceName  rawJsString  s  value  Map  vars  int  c  end  nextSkipSlot  nextSlot  start  type  	projects/Closure80/src/com/google/javascript/jscomp/NodeUtil.java	0.4082482904638631	1264	1264	2	replace	Preconditions.checkState(n.getType()  ==  Token.NAME,  n.getChildCount());	  Preconditions.checkState(n.getType()    ==    Token.NAME);    	non-compiled	[CE]  	95	None	replace
150	[BUG]  [BUGGY]  Preconditions.checkState(n.getType()  ==  Token.NAME,  n.getJSType());  [CE]  [FE]                                    IllegalStateException      [CONTEXT]      case  Token.LE:  case  Token.GE:  case  Token.IN:  case  Token.INSTANCEOF:  case  Token.NOT:  return  true;  default:      [BUGGY]  Preconditions.checkState(n.getType()  ==  Token.NAME,  n.getJSType());  [BUGGY]      }  }  [CLASS]  NodeUtil  NumbericResultPredicate  BooleanResultPredicate  MayBeStringResultPredicate  VarCollector  MatchNameNode  MatchNodeType  MatchDeclaration  MatchNotFunction  MatchShallowStatement  [METHOD]  isBooleanResultHelper  [RETURN_TYPE]  boolean  Node  n  [VARIABLES]  BooleanResultPredicate  BOOLEAN_RESULT_PREDICATE  Set  BUILTIN_FUNCTIONS_WITHOUT_SIDEEFFECTS  CONSTRUCTORS_WITHOUT_SIDE_EFFECTS  OBJECT_METHODS_WITHOUT_SIDEEFFECTS  REGEXP_METHODS  STRING_REGEXP_METHODS  defines  emptySet  knownConstants  NumbericResultPredicate  NUMBERIC_RESULT_PREDICATE  boolean  MayBeStringResultPredicate  MAY_BE_STRING_PREDICATE  Node  n  String  JSC_PROPERTY_NAME_FN  childValue  name  namespaceName  rawJsString  s  value  Map  vars  int  c  end  nextSkipSlot  nextSlot  start  type  	projects/Closure80/src/com/google/javascript/jscomp/NodeUtil.java	0.4082482904638631	1264	1264	2	replace	Preconditions.checkState(n.getType()  ==  Token.NAME,  n.getJSType());	  Preconditions.checkState(n.getType()    ==    Token.NAME);    	non-compiled	[CE]  	95	None	replace
151	[BUG]  [BUGGY]  Context.checkState(NodeUtil.isFunctionAnonymous(n)||  NodeUtil.isBlock(n))  {  return  false;  }  [CE]  [FE]                    IllegalStateException      [CONTEXT]      case  Token.LE:  case  Token.GE:  case  Token.IN:  case  Token.INSTANCEOF:  case  Token.NOT:  return  true;  default:      [BUGGY]  Context.checkState(NodeUtil.isFunctionAnonymous(n)||  NodeUtil.isBlock(n))  {  return  false;  }  [BUGGY]      }  }  [CLASS]  NodeUtil  NumbericResultPredicate  BooleanResultPredicate  MayBeStringResultPredicate  VarCollector  MatchNameNode  MatchNodeType  MatchDeclaration  MatchNotFunction  MatchShallowStatement  [METHOD]  isBooleanResultHelper  [RETURN_TYPE]  boolean  Node  n  [VARIABLES]  BooleanResultPredicate  BOOLEAN_RESULT_PREDICATE  Set  BUILTIN_FUNCTIONS_WITHOUT_SIDEEFFECTS  CONSTRUCTORS_WITHOUT_SIDE_EFFECTS  OBJECT_METHODS_WITHOUT_SIDEEFFECTS  REGEXP_METHODS  STRING_REGEXP_METHODS  defines  emptySet  knownConstants  NumbericResultPredicate  NUMBERIC_RESULT_PREDICATE  boolean  MayBeStringResultPredicate  MAY_BE_STRING_PREDICATE  Node  n  String  JSC_PROPERTY_NAME_FN  childValue  name  namespaceName  rawJsString  s  value  Map  vars  int  c  end  nextSkipSlot  nextSlot  start  type  	projects/Closure80/src/com/google/javascript/jscomp/NodeUtil.java	0.4082482904638631	1264	1264	2	replace	Context.checkState(NodeUtil.isFunctionAnonymous(n)||  NodeUtil.isBlock(n))  {  return  false;  }	  if(NodeUtil.isFunctionAnonymous(n)||    NodeUtil.isBlock(n))    {    return    false;    }    	non-compiled	[CE]  	168	None	replace
152	[BUG]  [BUGGY]  if(NodeUtil.isFunctionAnonymous(n)&&  NodeUtil.isBlock(n))  {  return  false;  }  [CE]  [FE]                      IllegalStateException      [CONTEXT]      case  Token.LE:  case  Token.GE:  case  Token.IN:  case  Token.INSTANCEOF:  case  Token.NOT:  return  true;  default:      [BUGGY]  if(NodeUtil.isFunctionAnonymous(n)&&  NodeUtil.isBlock(n))  {  return  false;  }  [BUGGY]      }  }  [CLASS]  NodeUtil  NumbericResultPredicate  BooleanResultPredicate  MayBeStringResultPredicate  VarCollector  MatchNameNode  MatchNodeType  MatchDeclaration  MatchNotFunction  MatchShallowStatement  [METHOD]  isBooleanResultHelper  [RETURN_TYPE]  boolean  Node  n  [VARIABLES]  BooleanResultPredicate  BOOLEAN_RESULT_PREDICATE  Set  BUILTIN_FUNCTIONS_WITHOUT_SIDEEFFECTS  CONSTRUCTORS_WITHOUT_SIDE_EFFECTS  OBJECT_METHODS_WITHOUT_SIDEEFFECTS  REGEXP_METHODS  STRING_REGEXP_METHODS  defines  emptySet  knownConstants  NumbericResultPredicate  NUMBERIC_RESULT_PREDICATE  boolean  MayBeStringResultPredicate  MAY_BE_STRING_PREDICATE  Node  n  String  JSC_PROPERTY_NAME_FN  childValue  name  namespaceName  rawJsString  s  value  Map  vars  int  c  end  nextSkipSlot  nextSlot  start  type  	projects/Closure80/src/com/google/javascript/jscomp/NodeUtil.java	0.4082482904638631	1264	1264	2	replace	if(NodeUtil.isFunctionAnonymous(n)&&  NodeUtil.isBlock(n))  {  return  false;  }	  if(NodeUtil.isFunctionAnonymous(n)||    NodeUtil.isBlock(n))    {    return    false;    }    	non-compiled	[CE]  	168	None	replace
153	[BUG]  [BUGGY]  NodeUtil.isFunctionAnonymous(n)&&  NodeUtil.isBlock(n))  {  return  false;  }  [CE]  [FE]                        IllegalStateException      [CONTEXT]      case  Token.LE:  case  Token.GE:  case  Token.IN:  case  Token.INSTANCEOF:  case  Token.NOT:  return  true;  default:      [BUGGY]  NodeUtil.isFunctionAnonymous(n)&&  NodeUtil.isBlock(n))  {  return  false;  }  [BUGGY]      }  }  [CLASS]  NodeUtil  NumbericResultPredicate  BooleanResultPredicate  MayBeStringResultPredicate  VarCollector  MatchNameNode  MatchNodeType  MatchDeclaration  MatchNotFunction  MatchShallowStatement  [METHOD]  isBooleanResultHelper  [RETURN_TYPE]  boolean  Node  n  [VARIABLES]  BooleanResultPredicate  BOOLEAN_RESULT_PREDICATE  Set  BUILTIN_FUNCTIONS_WITHOUT_SIDEEFFECTS  CONSTRUCTORS_WITHOUT_SIDE_EFFECTS  OBJECT_METHODS_WITHOUT_SIDEEFFECTS  REGEXP_METHODS  STRING_REGEXP_METHODS  defines  emptySet  knownConstants  NumbericResultPredicate  NUMBERIC_RESULT_PREDICATE  boolean  MayBeStringResultPredicate  MAY_BE_STRING_PREDICATE  Node  n  String  JSC_PROPERTY_NAME_FN  childValue  name  namespaceName  rawJsString  s  value  Map  vars  int  c  end  nextSkipSlot  nextSlot  start  type  	projects/Closure80/src/com/google/javascript/jscomp/NodeUtil.java	0.4082482904638631	1264	1264	2	replace	NodeUtil.isFunctionAnonymous(n)&&  NodeUtil.isBlock(n))  {  return  false;  }	  if(NodeUtil.isFunctionAnonymous(n)||    NodeUtil.isBlock(n))    {    return    false;    }    	non-compiled	[CE]  	168	None	replace
154	[BUG]  [BUGGY]  NodeUtil.isFunctionAnonymous(n)||  NodeUtil.isBlock(n))  {  return  false;  }  [CE]  [FE]                          IllegalStateException      [CONTEXT]      case  Token.LE:  case  Token.GE:  case  Token.IN:  case  Token.INSTANCEOF:  case  Token.NOT:  return  true;  default:      [BUGGY]  NodeUtil.isFunctionAnonymous(n)||  NodeUtil.isBlock(n))  {  return  false;  }  [BUGGY]      }  }  [CLASS]  NodeUtil  NumbericResultPredicate  BooleanResultPredicate  MayBeStringResultPredicate  VarCollector  MatchNameNode  MatchNodeType  MatchDeclaration  MatchNotFunction  MatchShallowStatement  [METHOD]  isBooleanResultHelper  [RETURN_TYPE]  boolean  Node  n  [VARIABLES]  BooleanResultPredicate  BOOLEAN_RESULT_PREDICATE  Set  BUILTIN_FUNCTIONS_WITHOUT_SIDEEFFECTS  CONSTRUCTORS_WITHOUT_SIDE_EFFECTS  OBJECT_METHODS_WITHOUT_SIDEEFFECTS  REGEXP_METHODS  STRING_REGEXP_METHODS  defines  emptySet  knownConstants  NumbericResultPredicate  NUMBERIC_RESULT_PREDICATE  boolean  MayBeStringResultPredicate  MAY_BE_STRING_PREDICATE  Node  n  String  JSC_PROPERTY_NAME_FN  childValue  name  namespaceName  rawJsString  s  value  Map  vars  int  c  end  nextSkipSlot  nextSlot  start  type  	projects/Closure80/src/com/google/javascript/jscomp/NodeUtil.java	0.4082482904638631	1264	1264	2	replace	NodeUtil.isFunctionAnonymous(n)||  NodeUtil.isBlock(n))  {  return  false;  }	  if(NodeUtil.isFunctionAnonymous(n)||    NodeUtil.isBlock(n))    {    return    false;    }    	non-compiled	[CE]  	168	None	replace
155	[BUG]  [BUGGY]  return(n.getType()  ==  Token.FUNCTION)?  BooleanResultPredicate.NUMBERIC_RESULT_PREDICATE  :  BooleanResultPredicate.UNKNOWN;  [CE]  [FE]                IllegalStateException      [CONTEXT]      case  Token.LE:  case  Token.GE:  case  Token.IN:  case  Token.INSTANCEOF:  case  Token.NOT:  return  true;  default:      [BUGGY]  return(n.getType()  ==  Token.FUNCTION)?  BooleanResultPredicate.NUMBERIC_RESULT_PREDICATE  :  BooleanResultPredicate.UNKNOWN;  [BUGGY]      }  }  [CLASS]  NodeUtil  NumbericResultPredicate  BooleanResultPredicate  MayBeStringResultPredicate  VarCollector  MatchNameNode  MatchNodeType  MatchDeclaration  MatchNotFunction  MatchShallowStatement  [METHOD]  isBooleanResultHelper  [RETURN_TYPE]  boolean  Node  n  [VARIABLES]  BooleanResultPredicate  BOOLEAN_RESULT_PREDICATE  Set  BUILTIN_FUNCTIONS_WITHOUT_SIDEEFFECTS  CONSTRUCTORS_WITHOUT_SIDE_EFFECTS  OBJECT_METHODS_WITHOUT_SIDEEFFECTS  REGEXP_METHODS  STRING_REGEXP_METHODS  defines  emptySet  knownConstants  NumbericResultPredicate  NUMBERIC_RESULT_PREDICATE  boolean  MayBeStringResultPredicate  MAY_BE_STRING_PREDICATE  Node  n  String  JSC_PROPERTY_NAME_FN  childValue  name  namespaceName  rawJsString  s  value  Map  vars  int  c  end  nextSkipSlot  nextSlot  start  type  	projects/Closure80/src/com/google/javascript/jscomp/NodeUtil.java	0.4082482904638631	1264	1264	2	replace	return(n.getType()  ==  Token.FUNCTION)?  BooleanResultPredicate.NUMBERIC_RESULT_PREDICATE  :  BooleanResultPredicate.UNKNOWN;	  return(n.getType()    ==    Token.FUNCTION)?    BooleanResultPredicate.UNKNOWN    :    BooleanResultPredicate.UNKNOWN;    	non-compiled	[CE]  	37	None	replace
156	[BUG]  [BUGGY]  return(n.getType()!=  Token.FUNCTION)?  BooleanResultPredicate.UNKNOWN  :  BooleanResultPredicate.UNKNOWN;  [CE]  [FE]                  IllegalStateException      [CONTEXT]      case  Token.LE:  case  Token.GE:  case  Token.IN:  case  Token.INSTANCEOF:  case  Token.NOT:  return  true;  default:      [BUGGY]  return(n.getType()!=  Token.FUNCTION)?  BooleanResultPredicate.UNKNOWN  :  BooleanResultPredicate.UNKNOWN;  [BUGGY]      }  }  [CLASS]  NodeUtil  NumbericResultPredicate  BooleanResultPredicate  MayBeStringResultPredicate  VarCollector  MatchNameNode  MatchNodeType  MatchDeclaration  MatchNotFunction  MatchShallowStatement  [METHOD]  isBooleanResultHelper  [RETURN_TYPE]  boolean  Node  n  [VARIABLES]  BooleanResultPredicate  BOOLEAN_RESULT_PREDICATE  Set  BUILTIN_FUNCTIONS_WITHOUT_SIDEEFFECTS  CONSTRUCTORS_WITHOUT_SIDE_EFFECTS  OBJECT_METHODS_WITHOUT_SIDEEFFECTS  REGEXP_METHODS  STRING_REGEXP_METHODS  defines  emptySet  knownConstants  NumbericResultPredicate  NUMBERIC_RESULT_PREDICATE  boolean  MayBeStringResultPredicate  MAY_BE_STRING_PREDICATE  Node  n  String  JSC_PROPERTY_NAME_FN  childValue  name  namespaceName  rawJsString  s  value  Map  vars  int  c  end  nextSkipSlot  nextSlot  start  type  	projects/Closure80/src/com/google/javascript/jscomp/NodeUtil.java	0.4082482904638631	1264	1264	2	replace	return(n.getType()!=  Token.FUNCTION)?  BooleanResultPredicate.UNKNOWN  :  BooleanResultPredicate.UNKNOWN;	  return(n.getType()    ==    Token.FUNCTION)?    BooleanResultPredicate.UNKNOWN    :    BooleanResultPredicate.UNKNOWN;    	non-compiled	[CE]  	37	None	replace
157	[BUG]  [BUGGY]  return(n.getType()  ==  Token.FUNCTION)?  BooleanResultPredicate.UNKNOWN  :  BooleanResultPredicate.BOOLEAN;  [CE]  [FE]                    IllegalStateException      [CONTEXT]      case  Token.LE:  case  Token.GE:  case  Token.IN:  case  Token.INSTANCEOF:  case  Token.NOT:  return  true;  default:      [BUGGY]  return(n.getType()  ==  Token.FUNCTION)?  BooleanResultPredicate.UNKNOWN  :  BooleanResultPredicate.BOOLEAN;  [BUGGY]      }  }  [CLASS]  NodeUtil  NumbericResultPredicate  BooleanResultPredicate  MayBeStringResultPredicate  VarCollector  MatchNameNode  MatchNodeType  MatchDeclaration  MatchNotFunction  MatchShallowStatement  [METHOD]  isBooleanResultHelper  [RETURN_TYPE]  boolean  Node  n  [VARIABLES]  BooleanResultPredicate  BOOLEAN_RESULT_PREDICATE  Set  BUILTIN_FUNCTIONS_WITHOUT_SIDEEFFECTS  CONSTRUCTORS_WITHOUT_SIDE_EFFECTS  OBJECT_METHODS_WITHOUT_SIDEEFFECTS  REGEXP_METHODS  STRING_REGEXP_METHODS  defines  emptySet  knownConstants  NumbericResultPredicate  NUMBERIC_RESULT_PREDICATE  boolean  MayBeStringResultPredicate  MAY_BE_STRING_PREDICATE  Node  n  String  JSC_PROPERTY_NAME_FN  childValue  name  namespaceName  rawJsString  s  value  Map  vars  int  c  end  nextSkipSlot  nextSlot  start  type  	projects/Closure80/src/com/google/javascript/jscomp/NodeUtil.java	0.4082482904638631	1264	1264	2	replace	return(n.getType()  ==  Token.FUNCTION)?  BooleanResultPredicate.UNKNOWN  :  BooleanResultPredicate.BOOLEAN;	  return(n.getType()    ==    Token.FUNCTION)?    BooleanResultPredicate.UNKNOWN    :    BooleanResultPredicate.UNKNOWN;    	non-compiled	[CE]  	37	None	replace
158	[BUG]  [BUGGY]  NodeUtil.isName(n)&&  NodeUtil.isFunctionAnonymous(n))  {  return  false;  }  [CE]  [FE]                    IllegalStateException      [CONTEXT]      case  Token.LE:  case  Token.GE:  case  Token.IN:  case  Token.INSTANCEOF:  case  Token.NOT:  return  true;  default:      [BUGGY]  NodeUtil.isName(n)&&  NodeUtil.isFunctionAnonymous(n))  {  return  false;  }  [BUGGY]      }  }  [CLASS]  NodeUtil  NumbericResultPredicate  BooleanResultPredicate  MayBeStringResultPredicate  VarCollector  MatchNameNode  MatchNodeType  MatchDeclaration  MatchNotFunction  MatchShallowStatement  [METHOD]  isBooleanResultHelper  [RETURN_TYPE]  boolean  Node  n  [VARIABLES]  BooleanResultPredicate  BOOLEAN_RESULT_PREDICATE  Set  BUILTIN_FUNCTIONS_WITHOUT_SIDEEFFECTS  CONSTRUCTORS_WITHOUT_SIDE_EFFECTS  OBJECT_METHODS_WITHOUT_SIDEEFFECTS  REGEXP_METHODS  STRING_REGEXP_METHODS  defines  emptySet  knownConstants  NumbericResultPredicate  NUMBERIC_RESULT_PREDICATE  boolean  MayBeStringResultPredicate  MAY_BE_STRING_PREDICATE  Node  n  String  JSC_PROPERTY_NAME_FN  childValue  name  namespaceName  rawJsString  s  value  Map  vars  int  c  end  nextSkipSlot  nextSlot  start  type  	projects/Closure80/src/com/google/javascript/jscomp/NodeUtil.java	0.4082482904638631	1264	1264	2	replace	NodeUtil.isName(n)&&  NodeUtil.isFunctionAnonymous(n))  {  return  false;  }	  NodeUtil.isFunctionAnonymous(n)&&    NodeUtil.isFunctionAnonymous(n))    {    return    false;    }    	non-compiled	[CE]  	26	None	replace
159	[BUG]  [BUGGY]  NodeUtil.isExpressionNode(n)&&  NodeUtil.isFunctionAnonymous(n))  {  return  false;  }  [CE]  [FE]                      IllegalStateException      [CONTEXT]      case  Token.LE:  case  Token.GE:  case  Token.IN:  case  Token.INSTANCEOF:  case  Token.NOT:  return  true;  default:      [BUGGY]  NodeUtil.isExpressionNode(n)&&  NodeUtil.isFunctionAnonymous(n))  {  return  false;  }  [BUGGY]      }  }  [CLASS]  NodeUtil  NumbericResultPredicate  BooleanResultPredicate  MayBeStringResultPredicate  VarCollector  MatchNameNode  MatchNodeType  MatchDeclaration  MatchNotFunction  MatchShallowStatement  [METHOD]  isBooleanResultHelper  [RETURN_TYPE]  boolean  Node  n  [VARIABLES]  BooleanResultPredicate  BOOLEAN_RESULT_PREDICATE  Set  BUILTIN_FUNCTIONS_WITHOUT_SIDEEFFECTS  CONSTRUCTORS_WITHOUT_SIDE_EFFECTS  OBJECT_METHODS_WITHOUT_SIDEEFFECTS  REGEXP_METHODS  STRING_REGEXP_METHODS  defines  emptySet  knownConstants  NumbericResultPredicate  NUMBERIC_RESULT_PREDICATE  boolean  MayBeStringResultPredicate  MAY_BE_STRING_PREDICATE  Node  n  String  JSC_PROPERTY_NAME_FN  childValue  name  namespaceName  rawJsString  s  value  Map  vars  int  c  end  nextSkipSlot  nextSlot  start  type  	projects/Closure80/src/com/google/javascript/jscomp/NodeUtil.java	0.4082482904638631	1264	1264	2	replace	NodeUtil.isExpressionNode(n)&&  NodeUtil.isFunctionAnonymous(n))  {  return  false;  }	  NodeUtil.isFunctionAnonymous(n)&&    NodeUtil.isFunctionAnonymous(n))    {    return    false;    }    	non-compiled	[CE]  	26	None	replace
160	[BUG]  [BUGGY]  NodeUtil.isLocalFunctionAnonymous(n)&&  NodeUtil.isFunctionAnonymous(n))  {  return  false;  }  [CE]  [FE]                        IllegalStateException      [CONTEXT]      case  Token.LE:  case  Token.GE:  case  Token.IN:  case  Token.INSTANCEOF:  case  Token.NOT:  return  true;  default:      [BUGGY]  NodeUtil.isLocalFunctionAnonymous(n)&&  NodeUtil.isFunctionAnonymous(n))  {  return  false;  }  [BUGGY]      }  }  [CLASS]  NodeUtil  NumbericResultPredicate  BooleanResultPredicate  MayBeStringResultPredicate  VarCollector  MatchNameNode  MatchNodeType  MatchDeclaration  MatchNotFunction  MatchShallowStatement  [METHOD]  isBooleanResultHelper  [RETURN_TYPE]  boolean  Node  n  [VARIABLES]  BooleanResultPredicate  BOOLEAN_RESULT_PREDICATE  Set  BUILTIN_FUNCTIONS_WITHOUT_SIDEEFFECTS  CONSTRUCTORS_WITHOUT_SIDE_EFFECTS  OBJECT_METHODS_WITHOUT_SIDEEFFECTS  REGEXP_METHODS  STRING_REGEXP_METHODS  defines  emptySet  knownConstants  NumbericResultPredicate  NUMBERIC_RESULT_PREDICATE  boolean  MayBeStringResultPredicate  MAY_BE_STRING_PREDICATE  Node  n  String  JSC_PROPERTY_NAME_FN  childValue  name  namespaceName  rawJsString  s  value  Map  vars  int  c  end  nextSkipSlot  nextSlot  start  type  	projects/Closure80/src/com/google/javascript/jscomp/NodeUtil.java	0.4082482904638631	1264	1264	2	replace	NodeUtil.isLocalFunctionAnonymous(n)&&  NodeUtil.isFunctionAnonymous(n))  {  return  false;  }	  NodeUtil.isFunctionAnonymous(n)&&    NodeUtil.isFunctionAnonymous(n))    {    return    false;    }    	non-compiled	[CE]  	26	None	replace
161	[BUG]  [BUGGY]  Preconditions.checkState(NodeUtil.isFunctionDeclaration(n)||  NodeUtil.isVar(n))  {  return  false;  }  [CE]  [FE]                      IllegalStateException      [CONTEXT]      case  Token.LE:  case  Token.GE:  case  Token.IN:  case  Token.INSTANCEOF:  case  Token.NOT:  return  true;  default:      [BUGGY]  Preconditions.checkState(NodeUtil.isFunctionDeclaration(n)||  NodeUtil.isVar(n))  {  return  false;  }  [BUGGY]      }  }  [CLASS]  NodeUtil  NumbericResultPredicate  BooleanResultPredicate  MayBeStringResultPredicate  VarCollector  MatchNameNode  MatchNodeType  MatchDeclaration  MatchNotFunction  MatchShallowStatement  [METHOD]  isBooleanResultHelper  [RETURN_TYPE]  boolean  Node  n  [VARIABLES]  BooleanResultPredicate  BOOLEAN_RESULT_PREDICATE  Set  BUILTIN_FUNCTIONS_WITHOUT_SIDEEFFECTS  CONSTRUCTORS_WITHOUT_SIDE_EFFECTS  OBJECT_METHODS_WITHOUT_SIDEEFFECTS  REGEXP_METHODS  STRING_REGEXP_METHODS  defines  emptySet  knownConstants  NumbericResultPredicate  NUMBERIC_RESULT_PREDICATE  boolean  MayBeStringResultPredicate  MAY_BE_STRING_PREDICATE  Node  n  String  JSC_PROPERTY_NAME_FN  childValue  name  namespaceName  rawJsString  s  value  Map  vars  int  c  end  nextSkipSlot  nextSlot  start  type  	projects/Closure80/src/com/google/javascript/jscomp/NodeUtil.java	0.4082482904638631	1264	1264	2	replace	Preconditions.checkState(NodeUtil.isFunctionDeclaration(n)||  NodeUtil.isVar(n))  {  return  false;  }	  if(NodeUtil.isFunctionDeclaration(n)||    NodeUtil.isVar(n))    {    return    false;    }    	non-compiled	[CE]  	108	None	replace
162	[BUG]  [BUGGY]  if(NodeUtil.isFunctionDeclaration(n)&&  NodeUtil.isVar(n))  {  return  false;  }  [CE]  [FE]                        IllegalStateException      [CONTEXT]      case  Token.LE:  case  Token.GE:  case  Token.IN:  case  Token.INSTANCEOF:  case  Token.NOT:  return  true;  default:      [BUGGY]  if(NodeUtil.isFunctionDeclaration(n)&&  NodeUtil.isVar(n))  {  return  false;  }  [BUGGY]      }  }  [CLASS]  NodeUtil  NumbericResultPredicate  BooleanResultPredicate  MayBeStringResultPredicate  VarCollector  MatchNameNode  MatchNodeType  MatchDeclaration  MatchNotFunction  MatchShallowStatement  [METHOD]  isBooleanResultHelper  [RETURN_TYPE]  boolean  Node  n  [VARIABLES]  BooleanResultPredicate  BOOLEAN_RESULT_PREDICATE  Set  BUILTIN_FUNCTIONS_WITHOUT_SIDEEFFECTS  CONSTRUCTORS_WITHOUT_SIDE_EFFECTS  OBJECT_METHODS_WITHOUT_SIDEEFFECTS  REGEXP_METHODS  STRING_REGEXP_METHODS  defines  emptySet  knownConstants  NumbericResultPredicate  NUMBERIC_RESULT_PREDICATE  boolean  MayBeStringResultPredicate  MAY_BE_STRING_PREDICATE  Node  n  String  JSC_PROPERTY_NAME_FN  childValue  name  namespaceName  rawJsString  s  value  Map  vars  int  c  end  nextSkipSlot  nextSlot  start  type  	projects/Closure80/src/com/google/javascript/jscomp/NodeUtil.java	0.4082482904638631	1264	1264	2	replace	if(NodeUtil.isFunctionDeclaration(n)&&  NodeUtil.isVar(n))  {  return  false;  }	  if(NodeUtil.isFunctionDeclaration(n)||    NodeUtil.isVar(n))    {    return    false;    }    	non-compiled	[CE]  	108	None	replace
163	[BUG]  [BUGGY]  if(NodeUtil.isFunctionDeclaration(n)||  NodeUtil.isAssignmentOp(n))  {  return  false;  }  [CE]  [FE]                          IllegalStateException      [CONTEXT]      case  Token.LE:  case  Token.GE:  case  Token.IN:  case  Token.INSTANCEOF:  case  Token.NOT:  return  true;  default:      [BUGGY]  if(NodeUtil.isFunctionDeclaration(n)||  NodeUtil.isAssignmentOp(n))  {  return  false;  }  [BUGGY]      }  }  [CLASS]  NodeUtil  NumbericResultPredicate  BooleanResultPredicate  MayBeStringResultPredicate  VarCollector  MatchNameNode  MatchNodeType  MatchDeclaration  MatchNotFunction  MatchShallowStatement  [METHOD]  isBooleanResultHelper  [RETURN_TYPE]  boolean  Node  n  [VARIABLES]  BooleanResultPredicate  BOOLEAN_RESULT_PREDICATE  Set  BUILTIN_FUNCTIONS_WITHOUT_SIDEEFFECTS  CONSTRUCTORS_WITHOUT_SIDE_EFFECTS  OBJECT_METHODS_WITHOUT_SIDEEFFECTS  REGEXP_METHODS  STRING_REGEXP_METHODS  defines  emptySet  knownConstants  NumbericResultPredicate  NUMBERIC_RESULT_PREDICATE  boolean  MayBeStringResultPredicate  MAY_BE_STRING_PREDICATE  Node  n  String  JSC_PROPERTY_NAME_FN  childValue  name  namespaceName  rawJsString  s  value  Map  vars  int  c  end  nextSkipSlot  nextSlot  start  type  	projects/Closure80/src/com/google/javascript/jscomp/NodeUtil.java	0.4082482904638631	1264	1264	2	replace	if(NodeUtil.isFunctionDeclaration(n)||  NodeUtil.isAssignmentOp(n))  {  return  false;  }	  if(NodeUtil.isFunctionDeclaration(n)||    NodeUtil.isVar(n))    {    return    false;    }    	non-compiled	[CE]  	108	None	replace
164	[BUG]  [BUGGY]  NodeUtil.isFunctionDeclaration(n)&&  NodeUtil.isVar(n))  {  return  false;  }  [CE]  [FE]                            IllegalStateException      [CONTEXT]      case  Token.LE:  case  Token.GE:  case  Token.IN:  case  Token.INSTANCEOF:  case  Token.NOT:  return  true;  default:      [BUGGY]  NodeUtil.isFunctionDeclaration(n)&&  NodeUtil.isVar(n))  {  return  false;  }  [BUGGY]      }  }  [CLASS]  NodeUtil  NumbericResultPredicate  BooleanResultPredicate  MayBeStringResultPredicate  VarCollector  MatchNameNode  MatchNodeType  MatchDeclaration  MatchNotFunction  MatchShallowStatement  [METHOD]  isBooleanResultHelper  [RETURN_TYPE]  boolean  Node  n  [VARIABLES]  BooleanResultPredicate  BOOLEAN_RESULT_PREDICATE  Set  BUILTIN_FUNCTIONS_WITHOUT_SIDEEFFECTS  CONSTRUCTORS_WITHOUT_SIDE_EFFECTS  OBJECT_METHODS_WITHOUT_SIDEEFFECTS  REGEXP_METHODS  STRING_REGEXP_METHODS  defines  emptySet  knownConstants  NumbericResultPredicate  NUMBERIC_RESULT_PREDICATE  boolean  MayBeStringResultPredicate  MAY_BE_STRING_PREDICATE  Node  n  String  JSC_PROPERTY_NAME_FN  childValue  name  namespaceName  rawJsString  s  value  Map  vars  int  c  end  nextSkipSlot  nextSlot  start  type  	projects/Closure80/src/com/google/javascript/jscomp/NodeUtil.java	0.4082482904638631	1264	1264	2	replace	NodeUtil.isFunctionDeclaration(n)&&  NodeUtil.isVar(n))  {  return  false;  }	  if(NodeUtil.isFunctionDeclaration(n)||    NodeUtil.isVar(n))    {    return    false;    }    	non-compiled	[CE]  	108	None	replace
165	[BUG]  [BUGGY]  if(NodeUtil.isFunctionDeclaration(n)||  NodeUtil.isName(n))  {  return  false;  }  [CE]  [FE]                              IllegalStateException      [CONTEXT]      case  Token.LE:  case  Token.GE:  case  Token.IN:  case  Token.INSTANCEOF:  case  Token.NOT:  return  true;  default:      [BUGGY]  if(NodeUtil.isFunctionDeclaration(n)||  NodeUtil.isName(n))  {  return  false;  }  [BUGGY]      }  }  [CLASS]  NodeUtil  NumbericResultPredicate  BooleanResultPredicate  MayBeStringResultPredicate  VarCollector  MatchNameNode  MatchNodeType  MatchDeclaration  MatchNotFunction  MatchShallowStatement  [METHOD]  isBooleanResultHelper  [RETURN_TYPE]  boolean  Node  n  [VARIABLES]  BooleanResultPredicate  BOOLEAN_RESULT_PREDICATE  Set  BUILTIN_FUNCTIONS_WITHOUT_SIDEEFFECTS  CONSTRUCTORS_WITHOUT_SIDE_EFFECTS  OBJECT_METHODS_WITHOUT_SIDEEFFECTS  REGEXP_METHODS  STRING_REGEXP_METHODS  defines  emptySet  knownConstants  NumbericResultPredicate  NUMBERIC_RESULT_PREDICATE  boolean  MayBeStringResultPredicate  MAY_BE_STRING_PREDICATE  Node  n  String  JSC_PROPERTY_NAME_FN  childValue  name  namespaceName  rawJsString  s  value  Map  vars  int  c  end  nextSkipSlot  nextSlot  start  type  	projects/Closure80/src/com/google/javascript/jscomp/NodeUtil.java	0.4082482904638631	1264	1264	2	replace	if(NodeUtil.isFunctionDeclaration(n)||  NodeUtil.isName(n))  {  return  false;  }	  if(NodeUtil.isFunctionDeclaration(n)||    NodeUtil.isVar(n))    {    return    false;    }    	non-compiled	[CE]  	108	None	replace
166	[BUG]  [BUGGY]  NodeUtil.isFunctionDeclaration(n)||  NodeUtil.isVar(n))  {  return  false;  }  [CE]  [FE]                                IllegalStateException      [CONTEXT]      case  Token.LE:  case  Token.GE:  case  Token.IN:  case  Token.INSTANCEOF:  case  Token.NOT:  return  true;  default:      [BUGGY]  NodeUtil.isFunctionDeclaration(n)||  NodeUtil.isVar(n))  {  return  false;  }  [BUGGY]      }  }  [CLASS]  NodeUtil  NumbericResultPredicate  BooleanResultPredicate  MayBeStringResultPredicate  VarCollector  MatchNameNode  MatchNodeType  MatchDeclaration  MatchNotFunction  MatchShallowStatement  [METHOD]  isBooleanResultHelper  [RETURN_TYPE]  boolean  Node  n  [VARIABLES]  BooleanResultPredicate  BOOLEAN_RESULT_PREDICATE  Set  BUILTIN_FUNCTIONS_WITHOUT_SIDEEFFECTS  CONSTRUCTORS_WITHOUT_SIDE_EFFECTS  OBJECT_METHODS_WITHOUT_SIDEEFFECTS  REGEXP_METHODS  STRING_REGEXP_METHODS  defines  emptySet  knownConstants  NumbericResultPredicate  NUMBERIC_RESULT_PREDICATE  boolean  MayBeStringResultPredicate  MAY_BE_STRING_PREDICATE  Node  n  String  JSC_PROPERTY_NAME_FN  childValue  name  namespaceName  rawJsString  s  value  Map  vars  int  c  end  nextSkipSlot  nextSlot  start  type  	projects/Closure80/src/com/google/javascript/jscomp/NodeUtil.java	0.4082482904638631	1264	1264	2	replace	NodeUtil.isFunctionDeclaration(n)||  NodeUtil.isVar(n))  {  return  false;  }	  if(NodeUtil.isFunctionDeclaration(n)||    NodeUtil.isVar(n))    {    return    false;    }    	non-compiled	[CE]  	108	None	replace
167	[BUG]  [BUGGY]  return(n.getType()  ==  Token.BLOCK)?  BooleanResultPredicate.FALSE  :  BooleanResultPredicate.EMPTY;  [CE]  [FE]                IllegalStateException      [CONTEXT]      case  Token.LE:  case  Token.GE:  case  Token.IN:  case  Token.INSTANCEOF:  case  Token.NOT:  return  true;  default:      [BUGGY]  return(n.getType()  ==  Token.BLOCK)?  BooleanResultPredicate.FALSE  :  BooleanResultPredicate.EMPTY;  [BUGGY]      }  }  [CLASS]  NodeUtil  NumbericResultPredicate  BooleanResultPredicate  MayBeStringResultPredicate  VarCollector  MatchNameNode  MatchNodeType  MatchDeclaration  MatchNotFunction  MatchShallowStatement  [METHOD]  isBooleanResultHelper  [RETURN_TYPE]  boolean  Node  n  [VARIABLES]  BooleanResultPredicate  BOOLEAN_RESULT_PREDICATE  Set  BUILTIN_FUNCTIONS_WITHOUT_SIDEEFFECTS  CONSTRUCTORS_WITHOUT_SIDE_EFFECTS  OBJECT_METHODS_WITHOUT_SIDEEFFECTS  REGEXP_METHODS  STRING_REGEXP_METHODS  defines  emptySet  knownConstants  NumbericResultPredicate  NUMBERIC_RESULT_PREDICATE  boolean  MayBeStringResultPredicate  MAY_BE_STRING_PREDICATE  Node  n  String  JSC_PROPERTY_NAME_FN  childValue  name  namespaceName  rawJsString  s  value  Map  vars  int  c  end  nextSkipSlot  nextSlot  start  type  	projects/Closure80/src/com/google/javascript/jscomp/NodeUtil.java	0.4082482904638631	1264	1264	2	replace	return(n.getType()  ==  Token.BLOCK)?  BooleanResultPredicate.FALSE  :  BooleanResultPredicate.EMPTY;	  return(n.getType()    ==    Token.BLOCK)?    BooleanResultPredicate.FALSE    :    BooleanResultPredicate.UNKNOWN;    	non-compiled	[CE]  	150	None	replace
168	[BUG]  [BUGGY]  return(n.getType()  ==  Token.FALSE)?  BooleanResultPredicate.FALSE  :  BooleanResultPredicate.UNKNOWN;  [CE]  [FE]                  IllegalStateException      [CONTEXT]      case  Token.LE:  case  Token.GE:  case  Token.IN:  case  Token.INSTANCEOF:  case  Token.NOT:  return  true;  default:      [BUGGY]  return(n.getType()  ==  Token.FALSE)?  BooleanResultPredicate.FALSE  :  BooleanResultPredicate.UNKNOWN;  [BUGGY]      }  }  [CLASS]  NodeUtil  NumbericResultPredicate  BooleanResultPredicate  MayBeStringResultPredicate  VarCollector  MatchNameNode  MatchNodeType  MatchDeclaration  MatchNotFunction  MatchShallowStatement  [METHOD]  isBooleanResultHelper  [RETURN_TYPE]  boolean  Node  n  [VARIABLES]  BooleanResultPredicate  BOOLEAN_RESULT_PREDICATE  Set  BUILTIN_FUNCTIONS_WITHOUT_SIDEEFFECTS  CONSTRUCTORS_WITHOUT_SIDE_EFFECTS  OBJECT_METHODS_WITHOUT_SIDEEFFECTS  REGEXP_METHODS  STRING_REGEXP_METHODS  defines  emptySet  knownConstants  NumbericResultPredicate  NUMBERIC_RESULT_PREDICATE  boolean  MayBeStringResultPredicate  MAY_BE_STRING_PREDICATE  Node  n  String  JSC_PROPERTY_NAME_FN  childValue  name  namespaceName  rawJsString  s  value  Map  vars  int  c  end  nextSkipSlot  nextSlot  start  type  	projects/Closure80/src/com/google/javascript/jscomp/NodeUtil.java	0.4082482904638631	1264	1264	2	replace	return(n.getType()  ==  Token.FALSE)?  BooleanResultPredicate.FALSE  :  BooleanResultPredicate.UNKNOWN;	  return(n.getType()    ==    Token.BLOCK)?    BooleanResultPredicate.FALSE    :    BooleanResultPredicate.UNKNOWN;    	non-compiled	[CE]  	150	None	replace
169	[BUG]  [BUGGY]  return(n.getType()  ==  Token.STRING)?  BooleanResultPredicate.FALSE  :  BooleanResultPredicate.UNKNOWN;  [CE]  [FE]                    IllegalStateException      [CONTEXT]      case  Token.LE:  case  Token.GE:  case  Token.IN:  case  Token.INSTANCEOF:  case  Token.NOT:  return  true;  default:      [BUGGY]  return(n.getType()  ==  Token.STRING)?  BooleanResultPredicate.FALSE  :  BooleanResultPredicate.UNKNOWN;  [BUGGY]      }  }  [CLASS]  NodeUtil  NumbericResultPredicate  BooleanResultPredicate  MayBeStringResultPredicate  VarCollector  MatchNameNode  MatchNodeType  MatchDeclaration  MatchNotFunction  MatchShallowStatement  [METHOD]  isBooleanResultHelper  [RETURN_TYPE]  boolean  Node  n  [VARIABLES]  BooleanResultPredicate  BOOLEAN_RESULT_PREDICATE  Set  BUILTIN_FUNCTIONS_WITHOUT_SIDEEFFECTS  CONSTRUCTORS_WITHOUT_SIDE_EFFECTS  OBJECT_METHODS_WITHOUT_SIDEEFFECTS  REGEXP_METHODS  STRING_REGEXP_METHODS  defines  emptySet  knownConstants  NumbericResultPredicate  NUMBERIC_RESULT_PREDICATE  boolean  MayBeStringResultPredicate  MAY_BE_STRING_PREDICATE  Node  n  String  JSC_PROPERTY_NAME_FN  childValue  name  namespaceName  rawJsString  s  value  Map  vars  int  c  end  nextSkipSlot  nextSlot  start  type  	projects/Closure80/src/com/google/javascript/jscomp/NodeUtil.java	0.4082482904638631	1264	1264	2	replace	return(n.getType()  ==  Token.STRING)?  BooleanResultPredicate.FALSE  :  BooleanResultPredicate.UNKNOWN;	  return(n.getType()    ==    Token.BLOCK)?    BooleanResultPredicate.FALSE    :    BooleanResultPredicate.UNKNOWN;    	non-compiled	[CE]  	150	None	replace
170	[BUG]  [BUGGY]  return(n.getType()!=  Token.BLOCK)?  BooleanResultPredicate.FALSE  :  BooleanResultPredicate.UNKNOWN;  [CE]  [FE]                      IllegalStateException      [CONTEXT]      case  Token.LE:  case  Token.GE:  case  Token.IN:  case  Token.INSTANCEOF:  case  Token.NOT:  return  true;  default:      [BUGGY]  return(n.getType()!=  Token.BLOCK)?  BooleanResultPredicate.FALSE  :  BooleanResultPredicate.UNKNOWN;  [BUGGY]      }  }  [CLASS]  NodeUtil  NumbericResultPredicate  BooleanResultPredicate  MayBeStringResultPredicate  VarCollector  MatchNameNode  MatchNodeType  MatchDeclaration  MatchNotFunction  MatchShallowStatement  [METHOD]  isBooleanResultHelper  [RETURN_TYPE]  boolean  Node  n  [VARIABLES]  BooleanResultPredicate  BOOLEAN_RESULT_PREDICATE  Set  BUILTIN_FUNCTIONS_WITHOUT_SIDEEFFECTS  CONSTRUCTORS_WITHOUT_SIDE_EFFECTS  OBJECT_METHODS_WITHOUT_SIDEEFFECTS  REGEXP_METHODS  STRING_REGEXP_METHODS  defines  emptySet  knownConstants  NumbericResultPredicate  NUMBERIC_RESULT_PREDICATE  boolean  MayBeStringResultPredicate  MAY_BE_STRING_PREDICATE  Node  n  String  JSC_PROPERTY_NAME_FN  childValue  name  namespaceName  rawJsString  s  value  Map  vars  int  c  end  nextSkipSlot  nextSlot  start  type  	projects/Closure80/src/com/google/javascript/jscomp/NodeUtil.java	0.4082482904638631	1264	1264	2	replace	return(n.getType()!=  Token.BLOCK)?  BooleanResultPredicate.FALSE  :  BooleanResultPredicate.UNKNOWN;	  return(n.getType()    ==    Token.BLOCK)?    BooleanResultPredicate.FALSE    :    BooleanResultPredicate.UNKNOWN;    	non-compiled	[CE]  	150	None	replace
171	[BUG]  [BUGGY]  ||  n.getType()  ==  Token.STRING)  {  return  false;  }  [CE]  [FE]            IllegalStateException      [CONTEXT]      case  Token.LE:  case  Token.GE:  case  Token.IN:  case  Token.INSTANCEOF:  case  Token.NOT:  return  true;  default:      [BUGGY]  ||  n.getType()  ==  Token.STRING)  {  return  false;  }  [BUGGY]      }  }  [CLASS]  NodeUtil  NumbericResultPredicate  BooleanResultPredicate  MayBeStringResultPredicate  VarCollector  MatchNameNode  MatchNodeType  MatchDeclaration  MatchNotFunction  MatchShallowStatement  [METHOD]  isBooleanResultHelper  [RETURN_TYPE]  boolean  Node  n  [VARIABLES]  BooleanResultPredicate  BOOLEAN_RESULT_PREDICATE  Set  BUILTIN_FUNCTIONS_WITHOUT_SIDEEFFECTS  CONSTRUCTORS_WITHOUT_SIDE_EFFECTS  OBJECT_METHODS_WITHOUT_SIDEEFFECTS  REGEXP_METHODS  STRING_REGEXP_METHODS  defines  emptySet  knownConstants  NumbericResultPredicate  NUMBERIC_RESULT_PREDICATE  boolean  MayBeStringResultPredicate  MAY_BE_STRING_PREDICATE  Node  n  String  JSC_PROPERTY_NAME_FN  childValue  name  namespaceName  rawJsString  s  value  Map  vars  int  c  end  nextSkipSlot  nextSlot  start  type  	projects/Closure80/src/com/google/javascript/jscomp/NodeUtil.java	0.4082482904638631	1264	1264	2	replace	||  n.getType()  ==  Token.STRING)  {  return  false;  }	  if(n.getType()    ==    Token.FUNCTION    ||    n.getType()    ==    Token.STRING)    {    return    false;    }    	non-compiled	[CE]  	102	None	replace
172	[BUG]  [BUGGY]  n.setType(Token.FUNCTION  ||  n.getType()  ==  Token.STRING)  {  return  false;  }  [CE]  [FE]              IllegalStateException      [CONTEXT]      case  Token.LE:  case  Token.GE:  case  Token.IN:  case  Token.INSTANCEOF:  case  Token.NOT:  return  true;  default:      [BUGGY]  n.setType(Token.FUNCTION  ||  n.getType()  ==  Token.STRING)  {  return  false;  }  [BUGGY]      }  }  [CLASS]  NodeUtil  NumbericResultPredicate  BooleanResultPredicate  MayBeStringResultPredicate  VarCollector  MatchNameNode  MatchNodeType  MatchDeclaration  MatchNotFunction  MatchShallowStatement  [METHOD]  isBooleanResultHelper  [RETURN_TYPE]  boolean  Node  n  [VARIABLES]  BooleanResultPredicate  BOOLEAN_RESULT_PREDICATE  Set  BUILTIN_FUNCTIONS_WITHOUT_SIDEEFFECTS  CONSTRUCTORS_WITHOUT_SIDE_EFFECTS  OBJECT_METHODS_WITHOUT_SIDEEFFECTS  REGEXP_METHODS  STRING_REGEXP_METHODS  defines  emptySet  knownConstants  NumbericResultPredicate  NUMBERIC_RESULT_PREDICATE  boolean  MayBeStringResultPredicate  MAY_BE_STRING_PREDICATE  Node  n  String  JSC_PROPERTY_NAME_FN  childValue  name  namespaceName  rawJsString  s  value  Map  vars  int  c  end  nextSkipSlot  nextSlot  start  type  	projects/Closure80/src/com/google/javascript/jscomp/NodeUtil.java	0.4082482904638631	1264	1264	2	replace	n.setType(Token.FUNCTION  ||  n.getType()  ==  Token.STRING)  {  return  false;  }	  if(n.getType()    ==    Token.FUNCTION    ||    n.getType()    ==    Token.STRING)    {    return    false;    }    	non-compiled	[CE]  	102	None	replace
173	[BUG]  [BUGGY]  n.getType()  ==  Token.FUNCTION  ||  n.getType()  ==  Token.STRING)  {  return  false;  }  [CE]  [FE]                IllegalStateException      [CONTEXT]      case  Token.LE:  case  Token.GE:  case  Token.IN:  case  Token.INSTANCEOF:  case  Token.NOT:  return  true;  default:      [BUGGY]  n.getType()  ==  Token.FUNCTION  ||  n.getType()  ==  Token.STRING)  {  return  false;  }  [BUGGY]      }  }  [CLASS]  NodeUtil  NumbericResultPredicate  BooleanResultPredicate  MayBeStringResultPredicate  VarCollector  MatchNameNode  MatchNodeType  MatchDeclaration  MatchNotFunction  MatchShallowStatement  [METHOD]  isBooleanResultHelper  [RETURN_TYPE]  boolean  Node  n  [VARIABLES]  BooleanResultPredicate  BOOLEAN_RESULT_PREDICATE  Set  BUILTIN_FUNCTIONS_WITHOUT_SIDEEFFECTS  CONSTRUCTORS_WITHOUT_SIDE_EFFECTS  OBJECT_METHODS_WITHOUT_SIDEEFFECTS  REGEXP_METHODS  STRING_REGEXP_METHODS  defines  emptySet  knownConstants  NumbericResultPredicate  NUMBERIC_RESULT_PREDICATE  boolean  MayBeStringResultPredicate  MAY_BE_STRING_PREDICATE  Node  n  String  JSC_PROPERTY_NAME_FN  childValue  name  namespaceName  rawJsString  s  value  Map  vars  int  c  end  nextSkipSlot  nextSlot  start  type  	projects/Closure80/src/com/google/javascript/jscomp/NodeUtil.java	0.4082482904638631	1264	1264	2	replace	n.getType()  ==  Token.FUNCTION  ||  n.getType()  ==  Token.STRING)  {  return  false;  }	  if(n.getType()    ==    Token.FUNCTION    ||    n.getType()    ==    Token.STRING)    {    return    false;    }    	non-compiled	[CE]  	102	None	replace
174	[BUG]  [BUGGY]  if(n.getType()  ==  Token.STRING  ||  n.getType()  ==  Token.FUNCTION)  {  return  false;  }  [CE]  [FE]                  IllegalStateException      [CONTEXT]      case  Token.LE:  case  Token.GE:  case  Token.IN:  case  Token.INSTANCEOF:  case  Token.NOT:  return  true;  default:      [BUGGY]  if(n.getType()  ==  Token.STRING  ||  n.getType()  ==  Token.FUNCTION)  {  return  false;  }  [BUGGY]      }  }  [CLASS]  NodeUtil  NumbericResultPredicate  BooleanResultPredicate  MayBeStringResultPredicate  VarCollector  MatchNameNode  MatchNodeType  MatchDeclaration  MatchNotFunction  MatchShallowStatement  [METHOD]  isBooleanResultHelper  [RETURN_TYPE]  boolean  Node  n  [VARIABLES]  BooleanResultPredicate  BOOLEAN_RESULT_PREDICATE  Set  BUILTIN_FUNCTIONS_WITHOUT_SIDEEFFECTS  CONSTRUCTORS_WITHOUT_SIDE_EFFECTS  OBJECT_METHODS_WITHOUT_SIDEEFFECTS  REGEXP_METHODS  STRING_REGEXP_METHODS  defines  emptySet  knownConstants  NumbericResultPredicate  NUMBERIC_RESULT_PREDICATE  boolean  MayBeStringResultPredicate  MAY_BE_STRING_PREDICATE  Node  n  String  JSC_PROPERTY_NAME_FN  childValue  name  namespaceName  rawJsString  s  value  Map  vars  int  c  end  nextSkipSlot  nextSlot  start  type  	projects/Closure80/src/com/google/javascript/jscomp/NodeUtil.java	0.4082482904638631	1264	1264	2	replace	if(n.getType()  ==  Token.STRING  ||  n.getType()  ==  Token.FUNCTION)  {  return  false;  }	  if(n.getType()    ==    Token.FUNCTION    ||    n.getType()    ==    Token.STRING)    {    return    false;    }    	non-compiled	[CE]  	102	None	replace
175	[BUG]  [BUGGY]  if(n.getType()  ==  Token.FUNCTION  ||  n.getType()!=  Token.STRING)  {  return  false;  }  [CE]  [FE]                    IllegalStateException      [CONTEXT]      case  Token.LE:  case  Token.GE:  case  Token.IN:  case  Token.INSTANCEOF:  case  Token.NOT:  return  true;  default:      [BUGGY]  if(n.getType()  ==  Token.FUNCTION  ||  n.getType()!=  Token.STRING)  {  return  false;  }  [BUGGY]      }  }  [CLASS]  NodeUtil  NumbericResultPredicate  BooleanResultPredicate  MayBeStringResultPredicate  VarCollector  MatchNameNode  MatchNodeType  MatchDeclaration  MatchNotFunction  MatchShallowStatement  [METHOD]  isBooleanResultHelper  [RETURN_TYPE]  boolean  Node  n  [VARIABLES]  BooleanResultPredicate  BOOLEAN_RESULT_PREDICATE  Set  BUILTIN_FUNCTIONS_WITHOUT_SIDEEFFECTS  CONSTRUCTORS_WITHOUT_SIDE_EFFECTS  OBJECT_METHODS_WITHOUT_SIDEEFFECTS  REGEXP_METHODS  STRING_REGEXP_METHODS  defines  emptySet  knownConstants  NumbericResultPredicate  NUMBERIC_RESULT_PREDICATE  boolean  MayBeStringResultPredicate  MAY_BE_STRING_PREDICATE  Node  n  String  JSC_PROPERTY_NAME_FN  childValue  name  namespaceName  rawJsString  s  value  Map  vars  int  c  end  nextSkipSlot  nextSlot  start  type  	projects/Closure80/src/com/google/javascript/jscomp/NodeUtil.java	0.4082482904638631	1264	1264	2	replace	if(n.getType()  ==  Token.FUNCTION  ||  n.getType()!=  Token.STRING)  {  return  false;  }	  if(n.getType()    ==    Token.FUNCTION    ||    n.getType()    ==    Token.STRING)    {    return    false;    }    	non-compiled	[CE]  	102	None	replace
176	[BUG]  [BUGGY]  if(n.getType()  ==  Token.FUNCTION  &&  n.getType()  ==  Token.STRING)  {  return  false;  }  [CE]  [FE]                      IllegalStateException      [CONTEXT]      case  Token.LE:  case  Token.GE:  case  Token.IN:  case  Token.INSTANCEOF:  case  Token.NOT:  return  true;  default:      [BUGGY]  if(n.getType()  ==  Token.FUNCTION  &&  n.getType()  ==  Token.STRING)  {  return  false;  }  [BUGGY]      }  }  [CLASS]  NodeUtil  NumbericResultPredicate  BooleanResultPredicate  MayBeStringResultPredicate  VarCollector  MatchNameNode  MatchNodeType  MatchDeclaration  MatchNotFunction  MatchShallowStatement  [METHOD]  isBooleanResultHelper  [RETURN_TYPE]  boolean  Node  n  [VARIABLES]  BooleanResultPredicate  BOOLEAN_RESULT_PREDICATE  Set  BUILTIN_FUNCTIONS_WITHOUT_SIDEEFFECTS  CONSTRUCTORS_WITHOUT_SIDE_EFFECTS  OBJECT_METHODS_WITHOUT_SIDEEFFECTS  REGEXP_METHODS  STRING_REGEXP_METHODS  defines  emptySet  knownConstants  NumbericResultPredicate  NUMBERIC_RESULT_PREDICATE  boolean  MayBeStringResultPredicate  MAY_BE_STRING_PREDICATE  Node  n  String  JSC_PROPERTY_NAME_FN  childValue  name  namespaceName  rawJsString  s  value  Map  vars  int  c  end  nextSkipSlot  nextSlot  start  type  	projects/Closure80/src/com/google/javascript/jscomp/NodeUtil.java	0.4082482904638631	1264	1264	2	replace	if(n.getType()  ==  Token.FUNCTION  &&  n.getType()  ==  Token.STRING)  {  return  false;  }	  if(n.getType()    ==    Token.FUNCTION    ||    n.getType()    ==    Token.STRING)    {    return    false;    }    	non-compiled	[CE]  	102	None	replace
177	[BUG]  [BUGGY]  n.getType()  ==  Token.FUNCTION  ||  n.getType()  ==  Token.NAME)  {  return  false;  }  [CE]  [FE]                    IllegalStateException      [CONTEXT]      case  Token.LE:  case  Token.GE:  case  Token.IN:  case  Token.INSTANCEOF:  case  Token.NOT:  return  true;  default:      [BUGGY]  n.getType()  ==  Token.FUNCTION  ||  n.getType()  ==  Token.NAME)  {  return  false;  }  [BUGGY]      }  }  [CLASS]  NodeUtil  NumbericResultPredicate  BooleanResultPredicate  MayBeStringResultPredicate  VarCollector  MatchNameNode  MatchNodeType  MatchDeclaration  MatchNotFunction  MatchShallowStatement  [METHOD]  isBooleanResultHelper  [RETURN_TYPE]  boolean  Node  n  [VARIABLES]  BooleanResultPredicate  BOOLEAN_RESULT_PREDICATE  Set  BUILTIN_FUNCTIONS_WITHOUT_SIDEEFFECTS  CONSTRUCTORS_WITHOUT_SIDE_EFFECTS  OBJECT_METHODS_WITHOUT_SIDEEFFECTS  REGEXP_METHODS  STRING_REGEXP_METHODS  defines  emptySet  knownConstants  NumbericResultPredicate  NUMBERIC_RESULT_PREDICATE  boolean  MayBeStringResultPredicate  MAY_BE_STRING_PREDICATE  Node  n  String  JSC_PROPERTY_NAME_FN  childValue  name  namespaceName  rawJsString  s  value  Map  vars  int  c  end  nextSkipSlot  nextSlot  start  type  	projects/Closure80/src/com/google/javascript/jscomp/NodeUtil.java	0.4082482904638631	1264	1264	2	replace	n.getType()  ==  Token.FUNCTION  ||  n.getType()  ==  Token.NAME)  {  return  false;  }	  if(n.getType()    ==    Token.FUNCTION    ||    n.getType()    ==    Token.NAME)    {    return    false;    }    	non-compiled	[CE]  	43	None	replace
178	[BUG]  [BUGGY]  n.setType(Token.FUNCTION  ||  n.getType()  ==  Token.NAME)  {  return  false;  }  [CE]  [FE]                      IllegalStateException      [CONTEXT]      case  Token.LE:  case  Token.GE:  case  Token.IN:  case  Token.INSTANCEOF:  case  Token.NOT:  return  true;  default:      [BUGGY]  n.setType(Token.FUNCTION  ||  n.getType()  ==  Token.NAME)  {  return  false;  }  [BUGGY]      }  }  [CLASS]  NodeUtil  NumbericResultPredicate  BooleanResultPredicate  MayBeStringResultPredicate  VarCollector  MatchNameNode  MatchNodeType  MatchDeclaration  MatchNotFunction  MatchShallowStatement  [METHOD]  isBooleanResultHelper  [RETURN_TYPE]  boolean  Node  n  [VARIABLES]  BooleanResultPredicate  BOOLEAN_RESULT_PREDICATE  Set  BUILTIN_FUNCTIONS_WITHOUT_SIDEEFFECTS  CONSTRUCTORS_WITHOUT_SIDE_EFFECTS  OBJECT_METHODS_WITHOUT_SIDEEFFECTS  REGEXP_METHODS  STRING_REGEXP_METHODS  defines  emptySet  knownConstants  NumbericResultPredicate  NUMBERIC_RESULT_PREDICATE  boolean  MayBeStringResultPredicate  MAY_BE_STRING_PREDICATE  Node  n  String  JSC_PROPERTY_NAME_FN  childValue  name  namespaceName  rawJsString  s  value  Map  vars  int  c  end  nextSkipSlot  nextSlot  start  type  	projects/Closure80/src/com/google/javascript/jscomp/NodeUtil.java	0.4082482904638631	1264	1264	2	replace	n.setType(Token.FUNCTION  ||  n.getType()  ==  Token.NAME)  {  return  false;  }	  if(n.getType()    ==    Token.FUNCTION    ||    n.getType()    ==    Token.NAME)    {    return    false;    }    	non-compiled	[CE]  	43	None	replace
179	[BUG]  [BUGGY]  if(n.getType()  ==  Token.FUNCTION  &&  n.getType()  ==  Token.NAME)  {  return  false;  }  [CE]  [FE]                        IllegalStateException      [CONTEXT]      case  Token.LE:  case  Token.GE:  case  Token.IN:  case  Token.INSTANCEOF:  case  Token.NOT:  return  true;  default:      [BUGGY]  if(n.getType()  ==  Token.FUNCTION  &&  n.getType()  ==  Token.NAME)  {  return  false;  }  [BUGGY]      }  }  [CLASS]  NodeUtil  NumbericResultPredicate  BooleanResultPredicate  MayBeStringResultPredicate  VarCollector  MatchNameNode  MatchNodeType  MatchDeclaration  MatchNotFunction  MatchShallowStatement  [METHOD]  isBooleanResultHelper  [RETURN_TYPE]  boolean  Node  n  [VARIABLES]  BooleanResultPredicate  BOOLEAN_RESULT_PREDICATE  Set  BUILTIN_FUNCTIONS_WITHOUT_SIDEEFFECTS  CONSTRUCTORS_WITHOUT_SIDE_EFFECTS  OBJECT_METHODS_WITHOUT_SIDEEFFECTS  REGEXP_METHODS  STRING_REGEXP_METHODS  defines  emptySet  knownConstants  NumbericResultPredicate  NUMBERIC_RESULT_PREDICATE  boolean  MayBeStringResultPredicate  MAY_BE_STRING_PREDICATE  Node  n  String  JSC_PROPERTY_NAME_FN  childValue  name  namespaceName  rawJsString  s  value  Map  vars  int  c  end  nextSkipSlot  nextSlot  start  type  	projects/Closure80/src/com/google/javascript/jscomp/NodeUtil.java	0.4082482904638631	1264	1264	2	replace	if(n.getType()  ==  Token.FUNCTION  &&  n.getType()  ==  Token.NAME)  {  return  false;  }	  if(n.getType()    ==    Token.FUNCTION    ||    n.getType()    ==    Token.NAME)    {    return    false;    }    	non-compiled	[CE]  	43	None	replace
180	[BUG]  [BUGGY]  return(n.getType()  ==  Token.FUNCTION)?  BooleanResultPredicate.FALSE  :  BooleanResultPredicate.FIELD;  [CE]  [FE]                      IllegalStateException      [CONTEXT]      case  Token.LE:  case  Token.GE:  case  Token.IN:  case  Token.INSTANCEOF:  case  Token.NOT:  return  true;  default:      [BUGGY]  return(n.getType()  ==  Token.FUNCTION)?  BooleanResultPredicate.FALSE  :  BooleanResultPredicate.FIELD;  [BUGGY]      }  }  [CLASS]  NodeUtil  NumbericResultPredicate  BooleanResultPredicate  MayBeStringResultPredicate  VarCollector  MatchNameNode  MatchNodeType  MatchDeclaration  MatchNotFunction  MatchShallowStatement  [METHOD]  isBooleanResultHelper  [RETURN_TYPE]  boolean  Node  n  [VARIABLES]  BooleanResultPredicate  BOOLEAN_RESULT_PREDICATE  Set  BUILTIN_FUNCTIONS_WITHOUT_SIDEEFFECTS  CONSTRUCTORS_WITHOUT_SIDE_EFFECTS  OBJECT_METHODS_WITHOUT_SIDEEFFECTS  REGEXP_METHODS  STRING_REGEXP_METHODS  defines  emptySet  knownConstants  NumbericResultPredicate  NUMBERIC_RESULT_PREDICATE  boolean  MayBeStringResultPredicate  MAY_BE_STRING_PREDICATE  Node  n  String  JSC_PROPERTY_NAME_FN  childValue  name  namespaceName  rawJsString  s  value  Map  vars  int  c  end  nextSkipSlot  nextSlot  start  type  	projects/Closure80/src/com/google/javascript/jscomp/NodeUtil.java	0.4082482904638631	1264	1264	2	replace	return(n.getType()  ==  Token.FUNCTION)?  BooleanResultPredicate.FALSE  :  BooleanResultPredicate.FIELD;	  return(n.getType()    ==    Token.FUNCTION)?    BooleanResultPredicate.FALSE    :    BooleanResultPredicate.TRUE;    	non-compiled	[CE]  	55	None	replace
181	[BUG]  [BUGGY]  return(n.getType()  ==  Token.FALSE)?  BooleanResultPredicate.FALSE  :  BooleanResultPredicate.TRUE;  [CE]  [FE]                        IllegalStateException      [CONTEXT]      case  Token.LE:  case  Token.GE:  case  Token.IN:  case  Token.INSTANCEOF:  case  Token.NOT:  return  true;  default:      [BUGGY]  return(n.getType()  ==  Token.FALSE)?  BooleanResultPredicate.FALSE  :  BooleanResultPredicate.TRUE;  [BUGGY]      }  }  [CLASS]  NodeUtil  NumbericResultPredicate  BooleanResultPredicate  MayBeStringResultPredicate  VarCollector  MatchNameNode  MatchNodeType  MatchDeclaration  MatchNotFunction  MatchShallowStatement  [METHOD]  isBooleanResultHelper  [RETURN_TYPE]  boolean  Node  n  [VARIABLES]  BooleanResultPredicate  BOOLEAN_RESULT_PREDICATE  Set  BUILTIN_FUNCTIONS_WITHOUT_SIDEEFFECTS  CONSTRUCTORS_WITHOUT_SIDE_EFFECTS  OBJECT_METHODS_WITHOUT_SIDEEFFECTS  REGEXP_METHODS  STRING_REGEXP_METHODS  defines  emptySet  knownConstants  NumbericResultPredicate  NUMBERIC_RESULT_PREDICATE  boolean  MayBeStringResultPredicate  MAY_BE_STRING_PREDICATE  Node  n  String  JSC_PROPERTY_NAME_FN  childValue  name  namespaceName  rawJsString  s  value  Map  vars  int  c  end  nextSkipSlot  nextSlot  start  type  	projects/Closure80/src/com/google/javascript/jscomp/NodeUtil.java	0.4082482904638631	1264	1264	2	replace	return(n.getType()  ==  Token.FALSE)?  BooleanResultPredicate.FALSE  :  BooleanResultPredicate.TRUE;	  return(n.getType()    ==    Token.FUNCTION)?    BooleanResultPredicate.FALSE    :    BooleanResultPredicate.TRUE;    	non-compiled	[CE]  	55	None	replace
182	[BUG]  [BUGGY]  return(n.getType()!=  Token.FUNCTION)?  BooleanResultPredicate.FALSE  :  BooleanResultPredicate.TRUE;  [CE]  [FE]                          IllegalStateException      [CONTEXT]      case  Token.LE:  case  Token.GE:  case  Token.IN:  case  Token.INSTANCEOF:  case  Token.NOT:  return  true;  default:      [BUGGY]  return(n.getType()!=  Token.FUNCTION)?  BooleanResultPredicate.FALSE  :  BooleanResultPredicate.TRUE;  [BUGGY]      }  }  [CLASS]  NodeUtil  NumbericResultPredicate  BooleanResultPredicate  MayBeStringResultPredicate  VarCollector  MatchNameNode  MatchNodeType  MatchDeclaration  MatchNotFunction  MatchShallowStatement  [METHOD]  isBooleanResultHelper  [RETURN_TYPE]  boolean  Node  n  [VARIABLES]  BooleanResultPredicate  BOOLEAN_RESULT_PREDICATE  Set  BUILTIN_FUNCTIONS_WITHOUT_SIDEEFFECTS  CONSTRUCTORS_WITHOUT_SIDE_EFFECTS  OBJECT_METHODS_WITHOUT_SIDEEFFECTS  REGEXP_METHODS  STRING_REGEXP_METHODS  defines  emptySet  knownConstants  NumbericResultPredicate  NUMBERIC_RESULT_PREDICATE  boolean  MayBeStringResultPredicate  MAY_BE_STRING_PREDICATE  Node  n  String  JSC_PROPERTY_NAME_FN  childValue  name  namespaceName  rawJsString  s  value  Map  vars  int  c  end  nextSkipSlot  nextSlot  start  type  	projects/Closure80/src/com/google/javascript/jscomp/NodeUtil.java	0.4082482904638631	1264	1264	2	replace	return(n.getType()!=  Token.FUNCTION)?  BooleanResultPredicate.FALSE  :  BooleanResultPredicate.TRUE;	  return(n.getType()    ==    Token.FUNCTION)?    BooleanResultPredicate.FALSE    :    BooleanResultPredicate.TRUE;    	non-compiled	[CE]  	55	None	replace
183	[BUG]  [BUGGY]  return(n.getType()  ==  Token.FUNCTION)?  BooleanResultPredicate.FALSE  :  BooleanResultPredicate.TOP;  [CE]  [FE]                            IllegalStateException      [CONTEXT]      case  Token.LE:  case  Token.GE:  case  Token.IN:  case  Token.INSTANCEOF:  case  Token.NOT:  return  true;  default:      [BUGGY]  return(n.getType()  ==  Token.FUNCTION)?  BooleanResultPredicate.FALSE  :  BooleanResultPredicate.TOP;  [BUGGY]      }  }  [CLASS]  NodeUtil  NumbericResultPredicate  BooleanResultPredicate  MayBeStringResultPredicate  VarCollector  MatchNameNode  MatchNodeType  MatchDeclaration  MatchNotFunction  MatchShallowStatement  [METHOD]  isBooleanResultHelper  [RETURN_TYPE]  boolean  Node  n  [VARIABLES]  BooleanResultPredicate  BOOLEAN_RESULT_PREDICATE  Set  BUILTIN_FUNCTIONS_WITHOUT_SIDEEFFECTS  CONSTRUCTORS_WITHOUT_SIDE_EFFECTS  OBJECT_METHODS_WITHOUT_SIDEEFFECTS  REGEXP_METHODS  STRING_REGEXP_METHODS  defines  emptySet  knownConstants  NumbericResultPredicate  NUMBERIC_RESULT_PREDICATE  boolean  MayBeStringResultPredicate  MAY_BE_STRING_PREDICATE  Node  n  String  JSC_PROPERTY_NAME_FN  childValue  name  namespaceName  rawJsString  s  value  Map  vars  int  c  end  nextSkipSlot  nextSlot  start  type  	projects/Closure80/src/com/google/javascript/jscomp/NodeUtil.java	0.4082482904638631	1264	1264	2	replace	return(n.getType()  ==  Token.FUNCTION)?  BooleanResultPredicate.FALSE  :  BooleanResultPredicate.TOP;	  return(n.getType()    ==    Token.FUNCTION)?    BooleanResultPredicate.FALSE    :    BooleanResultPredicate.TRUE;    	non-compiled	[CE]  	55	None	replace
184	[BUG]  [BUGGY]  if(n.getType()  ==  Token.NAME  &&  n.getType()  ==  Token.VAR)  {  return  true;  }  [CE]  [FE]                      IllegalStateException      [CONTEXT]      case  Token.LE:  case  Token.GE:  case  Token.IN:  case  Token.INSTANCEOF:  case  Token.NOT:  return  true;  default:      [BUGGY]  if(n.getType()  ==  Token.NAME  &&  n.getType()  ==  Token.VAR)  {  return  true;  }  [BUGGY]      }  }  [CLASS]  NodeUtil  NumbericResultPredicate  BooleanResultPredicate  MayBeStringResultPredicate  VarCollector  MatchNameNode  MatchNodeType  MatchDeclaration  MatchNotFunction  MatchShallowStatement  [METHOD]  isBooleanResultHelper  [RETURN_TYPE]  boolean  Node  n  [VARIABLES]  BooleanResultPredicate  BOOLEAN_RESULT_PREDICATE  Set  BUILTIN_FUNCTIONS_WITHOUT_SIDEEFFECTS  CONSTRUCTORS_WITHOUT_SIDE_EFFECTS  OBJECT_METHODS_WITHOUT_SIDEEFFECTS  REGEXP_METHODS  STRING_REGEXP_METHODS  defines  emptySet  knownConstants  NumbericResultPredicate  NUMBERIC_RESULT_PREDICATE  boolean  MayBeStringResultPredicate  MAY_BE_STRING_PREDICATE  Node  n  String  JSC_PROPERTY_NAME_FN  childValue  name  namespaceName  rawJsString  s  value  Map  vars  int  c  end  nextSkipSlot  nextSlot  start  type  	projects/Closure80/src/com/google/javascript/jscomp/NodeUtil.java	0.4082482904638631	1264	1264	2	replace	if(n.getType()  ==  Token.NAME  &&  n.getType()  ==  Token.VAR)  {  return  true;  }	  if(n.getType()    ==    Token.NAME    ||    n.getType()    ==    Token.VAR)    {    return    true;    }    	non-compiled	[CE]  	170	None	replace
185	[BUG]  [BUGGY]  n.getType()  ==  Token.NAME  ||  n.getType()  ==  Token.VAR)  {  return  true;  }  [CE]  [FE]                        IllegalStateException      [CONTEXT]      case  Token.LE:  case  Token.GE:  case  Token.IN:  case  Token.INSTANCEOF:  case  Token.NOT:  return  true;  default:      [BUGGY]  n.getType()  ==  Token.NAME  ||  n.getType()  ==  Token.VAR)  {  return  true;  }  [BUGGY]      }  }  [CLASS]  NodeUtil  NumbericResultPredicate  BooleanResultPredicate  MayBeStringResultPredicate  VarCollector  MatchNameNode  MatchNodeType  MatchDeclaration  MatchNotFunction  MatchShallowStatement  [METHOD]  isBooleanResultHelper  [RETURN_TYPE]  boolean  Node  n  [VARIABLES]  BooleanResultPredicate  BOOLEAN_RESULT_PREDICATE  Set  BUILTIN_FUNCTIONS_WITHOUT_SIDEEFFECTS  CONSTRUCTORS_WITHOUT_SIDE_EFFECTS  OBJECT_METHODS_WITHOUT_SIDEEFFECTS  REGEXP_METHODS  STRING_REGEXP_METHODS  defines  emptySet  knownConstants  NumbericResultPredicate  NUMBERIC_RESULT_PREDICATE  boolean  MayBeStringResultPredicate  MAY_BE_STRING_PREDICATE  Node  n  String  JSC_PROPERTY_NAME_FN  childValue  name  namespaceName  rawJsString  s  value  Map  vars  int  c  end  nextSkipSlot  nextSlot  start  type  	projects/Closure80/src/com/google/javascript/jscomp/NodeUtil.java	0.4082482904638631	1264	1264	2	replace	n.getType()  ==  Token.NAME  ||  n.getType()  ==  Token.VAR)  {  return  true;  }	  if(n.getType()    ==    Token.NAME    ||    n.getType()    ==    Token.VAR)    {    return    true;    }    	non-compiled	[CE]  	170	None	replace
186	[BUG]  [BUGGY]  if(n.getType()  ==  Token.NAME  ||  n.getType()!=  Token.VAR)  {  return  true;  }  [CE]  [FE]                          IllegalStateException      [CONTEXT]      case  Token.LE:  case  Token.GE:  case  Token.IN:  case  Token.INSTANCEOF:  case  Token.NOT:  return  true;  default:      [BUGGY]  if(n.getType()  ==  Token.NAME  ||  n.getType()!=  Token.VAR)  {  return  true;  }  [BUGGY]      }  }  [CLASS]  NodeUtil  NumbericResultPredicate  BooleanResultPredicate  MayBeStringResultPredicate  VarCollector  MatchNameNode  MatchNodeType  MatchDeclaration  MatchNotFunction  MatchShallowStatement  [METHOD]  isBooleanResultHelper  [RETURN_TYPE]  boolean  Node  n  [VARIABLES]  BooleanResultPredicate  BOOLEAN_RESULT_PREDICATE  Set  BUILTIN_FUNCTIONS_WITHOUT_SIDEEFFECTS  CONSTRUCTORS_WITHOUT_SIDE_EFFECTS  OBJECT_METHODS_WITHOUT_SIDEEFFECTS  REGEXP_METHODS  STRING_REGEXP_METHODS  defines  emptySet  knownConstants  NumbericResultPredicate  NUMBERIC_RESULT_PREDICATE  boolean  MayBeStringResultPredicate  MAY_BE_STRING_PREDICATE  Node  n  String  JSC_PROPERTY_NAME_FN  childValue  name  namespaceName  rawJsString  s  value  Map  vars  int  c  end  nextSkipSlot  nextSlot  start  type  	projects/Closure80/src/com/google/javascript/jscomp/NodeUtil.java	0.4082482904638631	1264	1264	2	replace	if(n.getType()  ==  Token.NAME  ||  n.getType()!=  Token.VAR)  {  return  true;  }	  if(n.getType()    ==    Token.NAME    ||    n.getType()    ==    Token.VAR)    {    return    true;    }    	non-compiled	[CE]  	170	None	replace
187	[BUG]  [BUGGY]  if(NodeUtil.isFunctionAnonymous(n)&&  NodeUtil.isLhs(n))  {  return  false;  }  [CE]  [FE]                  IllegalStateException      [CONTEXT]      case  Token.LE:  case  Token.GE:  case  Token.IN:  case  Token.INSTANCEOF:  case  Token.NOT:  return  true;  default:      [BUGGY]  if(NodeUtil.isFunctionAnonymous(n)&&  NodeUtil.isLhs(n))  {  return  false;  }  [BUGGY]      }  }  [CLASS]  NodeUtil  NumbericResultPredicate  BooleanResultPredicate  MayBeStringResultPredicate  VarCollector  MatchNameNode  MatchNodeType  MatchDeclaration  MatchNotFunction  MatchShallowStatement  [METHOD]  isBooleanResultHelper  [RETURN_TYPE]  boolean  Node  n  [VARIABLES]  BooleanResultPredicate  BOOLEAN_RESULT_PREDICATE  Set  BUILTIN_FUNCTIONS_WITHOUT_SIDEEFFECTS  CONSTRUCTORS_WITHOUT_SIDE_EFFECTS  OBJECT_METHODS_WITHOUT_SIDEEFFECTS  REGEXP_METHODS  STRING_REGEXP_METHODS  defines  emptySet  knownConstants  NumbericResultPredicate  NUMBERIC_RESULT_PREDICATE  boolean  MayBeStringResultPredicate  MAY_BE_STRING_PREDICATE  Node  n  String  JSC_PROPERTY_NAME_FN  childValue  name  namespaceName  rawJsString  s  value  Map  vars  int  c  end  nextSkipSlot  nextSlot  start  type  	projects/Closure80/src/com/google/javascript/jscomp/NodeUtil.java	0.4082482904638631	1264	1264	2	replace	if(NodeUtil.isFunctionAnonymous(n)&&  NodeUtil.isLhs(n))  {  return  false;  }	  if(NodeUtil.isFunctionAnonymous(n)||    NodeUtil.isLhs(n))    {    return    false;    }    	non-compiled	[CE]  	138	None	replace
188	[BUG]  [BUGGY]  NodeUtil.isFunctionAnonymous(n)||  NodeUtil.isLhs(n))  {  return  false;  }  [CE]  [FE]                    IllegalStateException      [CONTEXT]      case  Token.LE:  case  Token.GE:  case  Token.IN:  case  Token.INSTANCEOF:  case  Token.NOT:  return  true;  default:      [BUGGY]  NodeUtil.isFunctionAnonymous(n)||  NodeUtil.isLhs(n))  {  return  false;  }  [BUGGY]      }  }  [CLASS]  NodeUtil  NumbericResultPredicate  BooleanResultPredicate  MayBeStringResultPredicate  VarCollector  MatchNameNode  MatchNodeType  MatchDeclaration  MatchNotFunction  MatchShallowStatement  [METHOD]  isBooleanResultHelper  [RETURN_TYPE]  boolean  Node  n  [VARIABLES]  BooleanResultPredicate  BOOLEAN_RESULT_PREDICATE  Set  BUILTIN_FUNCTIONS_WITHOUT_SIDEEFFECTS  CONSTRUCTORS_WITHOUT_SIDE_EFFECTS  OBJECT_METHODS_WITHOUT_SIDEEFFECTS  REGEXP_METHODS  STRING_REGEXP_METHODS  defines  emptySet  knownConstants  NumbericResultPredicate  NUMBERIC_RESULT_PREDICATE  boolean  MayBeStringResultPredicate  MAY_BE_STRING_PREDICATE  Node  n  String  JSC_PROPERTY_NAME_FN  childValue  name  namespaceName  rawJsString  s  value  Map  vars  int  c  end  nextSkipSlot  nextSlot  start  type  	projects/Closure80/src/com/google/javascript/jscomp/NodeUtil.java	0.4082482904638631	1264	1264	2	replace	NodeUtil.isFunctionAnonymous(n)||  NodeUtil.isLhs(n))  {  return  false;  }	  if(NodeUtil.isFunctionAnonymous(n)||    NodeUtil.isLhs(n))    {    return    false;    }    	non-compiled	[CE]  	138	None	replace
189	[BUG]  [BUGGY]  Preconditions.checkState(NodeUtil.isFunctionAnonymous(n)||  NodeUtil.isLhs(n))  {  return  false;  }  [CE]  [FE]                      IllegalStateException      [CONTEXT]      case  Token.LE:  case  Token.GE:  case  Token.IN:  case  Token.INSTANCEOF:  case  Token.NOT:  return  true;  default:      [BUGGY]  Preconditions.checkState(NodeUtil.isFunctionAnonymous(n)||  NodeUtil.isLhs(n))  {  return  false;  }  [BUGGY]      }  }  [CLASS]  NodeUtil  NumbericResultPredicate  BooleanResultPredicate  MayBeStringResultPredicate  VarCollector  MatchNameNode  MatchNodeType  MatchDeclaration  MatchNotFunction  MatchShallowStatement  [METHOD]  isBooleanResultHelper  [RETURN_TYPE]  boolean  Node  n  [VARIABLES]  BooleanResultPredicate  BOOLEAN_RESULT_PREDICATE  Set  BUILTIN_FUNCTIONS_WITHOUT_SIDEEFFECTS  CONSTRUCTORS_WITHOUT_SIDE_EFFECTS  OBJECT_METHODS_WITHOUT_SIDEEFFECTS  REGEXP_METHODS  STRING_REGEXP_METHODS  defines  emptySet  knownConstants  NumbericResultPredicate  NUMBERIC_RESULT_PREDICATE  boolean  MayBeStringResultPredicate  MAY_BE_STRING_PREDICATE  Node  n  String  JSC_PROPERTY_NAME_FN  childValue  name  namespaceName  rawJsString  s  value  Map  vars  int  c  end  nextSkipSlot  nextSlot  start  type  	projects/Closure80/src/com/google/javascript/jscomp/NodeUtil.java	0.4082482904638631	1264	1264	2	replace	Preconditions.checkState(NodeUtil.isFunctionAnonymous(n)||  NodeUtil.isLhs(n))  {  return  false;  }	  if(NodeUtil.isFunctionAnonymous(n)||    NodeUtil.isLhs(n))    {    return    false;    }    	non-compiled	[CE]  	138	None	replace
190	[BUG]  [BUGGY]  NodeUtil.isFunctionAnonymous(n)&&  NodeUtil.isLhs(n))  {  return  false;  }  [CE]  [FE]                        IllegalStateException      [CONTEXT]      case  Token.LE:  case  Token.GE:  case  Token.IN:  case  Token.INSTANCEOF:  case  Token.NOT:  return  true;  default:      [BUGGY]  NodeUtil.isFunctionAnonymous(n)&&  NodeUtil.isLhs(n))  {  return  false;  }  [BUGGY]      }  }  [CLASS]  NodeUtil  NumbericResultPredicate  BooleanResultPredicate  MayBeStringResultPredicate  VarCollector  MatchNameNode  MatchNodeType  MatchDeclaration  MatchNotFunction  MatchShallowStatement  [METHOD]  isBooleanResultHelper  [RETURN_TYPE]  boolean  Node  n  [VARIABLES]  BooleanResultPredicate  BOOLEAN_RESULT_PREDICATE  Set  BUILTIN_FUNCTIONS_WITHOUT_SIDEEFFECTS  CONSTRUCTORS_WITHOUT_SIDE_EFFECTS  OBJECT_METHODS_WITHOUT_SIDEEFFECTS  REGEXP_METHODS  STRING_REGEXP_METHODS  defines  emptySet  knownConstants  NumbericResultPredicate  NUMBERIC_RESULT_PREDICATE  boolean  MayBeStringResultPredicate  MAY_BE_STRING_PREDICATE  Node  n  String  JSC_PROPERTY_NAME_FN  childValue  name  namespaceName  rawJsString  s  value  Map  vars  int  c  end  nextSkipSlot  nextSlot  start  type  	projects/Closure80/src/com/google/javascript/jscomp/NodeUtil.java	0.4082482904638631	1264	1264	2	replace	NodeUtil.isFunctionAnonymous(n)&&  NodeUtil.isLhs(n))  {  return  false;  }	  if(NodeUtil.isFunctionAnonymous(n)||    NodeUtil.isLhs(n))    {    return    false;    }    	non-compiled	[CE]  	138	None	replace
191	[BUG]  [BUGGY]  NodeUtil.isLhs(n)||  NodeUtil.isFunctionAnonymous(n))  {  return  false;  }  [CE]  [FE]                          IllegalStateException      [CONTEXT]      case  Token.LE:  case  Token.GE:  case  Token.IN:  case  Token.INSTANCEOF:  case  Token.NOT:  return  true;  default:      [BUGGY]  NodeUtil.isLhs(n)||  NodeUtil.isFunctionAnonymous(n))  {  return  false;  }  [BUGGY]      }  }  [CLASS]  NodeUtil  NumbericResultPredicate  BooleanResultPredicate  MayBeStringResultPredicate  VarCollector  MatchNameNode  MatchNodeType  MatchDeclaration  MatchNotFunction  MatchShallowStatement  [METHOD]  isBooleanResultHelper  [RETURN_TYPE]  boolean  Node  n  [VARIABLES]  BooleanResultPredicate  BOOLEAN_RESULT_PREDICATE  Set  BUILTIN_FUNCTIONS_WITHOUT_SIDEEFFECTS  CONSTRUCTORS_WITHOUT_SIDE_EFFECTS  OBJECT_METHODS_WITHOUT_SIDEEFFECTS  REGEXP_METHODS  STRING_REGEXP_METHODS  defines  emptySet  knownConstants  NumbericResultPredicate  NUMBERIC_RESULT_PREDICATE  boolean  MayBeStringResultPredicate  MAY_BE_STRING_PREDICATE  Node  n  String  JSC_PROPERTY_NAME_FN  childValue  name  namespaceName  rawJsString  s  value  Map  vars  int  c  end  nextSkipSlot  nextSlot  start  type  	projects/Closure80/src/com/google/javascript/jscomp/NodeUtil.java	0.4082482904638631	1264	1264	2	replace	NodeUtil.isLhs(n)||  NodeUtil.isFunctionAnonymous(n))  {  return  false;  }	  if(NodeUtil.isFunctionAnonymous(n)||    NodeUtil.isLhs(n))    {    return    false;    }    	non-compiled	[CE]  	138	None	replace
192	[BUG]  [BUGGY]  return(n.getType()  ==  Token.FUNCTION)?  BooleanResultPredicate.FALSE  :  BooleanResultPredicate.NOT;  [CE]  [FE]                    IllegalStateException      [CONTEXT]      case  Token.LE:  case  Token.GE:  case  Token.IN:  case  Token.INSTANCEOF:  case  Token.NOT:  return  true;  default:      [BUGGY]  return(n.getType()  ==  Token.FUNCTION)?  BooleanResultPredicate.FALSE  :  BooleanResultPredicate.NOT;  [BUGGY]      }  }  [CLASS]  NodeUtil  NumbericResultPredicate  BooleanResultPredicate  MayBeStringResultPredicate  VarCollector  MatchNameNode  MatchNodeType  MatchDeclaration  MatchNotFunction  MatchShallowStatement  [METHOD]  isBooleanResultHelper  [RETURN_TYPE]  boolean  Node  n  [VARIABLES]  BooleanResultPredicate  BOOLEAN_RESULT_PREDICATE  Set  BUILTIN_FUNCTIONS_WITHOUT_SIDEEFFECTS  CONSTRUCTORS_WITHOUT_SIDE_EFFECTS  OBJECT_METHODS_WITHOUT_SIDEEFFECTS  REGEXP_METHODS  STRING_REGEXP_METHODS  defines  emptySet  knownConstants  NumbericResultPredicate  NUMBERIC_RESULT_PREDICATE  boolean  MayBeStringResultPredicate  MAY_BE_STRING_PREDICATE  Node  n  String  JSC_PROPERTY_NAME_FN  childValue  name  namespaceName  rawJsString  s  value  Map  vars  int  c  end  nextSkipSlot  nextSlot  start  type  	projects/Closure80/src/com/google/javascript/jscomp/NodeUtil.java	0.4082482904638631	1264	1264	2	replace	return(n.getType()  ==  Token.FUNCTION)?  BooleanResultPredicate.FALSE  :  BooleanResultPredicate.NOT;	  return(n.getType()    ==    Token.NAME)?    BooleanResultPredicate.FALSE    :    BooleanResultPredicate.NOT;    	non-compiled	[CE]  	75	None	replace
193	[BUG]  [BUGGY]  return(n.getType()  ==  Token.NAME)?  BooleanResultPredicate.FALSE  :  BooleanResultPredicate.ALL;  [CE]  [FE]                      IllegalStateException      [CONTEXT]      case  Token.LE:  case  Token.GE:  case  Token.IN:  case  Token.INSTANCEOF:  case  Token.NOT:  return  true;  default:      [BUGGY]  return(n.getType()  ==  Token.NAME)?  BooleanResultPredicate.FALSE  :  BooleanResultPredicate.ALL;  [BUGGY]      }  }  [CLASS]  NodeUtil  NumbericResultPredicate  BooleanResultPredicate  MayBeStringResultPredicate  VarCollector  MatchNameNode  MatchNodeType  MatchDeclaration  MatchNotFunction  MatchShallowStatement  [METHOD]  isBooleanResultHelper  [RETURN_TYPE]  boolean  Node  n  [VARIABLES]  BooleanResultPredicate  BOOLEAN_RESULT_PREDICATE  Set  BUILTIN_FUNCTIONS_WITHOUT_SIDEEFFECTS  CONSTRUCTORS_WITHOUT_SIDE_EFFECTS  OBJECT_METHODS_WITHOUT_SIDEEFFECTS  REGEXP_METHODS  STRING_REGEXP_METHODS  defines  emptySet  knownConstants  NumbericResultPredicate  NUMBERIC_RESULT_PREDICATE  boolean  MayBeStringResultPredicate  MAY_BE_STRING_PREDICATE  Node  n  String  JSC_PROPERTY_NAME_FN  childValue  name  namespaceName  rawJsString  s  value  Map  vars  int  c  end  nextSkipSlot  nextSlot  start  type  	projects/Closure80/src/com/google/javascript/jscomp/NodeUtil.java	0.4082482904638631	1264	1264	2	replace	return(n.getType()  ==  Token.NAME)?  BooleanResultPredicate.FALSE  :  BooleanResultPredicate.ALL;	  return(n.getType()    ==    Token.NAME)?    BooleanResultPredicate.FALSE    :    BooleanResultPredicate.NOT;    	non-compiled	[CE]  	75	None	replace
194	[BUG]  [BUGGY]  return(n.getType()  ==  Token.NAME)?  BooleanResultPredicate.FALSE  :  BooleanResultPredicate.FUNCTION;  [CE]  [FE]                        IllegalStateException      [CONTEXT]      case  Token.LE:  case  Token.GE:  case  Token.IN:  case  Token.INSTANCEOF:  case  Token.NOT:  return  true;  default:      [BUGGY]  return(n.getType()  ==  Token.NAME)?  BooleanResultPredicate.FALSE  :  BooleanResultPredicate.FUNCTION;  [BUGGY]      }  }  [CLASS]  NodeUtil  NumbericResultPredicate  BooleanResultPredicate  MayBeStringResultPredicate  VarCollector  MatchNameNode  MatchNodeType  MatchDeclaration  MatchNotFunction  MatchShallowStatement  [METHOD]  isBooleanResultHelper  [RETURN_TYPE]  boolean  Node  n  [VARIABLES]  BooleanResultPredicate  BOOLEAN_RESULT_PREDICATE  Set  BUILTIN_FUNCTIONS_WITHOUT_SIDEEFFECTS  CONSTRUCTORS_WITHOUT_SIDE_EFFECTS  OBJECT_METHODS_WITHOUT_SIDEEFFECTS  REGEXP_METHODS  STRING_REGEXP_METHODS  defines  emptySet  knownConstants  NumbericResultPredicate  NUMBERIC_RESULT_PREDICATE  boolean  MayBeStringResultPredicate  MAY_BE_STRING_PREDICATE  Node  n  String  JSC_PROPERTY_NAME_FN  childValue  name  namespaceName  rawJsString  s  value  Map  vars  int  c  end  nextSkipSlot  nextSlot  start  type  	projects/Closure80/src/com/google/javascript/jscomp/NodeUtil.java	0.4082482904638631	1264	1264	2	replace	return(n.getType()  ==  Token.NAME)?  BooleanResultPredicate.FALSE  :  BooleanResultPredicate.FUNCTION;	  return(n.getType()    ==    Token.NAME)?    BooleanResultPredicate.FALSE    :    BooleanResultPredicate.NOT;    	non-compiled	[CE]  	75	None	replace
195	[BUG]  [BUGGY]  ||  n.getType()!=  Token.GETPROP)  {  return  false;  }  [CE]  [FE]                        IllegalStateException      [CONTEXT]      case  Token.LE:  case  Token.GE:  case  Token.IN:  case  Token.INSTANCEOF:  case  Token.NOT:  return  true;  default:      [BUGGY]  ||  n.getType()!=  Token.GETPROP)  {  return  false;  }  [BUGGY]      }  }  [CLASS]  NodeUtil  NumbericResultPredicate  BooleanResultPredicate  MayBeStringResultPredicate  VarCollector  MatchNameNode  MatchNodeType  MatchDeclaration  MatchNotFunction  MatchShallowStatement  [METHOD]  isBooleanResultHelper  [RETURN_TYPE]  boolean  Node  n  [VARIABLES]  BooleanResultPredicate  BOOLEAN_RESULT_PREDICATE  Set  BUILTIN_FUNCTIONS_WITHOUT_SIDEEFFECTS  CONSTRUCTORS_WITHOUT_SIDE_EFFECTS  OBJECT_METHODS_WITHOUT_SIDEEFFECTS  REGEXP_METHODS  STRING_REGEXP_METHODS  defines  emptySet  knownConstants  NumbericResultPredicate  NUMBERIC_RESULT_PREDICATE  boolean  MayBeStringResultPredicate  MAY_BE_STRING_PREDICATE  Node  n  String  JSC_PROPERTY_NAME_FN  childValue  name  namespaceName  rawJsString  s  value  Map  vars  int  c  end  nextSkipSlot  nextSlot  start  type  	projects/Closure80/src/com/google/javascript/jscomp/NodeUtil.java	0.4082482904638631	1264	1264	2	replace	||  n.getType()!=  Token.GETPROP)  {  return  false;  }	  if(n.getType()!=    Token.GETPROP)    {    return    false;    }    	non-compiled	[CE]  	61	None	replace
196	[BUG]  [BUGGY]  ||(n.getType()!=  Token.GETPROP  &&  n.getString().equals( "prototype ")))  {  return  false;  }  [CE]  [FE]                          IllegalStateException      [CONTEXT]      case  Token.LE:  case  Token.GE:  case  Token.IN:  case  Token.INSTANCEOF:  case  Token.NOT:  return  true;  default:      [BUGGY]  ||(n.getType()!=  Token.GETPROP  &&  n.getString().equals( "prototype ")))  {  return  false;  }  [BUGGY]      }  }  [CLASS]  NodeUtil  NumbericResultPredicate  BooleanResultPredicate  MayBeStringResultPredicate  VarCollector  MatchNameNode  MatchNodeType  MatchDeclaration  MatchNotFunction  MatchShallowStatement  [METHOD]  isBooleanResultHelper  [RETURN_TYPE]  boolean  Node  n  [VARIABLES]  BooleanResultPredicate  BOOLEAN_RESULT_PREDICATE  Set  BUILTIN_FUNCTIONS_WITHOUT_SIDEEFFECTS  CONSTRUCTORS_WITHOUT_SIDE_EFFECTS  OBJECT_METHODS_WITHOUT_SIDEEFFECTS  REGEXP_METHODS  STRING_REGEXP_METHODS  defines  emptySet  knownConstants  NumbericResultPredicate  NUMBERIC_RESULT_PREDICATE  boolean  MayBeStringResultPredicate  MAY_BE_STRING_PREDICATE  Node  n  String  JSC_PROPERTY_NAME_FN  childValue  name  namespaceName  rawJsString  s  value  Map  vars  int  c  end  nextSkipSlot  nextSlot  start  type  	projects/Closure80/src/com/google/javascript/jscomp/NodeUtil.java	0.4082482904638631	1264	1264	2	replace	||(n.getType()!=  Token.GETPROP  &&  n.getString().equals( "prototype ")))  {  return  false;  }	  if(n.getType()!=    Token.GETPROP)    {    return    false;    }    	non-compiled	[CE]  	61	None	replace
197	[BUG]  [BUGGY]  ||(n.getType()!=  Token.GETPROP  &&  n.getLastChild().getString().equals( "prototype ")))  {  return  false;  }  [CE]  [FE]                            IllegalStateException      [CONTEXT]      case  Token.LE:  case  Token.GE:  case  Token.IN:  case  Token.INSTANCEOF:  case  Token.NOT:  return  true;  default:      [BUGGY]  ||(n.getType()!=  Token.GETPROP  &&  n.getLastChild().getString().equals( "prototype ")))  {  return  false;  }  [BUGGY]      }  }  [CLASS]  NodeUtil  NumbericResultPredicate  BooleanResultPredicate  MayBeStringResultPredicate  VarCollector  MatchNameNode  MatchNodeType  MatchDeclaration  MatchNotFunction  MatchShallowStatement  [METHOD]  isBooleanResultHelper  [RETURN_TYPE]  boolean  Node  n  [VARIABLES]  BooleanResultPredicate  BOOLEAN_RESULT_PREDICATE  Set  BUILTIN_FUNCTIONS_WITHOUT_SIDEEFFECTS  CONSTRUCTORS_WITHOUT_SIDE_EFFECTS  OBJECT_METHODS_WITHOUT_SIDEEFFECTS  REGEXP_METHODS  STRING_REGEXP_METHODS  defines  emptySet  knownConstants  NumbericResultPredicate  NUMBERIC_RESULT_PREDICATE  boolean  MayBeStringResultPredicate  MAY_BE_STRING_PREDICATE  Node  n  String  JSC_PROPERTY_NAME_FN  childValue  name  namespaceName  rawJsString  s  value  Map  vars  int  c  end  nextSkipSlot  nextSlot  start  type  	projects/Closure80/src/com/google/javascript/jscomp/NodeUtil.java	0.4082482904638631	1264	1264	2	replace	||(n.getType()!=  Token.GETPROP  &&  n.getLastChild().getString().equals( "prototype ")))  {  return  false;  }	  if(n.getType()!=    Token.GETPROP)    {    return    false;    }    	non-compiled	[CE]  	61	None	replace
198	[BUG]  [BUGGY]  ||(n.getType()!=  Token.GETPROP  &&  n.getFirstChild().getString().equals( "prototype ")))  {  return  false;  }  [CE]  [FE]                              IllegalStateException      [CONTEXT]      case  Token.LE:  case  Token.GE:  case  Token.IN:  case  Token.INSTANCEOF:  case  Token.NOT:  return  true;  default:      [BUGGY]  ||(n.getType()!=  Token.GETPROP  &&  n.getFirstChild().getString().equals( "prototype ")))  {  return  false;  }  [BUGGY]      }  }  [CLASS]  NodeUtil  NumbericResultPredicate  BooleanResultPredicate  MayBeStringResultPredicate  VarCollector  MatchNameNode  MatchNodeType  MatchDeclaration  MatchNotFunction  MatchShallowStatement  [METHOD]  isBooleanResultHelper  [RETURN_TYPE]  boolean  Node  n  [VARIABLES]  BooleanResultPredicate  BOOLEAN_RESULT_PREDICATE  Set  BUILTIN_FUNCTIONS_WITHOUT_SIDEEFFECTS  CONSTRUCTORS_WITHOUT_SIDE_EFFECTS  OBJECT_METHODS_WITHOUT_SIDEEFFECTS  REGEXP_METHODS  STRING_REGEXP_METHODS  defines  emptySet  knownConstants  NumbericResultPredicate  NUMBERIC_RESULT_PREDICATE  boolean  MayBeStringResultPredicate  MAY_BE_STRING_PREDICATE  Node  n  String  JSC_PROPERTY_NAME_FN  childValue  name  namespaceName  rawJsString  s  value  Map  vars  int  c  end  nextSkipSlot  nextSlot  start  type  	projects/Closure80/src/com/google/javascript/jscomp/NodeUtil.java	0.4082482904638631	1264	1264	2	replace	||(n.getType()!=  Token.GETPROP  &&  n.getFirstChild().getString().equals( "prototype ")))  {  return  false;  }	  if(n.getType()!=    Token.GETPROP)    {    return    false;    }    	non-compiled	[CE]  	61	None	replace
199	[BUG]  [BUGGY]  ||(n.getType()!=  Token.GETPROP  &&  n.getChildCount()  >  1)||(n.getType()!=  Token.GETPROP))  {  return  false;  }  [CE]  [FE]                                IllegalStateException      [CONTEXT]      case  Token.LE:  case  Token.GE:  case  Token.IN:  case  Token.INSTANCEOF:  case  Token.NOT:  return  true;  default:      [BUGGY]  ||(n.getType()!=  Token.GETPROP  &&  n.getChildCount()  >  1)||(n.getType()!=  Token.GETPROP))  {  return  false;  }  [BUGGY]      }  }  [CLASS]  NodeUtil  NumbericResultPredicate  BooleanResultPredicate  MayBeStringResultPredicate  VarCollector  MatchNameNode  MatchNodeType  MatchDeclaration  MatchNotFunction  MatchShallowStatement  [METHOD]  isBooleanResultHelper  [RETURN_TYPE]  boolean  Node  n  [VARIABLES]  BooleanResultPredicate  BOOLEAN_RESULT_PREDICATE  Set  BUILTIN_FUNCTIONS_WITHOUT_SIDEEFFECTS  CONSTRUCTORS_WITHOUT_SIDE_EFFECTS  OBJECT_METHODS_WITHOUT_SIDEEFFECTS  REGEXP_METHODS  STRING_REGEXP_METHODS  defines  emptySet  knownConstants  NumbericResultPredicate  NUMBERIC_RESULT_PREDICATE  boolean  MayBeStringResultPredicate  MAY_BE_STRING_PREDICATE  Node  n  String  JSC_PROPERTY_NAME_FN  childValue  name  namespaceName  rawJsString  s  value  Map  vars  int  c  end  nextSkipSlot  nextSlot  start  type  	projects/Closure80/src/com/google/javascript/jscomp/NodeUtil.java	0.4082482904638631	1264	1264	2	replace	||(n.getType()!=  Token.GETPROP  &&  n.getChildCount()  >  1)||(n.getType()!=  Token.GETPROP))  {  return  false;  }	  if(n.getType()!=    Token.GETPROP)    {    return    false;    }    	non-compiled	[CE]  	61	None	replace
200	[BUG]  [BUGGY]  NodeUtil.isName(n)&&  NodeUtil.isExpressionNode(n))  {  return  false;  }  [CE]  [FE]                    IllegalStateException      [CONTEXT]      case  Token.LE:  case  Token.GE:  case  Token.IN:  case  Token.INSTANCEOF:  case  Token.NOT:  return  true;  default:      [BUGGY]  NodeUtil.isName(n)&&  NodeUtil.isExpressionNode(n))  {  return  false;  }  [BUGGY]      }  }  [CLASS]  NodeUtil  NumbericResultPredicate  BooleanResultPredicate  MayBeStringResultPredicate  VarCollector  MatchNameNode  MatchNodeType  MatchDeclaration  MatchNotFunction  MatchShallowStatement  [METHOD]  isBooleanResultHelper  [RETURN_TYPE]  boolean  Node  n  [VARIABLES]  BooleanResultPredicate  BOOLEAN_RESULT_PREDICATE  Set  BUILTIN_FUNCTIONS_WITHOUT_SIDEEFFECTS  CONSTRUCTORS_WITHOUT_SIDE_EFFECTS  OBJECT_METHODS_WITHOUT_SIDEEFFECTS  REGEXP_METHODS  STRING_REGEXP_METHODS  defines  emptySet  knownConstants  NumbericResultPredicate  NUMBERIC_RESULT_PREDICATE  boolean  MayBeStringResultPredicate  MAY_BE_STRING_PREDICATE  Node  n  String  JSC_PROPERTY_NAME_FN  childValue  name  namespaceName  rawJsString  s  value  Map  vars  int  c  end  nextSkipSlot  nextSlot  start  type  	projects/Closure80/src/com/google/javascript/jscomp/NodeUtil.java	0.4082482904638631	1264	1264	2	replace	NodeUtil.isName(n)&&  NodeUtil.isExpressionNode(n))  {  return  false;  }	  NodeUtil.isFunctionAnonymous(n)&&    NodeUtil.isExpressionNode(n))    {    return    false;    }    	non-compiled	[CE]  	2	None	replace
201	[BUG]  [BUGGY]  NodeUtil.isFunctionAnonymous(n)&&  NodeUtil.isFunctionNode(n))  {  return  false;  }  [CE]  [FE]                      IllegalStateException      [CONTEXT]      case  Token.LE:  case  Token.GE:  case  Token.IN:  case  Token.INSTANCEOF:  case  Token.NOT:  return  true;  default:      [BUGGY]  NodeUtil.isFunctionAnonymous(n)&&  NodeUtil.isFunctionNode(n))  {  return  false;  }  [BUGGY]      }  }  [CLASS]  NodeUtil  NumbericResultPredicate  BooleanResultPredicate  MayBeStringResultPredicate  VarCollector  MatchNameNode  MatchNodeType  MatchDeclaration  MatchNotFunction  MatchShallowStatement  [METHOD]  isBooleanResultHelper  [RETURN_TYPE]  boolean  Node  n  [VARIABLES]  BooleanResultPredicate  BOOLEAN_RESULT_PREDICATE  Set  BUILTIN_FUNCTIONS_WITHOUT_SIDEEFFECTS  CONSTRUCTORS_WITHOUT_SIDE_EFFECTS  OBJECT_METHODS_WITHOUT_SIDEEFFECTS  REGEXP_METHODS  STRING_REGEXP_METHODS  defines  emptySet  knownConstants  NumbericResultPredicate  NUMBERIC_RESULT_PREDICATE  boolean  MayBeStringResultPredicate  MAY_BE_STRING_PREDICATE  Node  n  String  JSC_PROPERTY_NAME_FN  childValue  name  namespaceName  rawJsString  s  value  Map  vars  int  c  end  nextSkipSlot  nextSlot  start  type  	projects/Closure80/src/com/google/javascript/jscomp/NodeUtil.java	0.4082482904638631	1264	1264	2	replace	NodeUtil.isFunctionAnonymous(n)&&  NodeUtil.isFunctionNode(n))  {  return  false;  }	  NodeUtil.isFunctionAnonymous(n)&&    NodeUtil.isExpressionNode(n))    {    return    false;    }    	non-compiled	[CE]  	2	None	replace
202	[BUG]  [BUGGY]  NodeUtil.isFunctionAnonymous(n)&&  NodeUtil.isStatementBoolean(n))  {  return  false;  }  [CE]  [FE]                        IllegalStateException      [CONTEXT]      case  Token.LE:  case  Token.GE:  case  Token.IN:  case  Token.INSTANCEOF:  case  Token.NOT:  return  true;  default:      [BUGGY]  NodeUtil.isFunctionAnonymous(n)&&  NodeUtil.isStatementBoolean(n))  {  return  false;  }  [BUGGY]      }  }  [CLASS]  NodeUtil  NumbericResultPredicate  BooleanResultPredicate  MayBeStringResultPredicate  VarCollector  MatchNameNode  MatchNodeType  MatchDeclaration  MatchNotFunction  MatchShallowStatement  [METHOD]  isBooleanResultHelper  [RETURN_TYPE]  boolean  Node  n  [VARIABLES]  BooleanResultPredicate  BOOLEAN_RESULT_PREDICATE  Set  BUILTIN_FUNCTIONS_WITHOUT_SIDEEFFECTS  CONSTRUCTORS_WITHOUT_SIDE_EFFECTS  OBJECT_METHODS_WITHOUT_SIDEEFFECTS  REGEXP_METHODS  STRING_REGEXP_METHODS  defines  emptySet  knownConstants  NumbericResultPredicate  NUMBERIC_RESULT_PREDICATE  boolean  MayBeStringResultPredicate  MAY_BE_STRING_PREDICATE  Node  n  String  JSC_PROPERTY_NAME_FN  childValue  name  namespaceName  rawJsString  s  value  Map  vars  int  c  end  nextSkipSlot  nextSlot  start  type  	projects/Closure80/src/com/google/javascript/jscomp/NodeUtil.java	0.4082482904638631	1264	1264	2	replace	NodeUtil.isFunctionAnonymous(n)&&  NodeUtil.isStatementBoolean(n))  {  return  false;  }	  NodeUtil.isFunctionAnonymous(n)&&    NodeUtil.isExpressionNode(n))    {    return    false;    }    	non-compiled	[CE]  	2	None	replace
203	[BUG]  [BUGGY]  NodeUtil.isName(n)&&  NodeUtil.isFunctionBoolean(n))  {  return  false;  }  [CE]  [FE]                  IllegalStateException      [CONTEXT]      case  Token.LE:  case  Token.GE:  case  Token.IN:  case  Token.INSTANCEOF:  case  Token.NOT:  return  true;  default:      [BUGGY]  NodeUtil.isName(n)&&  NodeUtil.isFunctionBoolean(n))  {  return  false;  }  [BUGGY]      }  }  [CLASS]  NodeUtil  NumbericResultPredicate  BooleanResultPredicate  MayBeStringResultPredicate  VarCollector  MatchNameNode  MatchNodeType  MatchDeclaration  MatchNotFunction  MatchShallowStatement  [METHOD]  isBooleanResultHelper  [RETURN_TYPE]  boolean  Node  n  [VARIABLES]  BooleanResultPredicate  BOOLEAN_RESULT_PREDICATE  Set  BUILTIN_FUNCTIONS_WITHOUT_SIDEEFFECTS  CONSTRUCTORS_WITHOUT_SIDE_EFFECTS  OBJECT_METHODS_WITHOUT_SIDEEFFECTS  REGEXP_METHODS  STRING_REGEXP_METHODS  defines  emptySet  knownConstants  NumbericResultPredicate  NUMBERIC_RESULT_PREDICATE  boolean  MayBeStringResultPredicate  MAY_BE_STRING_PREDICATE  Node  n  String  JSC_PROPERTY_NAME_FN  childValue  name  namespaceName  rawJsString  s  value  Map  vars  int  c  end  nextSkipSlot  nextSlot  start  type  	projects/Closure80/src/com/google/javascript/jscomp/NodeUtil.java	0.4082482904638631	1264	1264	2	replace	NodeUtil.isName(n)&&  NodeUtil.isFunctionBoolean(n))  {  return  false;  }	  NodeUtil.isFunctionAnonymous(n)&&    NodeUtil.isFunctionBoolean(n))    {    return    false;    }    	non-compiled	[CE]  	77	None	replace
204	[BUG]  [BUGGY]  NodeUtil.isLocalFunctionAnonymous(n)&&  NodeUtil.isFunctionBoolean(n))  {  return  false;  }  [CE]  [FE]                    IllegalStateException      [CONTEXT]      case  Token.LE:  case  Token.GE:  case  Token.IN:  case  Token.INSTANCEOF:  case  Token.NOT:  return  true;  default:      [BUGGY]  NodeUtil.isLocalFunctionAnonymous(n)&&  NodeUtil.isFunctionBoolean(n))  {  return  false;  }  [BUGGY]      }  }  [CLASS]  NodeUtil  NumbericResultPredicate  BooleanResultPredicate  MayBeStringResultPredicate  VarCollector  MatchNameNode  MatchNodeType  MatchDeclaration  MatchNotFunction  MatchShallowStatement  [METHOD]  isBooleanResultHelper  [RETURN_TYPE]  boolean  Node  n  [VARIABLES]  BooleanResultPredicate  BOOLEAN_RESULT_PREDICATE  Set  BUILTIN_FUNCTIONS_WITHOUT_SIDEEFFECTS  CONSTRUCTORS_WITHOUT_SIDE_EFFECTS  OBJECT_METHODS_WITHOUT_SIDEEFFECTS  REGEXP_METHODS  STRING_REGEXP_METHODS  defines  emptySet  knownConstants  NumbericResultPredicate  NUMBERIC_RESULT_PREDICATE  boolean  MayBeStringResultPredicate  MAY_BE_STRING_PREDICATE  Node  n  String  JSC_PROPERTY_NAME_FN  childValue  name  namespaceName  rawJsString  s  value  Map  vars  int  c  end  nextSkipSlot  nextSlot  start  type  	projects/Closure80/src/com/google/javascript/jscomp/NodeUtil.java	0.4082482904638631	1264	1264	2	replace	NodeUtil.isLocalFunctionAnonymous(n)&&  NodeUtil.isFunctionBoolean(n))  {  return  false;  }	  NodeUtil.isFunctionAnonymous(n)&&    NodeUtil.isFunctionBoolean(n))    {    return    false;    }    	non-compiled	[CE]  	77	None	replace
205	[BUG]  [BUGGY]  NodeUtil.isAnonymous(n)&&  NodeUtil.isFunctionBoolean(n))  {  return  false;  }  [CE]  [FE]                      IllegalStateException      [CONTEXT]      case  Token.LE:  case  Token.GE:  case  Token.IN:  case  Token.INSTANCEOF:  case  Token.NOT:  return  true;  default:      [BUGGY]  NodeUtil.isAnonymous(n)&&  NodeUtil.isFunctionBoolean(n))  {  return  false;  }  [BUGGY]      }  }  [CLASS]  NodeUtil  NumbericResultPredicate  BooleanResultPredicate  MayBeStringResultPredicate  VarCollector  MatchNameNode  MatchNodeType  MatchDeclaration  MatchNotFunction  MatchShallowStatement  [METHOD]  isBooleanResultHelper  [RETURN_TYPE]  boolean  Node  n  [VARIABLES]  BooleanResultPredicate  BOOLEAN_RESULT_PREDICATE  Set  BUILTIN_FUNCTIONS_WITHOUT_SIDEEFFECTS  CONSTRUCTORS_WITHOUT_SIDE_EFFECTS  OBJECT_METHODS_WITHOUT_SIDEEFFECTS  REGEXP_METHODS  STRING_REGEXP_METHODS  defines  emptySet  knownConstants  NumbericResultPredicate  NUMBERIC_RESULT_PREDICATE  boolean  MayBeStringResultPredicate  MAY_BE_STRING_PREDICATE  Node  n  String  JSC_PROPERTY_NAME_FN  childValue  name  namespaceName  rawJsString  s  value  Map  vars  int  c  end  nextSkipSlot  nextSlot  start  type  	projects/Closure80/src/com/google/javascript/jscomp/NodeUtil.java	0.4082482904638631	1264	1264	2	replace	NodeUtil.isAnonymous(n)&&  NodeUtil.isFunctionBoolean(n))  {  return  false;  }	  NodeUtil.isFunctionAnonymous(n)&&    NodeUtil.isFunctionBoolean(n))    {    return    false;    }    	non-compiled	[CE]  	77	None	replace
206	[BUG]  [BUGGY]  NodeUtil.isAnonymousNode(n)&&  NodeUtil.isFunctionBoolean(n))  {  return  false;  }  [CE]  [FE]                        IllegalStateException      [CONTEXT]      case  Token.LE:  case  Token.GE:  case  Token.IN:  case  Token.INSTANCEOF:  case  Token.NOT:  return  true;  default:      [BUGGY]  NodeUtil.isAnonymousNode(n)&&  NodeUtil.isFunctionBoolean(n))  {  return  false;  }  [BUGGY]      }  }  [CLASS]  NodeUtil  NumbericResultPredicate  BooleanResultPredicate  MayBeStringResultPredicate  VarCollector  MatchNameNode  MatchNodeType  MatchDeclaration  MatchNotFunction  MatchShallowStatement  [METHOD]  isBooleanResultHelper  [RETURN_TYPE]  boolean  Node  n  [VARIABLES]  BooleanResultPredicate  BOOLEAN_RESULT_PREDICATE  Set  BUILTIN_FUNCTIONS_WITHOUT_SIDEEFFECTS  CONSTRUCTORS_WITHOUT_SIDE_EFFECTS  OBJECT_METHODS_WITHOUT_SIDEEFFECTS  REGEXP_METHODS  STRING_REGEXP_METHODS  defines  emptySet  knownConstants  NumbericResultPredicate  NUMBERIC_RESULT_PREDICATE  boolean  MayBeStringResultPredicate  MAY_BE_STRING_PREDICATE  Node  n  String  JSC_PROPERTY_NAME_FN  childValue  name  namespaceName  rawJsString  s  value  Map  vars  int  c  end  nextSkipSlot  nextSlot  start  type  	projects/Closure80/src/com/google/javascript/jscomp/NodeUtil.java	0.4082482904638631	1264	1264	2	replace	NodeUtil.isAnonymousNode(n)&&  NodeUtil.isFunctionBoolean(n))  {  return  false;  }	  NodeUtil.isFunctionAnonymous(n)&&    NodeUtil.isFunctionBoolean(n))    {    return    false;    }    	non-compiled	[CE]  	77	None	replace
207	[BUG]  [BUGGY]  if(!NodeUtil.isFunctionDeclaration(n)||!NodeUtil.isFunctionDeclaration(n))  {  return  false;  }  [CE]  [FE]                IllegalStateException      [CONTEXT]      case  Token.LE:  case  Token.GE:  case  Token.IN:  case  Token.INSTANCEOF:  case  Token.NOT:  return  true;  default:      [BUGGY]  if(!NodeUtil.isFunctionDeclaration(n)||!NodeUtil.isFunctionDeclaration(n))  {  return  false;  }  [BUGGY]      }  }  [CLASS]  NodeUtil  NumbericResultPredicate  BooleanResultPredicate  MayBeStringResultPredicate  VarCollector  MatchNameNode  MatchNodeType  MatchDeclaration  MatchNotFunction  MatchShallowStatement  [METHOD]  isBooleanResultHelper  [RETURN_TYPE]  boolean  Node  n  [VARIABLES]  BooleanResultPredicate  BOOLEAN_RESULT_PREDICATE  Set  BUILTIN_FUNCTIONS_WITHOUT_SIDEEFFECTS  CONSTRUCTORS_WITHOUT_SIDE_EFFECTS  OBJECT_METHODS_WITHOUT_SIDEEFFECTS  REGEXP_METHODS  STRING_REGEXP_METHODS  defines  emptySet  knownConstants  NumbericResultPredicate  NUMBERIC_RESULT_PREDICATE  boolean  MayBeStringResultPredicate  MAY_BE_STRING_PREDICATE  Node  n  String  JSC_PROPERTY_NAME_FN  childValue  name  namespaceName  rawJsString  s  value  Map  vars  int  c  end  nextSkipSlot  nextSlot  start  type  	projects/Closure80/src/com/google/javascript/jscomp/NodeUtil.java	0.4082482904638631	1264	1264	2	replace	if(!NodeUtil.isFunctionDeclaration(n)||!NodeUtil.isFunctionDeclaration(n))  {  return  false;  }	  if(!NodeUtil.isFunctionDeclaration(n))    {    return    false;    }    	non-compiled	[CE]  	154	None	replace
208	[BUG]  [BUGGY]  if(!NodeUtil.isFunctionDeclaration(n)&&!NodeUtil.isFunctionDeclaration(n))  {  return  false;  }  [CE]  [FE]                  IllegalStateException      [CONTEXT]      case  Token.LE:  case  Token.GE:  case  Token.IN:  case  Token.INSTANCEOF:  case  Token.NOT:  return  true;  default:      [BUGGY]  if(!NodeUtil.isFunctionDeclaration(n)&&!NodeUtil.isFunctionDeclaration(n))  {  return  false;  }  [BUGGY]      }  }  [CLASS]  NodeUtil  NumbericResultPredicate  BooleanResultPredicate  MayBeStringResultPredicate  VarCollector  MatchNameNode  MatchNodeType  MatchDeclaration  MatchNotFunction  MatchShallowStatement  [METHOD]  isBooleanResultHelper  [RETURN_TYPE]  boolean  Node  n  [VARIABLES]  BooleanResultPredicate  BOOLEAN_RESULT_PREDICATE  Set  BUILTIN_FUNCTIONS_WITHOUT_SIDEEFFECTS  CONSTRUCTORS_WITHOUT_SIDE_EFFECTS  OBJECT_METHODS_WITHOUT_SIDEEFFECTS  REGEXP_METHODS  STRING_REGEXP_METHODS  defines  emptySet  knownConstants  NumbericResultPredicate  NUMBERIC_RESULT_PREDICATE  boolean  MayBeStringResultPredicate  MAY_BE_STRING_PREDICATE  Node  n  String  JSC_PROPERTY_NAME_FN  childValue  name  namespaceName  rawJsString  s  value  Map  vars  int  c  end  nextSkipSlot  nextSlot  start  type  	projects/Closure80/src/com/google/javascript/jscomp/NodeUtil.java	0.4082482904638631	1264	1264	2	replace	if(!NodeUtil.isFunctionDeclaration(n)&&!NodeUtil.isFunctionDeclaration(n))  {  return  false;  }	  if(!NodeUtil.isFunctionDeclaration(n))    {    return    false;    }    	non-compiled	[CE]  	154	None	replace
209	[BUG]  [BUGGY]  if(NodeUtil.isFunctionDeclaration(n)&&!NodeUtil.isFunctionDeclaration(n))  {  return  false;  }  [CE]  [FE]                    IllegalStateException      [CONTEXT]      case  Token.LE:  case  Token.GE:  case  Token.IN:  case  Token.INSTANCEOF:  case  Token.NOT:  return  true;  default:      [BUGGY]  if(NodeUtil.isFunctionDeclaration(n)&&!NodeUtil.isFunctionDeclaration(n))  {  return  false;  }  [BUGGY]      }  }  [CLASS]  NodeUtil  NumbericResultPredicate  BooleanResultPredicate  MayBeStringResultPredicate  VarCollector  MatchNameNode  MatchNodeType  MatchDeclaration  MatchNotFunction  MatchShallowStatement  [METHOD]  isBooleanResultHelper  [RETURN_TYPE]  boolean  Node  n  [VARIABLES]  BooleanResultPredicate  BOOLEAN_RESULT_PREDICATE  Set  BUILTIN_FUNCTIONS_WITHOUT_SIDEEFFECTS  CONSTRUCTORS_WITHOUT_SIDE_EFFECTS  OBJECT_METHODS_WITHOUT_SIDEEFFECTS  REGEXP_METHODS  STRING_REGEXP_METHODS  defines  emptySet  knownConstants  NumbericResultPredicate  NUMBERIC_RESULT_PREDICATE  boolean  MayBeStringResultPredicate  MAY_BE_STRING_PREDICATE  Node  n  String  JSC_PROPERTY_NAME_FN  childValue  name  namespaceName  rawJsString  s  value  Map  vars  int  c  end  nextSkipSlot  nextSlot  start  type  	projects/Closure80/src/com/google/javascript/jscomp/NodeUtil.java	0.4082482904638631	1264	1264	2	replace	if(NodeUtil.isFunctionDeclaration(n)&&!NodeUtil.isFunctionDeclaration(n))  {  return  false;  }	  if(!NodeUtil.isFunctionDeclaration(n))    {    return    false;    }    	non-compiled	[CE]  	154	None	replace
210	[BUG]  [BUGGY]  Node  n  =  n.getFirstChild();  [CE]  [FE]                      IllegalStateException      [CONTEXT]      case  Token.LE:  case  Token.GE:  case  Token.IN:  case  Token.INSTANCEOF:  case  Token.NOT:  return  true;  default:      [BUGGY]  Node  n  =  n.getFirstChild();  [BUGGY]      }  }  [CLASS]  NodeUtil  NumbericResultPredicate  BooleanResultPredicate  MayBeStringResultPredicate  VarCollector  MatchNameNode  MatchNodeType  MatchDeclaration  MatchNotFunction  MatchShallowStatement  [METHOD]  isBooleanResultHelper  [RETURN_TYPE]  boolean  Node  n  [VARIABLES]  BooleanResultPredicate  BOOLEAN_RESULT_PREDICATE  Set  BUILTIN_FUNCTIONS_WITHOUT_SIDEEFFECTS  CONSTRUCTORS_WITHOUT_SIDE_EFFECTS  OBJECT_METHODS_WITHOUT_SIDEEFFECTS  REGEXP_METHODS  STRING_REGEXP_METHODS  defines  emptySet  knownConstants  NumbericResultPredicate  NUMBERIC_RESULT_PREDICATE  boolean  MayBeStringResultPredicate  MAY_BE_STRING_PREDICATE  Node  n  String  JSC_PROPERTY_NAME_FN  childValue  name  namespaceName  rawJsString  s  value  Map  vars  int  c  end  nextSkipSlot  nextSlot  start  type  	projects/Closure80/src/com/google/javascript/jscomp/NodeUtil.java	0.4082482904638631	1264	1264	2	replace	Node  n  =  n.getFirstChild();	  if(!NodeUtil.isFunctionDeclaration(n))    {    return    false;    }    	non-compiled	[CE]  	154	None	replace
211	[BUG]  [BUGGY]  NodeUtil.isName(n)||  NodeUtil.isFunctionBoolean(n))  {  return  false;  }  [CE]  [FE]                    IllegalStateException      [CONTEXT]      case  Token.LE:  case  Token.GE:  case  Token.IN:  case  Token.INSTANCEOF:  case  Token.NOT:  return  true;  default:      [BUGGY]  NodeUtil.isName(n)||  NodeUtil.isFunctionBoolean(n))  {  return  false;  }  [BUGGY]      }  }  [CLASS]  NodeUtil  NumbericResultPredicate  BooleanResultPredicate  MayBeStringResultPredicate  VarCollector  MatchNameNode  MatchNodeType  MatchDeclaration  MatchNotFunction  MatchShallowStatement  [METHOD]  isBooleanResultHelper  [RETURN_TYPE]  boolean  Node  n  [VARIABLES]  BooleanResultPredicate  BOOLEAN_RESULT_PREDICATE  Set  BUILTIN_FUNCTIONS_WITHOUT_SIDEEFFECTS  CONSTRUCTORS_WITHOUT_SIDE_EFFECTS  OBJECT_METHODS_WITHOUT_SIDEEFFECTS  REGEXP_METHODS  STRING_REGEXP_METHODS  defines  emptySet  knownConstants  NumbericResultPredicate  NUMBERIC_RESULT_PREDICATE  boolean  MayBeStringResultPredicate  MAY_BE_STRING_PREDICATE  Node  n  String  JSC_PROPERTY_NAME_FN  childValue  name  namespaceName  rawJsString  s  value  Map  vars  int  c  end  nextSkipSlot  nextSlot  start  type  	projects/Closure80/src/com/google/javascript/jscomp/NodeUtil.java	0.4082482904638631	1264	1264	2	replace	NodeUtil.isName(n)||  NodeUtil.isFunctionBoolean(n))  {  return  false;  }	  NodeUtil.isFunctionAnonymous(n)||    NodeUtil.isFunctionBoolean(n))    {    return    false;    }    	non-compiled	[CE]  	78	None	replace
212	[BUG]  [BUGGY]  NodeUtil.isAnonymous(n)||  NodeUtil.isFunctionBoolean(n))  {  return  false;  }  [CE]  [FE]                      IllegalStateException      [CONTEXT]      case  Token.LE:  case  Token.GE:  case  Token.IN:  case  Token.INSTANCEOF:  case  Token.NOT:  return  true;  default:      [BUGGY]  NodeUtil.isAnonymous(n)||  NodeUtil.isFunctionBoolean(n))  {  return  false;  }  [BUGGY]      }  }  [CLASS]  NodeUtil  NumbericResultPredicate  BooleanResultPredicate  MayBeStringResultPredicate  VarCollector  MatchNameNode  MatchNodeType  MatchDeclaration  MatchNotFunction  MatchShallowStatement  [METHOD]  isBooleanResultHelper  [RETURN_TYPE]  boolean  Node  n  [VARIABLES]  BooleanResultPredicate  BOOLEAN_RESULT_PREDICATE  Set  BUILTIN_FUNCTIONS_WITHOUT_SIDEEFFECTS  CONSTRUCTORS_WITHOUT_SIDE_EFFECTS  OBJECT_METHODS_WITHOUT_SIDEEFFECTS  REGEXP_METHODS  STRING_REGEXP_METHODS  defines  emptySet  knownConstants  NumbericResultPredicate  NUMBERIC_RESULT_PREDICATE  boolean  MayBeStringResultPredicate  MAY_BE_STRING_PREDICATE  Node  n  String  JSC_PROPERTY_NAME_FN  childValue  name  namespaceName  rawJsString  s  value  Map  vars  int  c  end  nextSkipSlot  nextSlot  start  type  	projects/Closure80/src/com/google/javascript/jscomp/NodeUtil.java	0.4082482904638631	1264	1264	2	replace	NodeUtil.isAnonymous(n)||  NodeUtil.isFunctionBoolean(n))  {  return  false;  }	  NodeUtil.isFunctionAnonymous(n)||    NodeUtil.isFunctionBoolean(n))    {    return    false;    }    	non-compiled	[CE]  	78	None	replace
213	[BUG]  [BUGGY]  NodeUtil.isFunctionAnonymous(n)||  NodeUtil.isFunctionBoolean(n))  {  return  true;  }  [CE]  [FE]                        IllegalStateException      [CONTEXT]      case  Token.LE:  case  Token.GE:  case  Token.IN:  case  Token.INSTANCEOF:  case  Token.NOT:  return  true;  default:      [BUGGY]  NodeUtil.isFunctionAnonymous(n)||  NodeUtil.isFunctionBoolean(n))  {  return  true;  }  [BUGGY]      }  }  [CLASS]  NodeUtil  NumbericResultPredicate  BooleanResultPredicate  MayBeStringResultPredicate  VarCollector  MatchNameNode  MatchNodeType  MatchDeclaration  MatchNotFunction  MatchShallowStatement  [METHOD]  isBooleanResultHelper  [RETURN_TYPE]  boolean  Node  n  [VARIABLES]  BooleanResultPredicate  BOOLEAN_RESULT_PREDICATE  Set  BUILTIN_FUNCTIONS_WITHOUT_SIDEEFFECTS  CONSTRUCTORS_WITHOUT_SIDE_EFFECTS  OBJECT_METHODS_WITHOUT_SIDEEFFECTS  REGEXP_METHODS  STRING_REGEXP_METHODS  defines  emptySet  knownConstants  NumbericResultPredicate  NUMBERIC_RESULT_PREDICATE  boolean  MayBeStringResultPredicate  MAY_BE_STRING_PREDICATE  Node  n  String  JSC_PROPERTY_NAME_FN  childValue  name  namespaceName  rawJsString  s  value  Map  vars  int  c  end  nextSkipSlot  nextSlot  start  type  	projects/Closure80/src/com/google/javascript/jscomp/NodeUtil.java	0.4082482904638631	1264	1264	2	replace	NodeUtil.isFunctionAnonymous(n)||  NodeUtil.isFunctionBoolean(n))  {  return  true;  }	  NodeUtil.isFunctionAnonymous(n)||    NodeUtil.isFunctionBoolean(n))    {    return    false;    }    	non-compiled	[CE]  	78	None	replace
214	[BUG]  [BUGGY]  NodeUtil.isLocalFunctionAnonymous(n)||  NodeUtil.isFunctionBoolean(n))  {  return  false;  }  [CE]  [FE]                          IllegalStateException      [CONTEXT]      case  Token.LE:  case  Token.GE:  case  Token.IN:  case  Token.INSTANCEOF:  case  Token.NOT:  return  true;  default:      [BUGGY]  NodeUtil.isLocalFunctionAnonymous(n)||  NodeUtil.isFunctionBoolean(n))  {  return  false;  }  [BUGGY]      }  }  [CLASS]  NodeUtil  NumbericResultPredicate  BooleanResultPredicate  MayBeStringResultPredicate  VarCollector  MatchNameNode  MatchNodeType  MatchDeclaration  MatchNotFunction  MatchShallowStatement  [METHOD]  isBooleanResultHelper  [RETURN_TYPE]  boolean  Node  n  [VARIABLES]  BooleanResultPredicate  BOOLEAN_RESULT_PREDICATE  Set  BUILTIN_FUNCTIONS_WITHOUT_SIDEEFFECTS  CONSTRUCTORS_WITHOUT_SIDE_EFFECTS  OBJECT_METHODS_WITHOUT_SIDEEFFECTS  REGEXP_METHODS  STRING_REGEXP_METHODS  defines  emptySet  knownConstants  NumbericResultPredicate  NUMBERIC_RESULT_PREDICATE  boolean  MayBeStringResultPredicate  MAY_BE_STRING_PREDICATE  Node  n  String  JSC_PROPERTY_NAME_FN  childValue  name  namespaceName  rawJsString  s  value  Map  vars  int  c  end  nextSkipSlot  nextSlot  start  type  	projects/Closure80/src/com/google/javascript/jscomp/NodeUtil.java	0.4082482904638631	1264	1264	2	replace	NodeUtil.isLocalFunctionAnonymous(n)||  NodeUtil.isFunctionBoolean(n))  {  return  false;  }	  NodeUtil.isFunctionAnonymous(n)||    NodeUtil.isFunctionBoolean(n))    {    return    false;    }    	non-compiled	[CE]  	78	None	replace
215	[BUG]  [BUGGY]  NodeUtil.isExpressionNode(n)||  NodeUtil.isFunctionBoolean(n))  {  return  false;  }  [CE]  [FE]                            IllegalStateException      [CONTEXT]      case  Token.LE:  case  Token.GE:  case  Token.IN:  case  Token.INSTANCEOF:  case  Token.NOT:  return  true;  default:      [BUGGY]  NodeUtil.isExpressionNode(n)||  NodeUtil.isFunctionBoolean(n))  {  return  false;  }  [BUGGY]      }  }  [CLASS]  NodeUtil  NumbericResultPredicate  BooleanResultPredicate  MayBeStringResultPredicate  VarCollector  MatchNameNode  MatchNodeType  MatchDeclaration  MatchNotFunction  MatchShallowStatement  [METHOD]  isBooleanResultHelper  [RETURN_TYPE]  boolean  Node  n  [VARIABLES]  BooleanResultPredicate  BOOLEAN_RESULT_PREDICATE  Set  BUILTIN_FUNCTIONS_WITHOUT_SIDEEFFECTS  CONSTRUCTORS_WITHOUT_SIDE_EFFECTS  OBJECT_METHODS_WITHOUT_SIDEEFFECTS  REGEXP_METHODS  STRING_REGEXP_METHODS  defines  emptySet  knownConstants  NumbericResultPredicate  NUMBERIC_RESULT_PREDICATE  boolean  MayBeStringResultPredicate  MAY_BE_STRING_PREDICATE  Node  n  String  JSC_PROPERTY_NAME_FN  childValue  name  namespaceName  rawJsString  s  value  Map  vars  int  c  end  nextSkipSlot  nextSlot  start  type  	projects/Closure80/src/com/google/javascript/jscomp/NodeUtil.java	0.4082482904638631	1264	1264	2	replace	NodeUtil.isExpressionNode(n)||  NodeUtil.isFunctionBoolean(n))  {  return  false;  }	  NodeUtil.isFunctionAnonymous(n)||    NodeUtil.isFunctionBoolean(n))    {    return    false;    }    	non-compiled	[CE]  	78	None	replace
216	[BUG]  [BUGGY]  NodeUtil.isFunctionAnonymous(n)&&  NodeUtil.isBoolean(n))  {  return  false;  }  [CE]  [FE]                IllegalStateException      [CONTEXT]      case  Token.LE:  case  Token.GE:  case  Token.IN:  case  Token.INSTANCEOF:  case  Token.NOT:  return  true;  default:      [BUGGY]  NodeUtil.isFunctionAnonymous(n)&&  NodeUtil.isBoolean(n))  {  return  false;  }  [BUGGY]      }  }  [CLASS]  NodeUtil  NumbericResultPredicate  BooleanResultPredicate  MayBeStringResultPredicate  VarCollector  MatchNameNode  MatchNodeType  MatchDeclaration  MatchNotFunction  MatchShallowStatement  [METHOD]  isBooleanResultHelper  [RETURN_TYPE]  boolean  Node  n  [VARIABLES]  BooleanResultPredicate  BOOLEAN_RESULT_PREDICATE  Set  BUILTIN_FUNCTIONS_WITHOUT_SIDEEFFECTS  CONSTRUCTORS_WITHOUT_SIDE_EFFECTS  OBJECT_METHODS_WITHOUT_SIDEEFFECTS  REGEXP_METHODS  STRING_REGEXP_METHODS  defines  emptySet  knownConstants  NumbericResultPredicate  NUMBERIC_RESULT_PREDICATE  boolean  MayBeStringResultPredicate  MAY_BE_STRING_PREDICATE  Node  n  String  JSC_PROPERTY_NAME_FN  childValue  name  namespaceName  rawJsString  s  value  Map  vars  int  c  end  nextSkipSlot  nextSlot  start  type  	projects/Closure80/src/com/google/javascript/jscomp/NodeUtil.java	0.4082482904638631	1264	1264	2	replace	NodeUtil.isFunctionAnonymous(n)&&  NodeUtil.isBoolean(n))  {  return  false;  }	  if(NodeUtil.isFunctionAnonymous(n)||    NodeUtil.isBoolean(n))    {    return    false;    }    	non-compiled	[CE]  	155	None	replace
217	[BUG]  [BUGGY]  Context.checkState(NodeUtil.isFunctionAnonymous(n)||  NodeUtil.isBoolean(n))  {  return  false;  }  [CE]  [FE]                  IllegalStateException      [CONTEXT]      case  Token.LE:  case  Token.GE:  case  Token.IN:  case  Token.INSTANCEOF:  case  Token.NOT:  return  true;  default:      [BUGGY]  Context.checkState(NodeUtil.isFunctionAnonymous(n)||  NodeUtil.isBoolean(n))  {  return  false;  }  [BUGGY]      }  }  [CLASS]  NodeUtil  NumbericResultPredicate  BooleanResultPredicate  MayBeStringResultPredicate  VarCollector  MatchNameNode  MatchNodeType  MatchDeclaration  MatchNotFunction  MatchShallowStatement  [METHOD]  isBooleanResultHelper  [RETURN_TYPE]  boolean  Node  n  [VARIABLES]  BooleanResultPredicate  BOOLEAN_RESULT_PREDICATE  Set  BUILTIN_FUNCTIONS_WITHOUT_SIDEEFFECTS  CONSTRUCTORS_WITHOUT_SIDE_EFFECTS  OBJECT_METHODS_WITHOUT_SIDEEFFECTS  REGEXP_METHODS  STRING_REGEXP_METHODS  defines  emptySet  knownConstants  NumbericResultPredicate  NUMBERIC_RESULT_PREDICATE  boolean  MayBeStringResultPredicate  MAY_BE_STRING_PREDICATE  Node  n  String  JSC_PROPERTY_NAME_FN  childValue  name  namespaceName  rawJsString  s  value  Map  vars  int  c  end  nextSkipSlot  nextSlot  start  type  	projects/Closure80/src/com/google/javascript/jscomp/NodeUtil.java	0.4082482904638631	1264	1264	2	replace	Context.checkState(NodeUtil.isFunctionAnonymous(n)||  NodeUtil.isBoolean(n))  {  return  false;  }	  if(NodeUtil.isFunctionAnonymous(n)||    NodeUtil.isBoolean(n))    {    return    false;    }    	non-compiled	[CE]  	155	None	replace
218	[BUG]  [BUGGY]  ||  NodeUtil.isBoolean(n))  {  return  false;  }  [CE]  [FE]                    IllegalStateException      [CONTEXT]      case  Token.LE:  case  Token.GE:  case  Token.IN:  case  Token.INSTANCEOF:  case  Token.NOT:  return  true;  default:      [BUGGY]  ||  NodeUtil.isBoolean(n))  {  return  false;  }  [BUGGY]      }  }  [CLASS]  NodeUtil  NumbericResultPredicate  BooleanResultPredicate  MayBeStringResultPredicate  VarCollector  MatchNameNode  MatchNodeType  MatchDeclaration  MatchNotFunction  MatchShallowStatement  [METHOD]  isBooleanResultHelper  [RETURN_TYPE]  boolean  Node  n  [VARIABLES]  BooleanResultPredicate  BOOLEAN_RESULT_PREDICATE  Set  BUILTIN_FUNCTIONS_WITHOUT_SIDEEFFECTS  CONSTRUCTORS_WITHOUT_SIDE_EFFECTS  OBJECT_METHODS_WITHOUT_SIDEEFFECTS  REGEXP_METHODS  STRING_REGEXP_METHODS  defines  emptySet  knownConstants  NumbericResultPredicate  NUMBERIC_RESULT_PREDICATE  boolean  MayBeStringResultPredicate  MAY_BE_STRING_PREDICATE  Node  n  String  JSC_PROPERTY_NAME_FN  childValue  name  namespaceName  rawJsString  s  value  Map  vars  int  c  end  nextSkipSlot  nextSlot  start  type  	projects/Closure80/src/com/google/javascript/jscomp/NodeUtil.java	0.4082482904638631	1264	1264	2	replace	||  NodeUtil.isBoolean(n))  {  return  false;  }	  if(NodeUtil.isFunctionAnonymous(n)||    NodeUtil.isBoolean(n))    {    return    false;    }    	non-compiled	[CE]  	155	None	replace
219	[BUG]  [BUGGY]  ||  n.getType()!=  Token.EMPTY)  {  return  false;  }  [CE]  [FE]                    IllegalStateException      [CONTEXT]      case  Token.LE:  case  Token.GE:  case  Token.IN:  case  Token.INSTANCEOF:  case  Token.NOT:  return  true;  default:      [BUGGY]  ||  n.getType()!=  Token.EMPTY)  {  return  false;  }  [BUGGY]      }  }  [CLASS]  NodeUtil  NumbericResultPredicate  BooleanResultPredicate  MayBeStringResultPredicate  VarCollector  MatchNameNode  MatchNodeType  MatchDeclaration  MatchNotFunction  MatchShallowStatement  [METHOD]  isBooleanResultHelper  [RETURN_TYPE]  boolean  Node  n  [VARIABLES]  BooleanResultPredicate  BOOLEAN_RESULT_PREDICATE  Set  BUILTIN_FUNCTIONS_WITHOUT_SIDEEFFECTS  CONSTRUCTORS_WITHOUT_SIDE_EFFECTS  OBJECT_METHODS_WITHOUT_SIDEEFFECTS  REGEXP_METHODS  STRING_REGEXP_METHODS  defines  emptySet  knownConstants  NumbericResultPredicate  NUMBERIC_RESULT_PREDICATE  boolean  MayBeStringResultPredicate  MAY_BE_STRING_PREDICATE  Node  n  String  JSC_PROPERTY_NAME_FN  childValue  name  namespaceName  rawJsString  s  value  Map  vars  int  c  end  nextSkipSlot  nextSlot  start  type  	projects/Closure80/src/com/google/javascript/jscomp/NodeUtil.java	0.4082482904638631	1264	1264	2	replace	||  n.getType()!=  Token.EMPTY)  {  return  false;  }	  if(n.getType()    ==    Token.FUNCTION    ||    n.getType()!=    Token.EMPTY)    {    return    false;    }    	non-compiled	[CE]  	121	None	replace
220	[BUG]  [BUGGY]  n.getType()  ==  Token.FUNCTION  ||  n.getType()!=  Token.EMPTY)  {  return  false;  }  [CE]  [FE]                      IllegalStateException      [CONTEXT]      case  Token.LE:  case  Token.GE:  case  Token.IN:  case  Token.INSTANCEOF:  case  Token.NOT:  return  true;  default:      [BUGGY]  n.getType()  ==  Token.FUNCTION  ||  n.getType()!=  Token.EMPTY)  {  return  false;  }  [BUGGY]      }  }  [CLASS]  NodeUtil  NumbericResultPredicate  BooleanResultPredicate  MayBeStringResultPredicate  VarCollector  MatchNameNode  MatchNodeType  MatchDeclaration  MatchNotFunction  MatchShallowStatement  [METHOD]  isBooleanResultHelper  [RETURN_TYPE]  boolean  Node  n  [VARIABLES]  BooleanResultPredicate  BOOLEAN_RESULT_PREDICATE  Set  BUILTIN_FUNCTIONS_WITHOUT_SIDEEFFECTS  CONSTRUCTORS_WITHOUT_SIDE_EFFECTS  OBJECT_METHODS_WITHOUT_SIDEEFFECTS  REGEXP_METHODS  STRING_REGEXP_METHODS  defines  emptySet  knownConstants  NumbericResultPredicate  NUMBERIC_RESULT_PREDICATE  boolean  MayBeStringResultPredicate  MAY_BE_STRING_PREDICATE  Node  n  String  JSC_PROPERTY_NAME_FN  childValue  name  namespaceName  rawJsString  s  value  Map  vars  int  c  end  nextSkipSlot  nextSlot  start  type  	projects/Closure80/src/com/google/javascript/jscomp/NodeUtil.java	0.4082482904638631	1264	1264	2	replace	n.getType()  ==  Token.FUNCTION  ||  n.getType()!=  Token.EMPTY)  {  return  false;  }	  if(n.getType()    ==    Token.FUNCTION    ||    n.getType()!=    Token.EMPTY)    {    return    false;    }    	non-compiled	[CE]  	121	None	replace
221	[BUG]  [BUGGY]  n.setType(Token.FUNCTION  ||  n.getType()!=  Token.EMPTY)  {  return  false;  }  [CE]  [FE]                        IllegalStateException      [CONTEXT]      case  Token.LE:  case  Token.GE:  case  Token.IN:  case  Token.INSTANCEOF:  case  Token.NOT:  return  true;  default:      [BUGGY]  n.setType(Token.FUNCTION  ||  n.getType()!=  Token.EMPTY)  {  return  false;  }  [BUGGY]      }  }  [CLASS]  NodeUtil  NumbericResultPredicate  BooleanResultPredicate  MayBeStringResultPredicate  VarCollector  MatchNameNode  MatchNodeType  MatchDeclaration  MatchNotFunction  MatchShallowStatement  [METHOD]  isBooleanResultHelper  [RETURN_TYPE]  boolean  Node  n  [VARIABLES]  BooleanResultPredicate  BOOLEAN_RESULT_PREDICATE  Set  BUILTIN_FUNCTIONS_WITHOUT_SIDEEFFECTS  CONSTRUCTORS_WITHOUT_SIDE_EFFECTS  OBJECT_METHODS_WITHOUT_SIDEEFFECTS  REGEXP_METHODS  STRING_REGEXP_METHODS  defines  emptySet  knownConstants  NumbericResultPredicate  NUMBERIC_RESULT_PREDICATE  boolean  MayBeStringResultPredicate  MAY_BE_STRING_PREDICATE  Node  n  String  JSC_PROPERTY_NAME_FN  childValue  name  namespaceName  rawJsString  s  value  Map  vars  int  c  end  nextSkipSlot  nextSlot  start  type  	projects/Closure80/src/com/google/javascript/jscomp/NodeUtil.java	0.4082482904638631	1264	1264	2	replace	n.setType(Token.FUNCTION  ||  n.getType()!=  Token.EMPTY)  {  return  false;  }	  if(n.getType()    ==    Token.FUNCTION    ||    n.getType()!=    Token.EMPTY)    {    return    false;    }    	non-compiled	[CE]  	121	None	replace
222	[BUG]  [BUGGY]  if(n.getType()!=  Token.FUNCTION  ||  n.getType()  ==  Token.EMPTY)  {  return  false;  }  [CE]  [FE]                          IllegalStateException      [CONTEXT]      case  Token.LE:  case  Token.GE:  case  Token.IN:  case  Token.INSTANCEOF:  case  Token.NOT:  return  true;  default:      [BUGGY]  if(n.getType()!=  Token.FUNCTION  ||  n.getType()  ==  Token.EMPTY)  {  return  false;  }  [BUGGY]      }  }  [CLASS]  NodeUtil  NumbericResultPredicate  BooleanResultPredicate  MayBeStringResultPredicate  VarCollector  MatchNameNode  MatchNodeType  MatchDeclaration  MatchNotFunction  MatchShallowStatement  [METHOD]  isBooleanResultHelper  [RETURN_TYPE]  boolean  Node  n  [VARIABLES]  BooleanResultPredicate  BOOLEAN_RESULT_PREDICATE  Set  BUILTIN_FUNCTIONS_WITHOUT_SIDEEFFECTS  CONSTRUCTORS_WITHOUT_SIDE_EFFECTS  OBJECT_METHODS_WITHOUT_SIDEEFFECTS  REGEXP_METHODS  STRING_REGEXP_METHODS  defines  emptySet  knownConstants  NumbericResultPredicate  NUMBERIC_RESULT_PREDICATE  boolean  MayBeStringResultPredicate  MAY_BE_STRING_PREDICATE  Node  n  String  JSC_PROPERTY_NAME_FN  childValue  name  namespaceName  rawJsString  s  value  Map  vars  int  c  end  nextSkipSlot  nextSlot  start  type  	projects/Closure80/src/com/google/javascript/jscomp/NodeUtil.java	0.4082482904638631	1264	1264	2	replace	if(n.getType()!=  Token.FUNCTION  ||  n.getType()  ==  Token.EMPTY)  {  return  false;  }	  if(n.getType()    ==    Token.FUNCTION    ||    n.getType()!=    Token.EMPTY)    {    return    false;    }    	non-compiled	[CE]  	121	None	replace
223	[BUG]  [BUGGY]  if(n.getType()!=  Token.FUNCTION  ||  n.getType()!=  Token.EMPTY)  {  return  false;  }  [CE]  [FE]                            IllegalStateException      [CONTEXT]      case  Token.LE:  case  Token.GE:  case  Token.IN:  case  Token.INSTANCEOF:  case  Token.NOT:  return  true;  default:      [BUGGY]  if(n.getType()!=  Token.FUNCTION  ||  n.getType()!=  Token.EMPTY)  {  return  false;  }  [BUGGY]      }  }  [CLASS]  NodeUtil  NumbericResultPredicate  BooleanResultPredicate  MayBeStringResultPredicate  VarCollector  MatchNameNode  MatchNodeType  MatchDeclaration  MatchNotFunction  MatchShallowStatement  [METHOD]  isBooleanResultHelper  [RETURN_TYPE]  boolean  Node  n  [VARIABLES]  BooleanResultPredicate  BOOLEAN_RESULT_PREDICATE  Set  BUILTIN_FUNCTIONS_WITHOUT_SIDEEFFECTS  CONSTRUCTORS_WITHOUT_SIDE_EFFECTS  OBJECT_METHODS_WITHOUT_SIDEEFFECTS  REGEXP_METHODS  STRING_REGEXP_METHODS  defines  emptySet  knownConstants  NumbericResultPredicate  NUMBERIC_RESULT_PREDICATE  boolean  MayBeStringResultPredicate  MAY_BE_STRING_PREDICATE  Node  n  String  JSC_PROPERTY_NAME_FN  childValue  name  namespaceName  rawJsString  s  value  Map  vars  int  c  end  nextSkipSlot  nextSlot  start  type  	projects/Closure80/src/com/google/javascript/jscomp/NodeUtil.java	0.4082482904638631	1264	1264	2	replace	if(n.getType()!=  Token.FUNCTION  ||  n.getType()!=  Token.EMPTY)  {  return  false;  }	  if(n.getType()    ==    Token.FUNCTION    ||    n.getType()!=    Token.EMPTY)    {    return    false;    }    	non-compiled	[CE]  	121	None	replace
224	[BUG]  [BUGGY]  if(n.getType()  ==  Token.FUNCTION  &&  n.getType()!=  Token.EMPTY)  {  return  false;  }  [CE]  [FE]                              IllegalStateException      [CONTEXT]      case  Token.LE:  case  Token.GE:  case  Token.IN:  case  Token.INSTANCEOF:  case  Token.NOT:  return  true;  default:      [BUGGY]  if(n.getType()  ==  Token.FUNCTION  &&  n.getType()!=  Token.EMPTY)  {  return  false;  }  [BUGGY]      }  }  [CLASS]  NodeUtil  NumbericResultPredicate  BooleanResultPredicate  MayBeStringResultPredicate  VarCollector  MatchNameNode  MatchNodeType  MatchDeclaration  MatchNotFunction  MatchShallowStatement  [METHOD]  isBooleanResultHelper  [RETURN_TYPE]  boolean  Node  n  [VARIABLES]  BooleanResultPredicate  BOOLEAN_RESULT_PREDICATE  Set  BUILTIN_FUNCTIONS_WITHOUT_SIDEEFFECTS  CONSTRUCTORS_WITHOUT_SIDE_EFFECTS  OBJECT_METHODS_WITHOUT_SIDEEFFECTS  REGEXP_METHODS  STRING_REGEXP_METHODS  defines  emptySet  knownConstants  NumbericResultPredicate  NUMBERIC_RESULT_PREDICATE  boolean  MayBeStringResultPredicate  MAY_BE_STRING_PREDICATE  Node  n  String  JSC_PROPERTY_NAME_FN  childValue  name  namespaceName  rawJsString  s  value  Map  vars  int  c  end  nextSkipSlot  nextSlot  start  type  	projects/Closure80/src/com/google/javascript/jscomp/NodeUtil.java	0.4082482904638631	1264	1264	2	replace	if(n.getType()  ==  Token.FUNCTION  &&  n.getType()!=  Token.EMPTY)  {  return  false;  }	  if(n.getType()    ==    Token.FUNCTION    ||    n.getType()!=    Token.EMPTY)    {    return    false;    }    	non-compiled	[CE]  	121	None	replace
225	[BUG]  [BUGGY]  return(n.getType()  ==  Token.NAME)?  BooleanResultPredicate.UNKNOWN  :  BooleanResultPredicate.UnKNOWN;  [CE]  [FE]              IllegalStateException      [CONTEXT]      case  Token.LE:  case  Token.GE:  case  Token.IN:  case  Token.INSTANCEOF:  case  Token.NOT:  return  true;  default:      [BUGGY]  return(n.getType()  ==  Token.NAME)?  BooleanResultPredicate.UNKNOWN  :  BooleanResultPredicate.UnKNOWN;  [BUGGY]      }  }  [CLASS]  NodeUtil  NumbericResultPredicate  BooleanResultPredicate  MayBeStringResultPredicate  VarCollector  MatchNameNode  MatchNodeType  MatchDeclaration  MatchNotFunction  MatchShallowStatement  [METHOD]  isBooleanResultHelper  [RETURN_TYPE]  boolean  Node  n  [VARIABLES]  BooleanResultPredicate  BOOLEAN_RESULT_PREDICATE  Set  BUILTIN_FUNCTIONS_WITHOUT_SIDEEFFECTS  CONSTRUCTORS_WITHOUT_SIDE_EFFECTS  OBJECT_METHODS_WITHOUT_SIDEEFFECTS  REGEXP_METHODS  STRING_REGEXP_METHODS  defines  emptySet  knownConstants  NumbericResultPredicate  NUMBERIC_RESULT_PREDICATE  boolean  MayBeStringResultPredicate  MAY_BE_STRING_PREDICATE  Node  n  String  JSC_PROPERTY_NAME_FN  childValue  name  namespaceName  rawJsString  s  value  Map  vars  int  c  end  nextSkipSlot  nextSlot  start  type  	projects/Closure80/src/com/google/javascript/jscomp/NodeUtil.java	0.4082482904638631	1264	1264	2	replace	return(n.getType()  ==  Token.NAME)?  BooleanResultPredicate.UNKNOWN  :  BooleanResultPredicate.UnKNOWN;	  return(n.getType()!=    Token.NAME)?    BooleanResultPredicate.UNKNOWN    :    BooleanResultPredicate.UNKNOWN;    	non-compiled	[CE]  	36	None	replace
226	[BUG]  [BUGGY]  return(n.getType()  ==  Token.NAME)?  BooleanResultPredicate.UNKNOWN  :  BooleanResultPredicate.NOT;  [CE]  [FE]                IllegalStateException      [CONTEXT]      case  Token.LE:  case  Token.GE:  case  Token.IN:  case  Token.INSTANCEOF:  case  Token.NOT:  return  true;  default:      [BUGGY]  return(n.getType()  ==  Token.NAME)?  BooleanResultPredicate.UNKNOWN  :  BooleanResultPredicate.NOT;  [BUGGY]      }  }  [CLASS]  NodeUtil  NumbericResultPredicate  BooleanResultPredicate  MayBeStringResultPredicate  VarCollector  MatchNameNode  MatchNodeType  MatchDeclaration  MatchNotFunction  MatchShallowStatement  [METHOD]  isBooleanResultHelper  [RETURN_TYPE]  boolean  Node  n  [VARIABLES]  BooleanResultPredicate  BOOLEAN_RESULT_PREDICATE  Set  BUILTIN_FUNCTIONS_WITHOUT_SIDEEFFECTS  CONSTRUCTORS_WITHOUT_SIDE_EFFECTS  OBJECT_METHODS_WITHOUT_SIDEEFFECTS  REGEXP_METHODS  STRING_REGEXP_METHODS  defines  emptySet  knownConstants  NumbericResultPredicate  NUMBERIC_RESULT_PREDICATE  boolean  MayBeStringResultPredicate  MAY_BE_STRING_PREDICATE  Node  n  String  JSC_PROPERTY_NAME_FN  childValue  name  namespaceName  rawJsString  s  value  Map  vars  int  c  end  nextSkipSlot  nextSlot  start  type  	projects/Closure80/src/com/google/javascript/jscomp/NodeUtil.java	0.4082482904638631	1264	1264	2	replace	return(n.getType()  ==  Token.NAME)?  BooleanResultPredicate.UNKNOWN  :  BooleanResultPredicate.NOT;	  return(n.getType()!=    Token.NAME)?    BooleanResultPredicate.UNKNOWN    :    BooleanResultPredicate.UNKNOWN;    	non-compiled	[CE]  	36	None	replace
227	[BUG]  [BUGGY]  Preconditions.checkState(NodeUtil.isFunctionAnonymous(n)&&  NodeUtil.isExpressionNode(n))  {  return  false;  }  [CE]  [FE]                  IllegalStateException      [CONTEXT]      case  Token.LE:  case  Token.GE:  case  Token.IN:  case  Token.INSTANCEOF:  case  Token.NOT:  return  true;  default:      [BUGGY]  Preconditions.checkState(NodeUtil.isFunctionAnonymous(n)&&  NodeUtil.isExpressionNode(n))  {  return  false;  }  [BUGGY]      }  }  [CLASS]  NodeUtil  NumbericResultPredicate  BooleanResultPredicate  MayBeStringResultPredicate  VarCollector  MatchNameNode  MatchNodeType  MatchDeclaration  MatchNotFunction  MatchShallowStatement  [METHOD]  isBooleanResultHelper  [RETURN_TYPE]  boolean  Node  n  [VARIABLES]  BooleanResultPredicate  BOOLEAN_RESULT_PREDICATE  Set  BUILTIN_FUNCTIONS_WITHOUT_SIDEEFFECTS  CONSTRUCTORS_WITHOUT_SIDE_EFFECTS  OBJECT_METHODS_WITHOUT_SIDEEFFECTS  REGEXP_METHODS  STRING_REGEXP_METHODS  defines  emptySet  knownConstants  NumbericResultPredicate  NUMBERIC_RESULT_PREDICATE  boolean  MayBeStringResultPredicate  MAY_BE_STRING_PREDICATE  Node  n  String  JSC_PROPERTY_NAME_FN  childValue  name  namespaceName  rawJsString  s  value  Map  vars  int  c  end  nextSkipSlot  nextSlot  start  type  	projects/Closure80/src/com/google/javascript/jscomp/NodeUtil.java	0.4082482904638631	1264	1264	2	replace	Preconditions.checkState(NodeUtil.isFunctionAnonymous(n)&&  NodeUtil.isExpressionNode(n))  {  return  false;  }	  Preconditions.checkState(NodeUtil.isFunctionAnonymous(n)||    NodeUtil.isExpressionNode(n))    {    return    false;    }    	non-compiled	[CE]  	85	None	replace
228	[BUG]  [BUGGY]  Preconditions.checkState(NodeUtil.isFunctionAnonymous(n)||  NodeUtil.isForIn(n))  {  return  false;  }  [CE]  [FE]                    IllegalStateException      [CONTEXT]      case  Token.LE:  case  Token.GE:  case  Token.IN:  case  Token.INSTANCEOF:  case  Token.NOT:  return  true;  default:      [BUGGY]  Preconditions.checkState(NodeUtil.isFunctionAnonymous(n)||  NodeUtil.isForIn(n))  {  return  false;  }  [BUGGY]      }  }  [CLASS]  NodeUtil  NumbericResultPredicate  BooleanResultPredicate  MayBeStringResultPredicate  VarCollector  MatchNameNode  MatchNodeType  MatchDeclaration  MatchNotFunction  MatchShallowStatement  [METHOD]  isBooleanResultHelper  [RETURN_TYPE]  boolean  Node  n  [VARIABLES]  BooleanResultPredicate  BOOLEAN_RESULT_PREDICATE  Set  BUILTIN_FUNCTIONS_WITHOUT_SIDEEFFECTS  CONSTRUCTORS_WITHOUT_SIDE_EFFECTS  OBJECT_METHODS_WITHOUT_SIDEEFFECTS  REGEXP_METHODS  STRING_REGEXP_METHODS  defines  emptySet  knownConstants  NumbericResultPredicate  NUMBERIC_RESULT_PREDICATE  boolean  MayBeStringResultPredicate  MAY_BE_STRING_PREDICATE  Node  n  String  JSC_PROPERTY_NAME_FN  childValue  name  namespaceName  rawJsString  s  value  Map  vars  int  c  end  nextSkipSlot  nextSlot  start  type  	projects/Closure80/src/com/google/javascript/jscomp/NodeUtil.java	0.4082482904638631	1264	1264	2	replace	Preconditions.checkState(NodeUtil.isFunctionAnonymous(n)||  NodeUtil.isForIn(n))  {  return  false;  }	  Preconditions.checkState(NodeUtil.isFunctionAnonymous(n)||    NodeUtil.isExpressionNode(n))    {    return    false;    }    	non-compiled	[CE]  	85	None	replace
229	[BUG]  [BUGGY]  Preconditions.checkState(NodeUtil.isExpressionAnonymous(n)||  NodeUtil.isFunctionAnonymous(n))  {  return  false;  }  [CE]  [FE]                      IllegalStateException      [CONTEXT]      case  Token.LE:  case  Token.GE:  case  Token.IN:  case  Token.INSTANCEOF:  case  Token.NOT:  return  true;  default:      [BUGGY]  Preconditions.checkState(NodeUtil.isExpressionAnonymous(n)||  NodeUtil.isFunctionAnonymous(n))  {  return  false;  }  [BUGGY]      }  }  [CLASS]  NodeUtil  NumbericResultPredicate  BooleanResultPredicate  MayBeStringResultPredicate  VarCollector  MatchNameNode  MatchNodeType  MatchDeclaration  MatchNotFunction  MatchShallowStatement  [METHOD]  isBooleanResultHelper  [RETURN_TYPE]  boolean  Node  n  [VARIABLES]  BooleanResultPredicate  BOOLEAN_RESULT_PREDICATE  Set  BUILTIN_FUNCTIONS_WITHOUT_SIDEEFFECTS  CONSTRUCTORS_WITHOUT_SIDE_EFFECTS  OBJECT_METHODS_WITHOUT_SIDEEFFECTS  REGEXP_METHODS  STRING_REGEXP_METHODS  defines  emptySet  knownConstants  NumbericResultPredicate  NUMBERIC_RESULT_PREDICATE  boolean  MayBeStringResultPredicate  MAY_BE_STRING_PREDICATE  Node  n  String  JSC_PROPERTY_NAME_FN  childValue  name  namespaceName  rawJsString  s  value  Map  vars  int  c  end  nextSkipSlot  nextSlot  start  type  	projects/Closure80/src/com/google/javascript/jscomp/NodeUtil.java	0.4082482904638631	1264	1264	2	replace	Preconditions.checkState(NodeUtil.isExpressionAnonymous(n)||  NodeUtil.isFunctionAnonymous(n))  {  return  false;  }	  Preconditions.checkState(NodeUtil.isFunctionAnonymous(n)||    NodeUtil.isExpressionNode(n))    {    return    false;    }    	non-compiled	[CE]  	85	None	replace
230	[BUG]  [BUGGY]  Preconditions.checkState(NodeUtil.isFunctionAnonymous(n)||  NodeUtil.isVarDeclaration(n))  {  return  false;  }  [CE]  [FE]                        IllegalStateException      [CONTEXT]      case  Token.LE:  case  Token.GE:  case  Token.IN:  case  Token.INSTANCEOF:  case  Token.NOT:  return  true;  default:      [BUGGY]  Preconditions.checkState(NodeUtil.isFunctionAnonymous(n)||  NodeUtil.isVarDeclaration(n))  {  return  false;  }  [BUGGY]      }  }  [CLASS]  NodeUtil  NumbericResultPredicate  BooleanResultPredicate  MayBeStringResultPredicate  VarCollector  MatchNameNode  MatchNodeType  MatchDeclaration  MatchNotFunction  MatchShallowStatement  [METHOD]  isBooleanResultHelper  [RETURN_TYPE]  boolean  Node  n  [VARIABLES]  BooleanResultPredicate  BOOLEAN_RESULT_PREDICATE  Set  BUILTIN_FUNCTIONS_WITHOUT_SIDEEFFECTS  CONSTRUCTORS_WITHOUT_SIDE_EFFECTS  OBJECT_METHODS_WITHOUT_SIDEEFFECTS  REGEXP_METHODS  STRING_REGEXP_METHODS  defines  emptySet  knownConstants  NumbericResultPredicate  NUMBERIC_RESULT_PREDICATE  boolean  MayBeStringResultPredicate  MAY_BE_STRING_PREDICATE  Node  n  String  JSC_PROPERTY_NAME_FN  childValue  name  namespaceName  rawJsString  s  value  Map  vars  int  c  end  nextSkipSlot  nextSlot  start  type  	projects/Closure80/src/com/google/javascript/jscomp/NodeUtil.java	0.4082482904638631	1264	1264	2	replace	Preconditions.checkState(NodeUtil.isFunctionAnonymous(n)||  NodeUtil.isVarDeclaration(n))  {  return  false;  }	  Preconditions.checkState(NodeUtil.isFunctionAnonymous(n)||    NodeUtil.isExpressionNode(n))    {    return    false;    }    	non-compiled	[CE]  	85	None	replace
231	[BUG]  [BUGGY]  n.setString(JSC_PROPERTY_NAME_FN  +  1);  [CE]  [FE]                            IllegalStateException      [CONTEXT]      case  Token.LE:  case  Token.GE:  case  Token.IN:  case  Token.INSTANCEOF:  case  Token.NOT:  return  true;  default:      [BUGGY]  n.setString(JSC_PROPERTY_NAME_FN  +  1);  [BUGGY]      }  }  [CLASS]  NodeUtil  NumbericResultPredicate  BooleanResultPredicate  MayBeStringResultPredicate  VarCollector  MatchNameNode  MatchNodeType  MatchDeclaration  MatchNotFunction  MatchShallowStatement  [METHOD]  isBooleanResultHelper  [RETURN_TYPE]  boolean  Node  n  [VARIABLES]  BooleanResultPredicate  BOOLEAN_RESULT_PREDICATE  Set  BUILTIN_FUNCTIONS_WITHOUT_SIDEEFFECTS  CONSTRUCTORS_WITHOUT_SIDE_EFFECTS  OBJECT_METHODS_WITHOUT_SIDEEFFECTS  REGEXP_METHODS  STRING_REGEXP_METHODS  defines  emptySet  knownConstants  NumbericResultPredicate  NUMBERIC_RESULT_PREDICATE  boolean  MayBeStringResultPredicate  MAY_BE_STRING_PREDICATE  Node  n  String  JSC_PROPERTY_NAME_FN  childValue  name  namespaceName  rawJsString  s  value  Map  vars  int  c  end  nextSkipSlot  nextSlot  start  type  	projects/Closure80/src/com/google/javascript/jscomp/NodeUtil.java	0.4082482904638631	1264	1264	2	replace	n.setString(JSC_PROPERTY_NAME_FN  +  1);	  n.setString(JSC_PROPERTY_NAME_FN);    	non-compiled	[CE]  	69	None	replace
232	[BUG]  [BUGGY]  n.setString(JSC_PROPERTY_NAME_FN).replaceChild(n,  JSC_PROPERTY_NAME_FN);  [CE]  [FE]                              IllegalStateException      [CONTEXT]      case  Token.LE:  case  Token.GE:  case  Token.IN:  case  Token.INSTANCEOF:  case  Token.NOT:  return  true;  default:      [BUGGY]  n.setString(JSC_PROPERTY_NAME_FN).replaceChild(n,  JSC_PROPERTY_NAME_FN);  [BUGGY]      }  }  [CLASS]  NodeUtil  NumbericResultPredicate  BooleanResultPredicate  MayBeStringResultPredicate  VarCollector  MatchNameNode  MatchNodeType  MatchDeclaration  MatchNotFunction  MatchShallowStatement  [METHOD]  isBooleanResultHelper  [RETURN_TYPE]  boolean  Node  n  [VARIABLES]  BooleanResultPredicate  BOOLEAN_RESULT_PREDICATE  Set  BUILTIN_FUNCTIONS_WITHOUT_SIDEEFFECTS  CONSTRUCTORS_WITHOUT_SIDE_EFFECTS  OBJECT_METHODS_WITHOUT_SIDEEFFECTS  REGEXP_METHODS  STRING_REGEXP_METHODS  defines  emptySet  knownConstants  NumbericResultPredicate  NUMBERIC_RESULT_PREDICATE  boolean  MayBeStringResultPredicate  MAY_BE_STRING_PREDICATE  Node  n  String  JSC_PROPERTY_NAME_FN  childValue  name  namespaceName  rawJsString  s  value  Map  vars  int  c  end  nextSkipSlot  nextSlot  start  type  	projects/Closure80/src/com/google/javascript/jscomp/NodeUtil.java	0.4082482904638631	1264	1264	2	replace	n.setString(JSC_PROPERTY_NAME_FN).replaceChild(n,  JSC_PROPERTY_NAME_FN);	  n.setString(JSC_PROPERTY_NAME_FN);    	non-compiled	[CE]  	69	None	replace
233	[BUG]  [BUGGY]  n.setString(JSC_PROPERTY_NAME_FN  + ": ");  [CE]  [FE]                                IllegalStateException      [CONTEXT]      case  Token.LE:  case  Token.GE:  case  Token.IN:  case  Token.INSTANCEOF:  case  Token.NOT:  return  true;  default:      [BUGGY]  n.setString(JSC_PROPERTY_NAME_FN  + ": ");  [BUGGY]      }  }  [CLASS]  NodeUtil  NumbericResultPredicate  BooleanResultPredicate  MayBeStringResultPredicate  VarCollector  MatchNameNode  MatchNodeType  MatchDeclaration  MatchNotFunction  MatchShallowStatement  [METHOD]  isBooleanResultHelper  [RETURN_TYPE]  boolean  Node  n  [VARIABLES]  BooleanResultPredicate  BOOLEAN_RESULT_PREDICATE  Set  BUILTIN_FUNCTIONS_WITHOUT_SIDEEFFECTS  CONSTRUCTORS_WITHOUT_SIDE_EFFECTS  OBJECT_METHODS_WITHOUT_SIDEEFFECTS  REGEXP_METHODS  STRING_REGEXP_METHODS  defines  emptySet  knownConstants  NumbericResultPredicate  NUMBERIC_RESULT_PREDICATE  boolean  MayBeStringResultPredicate  MAY_BE_STRING_PREDICATE  Node  n  String  JSC_PROPERTY_NAME_FN  childValue  name  namespaceName  rawJsString  s  value  Map  vars  int  c  end  nextSkipSlot  nextSlot  start  type  	projects/Closure80/src/com/google/javascript/jscomp/NodeUtil.java	0.4082482904638631	1264	1264	2	replace	n.setString(JSC_PROPERTY_NAME_FN  + ": ");	  n.setString(JSC_PROPERTY_NAME_FN);    	non-compiled	[CE]  	69	None	replace
234	[BUG]  [BUGGY]  n.setString(JSC_PROPERTY_NAME_FN,  JSC_PROPERTY_NAME_PREDICATE);  [CE]  [FE]                                  IllegalStateException      [CONTEXT]      case  Token.LE:  case  Token.GE:  case  Token.IN:  case  Token.INSTANCEOF:  case  Token.NOT:  return  true;  default:      [BUGGY]  n.setString(JSC_PROPERTY_NAME_FN,  JSC_PROPERTY_NAME_PREDICATE);  [BUGGY]      }  }  [CLASS]  NodeUtil  NumbericResultPredicate  BooleanResultPredicate  MayBeStringResultPredicate  VarCollector  MatchNameNode  MatchNodeType  MatchDeclaration  MatchNotFunction  MatchShallowStatement  [METHOD]  isBooleanResultHelper  [RETURN_TYPE]  boolean  Node  n  [VARIABLES]  BooleanResultPredicate  BOOLEAN_RESULT_PREDICATE  Set  BUILTIN_FUNCTIONS_WITHOUT_SIDEEFFECTS  CONSTRUCTORS_WITHOUT_SIDE_EFFECTS  OBJECT_METHODS_WITHOUT_SIDEEFFECTS  REGEXP_METHODS  STRING_REGEXP_METHODS  defines  emptySet  knownConstants  NumbericResultPredicate  NUMBERIC_RESULT_PREDICATE  boolean  MayBeStringResultPredicate  MAY_BE_STRING_PREDICATE  Node  n  String  JSC_PROPERTY_NAME_FN  childValue  name  namespaceName  rawJsString  s  value  Map  vars  int  c  end  nextSkipSlot  nextSlot  start  type  	projects/Closure80/src/com/google/javascript/jscomp/NodeUtil.java	0.4082482904638631	1264	1264	2	replace	n.setString(JSC_PROPERTY_NAME_FN,  JSC_PROPERTY_NAME_PREDICATE);	  n.setString(JSC_PROPERTY_NAME_FN);    	non-compiled	[CE]  	69	None	replace
235	[BUG]  [BUGGY]  if(n.getType()  ==  Token.GETPROP  &&  n.getType()  ==  Token.FUNCTION)  {  return  false;  }  [CE]  [FE]                            IllegalStateException      [CONTEXT]      case  Token.LE:  case  Token.GE:  case  Token.IN:  case  Token.INSTANCEOF:  case  Token.NOT:  return  true;  default:      [BUGGY]  if(n.getType()  ==  Token.GETPROP  &&  n.getType()  ==  Token.FUNCTION)  {  return  false;  }  [BUGGY]      }  }  [CLASS]  NodeUtil  NumbericResultPredicate  BooleanResultPredicate  MayBeStringResultPredicate  VarCollector  MatchNameNode  MatchNodeType  MatchDeclaration  MatchNotFunction  MatchShallowStatement  [METHOD]  isBooleanResultHelper  [RETURN_TYPE]  boolean  Node  n  [VARIABLES]  BooleanResultPredicate  BOOLEAN_RESULT_PREDICATE  Set  BUILTIN_FUNCTIONS_WITHOUT_SIDEEFFECTS  CONSTRUCTORS_WITHOUT_SIDE_EFFECTS  OBJECT_METHODS_WITHOUT_SIDEEFFECTS  REGEXP_METHODS  STRING_REGEXP_METHODS  defines  emptySet  knownConstants  NumbericResultPredicate  NUMBERIC_RESULT_PREDICATE  boolean  MayBeStringResultPredicate  MAY_BE_STRING_PREDICATE  Node  n  String  JSC_PROPERTY_NAME_FN  childValue  name  namespaceName  rawJsString  s  value  Map  vars  int  c  end  nextSkipSlot  nextSlot  start  type  	projects/Closure80/src/com/google/javascript/jscomp/NodeUtil.java	0.4082482904638631	1264	1264	2	replace	if(n.getType()  ==  Token.GETPROP  &&  n.getType()  ==  Token.FUNCTION)  {  return  false;  }	  if(n.getType()    ==    Token.GETPROP    ||    n.getType()    ==    Token.FUNCTION)    {    return    false;    }    	non-compiled	[CE]  	63	None	replace
236	[BUG]  [BUGGY]  n.getType()  ==  Token.GETPROP  &&  n.getType()  ==  Token.FUNCTION)  {  return  false;  }  [CE]  [FE]                              IllegalStateException      [CONTEXT]      case  Token.LE:  case  Token.GE:  case  Token.IN:  case  Token.INSTANCEOF:  case  Token.NOT:  return  true;  default:      [BUGGY]  n.getType()  ==  Token.GETPROP  &&  n.getType()  ==  Token.FUNCTION)  {  return  false;  }  [BUGGY]      }  }  [CLASS]  NodeUtil  NumbericResultPredicate  BooleanResultPredicate  MayBeStringResultPredicate  VarCollector  MatchNameNode  MatchNodeType  MatchDeclaration  MatchNotFunction  MatchShallowStatement  [METHOD]  isBooleanResultHelper  [RETURN_TYPE]  boolean  Node  n  [VARIABLES]  BooleanResultPredicate  BOOLEAN_RESULT_PREDICATE  Set  BUILTIN_FUNCTIONS_WITHOUT_SIDEEFFECTS  CONSTRUCTORS_WITHOUT_SIDE_EFFECTS  OBJECT_METHODS_WITHOUT_SIDEEFFECTS  REGEXP_METHODS  STRING_REGEXP_METHODS  defines  emptySet  knownConstants  NumbericResultPredicate  NUMBERIC_RESULT_PREDICATE  boolean  MayBeStringResultPredicate  MAY_BE_STRING_PREDICATE  Node  n  String  JSC_PROPERTY_NAME_FN  childValue  name  namespaceName  rawJsString  s  value  Map  vars  int  c  end  nextSkipSlot  nextSlot  start  type  	projects/Closure80/src/com/google/javascript/jscomp/NodeUtil.java	0.4082482904638631	1264	1264	2	replace	n.getType()  ==  Token.GETPROP  &&  n.getType()  ==  Token.FUNCTION)  {  return  false;  }	  if(n.getType()    ==    Token.GETPROP    ||    n.getType()    ==    Token.FUNCTION)    {    return    false;    }    	non-compiled	[CE]  	63	None	replace
237	[BUG]  [BUGGY]  n.setType(Token.GETPROP)||  n.getType()  ==  Token.FUNCTION)  {  return  false;  }  [CE]  [FE]                                IllegalStateException      [CONTEXT]      case  Token.LE:  case  Token.GE:  case  Token.IN:  case  Token.INSTANCEOF:  case  Token.NOT:  return  true;  default:      [BUGGY]  n.setType(Token.GETPROP)||  n.getType()  ==  Token.FUNCTION)  {  return  false;  }  [BUGGY]      }  }  [CLASS]  NodeUtil  NumbericResultPredicate  BooleanResultPredicate  MayBeStringResultPredicate  VarCollector  MatchNameNode  MatchNodeType  MatchDeclaration  MatchNotFunction  MatchShallowStatement  [METHOD]  isBooleanResultHelper  [RETURN_TYPE]  boolean  Node  n  [VARIABLES]  BooleanResultPredicate  BOOLEAN_RESULT_PREDICATE  Set  BUILTIN_FUNCTIONS_WITHOUT_SIDEEFFECTS  CONSTRUCTORS_WITHOUT_SIDE_EFFECTS  OBJECT_METHODS_WITHOUT_SIDEEFFECTS  REGEXP_METHODS  STRING_REGEXP_METHODS  defines  emptySet  knownConstants  NumbericResultPredicate  NUMBERIC_RESULT_PREDICATE  boolean  MayBeStringResultPredicate  MAY_BE_STRING_PREDICATE  Node  n  String  JSC_PROPERTY_NAME_FN  childValue  name  namespaceName  rawJsString  s  value  Map  vars  int  c  end  nextSkipSlot  nextSlot  start  type  	projects/Closure80/src/com/google/javascript/jscomp/NodeUtil.java	0.4082482904638631	1264	1264	2	replace	n.setType(Token.GETPROP)||  n.getType()  ==  Token.FUNCTION)  {  return  false;  }	  if(n.getType()    ==    Token.GETPROP    ||    n.getType()    ==    Token.FUNCTION)    {    return    false;    }    	non-compiled	[CE]  	63	None	replace
238	[BUG]  [BUGGY]  n.getType()  ==  Token.GETPROP  ||  n.getType()  ==  Token.FUNCTION)  {  return  false;  }  [CE]  [FE]                                  IllegalStateException      [CONTEXT]      case  Token.LE:  case  Token.GE:  case  Token.IN:  case  Token.INSTANCEOF:  case  Token.NOT:  return  true;  default:      [BUGGY]  n.getType()  ==  Token.GETPROP  ||  n.getType()  ==  Token.FUNCTION)  {  return  false;  }  [BUGGY]      }  }  [CLASS]  NodeUtil  NumbericResultPredicate  BooleanResultPredicate  MayBeStringResultPredicate  VarCollector  MatchNameNode  MatchNodeType  MatchDeclaration  MatchNotFunction  MatchShallowStatement  [METHOD]  isBooleanResultHelper  [RETURN_TYPE]  boolean  Node  n  [VARIABLES]  BooleanResultPredicate  BOOLEAN_RESULT_PREDICATE  Set  BUILTIN_FUNCTIONS_WITHOUT_SIDEEFFECTS  CONSTRUCTORS_WITHOUT_SIDE_EFFECTS  OBJECT_METHODS_WITHOUT_SIDEEFFECTS  REGEXP_METHODS  STRING_REGEXP_METHODS  defines  emptySet  knownConstants  NumbericResultPredicate  NUMBERIC_RESULT_PREDICATE  boolean  MayBeStringResultPredicate  MAY_BE_STRING_PREDICATE  Node  n  String  JSC_PROPERTY_NAME_FN  childValue  name  namespaceName  rawJsString  s  value  Map  vars  int  c  end  nextSkipSlot  nextSlot  start  type  	projects/Closure80/src/com/google/javascript/jscomp/NodeUtil.java	0.4082482904638631	1264	1264	2	replace	n.getType()  ==  Token.GETPROP  ||  n.getType()  ==  Token.FUNCTION)  {  return  false;  }	  if(n.getType()    ==    Token.GETPROP    ||    n.getType()    ==    Token.FUNCTION)    {    return    false;    }    	non-compiled	[CE]  	63	None	replace
239	[BUG]  [BUGGY]  ||  n.getType()  ==  Token.GETPROP)  {  return  false;  }  [CE]  [FE]                                    IllegalStateException      [CONTEXT]      case  Token.LE:  case  Token.GE:  case  Token.IN:  case  Token.INSTANCEOF:  case  Token.NOT:  return  true;  default:      [BUGGY]  ||  n.getType()  ==  Token.GETPROP)  {  return  false;  }  [BUGGY]      }  }  [CLASS]  NodeUtil  NumbericResultPredicate  BooleanResultPredicate  MayBeStringResultPredicate  VarCollector  MatchNameNode  MatchNodeType  MatchDeclaration  MatchNotFunction  MatchShallowStatement  [METHOD]  isBooleanResultHelper  [RETURN_TYPE]  boolean  Node  n  [VARIABLES]  BooleanResultPredicate  BOOLEAN_RESULT_PREDICATE  Set  BUILTIN_FUNCTIONS_WITHOUT_SIDEEFFECTS  CONSTRUCTORS_WITHOUT_SIDE_EFFECTS  OBJECT_METHODS_WITHOUT_SIDEEFFECTS  REGEXP_METHODS  STRING_REGEXP_METHODS  defines  emptySet  knownConstants  NumbericResultPredicate  NUMBERIC_RESULT_PREDICATE  boolean  MayBeStringResultPredicate  MAY_BE_STRING_PREDICATE  Node  n  String  JSC_PROPERTY_NAME_FN  childValue  name  namespaceName  rawJsString  s  value  Map  vars  int  c  end  nextSkipSlot  nextSlot  start  type  	projects/Closure80/src/com/google/javascript/jscomp/NodeUtil.java	0.4082482904638631	1264	1264	2	replace	||  n.getType()  ==  Token.GETPROP)  {  return  false;  }	  if(n.getType()    ==    Token.GETPROP    ||    n.getType()    ==    Token.FUNCTION)    {    return    false;    }    	non-compiled	[CE]  	63	None	replace
240	[BUG]  [BUGGY]  Node  c  =  n.getFirstChild();  c!=  null;  c  =  c.getNext())  {  Node  n  =  c.getNext();  if(n.getType()  ==  Token.NAME)  {  return  false;  }  [CE]  [FE]                          IllegalStateException      [CONTEXT]      case  Token.LE:  case  Token.GE:  case  Token.IN:  case  Token.INSTANCEOF:  case  Token.NOT:  return  true;  default:      [BUGGY]  Node  c  =  n.getFirstChild();  c!=  null;  c  =  c.getNext())  {  Node  n  =  c.getNext();  if(n.getType()  ==  Token.NAME)  {  return  false;  }  [BUGGY]      }  }  [CLASS]  NodeUtil  NumbericResultPredicate  BooleanResultPredicate  MayBeStringResultPredicate  VarCollector  MatchNameNode  MatchNodeType  MatchDeclaration  MatchNotFunction  MatchShallowStatement  [METHOD]  isBooleanResultHelper  [RETURN_TYPE]  boolean  Node  n  [VARIABLES]  BooleanResultPredicate  BOOLEAN_RESULT_PREDICATE  Set  BUILTIN_FUNCTIONS_WITHOUT_SIDEEFFECTS  CONSTRUCTORS_WITHOUT_SIDE_EFFECTS  OBJECT_METHODS_WITHOUT_SIDEEFFECTS  REGEXP_METHODS  STRING_REGEXP_METHODS  defines  emptySet  knownConstants  NumbericResultPredicate  NUMBERIC_RESULT_PREDICATE  boolean  MayBeStringResultPredicate  MAY_BE_STRING_PREDICATE  Node  n  String  JSC_PROPERTY_NAME_FN  childValue  name  namespaceName  rawJsString  s  value  Map  vars  int  c  end  nextSkipSlot  nextSlot  start  type  	projects/Closure80/src/com/google/javascript/jscomp/NodeUtil.java	0.4082482904638631	1264	1264	2	replace	Node  c  =  n.getFirstChild();  c!=  null;  c  =  c.getNext())  {  Node  n  =  c.getNext();  if(n.getType()  ==  Token.NAME)  {  return  false;  }	  for(Node    c    =    n.getFirstChild();    c!=    null;    c    =    c.getNext())    {    Node    n    =    c.getNext();    if(n.getType()    ==    Token.NAME)    {    return    false;    }    	non-compiled	[CE]  	144	None	replace
241	[BUG]  [BUGGY]  Node  c  =  n.getFirstChild();  c!=  null;  c  =  c.getNext())  {  Node  n  =  c.getNext();  if(n.getType()  ==  Token.NAME)  {  return  false  [CE]  [FE]                            IllegalStateException      [CONTEXT]      case  Token.LE:  case  Token.GE:  case  Token.IN:  case  Token.INSTANCEOF:  case  Token.NOT:  return  true;  default:      [BUGGY]  Node  c  =  n.getFirstChild();  c!=  null;  c  =  c.getNext())  {  Node  n  =  c.getNext();  if(n.getType()  ==  Token.NAME)  {  return  false  [BUGGY]      }  }  [CLASS]  NodeUtil  NumbericResultPredicate  BooleanResultPredicate  MayBeStringResultPredicate  VarCollector  MatchNameNode  MatchNodeType  MatchDeclaration  MatchNotFunction  MatchShallowStatement  [METHOD]  isBooleanResultHelper  [RETURN_TYPE]  boolean  Node  n  [VARIABLES]  BooleanResultPredicate  BOOLEAN_RESULT_PREDICATE  Set  BUILTIN_FUNCTIONS_WITHOUT_SIDEEFFECTS  CONSTRUCTORS_WITHOUT_SIDE_EFFECTS  OBJECT_METHODS_WITHOUT_SIDEEFFECTS  REGEXP_METHODS  STRING_REGEXP_METHODS  defines  emptySet  knownConstants  NumbericResultPredicate  NUMBERIC_RESULT_PREDICATE  boolean  MayBeStringResultPredicate  MAY_BE_STRING_PREDICATE  Node  n  String  JSC_PROPERTY_NAME_FN  childValue  name  namespaceName  rawJsString  s  value  Map  vars  int  c  end  nextSkipSlot  nextSlot  start  type  	projects/Closure80/src/com/google/javascript/jscomp/NodeUtil.java	0.4082482904638631	1264	1264	2	replace	Node  c  =  n.getFirstChild();  c!=  null;  c  =  c.getNext())  {  Node  n  =  c.getNext();  if(n.getType()  ==  Token.NAME)  {  return  false	  for(Node    c    =    n.getFirstChild();    c!=    null;    c    =    c.getNext())    {    Node    n    =    c.getNext();    if(n.getType()    ==    Token.NAME)    {    return    false;    }    	non-compiled	[CE]  	144	None	replace
242	[BUG]  [BUGGY]  for(Node  c  =  n.getFirstChild();  c!=  null;  c  =  c.getNext())  {  Node  n  =  c.getNext();  if(n.getType()  ==  Token.NAME)  {  return  true;  }  [CE]  [FE]                              IllegalStateException      [CONTEXT]      case  Token.LE:  case  Token.GE:  case  Token.IN:  case  Token.INSTANCEOF:  case  Token.NOT:  return  true;  default:      [BUGGY]  for(Node  c  =  n.getFirstChild();  c!=  null;  c  =  c.getNext())  {  Node  n  =  c.getNext();  if(n.getType()  ==  Token.NAME)  {  return  true;  }  [BUGGY]      }  }  [CLASS]  NodeUtil  NumbericResultPredicate  BooleanResultPredicate  MayBeStringResultPredicate  VarCollector  MatchNameNode  MatchNodeType  MatchDeclaration  MatchNotFunction  MatchShallowStatement  [METHOD]  isBooleanResultHelper  [RETURN_TYPE]  boolean  Node  n  [VARIABLES]  BooleanResultPredicate  BOOLEAN_RESULT_PREDICATE  Set  BUILTIN_FUNCTIONS_WITHOUT_SIDEEFFECTS  CONSTRUCTORS_WITHOUT_SIDE_EFFECTS  OBJECT_METHODS_WITHOUT_SIDEEFFECTS  REGEXP_METHODS  STRING_REGEXP_METHODS  defines  emptySet  knownConstants  NumbericResultPredicate  NUMBERIC_RESULT_PREDICATE  boolean  MayBeStringResultPredicate  MAY_BE_STRING_PREDICATE  Node  n  String  JSC_PROPERTY_NAME_FN  childValue  name  namespaceName  rawJsString  s  value  Map  vars  int  c  end  nextSkipSlot  nextSlot  start  type  	projects/Closure80/src/com/google/javascript/jscomp/NodeUtil.java	0.4082482904638631	1264	1264	2	replace	for(Node  c  =  n.getFirstChild();  c!=  null;  c  =  c.getNext())  {  Node  n  =  c.getNext();  if(n.getType()  ==  Token.NAME)  {  return  true;  }	  for(Node    c    =    n.getFirstChild();    c!=    null;    c    =    c.getNext())    {    Node    n    =    c.getNext();    if(n.getType()    ==    Token.NAME)    {    return    false;    }    	non-compiled	[CE]  	144	None	replace
243	[BUG]  [BUGGY]  Node  c  =  n.getFirstChild();  c!=  null;  c  =  c.getNext())  {  Node  n  =  c.getNext();  if(n.getType()  ==  Token.NAME)  {  return  true;  }  [CE]  [FE]                                IllegalStateException      [CONTEXT]      case  Token.LE:  case  Token.GE:  case  Token.IN:  case  Token.INSTANCEOF:  case  Token.NOT:  return  true;  default:      [BUGGY]  Node  c  =  n.getFirstChild();  c!=  null;  c  =  c.getNext())  {  Node  n  =  c.getNext();  if(n.getType()  ==  Token.NAME)  {  return  true;  }  [BUGGY]      }  }  [CLASS]  NodeUtil  NumbericResultPredicate  BooleanResultPredicate  MayBeStringResultPredicate  VarCollector  MatchNameNode  MatchNodeType  MatchDeclaration  MatchNotFunction  MatchShallowStatement  [METHOD]  isBooleanResultHelper  [RETURN_TYPE]  boolean  Node  n  [VARIABLES]  BooleanResultPredicate  BOOLEAN_RESULT_PREDICATE  Set  BUILTIN_FUNCTIONS_WITHOUT_SIDEEFFECTS  CONSTRUCTORS_WITHOUT_SIDE_EFFECTS  OBJECT_METHODS_WITHOUT_SIDEEFFECTS  REGEXP_METHODS  STRING_REGEXP_METHODS  defines  emptySet  knownConstants  NumbericResultPredicate  NUMBERIC_RESULT_PREDICATE  boolean  MayBeStringResultPredicate  MAY_BE_STRING_PREDICATE  Node  n  String  JSC_PROPERTY_NAME_FN  childValue  name  namespaceName  rawJsString  s  value  Map  vars  int  c  end  nextSkipSlot  nextSlot  start  type  	projects/Closure80/src/com/google/javascript/jscomp/NodeUtil.java	0.4082482904638631	1264	1264	2	replace	Node  c  =  n.getFirstChild();  c!=  null;  c  =  c.getNext())  {  Node  n  =  c.getNext();  if(n.getType()  ==  Token.NAME)  {  return  true;  }	  for(Node    c    =    n.getFirstChild();    c!=    null;    c    =    c.getNext())    {    Node    n    =    c.getNext();    if(n.getType()    ==    Token.NAME)    {    return    false;    }    	non-compiled	[CE]  	144	None	replace
244	[BUG]  [BUGGY]  Node  c  =  n.getFirstChild();  c  ==  null;  c  =  c.getNext())  {  Node  n  =  c.getNext();  if(n.getType()  ==  Token.NAME)  {  return  false;  }  [CE]  [FE]                                  IllegalStateException      [CONTEXT]      case  Token.LE:  case  Token.GE:  case  Token.IN:  case  Token.INSTANCEOF:  case  Token.NOT:  return  true;  default:      [BUGGY]  Node  c  =  n.getFirstChild();  c  ==  null;  c  =  c.getNext())  {  Node  n  =  c.getNext();  if(n.getType()  ==  Token.NAME)  {  return  false;  }  [BUGGY]      }  }  [CLASS]  NodeUtil  NumbericResultPredicate  BooleanResultPredicate  MayBeStringResultPredicate  VarCollector  MatchNameNode  MatchNodeType  MatchDeclaration  MatchNotFunction  MatchShallowStatement  [METHOD]  isBooleanResultHelper  [RETURN_TYPE]  boolean  Node  n  [VARIABLES]  BooleanResultPredicate  BOOLEAN_RESULT_PREDICATE  Set  BUILTIN_FUNCTIONS_WITHOUT_SIDEEFFECTS  CONSTRUCTORS_WITHOUT_SIDE_EFFECTS  OBJECT_METHODS_WITHOUT_SIDEEFFECTS  REGEXP_METHODS  STRING_REGEXP_METHODS  defines  emptySet  knownConstants  NumbericResultPredicate  NUMBERIC_RESULT_PREDICATE  boolean  MayBeStringResultPredicate  MAY_BE_STRING_PREDICATE  Node  n  String  JSC_PROPERTY_NAME_FN  childValue  name  namespaceName  rawJsString  s  value  Map  vars  int  c  end  nextSkipSlot  nextSlot  start  type  	projects/Closure80/src/com/google/javascript/jscomp/NodeUtil.java	0.4082482904638631	1264	1264	2	replace	Node  c  =  n.getFirstChild();  c  ==  null;  c  =  c.getNext())  {  Node  n  =  c.getNext();  if(n.getType()  ==  Token.NAME)  {  return  false;  }	  for(Node    c    =    n.getFirstChild();    c!=    null;    c    =    c.getNext())    {    Node    n    =    c.getNext();    if(n.getType()    ==    Token.NAME)    {    return    false;    }    	non-compiled	[CE]  	144	None	replace
245	[BUG]  [BUGGY]  NodeUtil.isFunctionAnonymous(n)&&  NodeUtil.isStatementBlock(n))  {  return  true;  }  [CE]  [FE]                IllegalStateException      [CONTEXT]      case  Token.LE:  case  Token.GE:  case  Token.IN:  case  Token.INSTANCEOF:  case  Token.NOT:  return  true;  default:      [BUGGY]  NodeUtil.isFunctionAnonymous(n)&&  NodeUtil.isStatementBlock(n))  {  return  true;  }  [BUGGY]      }  }  [CLASS]  NodeUtil  NumbericResultPredicate  BooleanResultPredicate  MayBeStringResultPredicate  VarCollector  MatchNameNode  MatchNodeType  MatchDeclaration  MatchNotFunction  MatchShallowStatement  [METHOD]  isBooleanResultHelper  [RETURN_TYPE]  boolean  Node  n  [VARIABLES]  BooleanResultPredicate  BOOLEAN_RESULT_PREDICATE  Set  BUILTIN_FUNCTIONS_WITHOUT_SIDEEFFECTS  CONSTRUCTORS_WITHOUT_SIDE_EFFECTS  OBJECT_METHODS_WITHOUT_SIDEEFFECTS  REGEXP_METHODS  STRING_REGEXP_METHODS  defines  emptySet  knownConstants  NumbericResultPredicate  NUMBERIC_RESULT_PREDICATE  boolean  MayBeStringResultPredicate  MAY_BE_STRING_PREDICATE  Node  n  String  JSC_PROPERTY_NAME_FN  childValue  name  namespaceName  rawJsString  s  value  Map  vars  int  c  end  nextSkipSlot  nextSlot  start  type  	projects/Closure80/src/com/google/javascript/jscomp/NodeUtil.java	0.4082482904638631	1264	1264	2	replace	NodeUtil.isFunctionAnonymous(n)&&  NodeUtil.isStatementBlock(n))  {  return  true;  }	  if(NodeUtil.isFunctionAnonymous(n)||    NodeUtil.isStatementBlock(n))    {    return    true;    }    	non-compiled	[CE]  	159	None	replace
246	[BUG]  [BUGGY]  Context.checkState(NodeUtil.isFunctionAnonymous(n)||  NodeUtil.isStatementBlock(n))  {  return  true;  }  [CE]  [FE]                  IllegalStateException      [CONTEXT]      case  Token.LE:  case  Token.GE:  case  Token.IN:  case  Token.INSTANCEOF:  case  Token.NOT:  return  true;  default:      [BUGGY]  Context.checkState(NodeUtil.isFunctionAnonymous(n)||  NodeUtil.isStatementBlock(n))  {  return  true;  }  [BUGGY]      }  }  [CLASS]  NodeUtil  NumbericResultPredicate  BooleanResultPredicate  MayBeStringResultPredicate  VarCollector  MatchNameNode  MatchNodeType  MatchDeclaration  MatchNotFunction  MatchShallowStatement  [METHOD]  isBooleanResultHelper  [RETURN_TYPE]  boolean  Node  n  [VARIABLES]  BooleanResultPredicate  BOOLEAN_RESULT_PREDICATE  Set  BUILTIN_FUNCTIONS_WITHOUT_SIDEEFFECTS  CONSTRUCTORS_WITHOUT_SIDE_EFFECTS  OBJECT_METHODS_WITHOUT_SIDEEFFECTS  REGEXP_METHODS  STRING_REGEXP_METHODS  defines  emptySet  knownConstants  NumbericResultPredicate  NUMBERIC_RESULT_PREDICATE  boolean  MayBeStringResultPredicate  MAY_BE_STRING_PREDICATE  Node  n  String  JSC_PROPERTY_NAME_FN  childValue  name  namespaceName  rawJsString  s  value  Map  vars  int  c  end  nextSkipSlot  nextSlot  start  type  	projects/Closure80/src/com/google/javascript/jscomp/NodeUtil.java	0.4082482904638631	1264	1264	2	replace	Context.checkState(NodeUtil.isFunctionAnonymous(n)||  NodeUtil.isStatementBlock(n))  {  return  true;  }	  if(NodeUtil.isFunctionAnonymous(n)||    NodeUtil.isStatementBlock(n))    {    return    true;    }    	non-compiled	[CE]  	159	None	replace
247	[BUG]  [BUGGY]  Preconditions.checkState(NodeUtil.isFunctionAnonymous(n)||  NodeUtil.isStatementBlock(n))  {  return  true;  }  [CE]  [FE]                    IllegalStateException      [CONTEXT]      case  Token.LE:  case  Token.GE:  case  Token.IN:  case  Token.INSTANCEOF:  case  Token.NOT:  return  true;  default:      [BUGGY]  Preconditions.checkState(NodeUtil.isFunctionAnonymous(n)||  NodeUtil.isStatementBlock(n))  {  return  true;  }  [BUGGY]      }  }  [CLASS]  NodeUtil  NumbericResultPredicate  BooleanResultPredicate  MayBeStringResultPredicate  VarCollector  MatchNameNode  MatchNodeType  MatchDeclaration  MatchNotFunction  MatchShallowStatement  [METHOD]  isBooleanResultHelper  [RETURN_TYPE]  boolean  Node  n  [VARIABLES]  BooleanResultPredicate  BOOLEAN_RESULT_PREDICATE  Set  BUILTIN_FUNCTIONS_WITHOUT_SIDEEFFECTS  CONSTRUCTORS_WITHOUT_SIDE_EFFECTS  OBJECT_METHODS_WITHOUT_SIDEEFFECTS  REGEXP_METHODS  STRING_REGEXP_METHODS  defines  emptySet  knownConstants  NumbericResultPredicate  NUMBERIC_RESULT_PREDICATE  boolean  MayBeStringResultPredicate  MAY_BE_STRING_PREDICATE  Node  n  String  JSC_PROPERTY_NAME_FN  childValue  name  namespaceName  rawJsString  s  value  Map  vars  int  c  end  nextSkipSlot  nextSlot  start  type  	projects/Closure80/src/com/google/javascript/jscomp/NodeUtil.java	0.4082482904638631	1264	1264	2	replace	Preconditions.checkState(NodeUtil.isFunctionAnonymous(n)||  NodeUtil.isStatementBlock(n))  {  return  true;  }	  if(NodeUtil.isFunctionAnonymous(n)||    NodeUtil.isStatementBlock(n))    {    return    true;    }    	non-compiled	[CE]  	159	None	replace
248	[BUG]  [BUGGY]  if(NodeUtil.isFunctionAnonymous(n)&&  NodeUtil.isStatementBlock(n))  {  return  true;  }  [CE]  [FE]                      IllegalStateException      [CONTEXT]      case  Token.LE:  case  Token.GE:  case  Token.IN:  case  Token.INSTANCEOF:  case  Token.NOT:  return  true;  default:      [BUGGY]  if(NodeUtil.isFunctionAnonymous(n)&&  NodeUtil.isStatementBlock(n))  {  return  true;  }  [BUGGY]      }  }  [CLASS]  NodeUtil  NumbericResultPredicate  BooleanResultPredicate  MayBeStringResultPredicate  VarCollector  MatchNameNode  MatchNodeType  MatchDeclaration  MatchNotFunction  MatchShallowStatement  [METHOD]  isBooleanResultHelper  [RETURN_TYPE]  boolean  Node  n  [VARIABLES]  BooleanResultPredicate  BOOLEAN_RESULT_PREDICATE  Set  BUILTIN_FUNCTIONS_WITHOUT_SIDEEFFECTS  CONSTRUCTORS_WITHOUT_SIDE_EFFECTS  OBJECT_METHODS_WITHOUT_SIDEEFFECTS  REGEXP_METHODS  STRING_REGEXP_METHODS  defines  emptySet  knownConstants  NumbericResultPredicate  NUMBERIC_RESULT_PREDICATE  boolean  MayBeStringResultPredicate  MAY_BE_STRING_PREDICATE  Node  n  String  JSC_PROPERTY_NAME_FN  childValue  name  namespaceName  rawJsString  s  value  Map  vars  int  c  end  nextSkipSlot  nextSlot  start  type  	projects/Closure80/src/com/google/javascript/jscomp/NodeUtil.java	0.4082482904638631	1264	1264	2	replace	if(NodeUtil.isFunctionAnonymous(n)&&  NodeUtil.isStatementBlock(n))  {  return  true;  }	  if(NodeUtil.isFunctionAnonymous(n)||    NodeUtil.isStatementBlock(n))    {    return    true;    }    	non-compiled	[CE]  	159	None	replace
249	[BUG]  [BUGGY]  ||  n.getType()!=  Token.FUNCTION)  {  return  false;  }  [CE]  [FE]                        IllegalStateException      [CONTEXT]      case  Token.LE:  case  Token.GE:  case  Token.IN:  case  Token.INSTANCEOF:  case  Token.NOT:  return  true;  default:      [BUGGY]  ||  n.getType()!=  Token.FUNCTION)  {  return  false;  }  [BUGGY]      }  }  [CLASS]  NodeUtil  NumbericResultPredicate  BooleanResultPredicate  MayBeStringResultPredicate  VarCollector  MatchNameNode  MatchNodeType  MatchDeclaration  MatchNotFunction  MatchShallowStatement  [METHOD]  isBooleanResultHelper  [RETURN_TYPE]  boolean  Node  n  [VARIABLES]  BooleanResultPredicate  BOOLEAN_RESULT_PREDICATE  Set  BUILTIN_FUNCTIONS_WITHOUT_SIDEEFFECTS  CONSTRUCTORS_WITHOUT_SIDE_EFFECTS  OBJECT_METHODS_WITHOUT_SIDEEFFECTS  REGEXP_METHODS  STRING_REGEXP_METHODS  defines  emptySet  knownConstants  NumbericResultPredicate  NUMBERIC_RESULT_PREDICATE  boolean  MayBeStringResultPredicate  MAY_BE_STRING_PREDICATE  Node  n  String  JSC_PROPERTY_NAME_FN  childValue  name  namespaceName  rawJsString  s  value  Map  vars  int  c  end  nextSkipSlot  nextSlot  start  type  	projects/Closure80/src/com/google/javascript/jscomp/NodeUtil.java	0.4082482904638631	1264	1264	2	replace	||  n.getType()!=  Token.FUNCTION)  {  return  false;  }	  ||    n.getType()    ==    Token.FUNCTION)    {    return    true;    }    	non-compiled	[CE]  	27	None	replace
250	[BUG]  [BUGGY]  ||  n.getType()!=  Token.FUNCTION)  {  return  true;  }  [CE]  [FE]                          IllegalStateException      [CONTEXT]      case  Token.LE:  case  Token.GE:  case  Token.IN:  case  Token.INSTANCEOF:  case  Token.NOT:  return  true;  default:      [BUGGY]  ||  n.getType()!=  Token.FUNCTION)  {  return  true;  }  [BUGGY]      }  }  [CLASS]  NodeUtil  NumbericResultPredicate  BooleanResultPredicate  MayBeStringResultPredicate  VarCollector  MatchNameNode  MatchNodeType  MatchDeclaration  MatchNotFunction  MatchShallowStatement  [METHOD]  isBooleanResultHelper  [RETURN_TYPE]  boolean  Node  n  [VARIABLES]  BooleanResultPredicate  BOOLEAN_RESULT_PREDICATE  Set  BUILTIN_FUNCTIONS_WITHOUT_SIDEEFFECTS  CONSTRUCTORS_WITHOUT_SIDE_EFFECTS  OBJECT_METHODS_WITHOUT_SIDEEFFECTS  REGEXP_METHODS  STRING_REGEXP_METHODS  defines  emptySet  knownConstants  NumbericResultPredicate  NUMBERIC_RESULT_PREDICATE  boolean  MayBeStringResultPredicate  MAY_BE_STRING_PREDICATE  Node  n  String  JSC_PROPERTY_NAME_FN  childValue  name  namespaceName  rawJsString  s  value  Map  vars  int  c  end  nextSkipSlot  nextSlot  start  type  	projects/Closure80/src/com/google/javascript/jscomp/NodeUtil.java	0.4082482904638631	1264	1264	2	replace	||  n.getType()!=  Token.FUNCTION)  {  return  true;  }	  ||    n.getType()    ==    Token.FUNCTION)    {    return    true;    }    	non-compiled	[CE]  	27	None	replace
251	[BUG]  [BUGGY]  ||  n.getType()  ==  Token.NAME)  {  return  true;  }  [CE]  [FE]                            IllegalStateException      [CONTEXT]      case  Token.LE:  case  Token.GE:  case  Token.IN:  case  Token.INSTANCEOF:  case  Token.NOT:  return  true;  default:      [BUGGY]  ||  n.getType()  ==  Token.NAME)  {  return  true;  }  [BUGGY]      }  }  [CLASS]  NodeUtil  NumbericResultPredicate  BooleanResultPredicate  MayBeStringResultPredicate  VarCollector  MatchNameNode  MatchNodeType  MatchDeclaration  MatchNotFunction  MatchShallowStatement  [METHOD]  isBooleanResultHelper  [RETURN_TYPE]  boolean  Node  n  [VARIABLES]  BooleanResultPredicate  BOOLEAN_RESULT_PREDICATE  Set  BUILTIN_FUNCTIONS_WITHOUT_SIDEEFFECTS  CONSTRUCTORS_WITHOUT_SIDE_EFFECTS  OBJECT_METHODS_WITHOUT_SIDEEFFECTS  REGEXP_METHODS  STRING_REGEXP_METHODS  defines  emptySet  knownConstants  NumbericResultPredicate  NUMBERIC_RESULT_PREDICATE  boolean  MayBeStringResultPredicate  MAY_BE_STRING_PREDICATE  Node  n  String  JSC_PROPERTY_NAME_FN  childValue  name  namespaceName  rawJsString  s  value  Map  vars  int  c  end  nextSkipSlot  nextSlot  start  type  	projects/Closure80/src/com/google/javascript/jscomp/NodeUtil.java	0.4082482904638631	1264	1264	2	replace	||  n.getType()  ==  Token.NAME)  {  return  true;  }	  ||    n.getType()    ==    Token.FUNCTION)    {    return    true;    }    	non-compiled	[CE]  	27	None	replace
252	[BUG]  [BUGGY]  |  n.getType()  ==  Token.FUNCTION)  {  return  true;  }  [CE]  [FE]                              IllegalStateException      [CONTEXT]      case  Token.LE:  case  Token.GE:  case  Token.IN:  case  Token.INSTANCEOF:  case  Token.NOT:  return  true;  default:      [BUGGY]  |  n.getType()  ==  Token.FUNCTION)  {  return  true;  }  [BUGGY]      }  }  [CLASS]  NodeUtil  NumbericResultPredicate  BooleanResultPredicate  MayBeStringResultPredicate  VarCollector  MatchNameNode  MatchNodeType  MatchDeclaration  MatchNotFunction  MatchShallowStatement  [METHOD]  isBooleanResultHelper  [RETURN_TYPE]  boolean  Node  n  [VARIABLES]  BooleanResultPredicate  BOOLEAN_RESULT_PREDICATE  Set  BUILTIN_FUNCTIONS_WITHOUT_SIDEEFFECTS  CONSTRUCTORS_WITHOUT_SIDE_EFFECTS  OBJECT_METHODS_WITHOUT_SIDEEFFECTS  REGEXP_METHODS  STRING_REGEXP_METHODS  defines  emptySet  knownConstants  NumbericResultPredicate  NUMBERIC_RESULT_PREDICATE  boolean  MayBeStringResultPredicate  MAY_BE_STRING_PREDICATE  Node  n  String  JSC_PROPERTY_NAME_FN  childValue  name  namespaceName  rawJsString  s  value  Map  vars  int  c  end  nextSkipSlot  nextSlot  start  type  	projects/Closure80/src/com/google/javascript/jscomp/NodeUtil.java	0.4082482904638631	1264	1264	2	replace	|  n.getType()  ==  Token.FUNCTION)  {  return  true;  }	  ||    n.getType()    ==    Token.FUNCTION)    {    return    true;    }    	non-compiled	[CE]  	27	None	replace
253	[BUG]  [BUGGY]  return(n.getType()  ==  Token.BLOCK)?  BooleanResultPredicate.NUMBERIC_RESULT_PREDICATE  :  BooleanResultPredicate.UNKNOWN;  [CE]  [FE]                    IllegalStateException      [CONTEXT]      case  Token.LE:  case  Token.GE:  case  Token.IN:  case  Token.INSTANCEOF:  case  Token.NOT:  return  true;  default:      [BUGGY]  return(n.getType()  ==  Token.BLOCK)?  BooleanResultPredicate.NUMBERIC_RESULT_PREDICATE  :  BooleanResultPredicate.UNKNOWN;  [BUGGY]      }  }  [CLASS]  NodeUtil  NumbericResultPredicate  BooleanResultPredicate  MayBeStringResultPredicate  VarCollector  MatchNameNode  MatchNodeType  MatchDeclaration  MatchNotFunction  MatchShallowStatement  [METHOD]  isBooleanResultHelper  [RETURN_TYPE]  boolean  Node  n  [VARIABLES]  BooleanResultPredicate  BOOLEAN_RESULT_PREDICATE  Set  BUILTIN_FUNCTIONS_WITHOUT_SIDEEFFECTS  CONSTRUCTORS_WITHOUT_SIDE_EFFECTS  OBJECT_METHODS_WITHOUT_SIDEEFFECTS  REGEXP_METHODS  STRING_REGEXP_METHODS  defines  emptySet  knownConstants  NumbericResultPredicate  NUMBERIC_RESULT_PREDICATE  boolean  MayBeStringResultPredicate  MAY_BE_STRING_PREDICATE  Node  n  String  JSC_PROPERTY_NAME_FN  childValue  name  namespaceName  rawJsString  s  value  Map  vars  int  c  end  nextSkipSlot  nextSlot  start  type  	projects/Closure80/src/com/google/javascript/jscomp/NodeUtil.java	0.4082482904638631	1264	1264	2	replace	return(n.getType()  ==  Token.BLOCK)?  BooleanResultPredicate.NUMBERIC_RESULT_PREDICATE  :  BooleanResultPredicate.UNKNOWN;	  return(n.getType()    ==    Token.BLOCK)?    BooleanResultPredicate.UNKNOWN    :    BooleanResultPredicate.UNKNOWN;    	non-compiled	[CE]  	39	None	replace
254	[BUG]  [BUGGY]  return(n.getType()!=  Token.BLOCK)?  BooleanResultPredicate.UNKNOWN  :  BooleanResultPredicate.UNKNOWN;  [CE]  [FE]                      IllegalStateException      [CONTEXT]      case  Token.LE:  case  Token.GE:  case  Token.IN:  case  Token.INSTANCEOF:  case  Token.NOT:  return  true;  default:      [BUGGY]  return(n.getType()!=  Token.BLOCK)?  BooleanResultPredicate.UNKNOWN  :  BooleanResultPredicate.UNKNOWN;  [BUGGY]      }  }  [CLASS]  NodeUtil  NumbericResultPredicate  BooleanResultPredicate  MayBeStringResultPredicate  VarCollector  MatchNameNode  MatchNodeType  MatchDeclaration  MatchNotFunction  MatchShallowStatement  [METHOD]  isBooleanResultHelper  [RETURN_TYPE]  boolean  Node  n  [VARIABLES]  BooleanResultPredicate  BOOLEAN_RESULT_PREDICATE  Set  BUILTIN_FUNCTIONS_WITHOUT_SIDEEFFECTS  CONSTRUCTORS_WITHOUT_SIDE_EFFECTS  OBJECT_METHODS_WITHOUT_SIDEEFFECTS  REGEXP_METHODS  STRING_REGEXP_METHODS  defines  emptySet  knownConstants  NumbericResultPredicate  NUMBERIC_RESULT_PREDICATE  boolean  MayBeStringResultPredicate  MAY_BE_STRING_PREDICATE  Node  n  String  JSC_PROPERTY_NAME_FN  childValue  name  namespaceName  rawJsString  s  value  Map  vars  int  c  end  nextSkipSlot  nextSlot  start  type  	projects/Closure80/src/com/google/javascript/jscomp/NodeUtil.java	0.4082482904638631	1264	1264	2	replace	return(n.getType()!=  Token.BLOCK)?  BooleanResultPredicate.UNKNOWN  :  BooleanResultPredicate.UNKNOWN;	  return(n.getType()    ==    Token.BLOCK)?    BooleanResultPredicate.UNKNOWN    :    BooleanResultPredicate.UNKNOWN;    	non-compiled	[CE]  	39	None	replace
255	[BUG]  [BUGGY]  return(n.getType()  ==  Token.STRING)?  BooleanResultPredicate.UNKNOWN  :  BooleanResultPredicate.UNKNOWN;  [CE]  [FE]                        IllegalStateException      [CONTEXT]      case  Token.LE:  case  Token.GE:  case  Token.IN:  case  Token.INSTANCEOF:  case  Token.NOT:  return  true;  default:      [BUGGY]  return(n.getType()  ==  Token.STRING)?  BooleanResultPredicate.UNKNOWN  :  BooleanResultPredicate.UNKNOWN;  [BUGGY]      }  }  [CLASS]  NodeUtil  NumbericResultPredicate  BooleanResultPredicate  MayBeStringResultPredicate  VarCollector  MatchNameNode  MatchNodeType  MatchDeclaration  MatchNotFunction  MatchShallowStatement  [METHOD]  isBooleanResultHelper  [RETURN_TYPE]  boolean  Node  n  [VARIABLES]  BooleanResultPredicate  BOOLEAN_RESULT_PREDICATE  Set  BUILTIN_FUNCTIONS_WITHOUT_SIDEEFFECTS  CONSTRUCTORS_WITHOUT_SIDE_EFFECTS  OBJECT_METHODS_WITHOUT_SIDEEFFECTS  REGEXP_METHODS  STRING_REGEXP_METHODS  defines  emptySet  knownConstants  NumbericResultPredicate  NUMBERIC_RESULT_PREDICATE  boolean  MayBeStringResultPredicate  MAY_BE_STRING_PREDICATE  Node  n  String  JSC_PROPERTY_NAME_FN  childValue  name  namespaceName  rawJsString  s  value  Map  vars  int  c  end  nextSkipSlot  nextSlot  start  type  	projects/Closure80/src/com/google/javascript/jscomp/NodeUtil.java	0.4082482904638631	1264	1264	2	replace	return(n.getType()  ==  Token.STRING)?  BooleanResultPredicate.UNKNOWN  :  BooleanResultPredicate.UNKNOWN;	  return(n.getType()    ==    Token.BLOCK)?    BooleanResultPredicate.UNKNOWN    :    BooleanResultPredicate.UNKNOWN;    	non-compiled	[CE]  	39	None	replace
256	[BUG]  [BUGGY]  return(n.getType()  ==  Token.NAME)||  BooleanResultPredicate.FALSE  :  BooleanResultPredicate.BOOLEAN;  [CE]  [FE]                      IllegalStateException      [CONTEXT]      case  Token.LE:  case  Token.GE:  case  Token.IN:  case  Token.INSTANCEOF:  case  Token.NOT:  return  true;  default:      [BUGGY]  return(n.getType()  ==  Token.NAME)||  BooleanResultPredicate.FALSE  :  BooleanResultPredicate.BOOLEAN;  [BUGGY]      }  }  [CLASS]  NodeUtil  NumbericResultPredicate  BooleanResultPredicate  MayBeStringResultPredicate  VarCollector  MatchNameNode  MatchNodeType  MatchDeclaration  MatchNotFunction  MatchShallowStatement  [METHOD]  isBooleanResultHelper  [RETURN_TYPE]  boolean  Node  n  [VARIABLES]  BooleanResultPredicate  BOOLEAN_RESULT_PREDICATE  Set  BUILTIN_FUNCTIONS_WITHOUT_SIDEEFFECTS  CONSTRUCTORS_WITHOUT_SIDE_EFFECTS  OBJECT_METHODS_WITHOUT_SIDEEFFECTS  REGEXP_METHODS  STRING_REGEXP_METHODS  defines  emptySet  knownConstants  NumbericResultPredicate  NUMBERIC_RESULT_PREDICATE  boolean  MayBeStringResultPredicate  MAY_BE_STRING_PREDICATE  Node  n  String  JSC_PROPERTY_NAME_FN  childValue  name  namespaceName  rawJsString  s  value  Map  vars  int  c  end  nextSkipSlot  nextSlot  start  type  	projects/Closure80/src/com/google/javascript/jscomp/NodeUtil.java	0.4082482904638631	1264	1264	2	replace	return(n.getType()  ==  Token.NAME)||  BooleanResultPredicate.FALSE  :  BooleanResultPredicate.BOOLEAN;	  return(n.getType()    ==    Token.NAME)&&    BooleanResultPredicate.FALSE    :    BooleanResultPredicate.BOOLEAN;    	non-compiled	[CE]  	152	None	replace
257	[BUG]  [BUGGY]  return(n.getType()  ==  Token.NAME)&&  BooleanResultPredicate.FALSE  ||  BooleanResultPredicate.BOOLEAN;  [CE]  [FE]                        IllegalStateException      [CONTEXT]      case  Token.LE:  case  Token.GE:  case  Token.IN:  case  Token.INSTANCEOF:  case  Token.NOT:  return  true;  default:      [BUGGY]  return(n.getType()  ==  Token.NAME)&&  BooleanResultPredicate.FALSE  ||  BooleanResultPredicate.BOOLEAN;  [BUGGY]      }  }  [CLASS]  NodeUtil  NumbericResultPredicate  BooleanResultPredicate  MayBeStringResultPredicate  VarCollector  MatchNameNode  MatchNodeType  MatchDeclaration  MatchNotFunction  MatchShallowStatement  [METHOD]  isBooleanResultHelper  [RETURN_TYPE]  boolean  Node  n  [VARIABLES]  BooleanResultPredicate  BOOLEAN_RESULT_PREDICATE  Set  BUILTIN_FUNCTIONS_WITHOUT_SIDEEFFECTS  CONSTRUCTORS_WITHOUT_SIDE_EFFECTS  OBJECT_METHODS_WITHOUT_SIDEEFFECTS  REGEXP_METHODS  STRING_REGEXP_METHODS  defines  emptySet  knownConstants  NumbericResultPredicate  NUMBERIC_RESULT_PREDICATE  boolean  MayBeStringResultPredicate  MAY_BE_STRING_PREDICATE  Node  n  String  JSC_PROPERTY_NAME_FN  childValue  name  namespaceName  rawJsString  s  value  Map  vars  int  c  end  nextSkipSlot  nextSlot  start  type  	projects/Closure80/src/com/google/javascript/jscomp/NodeUtil.java	0.4082482904638631	1264	1264	2	replace	return(n.getType()  ==  Token.NAME)&&  BooleanResultPredicate.FALSE  ||  BooleanResultPredicate.BOOLEAN;	  return(n.getType()    ==    Token.NAME)&&    BooleanResultPredicate.FALSE    :    BooleanResultPredicate.BOOLEAN;    	non-compiled	[CE]  	152	None	replace
258	[BUG]  [BUGGY]  return(n.getType()  ==  Token.NAME)&&  BooleanResultPredicate.FALSE  /  BooleanResultPredicate.BOOLEAN;  [CE]  [FE]                          IllegalStateException      [CONTEXT]      case  Token.LE:  case  Token.GE:  case  Token.IN:  case  Token.INSTANCEOF:  case  Token.NOT:  return  true;  default:      [BUGGY]  return(n.getType()  ==  Token.NAME)&&  BooleanResultPredicate.FALSE  /  BooleanResultPredicate.BOOLEAN;  [BUGGY]      }  }  [CLASS]  NodeUtil  NumbericResultPredicate  BooleanResultPredicate  MayBeStringResultPredicate  VarCollector  MatchNameNode  MatchNodeType  MatchDeclaration  MatchNotFunction  MatchShallowStatement  [METHOD]  isBooleanResultHelper  [RETURN_TYPE]  boolean  Node  n  [VARIABLES]  BooleanResultPredicate  BOOLEAN_RESULT_PREDICATE  Set  BUILTIN_FUNCTIONS_WITHOUT_SIDEEFFECTS  CONSTRUCTORS_WITHOUT_SIDE_EFFECTS  OBJECT_METHODS_WITHOUT_SIDEEFFECTS  REGEXP_METHODS  STRING_REGEXP_METHODS  defines  emptySet  knownConstants  NumbericResultPredicate  NUMBERIC_RESULT_PREDICATE  boolean  MayBeStringResultPredicate  MAY_BE_STRING_PREDICATE  Node  n  String  JSC_PROPERTY_NAME_FN  childValue  name  namespaceName  rawJsString  s  value  Map  vars  int  c  end  nextSkipSlot  nextSlot  start  type  	projects/Closure80/src/com/google/javascript/jscomp/NodeUtil.java	0.4082482904638631	1264	1264	2	replace	return(n.getType()  ==  Token.NAME)&&  BooleanResultPredicate.FALSE  /  BooleanResultPredicate.BOOLEAN;	  return(n.getType()    ==    Token.NAME)&&    BooleanResultPredicate.FALSE    :    BooleanResultPredicate.BOOLEAN;    	non-compiled	[CE]  	152	None	replace
259	[BUG]  [BUGGY]  return(n.getType()  ==  Token.NAME)&&  BooleanResultPredicate.FALSE  :  BooleanResultPredicate.BLOCK;  [CE]  [FE]                            IllegalStateException      [CONTEXT]      case  Token.LE:  case  Token.GE:  case  Token.IN:  case  Token.INSTANCEOF:  case  Token.NOT:  return  true;  default:      [BUGGY]  return(n.getType()  ==  Token.NAME)&&  BooleanResultPredicate.FALSE  :  BooleanResultPredicate.BLOCK;  [BUGGY]      }  }  [CLASS]  NodeUtil  NumbericResultPredicate  BooleanResultPredicate  MayBeStringResultPredicate  VarCollector  MatchNameNode  MatchNodeType  MatchDeclaration  MatchNotFunction  MatchShallowStatement  [METHOD]  isBooleanResultHelper  [RETURN_TYPE]  boolean  Node  n  [VARIABLES]  BooleanResultPredicate  BOOLEAN_RESULT_PREDICATE  Set  BUILTIN_FUNCTIONS_WITHOUT_SIDEEFFECTS  CONSTRUCTORS_WITHOUT_SIDE_EFFECTS  OBJECT_METHODS_WITHOUT_SIDEEFFECTS  REGEXP_METHODS  STRING_REGEXP_METHODS  defines  emptySet  knownConstants  NumbericResultPredicate  NUMBERIC_RESULT_PREDICATE  boolean  MayBeStringResultPredicate  MAY_BE_STRING_PREDICATE  Node  n  String  JSC_PROPERTY_NAME_FN  childValue  name  namespaceName  rawJsString  s  value  Map  vars  int  c  end  nextSkipSlot  nextSlot  start  type  	projects/Closure80/src/com/google/javascript/jscomp/NodeUtil.java	0.4082482904638631	1264	1264	2	replace	return(n.getType()  ==  Token.NAME)&&  BooleanResultPredicate.FALSE  :  BooleanResultPredicate.BLOCK;	  return(n.getType()    ==    Token.NAME)&&    BooleanResultPredicate.FALSE    :    BooleanResultPredicate.BOOLEAN;    	non-compiled	[CE]  	152	None	replace
260	[BUG]  [BUGGY]  return(n.getType()  ==  Token.NAME)&&  BooleanResultPredicate.FALSE  :  BooleanResultPredicate.BOOLEAN_RESULT_PREDICATE;  [CE]  [FE]                              IllegalStateException      [CONTEXT]      case  Token.LE:  case  Token.GE:  case  Token.IN:  case  Token.INSTANCEOF:  case  Token.NOT:  return  true;  default:      [BUGGY]  return(n.getType()  ==  Token.NAME)&&  BooleanResultPredicate.FALSE  :  BooleanResultPredicate.BOOLEAN_RESULT_PREDICATE;  [BUGGY]      }  }  [CLASS]  NodeUtil  NumbericResultPredicate  BooleanResultPredicate  MayBeStringResultPredicate  VarCollector  MatchNameNode  MatchNodeType  MatchDeclaration  MatchNotFunction  MatchShallowStatement  [METHOD]  isBooleanResultHelper  [RETURN_TYPE]  boolean  Node  n  [VARIABLES]  BooleanResultPredicate  BOOLEAN_RESULT_PREDICATE  Set  BUILTIN_FUNCTIONS_WITHOUT_SIDEEFFECTS  CONSTRUCTORS_WITHOUT_SIDE_EFFECTS  OBJECT_METHODS_WITHOUT_SIDEEFFECTS  REGEXP_METHODS  STRING_REGEXP_METHODS  defines  emptySet  knownConstants  NumbericResultPredicate  NUMBERIC_RESULT_PREDICATE  boolean  MayBeStringResultPredicate  MAY_BE_STRING_PREDICATE  Node  n  String  JSC_PROPERTY_NAME_FN  childValue  name  namespaceName  rawJsString  s  value  Map  vars  int  c  end  nextSkipSlot  nextSlot  start  type  	projects/Closure80/src/com/google/javascript/jscomp/NodeUtil.java	0.4082482904638631	1264	1264	2	replace	return(n.getType()  ==  Token.NAME)&&  BooleanResultPredicate.FALSE  :  BooleanResultPredicate.BOOLEAN_RESULT_PREDICATE;	  return(n.getType()    ==    Token.NAME)&&    BooleanResultPredicate.FALSE    :    BooleanResultPredicate.BOOLEAN;    	non-compiled	[CE]  	152	None	replace
261	[BUG]  [BUGGY]  return(n.getType()  ==  Token.FUNCTION)?  BooleanResultPredicate.FALSE  :  BooleanResultPredicate.EMPTY;  [CE]  [FE]                  IllegalStateException      [CONTEXT]      case  Token.LE:  case  Token.GE:  case  Token.IN:  case  Token.INSTANCEOF:  case  Token.NOT:  return  true;  default:      [BUGGY]  return(n.getType()  ==  Token.FUNCTION)?  BooleanResultPredicate.FALSE  :  BooleanResultPredicate.EMPTY;  [BUGGY]      }  }  [CLASS]  NodeUtil  NumbericResultPredicate  BooleanResultPredicate  MayBeStringResultPredicate  VarCollector  MatchNameNode  MatchNodeType  MatchDeclaration  MatchNotFunction  MatchShallowStatement  [METHOD]  isBooleanResultHelper  [RETURN_TYPE]  boolean  Node  n  [VARIABLES]  BooleanResultPredicate  BOOLEAN_RESULT_PREDICATE  Set  BUILTIN_FUNCTIONS_WITHOUT_SIDEEFFECTS  CONSTRUCTORS_WITHOUT_SIDE_EFFECTS  OBJECT_METHODS_WITHOUT_SIDEEFFECTS  REGEXP_METHODS  STRING_REGEXP_METHODS  defines  emptySet  knownConstants  NumbericResultPredicate  NUMBERIC_RESULT_PREDICATE  boolean  MayBeStringResultPredicate  MAY_BE_STRING_PREDICATE  Node  n  String  JSC_PROPERTY_NAME_FN  childValue  name  namespaceName  rawJsString  s  value  Map  vars  int  c  end  nextSkipSlot  nextSlot  start  type  	projects/Closure80/src/com/google/javascript/jscomp/NodeUtil.java	0.4082482904638631	1264	1264	2	replace	return(n.getType()  ==  Token.FUNCTION)?  BooleanResultPredicate.FALSE  :  BooleanResultPredicate.EMPTY;	  return(n.getType()    ==    Token.NAME)?    BooleanResultPredicate.FALSE    :    BooleanResultPredicate.EMPTY;    	non-compiled	[CE]  	74	None	replace
262	[BUG]  [BUGGY]  return(n.getType()!=  Token.NAME)?  BooleanResultPredicate.FALSE  :  BooleanResultPredicate.EMPTY;  [CE]  [FE]                    IllegalStateException      [CONTEXT]      case  Token.LE:  case  Token.GE:  case  Token.IN:  case  Token.INSTANCEOF:  case  Token.NOT:  return  true;  default:      [BUGGY]  return(n.getType()!=  Token.NAME)?  BooleanResultPredicate.FALSE  :  BooleanResultPredicate.EMPTY;  [BUGGY]      }  }  [CLASS]  NodeUtil  NumbericResultPredicate  BooleanResultPredicate  MayBeStringResultPredicate  VarCollector  MatchNameNode  MatchNodeType  MatchDeclaration  MatchNotFunction  MatchShallowStatement  [METHOD]  isBooleanResultHelper  [RETURN_TYPE]  boolean  Node  n  [VARIABLES]  BooleanResultPredicate  BOOLEAN_RESULT_PREDICATE  Set  BUILTIN_FUNCTIONS_WITHOUT_SIDEEFFECTS  CONSTRUCTORS_WITHOUT_SIDE_EFFECTS  OBJECT_METHODS_WITHOUT_SIDEEFFECTS  REGEXP_METHODS  STRING_REGEXP_METHODS  defines  emptySet  knownConstants  NumbericResultPredicate  NUMBERIC_RESULT_PREDICATE  boolean  MayBeStringResultPredicate  MAY_BE_STRING_PREDICATE  Node  n  String  JSC_PROPERTY_NAME_FN  childValue  name  namespaceName  rawJsString  s  value  Map  vars  int  c  end  nextSkipSlot  nextSlot  start  type  	projects/Closure80/src/com/google/javascript/jscomp/NodeUtil.java	0.4082482904638631	1264	1264	2	replace	return(n.getType()!=  Token.NAME)?  BooleanResultPredicate.FALSE  :  BooleanResultPredicate.EMPTY;	  return(n.getType()    ==    Token.NAME)?    BooleanResultPredicate.FALSE    :    BooleanResultPredicate.EMPTY;    	non-compiled	[CE]  	74	None	replace
263	[BUG]  [BUGGY]  return(n.getType()  ==  Token.NAME)?  BooleanResultPredicate.FUNCTION  :  BooleanResultPredicate.EMPTY;  [CE]  [FE]                      IllegalStateException      [CONTEXT]      case  Token.LE:  case  Token.GE:  case  Token.IN:  case  Token.INSTANCEOF:  case  Token.NOT:  return  true;  default:      [BUGGY]  return(n.getType()  ==  Token.NAME)?  BooleanResultPredicate.FUNCTION  :  BooleanResultPredicate.EMPTY;  [BUGGY]      }  }  [CLASS]  NodeUtil  NumbericResultPredicate  BooleanResultPredicate  MayBeStringResultPredicate  VarCollector  MatchNameNode  MatchNodeType  MatchDeclaration  MatchNotFunction  MatchShallowStatement  [METHOD]  isBooleanResultHelper  [RETURN_TYPE]  boolean  Node  n  [VARIABLES]  BooleanResultPredicate  BOOLEAN_RESULT_PREDICATE  Set  BUILTIN_FUNCTIONS_WITHOUT_SIDEEFFECTS  CONSTRUCTORS_WITHOUT_SIDE_EFFECTS  OBJECT_METHODS_WITHOUT_SIDEEFFECTS  REGEXP_METHODS  STRING_REGEXP_METHODS  defines  emptySet  knownConstants  NumbericResultPredicate  NUMBERIC_RESULT_PREDICATE  boolean  MayBeStringResultPredicate  MAY_BE_STRING_PREDICATE  Node  n  String  JSC_PROPERTY_NAME_FN  childValue  name  namespaceName  rawJsString  s  value  Map  vars  int  c  end  nextSkipSlot  nextSlot  start  type  	projects/Closure80/src/com/google/javascript/jscomp/NodeUtil.java	0.4082482904638631	1264	1264	2	replace	return(n.getType()  ==  Token.NAME)?  BooleanResultPredicate.FUNCTION  :  BooleanResultPredicate.EMPTY;	  return(n.getType()    ==    Token.NAME)?    BooleanResultPredicate.FALSE    :    BooleanResultPredicate.EMPTY;    	non-compiled	[CE]  	74	None	replace
264	[BUG]  [BUGGY]  ||  n.getType()!=  Token.NAME)  {  return  false;  }  [CE]  [FE]                      IllegalStateException      [CONTEXT]      case  Token.LE:  case  Token.GE:  case  Token.IN:  case  Token.INSTANCEOF:  case  Token.NOT:  return  true;  default:      [BUGGY]  ||  n.getType()!=  Token.NAME)  {  return  false;  }  [BUGGY]      }  }  [CLASS]  NodeUtil  NumbericResultPredicate  BooleanResultPredicate  MayBeStringResultPredicate  VarCollector  MatchNameNode  MatchNodeType  MatchDeclaration  MatchNotFunction  MatchShallowStatement  [METHOD]  isBooleanResultHelper  [RETURN_TYPE]  boolean  Node  n  [VARIABLES]  BooleanResultPredicate  BOOLEAN_RESULT_PREDICATE  Set  BUILTIN_FUNCTIONS_WITHOUT_SIDEEFFECTS  CONSTRUCTORS_WITHOUT_SIDE_EFFECTS  OBJECT_METHODS_WITHOUT_SIDEEFFECTS  REGEXP_METHODS  STRING_REGEXP_METHODS  defines  emptySet  knownConstants  NumbericResultPredicate  NUMBERIC_RESULT_PREDICATE  boolean  MayBeStringResultPredicate  MAY_BE_STRING_PREDICATE  Node  n  String  JSC_PROPERTY_NAME_FN  childValue  name  namespaceName  rawJsString  s  value  Map  vars  int  c  end  nextSkipSlot  nextSlot  start  type  	projects/Closure80/src/com/google/javascript/jscomp/NodeUtil.java	0.4082482904638631	1264	1264	2	replace	||  n.getType()!=  Token.NAME)  {  return  false;  }	  if(n.getType()!=    Token.NAME)    {    return    false;    }    	non-compiled	[CE]  	16	None	replace
265	[BUG]  [BUGGY]  if(n.getType()!=  Token.NAME  ||  n.getType()!=  Token.FUNCTION)  {  return  false;  }  [CE]  [FE]                        IllegalStateException      [CONTEXT]      case  Token.LE:  case  Token.GE:  case  Token.IN:  case  Token.INSTANCEOF:  case  Token.NOT:  return  true;  default:      [BUGGY]  if(n.getType()!=  Token.NAME  ||  n.getType()!=  Token.FUNCTION)  {  return  false;  }  [BUGGY]      }  }  [CLASS]  NodeUtil  NumbericResultPredicate  BooleanResultPredicate  MayBeStringResultPredicate  VarCollector  MatchNameNode  MatchNodeType  MatchDeclaration  MatchNotFunction  MatchShallowStatement  [METHOD]  isBooleanResultHelper  [RETURN_TYPE]  boolean  Node  n  [VARIABLES]  BooleanResultPredicate  BOOLEAN_RESULT_PREDICATE  Set  BUILTIN_FUNCTIONS_WITHOUT_SIDEEFFECTS  CONSTRUCTORS_WITHOUT_SIDE_EFFECTS  OBJECT_METHODS_WITHOUT_SIDEEFFECTS  REGEXP_METHODS  STRING_REGEXP_METHODS  defines  emptySet  knownConstants  NumbericResultPredicate  NUMBERIC_RESULT_PREDICATE  boolean  MayBeStringResultPredicate  MAY_BE_STRING_PREDICATE  Node  n  String  JSC_PROPERTY_NAME_FN  childValue  name  namespaceName  rawJsString  s  value  Map  vars  int  c  end  nextSkipSlot  nextSlot  start  type  	projects/Closure80/src/com/google/javascript/jscomp/NodeUtil.java	0.4082482904638631	1264	1264	2	replace	if(n.getType()!=  Token.NAME  ||  n.getType()!=  Token.FUNCTION)  {  return  false;  }	  if(n.getType()!=    Token.NAME)    {    return    false;    }    	non-compiled	[CE]  	16	None	replace
266	[BUG]  [BUGGY]  if(n.getType()  ==  Token.NAME  ||  n.getType()!=  Token.NAME)  {  return  false;  }  [CE]  [FE]                          IllegalStateException      [CONTEXT]      case  Token.LE:  case  Token.GE:  case  Token.IN:  case  Token.INSTANCEOF:  case  Token.NOT:  return  true;  default:      [BUGGY]  if(n.getType()  ==  Token.NAME  ||  n.getType()!=  Token.NAME)  {  return  false;  }  [BUGGY]      }  }  [CLASS]  NodeUtil  NumbericResultPredicate  BooleanResultPredicate  MayBeStringResultPredicate  VarCollector  MatchNameNode  MatchNodeType  MatchDeclaration  MatchNotFunction  MatchShallowStatement  [METHOD]  isBooleanResultHelper  [RETURN_TYPE]  boolean  Node  n  [VARIABLES]  BooleanResultPredicate  BOOLEAN_RESULT_PREDICATE  Set  BUILTIN_FUNCTIONS_WITHOUT_SIDEEFFECTS  CONSTRUCTORS_WITHOUT_SIDE_EFFECTS  OBJECT_METHODS_WITHOUT_SIDEEFFECTS  REGEXP_METHODS  STRING_REGEXP_METHODS  defines  emptySet  knownConstants  NumbericResultPredicate  NUMBERIC_RESULT_PREDICATE  boolean  MayBeStringResultPredicate  MAY_BE_STRING_PREDICATE  Node  n  String  JSC_PROPERTY_NAME_FN  childValue  name  namespaceName  rawJsString  s  value  Map  vars  int  c  end  nextSkipSlot  nextSlot  start  type  	projects/Closure80/src/com/google/javascript/jscomp/NodeUtil.java	0.4082482904638631	1264	1264	2	replace	if(n.getType()  ==  Token.NAME  ||  n.getType()!=  Token.NAME)  {  return  false;  }	  if(n.getType()!=    Token.NAME)    {    return    false;    }    	non-compiled	[CE]  	16	None	replace
267	[BUG]  [BUGGY]  if(n.getType()  ==  Token.NAME)return  false;  }  [CE]  [FE]                            IllegalStateException      [CONTEXT]      case  Token.LE:  case  Token.GE:  case  Token.IN:  case  Token.INSTANCEOF:  case  Token.NOT:  return  true;  default:      [BUGGY]  if(n.getType()  ==  Token.NAME)return  false;  }  [BUGGY]      }  }  [CLASS]  NodeUtil  NumbericResultPredicate  BooleanResultPredicate  MayBeStringResultPredicate  VarCollector  MatchNameNode  MatchNodeType  MatchDeclaration  MatchNotFunction  MatchShallowStatement  [METHOD]  isBooleanResultHelper  [RETURN_TYPE]  boolean  Node  n  [VARIABLES]  BooleanResultPredicate  BOOLEAN_RESULT_PREDICATE  Set  BUILTIN_FUNCTIONS_WITHOUT_SIDEEFFECTS  CONSTRUCTORS_WITHOUT_SIDE_EFFECTS  OBJECT_METHODS_WITHOUT_SIDEEFFECTS  REGEXP_METHODS  STRING_REGEXP_METHODS  defines  emptySet  knownConstants  NumbericResultPredicate  NUMBERIC_RESULT_PREDICATE  boolean  MayBeStringResultPredicate  MAY_BE_STRING_PREDICATE  Node  n  String  JSC_PROPERTY_NAME_FN  childValue  name  namespaceName  rawJsString  s  value  Map  vars  int  c  end  nextSkipSlot  nextSlot  start  type  	projects/Closure80/src/com/google/javascript/jscomp/NodeUtil.java	0.4082482904638631	1264	1264	2	replace	if(n.getType()  ==  Token.NAME)return  false;  }	  if(n.getType()!=    Token.NAME)    {    return    false;    }    	non-compiled	[CE]  	16	None	replace
268	[BUG]  [BUGGY]  if(n.getType()  ==  Token.FUNCTION  &&  n.getFirstChild()!=  null)  {  return  true;  }  [CE]  [FE]                          IllegalStateException      [CONTEXT]      case  Token.LE:  case  Token.GE:  case  Token.IN:  case  Token.INSTANCEOF:  case  Token.NOT:  return  true;  default:      [BUGGY]  if(n.getType()  ==  Token.FUNCTION  &&  n.getFirstChild()!=  null)  {  return  true;  }  [BUGGY]      }  }  [CLASS]  NodeUtil  NumbericResultPredicate  BooleanResultPredicate  MayBeStringResultPredicate  VarCollector  MatchNameNode  MatchNodeType  MatchDeclaration  MatchNotFunction  MatchShallowStatement  [METHOD]  isBooleanResultHelper  [RETURN_TYPE]  boolean  Node  n  [VARIABLES]  BooleanResultPredicate  BOOLEAN_RESULT_PREDICATE  Set  BUILTIN_FUNCTIONS_WITHOUT_SIDEEFFECTS  CONSTRUCTORS_WITHOUT_SIDE_EFFECTS  OBJECT_METHODS_WITHOUT_SIDEEFFECTS  REGEXP_METHODS  STRING_REGEXP_METHODS  defines  emptySet  knownConstants  NumbericResultPredicate  NUMBERIC_RESULT_PREDICATE  boolean  MayBeStringResultPredicate  MAY_BE_STRING_PREDICATE  Node  n  String  JSC_PROPERTY_NAME_FN  childValue  name  namespaceName  rawJsString  s  value  Map  vars  int  c  end  nextSkipSlot  nextSlot  start  type  	projects/Closure80/src/com/google/javascript/jscomp/NodeUtil.java	0.4082482904638631	1264	1264	2	replace	if(n.getType()  ==  Token.FUNCTION  &&  n.getFirstChild()!=  null)  {  return  true;  }	  if(n.getType()    ==    Token.FUNCTION    ||    n.getFirstChild()!=    null)    {    return    true;    }    	non-compiled	[CE]  	117	None	replace
269	[BUG]  [BUGGY]  ||  n.getFirstChild()!=  null)  {  return  true;  }  [CE]  [FE]                            IllegalStateException      [CONTEXT]      case  Token.LE:  case  Token.GE:  case  Token.IN:  case  Token.INSTANCEOF:  case  Token.NOT:  return  true;  default:      [BUGGY]  ||  n.getFirstChild()!=  null)  {  return  true;  }  [BUGGY]      }  }  [CLASS]  NodeUtil  NumbericResultPredicate  BooleanResultPredicate  MayBeStringResultPredicate  VarCollector  MatchNameNode  MatchNodeType  MatchDeclaration  MatchNotFunction  MatchShallowStatement  [METHOD]  isBooleanResultHelper  [RETURN_TYPE]  boolean  Node  n  [VARIABLES]  BooleanResultPredicate  BOOLEAN_RESULT_PREDICATE  Set  BUILTIN_FUNCTIONS_WITHOUT_SIDEEFFECTS  CONSTRUCTORS_WITHOUT_SIDE_EFFECTS  OBJECT_METHODS_WITHOUT_SIDEEFFECTS  REGEXP_METHODS  STRING_REGEXP_METHODS  defines  emptySet  knownConstants  NumbericResultPredicate  NUMBERIC_RESULT_PREDICATE  boolean  MayBeStringResultPredicate  MAY_BE_STRING_PREDICATE  Node  n  String  JSC_PROPERTY_NAME_FN  childValue  name  namespaceName  rawJsString  s  value  Map  vars  int  c  end  nextSkipSlot  nextSlot  start  type  	projects/Closure80/src/com/google/javascript/jscomp/NodeUtil.java	0.4082482904638631	1264	1264	2	replace	||  n.getFirstChild()!=  null)  {  return  true;  }	  if(n.getType()    ==    Token.FUNCTION    ||    n.getFirstChild()!=    null)    {    return    true;    }    	non-compiled	[CE]  	117	None	replace
270	[BUG]  [BUGGY]  &&  n.getType()  ==  Token.FUNCTION  ||  n.getFirstChild()!=  null)  {  return  true;  }  [CE]  [FE]                              IllegalStateException      [CONTEXT]      case  Token.LE:  case  Token.GE:  case  Token.IN:  case  Token.INSTANCEOF:  case  Token.NOT:  return  true;  default:      [BUGGY]  &&  n.getType()  ==  Token.FUNCTION  ||  n.getFirstChild()!=  null)  {  return  true;  }  [BUGGY]      }  }  [CLASS]  NodeUtil  NumbericResultPredicate  BooleanResultPredicate  MayBeStringResultPredicate  VarCollector  MatchNameNode  MatchNodeType  MatchDeclaration  MatchNotFunction  MatchShallowStatement  [METHOD]  isBooleanResultHelper  [RETURN_TYPE]  boolean  Node  n  [VARIABLES]  BooleanResultPredicate  BOOLEAN_RESULT_PREDICATE  Set  BUILTIN_FUNCTIONS_WITHOUT_SIDEEFFECTS  CONSTRUCTORS_WITHOUT_SIDE_EFFECTS  OBJECT_METHODS_WITHOUT_SIDEEFFECTS  REGEXP_METHODS  STRING_REGEXP_METHODS  defines  emptySet  knownConstants  NumbericResultPredicate  NUMBERIC_RESULT_PREDICATE  boolean  MayBeStringResultPredicate  MAY_BE_STRING_PREDICATE  Node  n  String  JSC_PROPERTY_NAME_FN  childValue  name  namespaceName  rawJsString  s  value  Map  vars  int  c  end  nextSkipSlot  nextSlot  start  type  	projects/Closure80/src/com/google/javascript/jscomp/NodeUtil.java	0.4082482904638631	1264	1264	2	replace	&&  n.getType()  ==  Token.FUNCTION  ||  n.getFirstChild()!=  null)  {  return  true;  }	  if(n.getType()    ==    Token.FUNCTION    ||    n.getFirstChild()!=    null)    {    return    true;    }    	non-compiled	[CE]  	117	None	replace
271	[BUG]  [BUGGY]  n.getType()  ==  Token.FUNCTION  &&  n.getFirstChild()!=  null)  {  return  true;  }  [CE]  [FE]                                IllegalStateException      [CONTEXT]      case  Token.LE:  case  Token.GE:  case  Token.IN:  case  Token.INSTANCEOF:  case  Token.NOT:  return  true;  default:      [BUGGY]  n.getType()  ==  Token.FUNCTION  &&  n.getFirstChild()!=  null)  {  return  true;  }  [BUGGY]      }  }  [CLASS]  NodeUtil  NumbericResultPredicate  BooleanResultPredicate  MayBeStringResultPredicate  VarCollector  MatchNameNode  MatchNodeType  MatchDeclaration  MatchNotFunction  MatchShallowStatement  [METHOD]  isBooleanResultHelper  [RETURN_TYPE]  boolean  Node  n  [VARIABLES]  BooleanResultPredicate  BOOLEAN_RESULT_PREDICATE  Set  BUILTIN_FUNCTIONS_WITHOUT_SIDEEFFECTS  CONSTRUCTORS_WITHOUT_SIDE_EFFECTS  OBJECT_METHODS_WITHOUT_SIDEEFFECTS  REGEXP_METHODS  STRING_REGEXP_METHODS  defines  emptySet  knownConstants  NumbericResultPredicate  NUMBERIC_RESULT_PREDICATE  boolean  MayBeStringResultPredicate  MAY_BE_STRING_PREDICATE  Node  n  String  JSC_PROPERTY_NAME_FN  childValue  name  namespaceName  rawJsString  s  value  Map  vars  int  c  end  nextSkipSlot  nextSlot  start  type  	projects/Closure80/src/com/google/javascript/jscomp/NodeUtil.java	0.4082482904638631	1264	1264	2	replace	n.getType()  ==  Token.FUNCTION  &&  n.getFirstChild()!=  null)  {  return  true;  }	  if(n.getType()    ==    Token.FUNCTION    ||    n.getFirstChild()!=    null)    {    return    true;    }    	non-compiled	[CE]  	117	None	replace
272	[BUG]  [BUGGY]  n.getType()  ==  Token.FUNCTION  ||  n.getFirstChild()!=  null)  {  return  true;  }  [CE]  [FE]                                  IllegalStateException      [CONTEXT]      case  Token.LE:  case  Token.GE:  case  Token.IN:  case  Token.INSTANCEOF:  case  Token.NOT:  return  true;  default:      [BUGGY]  n.getType()  ==  Token.FUNCTION  ||  n.getFirstChild()!=  null)  {  return  true;  }  [BUGGY]      }  }  [CLASS]  NodeUtil  NumbericResultPredicate  BooleanResultPredicate  MayBeStringResultPredicate  VarCollector  MatchNameNode  MatchNodeType  MatchDeclaration  MatchNotFunction  MatchShallowStatement  [METHOD]  isBooleanResultHelper  [RETURN_TYPE]  boolean  Node  n  [VARIABLES]  BooleanResultPredicate  BOOLEAN_RESULT_PREDICATE  Set  BUILTIN_FUNCTIONS_WITHOUT_SIDEEFFECTS  CONSTRUCTORS_WITHOUT_SIDE_EFFECTS  OBJECT_METHODS_WITHOUT_SIDEEFFECTS  REGEXP_METHODS  STRING_REGEXP_METHODS  defines  emptySet  knownConstants  NumbericResultPredicate  NUMBERIC_RESULT_PREDICATE  boolean  MayBeStringResultPredicate  MAY_BE_STRING_PREDICATE  Node  n  String  JSC_PROPERTY_NAME_FN  childValue  name  namespaceName  rawJsString  s  value  Map  vars  int  c  end  nextSkipSlot  nextSlot  start  type  	projects/Closure80/src/com/google/javascript/jscomp/NodeUtil.java	0.4082482904638631	1264	1264	2	replace	n.getType()  ==  Token.FUNCTION  ||  n.getFirstChild()!=  null)  {  return  true;  }	  if(n.getType()    ==    Token.FUNCTION    ||    n.getFirstChild()!=    null)    {    return    true;    }    	non-compiled	[CE]  	117	None	replace
273	[BUG]  [BUGGY]  return(n.getType()  ==  Token.FUNCTION)?  BooleanResultPredicate.UNKNOWN  :  BooleanResultPredicate.FIELD;  [CE]  [FE]                  IllegalStateException      [CONTEXT]      case  Token.LE:  case  Token.GE:  case  Token.IN:  case  Token.INSTANCEOF:  case  Token.NOT:  return  true;  default:      [BUGGY]  return(n.getType()  ==  Token.FUNCTION)?  BooleanResultPredicate.UNKNOWN  :  BooleanResultPredicate.FIELD;  [BUGGY]      }  }  [CLASS]  NodeUtil  NumbericResultPredicate  BooleanResultPredicate  MayBeStringResultPredicate  VarCollector  MatchNameNode  MatchNodeType  MatchDeclaration  MatchNotFunction  MatchShallowStatement  [METHOD]  isBooleanResultHelper  [RETURN_TYPE]  boolean  Node  n  [VARIABLES]  BooleanResultPredicate  BOOLEAN_RESULT_PREDICATE  Set  BUILTIN_FUNCTIONS_WITHOUT_SIDEEFFECTS  CONSTRUCTORS_WITHOUT_SIDE_EFFECTS  OBJECT_METHODS_WITHOUT_SIDEEFFECTS  REGEXP_METHODS  STRING_REGEXP_METHODS  defines  emptySet  knownConstants  NumbericResultPredicate  NUMBERIC_RESULT_PREDICATE  boolean  MayBeStringResultPredicate  MAY_BE_STRING_PREDICATE  Node  n  String  JSC_PROPERTY_NAME_FN  childValue  name  namespaceName  rawJsString  s  value  Map  vars  int  c  end  nextSkipSlot  nextSlot  start  type  	projects/Closure80/src/com/google/javascript/jscomp/NodeUtil.java	0.4082482904638631	1264	1264	2	replace	return(n.getType()  ==  Token.FUNCTION)?  BooleanResultPredicate.UNKNOWN  :  BooleanResultPredicate.FIELD;	  return(n.getType()    ==    Token.NAME)?    BooleanResultPredicate.UNKNOWN    :    BooleanResultPredicate.FIELD;    	non-compiled	[CE]  	91	None	replace
274	[BUG]  [BUGGY]  return(n.getType()!=  Token.NAME)?  BooleanResultPredicate.UNKNOWN  :  BooleanResultPredicate.FIELD;  [CE]  [FE]                    IllegalStateException      [CONTEXT]      case  Token.LE:  case  Token.GE:  case  Token.IN:  case  Token.INSTANCEOF:  case  Token.NOT:  return  true;  default:      [BUGGY]  return(n.getType()!=  Token.NAME)?  BooleanResultPredicate.UNKNOWN  :  BooleanResultPredicate.FIELD;  [BUGGY]      }  }  [CLASS]  NodeUtil  NumbericResultPredicate  BooleanResultPredicate  MayBeStringResultPredicate  VarCollector  MatchNameNode  MatchNodeType  MatchDeclaration  MatchNotFunction  MatchShallowStatement  [METHOD]  isBooleanResultHelper  [RETURN_TYPE]  boolean  Node  n  [VARIABLES]  BooleanResultPredicate  BOOLEAN_RESULT_PREDICATE  Set  BUILTIN_FUNCTIONS_WITHOUT_SIDEEFFECTS  CONSTRUCTORS_WITHOUT_SIDE_EFFECTS  OBJECT_METHODS_WITHOUT_SIDEEFFECTS  REGEXP_METHODS  STRING_REGEXP_METHODS  defines  emptySet  knownConstants  NumbericResultPredicate  NUMBERIC_RESULT_PREDICATE  boolean  MayBeStringResultPredicate  MAY_BE_STRING_PREDICATE  Node  n  String  JSC_PROPERTY_NAME_FN  childValue  name  namespaceName  rawJsString  s  value  Map  vars  int  c  end  nextSkipSlot  nextSlot  start  type  	projects/Closure80/src/com/google/javascript/jscomp/NodeUtil.java	0.4082482904638631	1264	1264	2	replace	return(n.getType()!=  Token.NAME)?  BooleanResultPredicate.UNKNOWN  :  BooleanResultPredicate.FIELD;	  return(n.getType()    ==    Token.NAME)?    BooleanResultPredicate.UNKNOWN    :    BooleanResultPredicate.FIELD;    	non-compiled	[CE]  	91	None	replace
275	[BUG]  [BUGGY]  return(n.getType()  ==  Token.NAME)&&  BooleanResultPredicate.UNKNOWN  :  BooleanResultPredicate.FIELD;  [CE]  [FE]                      IllegalStateException      [CONTEXT]      case  Token.LE:  case  Token.GE:  case  Token.IN:  case  Token.INSTANCEOF:  case  Token.NOT:  return  true;  default:      [BUGGY]  return(n.getType()  ==  Token.NAME)&&  BooleanResultPredicate.UNKNOWN  :  BooleanResultPredicate.FIELD;  [BUGGY]      }  }  [CLASS]  NodeUtil  NumbericResultPredicate  BooleanResultPredicate  MayBeStringResultPredicate  VarCollector  MatchNameNode  MatchNodeType  MatchDeclaration  MatchNotFunction  MatchShallowStatement  [METHOD]  isBooleanResultHelper  [RETURN_TYPE]  boolean  Node  n  [VARIABLES]  BooleanResultPredicate  BOOLEAN_RESULT_PREDICATE  Set  BUILTIN_FUNCTIONS_WITHOUT_SIDEEFFECTS  CONSTRUCTORS_WITHOUT_SIDE_EFFECTS  OBJECT_METHODS_WITHOUT_SIDEEFFECTS  REGEXP_METHODS  STRING_REGEXP_METHODS  defines  emptySet  knownConstants  NumbericResultPredicate  NUMBERIC_RESULT_PREDICATE  boolean  MayBeStringResultPredicate  MAY_BE_STRING_PREDICATE  Node  n  String  JSC_PROPERTY_NAME_FN  childValue  name  namespaceName  rawJsString  s  value  Map  vars  int  c  end  nextSkipSlot  nextSlot  start  type  	projects/Closure80/src/com/google/javascript/jscomp/NodeUtil.java	0.4082482904638631	1264	1264	2	replace	return(n.getType()  ==  Token.NAME)&&  BooleanResultPredicate.UNKNOWN  :  BooleanResultPredicate.FIELD;	  return(n.getType()    ==    Token.NAME)?    BooleanResultPredicate.UNKNOWN    :    BooleanResultPredicate.FIELD;    	non-compiled	[CE]  	91	None	replace
276	[BUG]  [BUGGY]  return(n.getType()  ==  Token.NAME)?  BooleanResultPredicate.UNKNOWN  :  BooleanResultPredicate.FOR;  [CE]  [FE]                        IllegalStateException      [CONTEXT]      case  Token.LE:  case  Token.GE:  case  Token.IN:  case  Token.INSTANCEOF:  case  Token.NOT:  return  true;  default:      [BUGGY]  return(n.getType()  ==  Token.NAME)?  BooleanResultPredicate.UNKNOWN  :  BooleanResultPredicate.FOR;  [BUGGY]      }  }  [CLASS]  NodeUtil  NumbericResultPredicate  BooleanResultPredicate  MayBeStringResultPredicate  VarCollector  MatchNameNode  MatchNodeType  MatchDeclaration  MatchNotFunction  MatchShallowStatement  [METHOD]  isBooleanResultHelper  [RETURN_TYPE]  boolean  Node  n  [VARIABLES]  BooleanResultPredicate  BOOLEAN_RESULT_PREDICATE  Set  BUILTIN_FUNCTIONS_WITHOUT_SIDEEFFECTS  CONSTRUCTORS_WITHOUT_SIDE_EFFECTS  OBJECT_METHODS_WITHOUT_SIDEEFFECTS  REGEXP_METHODS  STRING_REGEXP_METHODS  defines  emptySet  knownConstants  NumbericResultPredicate  NUMBERIC_RESULT_PREDICATE  boolean  MayBeStringResultPredicate  MAY_BE_STRING_PREDICATE  Node  n  String  JSC_PROPERTY_NAME_FN  childValue  name  namespaceName  rawJsString  s  value  Map  vars  int  c  end  nextSkipSlot  nextSlot  start  type  	projects/Closure80/src/com/google/javascript/jscomp/NodeUtil.java	0.4082482904638631	1264	1264	2	replace	return(n.getType()  ==  Token.NAME)?  BooleanResultPredicate.UNKNOWN  :  BooleanResultPredicate.FOR;	  return(n.getType()    ==    Token.NAME)?    BooleanResultPredicate.UNKNOWN    :    BooleanResultPredicate.FIELD;    	non-compiled	[CE]  	91	None	replace
277	[BUG]  [BUGGY]  Node  c  =  n.getFirstChild();  c!=  null;  c  =  c.getNext())  {  Node  n  =  c.getNext();  if(n.getType()  ==  Token.VAR)  {  return  false;  }  [CE]  [FE]                                IllegalStateException      [CONTEXT]      case  Token.LE:  case  Token.GE:  case  Token.IN:  case  Token.INSTANCEOF:  case  Token.NOT:  return  true;  default:      [BUGGY]  Node  c  =  n.getFirstChild();  c!=  null;  c  =  c.getNext())  {  Node  n  =  c.getNext();  if(n.getType()  ==  Token.VAR)  {  return  false;  }  [BUGGY]      }  }  [CLASS]  NodeUtil  NumbericResultPredicate  BooleanResultPredicate  MayBeStringResultPredicate  VarCollector  MatchNameNode  MatchNodeType  MatchDeclaration  MatchNotFunction  MatchShallowStatement  [METHOD]  isBooleanResultHelper  [RETURN_TYPE]  boolean  Node  n  [VARIABLES]  BooleanResultPredicate  BOOLEAN_RESULT_PREDICATE  Set  BUILTIN_FUNCTIONS_WITHOUT_SIDEEFFECTS  CONSTRUCTORS_WITHOUT_SIDE_EFFECTS  OBJECT_METHODS_WITHOUT_SIDEEFFECTS  REGEXP_METHODS  STRING_REGEXP_METHODS  defines  emptySet  knownConstants  NumbericResultPredicate  NUMBERIC_RESULT_PREDICATE  boolean  MayBeStringResultPredicate  MAY_BE_STRING_PREDICATE  Node  n  String  JSC_PROPERTY_NAME_FN  childValue  name  namespaceName  rawJsString  s  value  Map  vars  int  c  end  nextSkipSlot  nextSlot  start  type  	projects/Closure80/src/com/google/javascript/jscomp/NodeUtil.java	0.4082482904638631	1264	1264	2	replace	Node  c  =  n.getFirstChild();  c!=  null;  c  =  c.getNext())  {  Node  n  =  c.getNext();  if(n.getType()  ==  Token.VAR)  {  return  false;  }	  for(Node    c    =    n.getFirstChild();    c!=    null;    c    =    c.getNext())    {    Node    n    =    c.getNext();    if(n.getType()    ==    Token.VAR)    {    return    false;    }    	non-compiled	[CE]  	147	None	replace
278	[BUG]  [BUGGY]  Node  c  =  n.getFirstChild();  c!=  null;  c  =  c.getNext())  {  Node  n  =  c.getNext();  if(n.getType()  ==  Token.FUNCTION)  {  return  false;  }  [CE]  [FE]                                  IllegalStateException      [CONTEXT]      case  Token.LE:  case  Token.GE:  case  Token.IN:  case  Token.INSTANCEOF:  case  Token.NOT:  return  true;  default:      [BUGGY]  Node  c  =  n.getFirstChild();  c!=  null;  c  =  c.getNext())  {  Node  n  =  c.getNext();  if(n.getType()  ==  Token.FUNCTION)  {  return  false;  }  [BUGGY]      }  }  [CLASS]  NodeUtil  NumbericResultPredicate  BooleanResultPredicate  MayBeStringResultPredicate  VarCollector  MatchNameNode  MatchNodeType  MatchDeclaration  MatchNotFunction  MatchShallowStatement  [METHOD]  isBooleanResultHelper  [RETURN_TYPE]  boolean  Node  n  [VARIABLES]  BooleanResultPredicate  BOOLEAN_RESULT_PREDICATE  Set  BUILTIN_FUNCTIONS_WITHOUT_SIDEEFFECTS  CONSTRUCTORS_WITHOUT_SIDE_EFFECTS  OBJECT_METHODS_WITHOUT_SIDEEFFECTS  REGEXP_METHODS  STRING_REGEXP_METHODS  defines  emptySet  knownConstants  NumbericResultPredicate  NUMBERIC_RESULT_PREDICATE  boolean  MayBeStringResultPredicate  MAY_BE_STRING_PREDICATE  Node  n  String  JSC_PROPERTY_NAME_FN  childValue  name  namespaceName  rawJsString  s  value  Map  vars  int  c  end  nextSkipSlot  nextSlot  start  type  	projects/Closure80/src/com/google/javascript/jscomp/NodeUtil.java	0.4082482904638631	1264	1264	2	replace	Node  c  =  n.getFirstChild();  c!=  null;  c  =  c.getNext())  {  Node  n  =  c.getNext();  if(n.getType()  ==  Token.FUNCTION)  {  return  false;  }	  for(Node    c    =    n.getFirstChild();    c!=    null;    c    =    c.getNext())    {    Node    n    =    c.getNext();    if(n.getType()    ==    Token.VAR)    {    return    false;    }    	non-compiled	[CE]  	147	None	replace
279	[BUG]  [BUGGY]  Node  c  =  n.getFirstChild();  c!=  null;  c  =  c.getNext())  {  Node  n  =  c.getNext();  if(n.getType()  ==  Token.VAR)  {  return  false  [CE]  [FE]                                    IllegalStateException      [CONTEXT]      case  Token.LE:  case  Token.GE:  case  Token.IN:  case  Token.INSTANCEOF:  case  Token.NOT:  return  true;  default:      [BUGGY]  Node  c  =  n.getFirstChild();  c!=  null;  c  =  c.getNext())  {  Node  n  =  c.getNext();  if(n.getType()  ==  Token.VAR)  {  return  false  [BUGGY]      }  }  [CLASS]  NodeUtil  NumbericResultPredicate  BooleanResultPredicate  MayBeStringResultPredicate  VarCollector  MatchNameNode  MatchNodeType  MatchDeclaration  MatchNotFunction  MatchShallowStatement  [METHOD]  isBooleanResultHelper  [RETURN_TYPE]  boolean  Node  n  [VARIABLES]  BooleanResultPredicate  BOOLEAN_RESULT_PREDICATE  Set  BUILTIN_FUNCTIONS_WITHOUT_SIDEEFFECTS  CONSTRUCTORS_WITHOUT_SIDE_EFFECTS  OBJECT_METHODS_WITHOUT_SIDEEFFECTS  REGEXP_METHODS  STRING_REGEXP_METHODS  defines  emptySet  knownConstants  NumbericResultPredicate  NUMBERIC_RESULT_PREDICATE  boolean  MayBeStringResultPredicate  MAY_BE_STRING_PREDICATE  Node  n  String  JSC_PROPERTY_NAME_FN  childValue  name  namespaceName  rawJsString  s  value  Map  vars  int  c  end  nextSkipSlot  nextSlot  start  type  	projects/Closure80/src/com/google/javascript/jscomp/NodeUtil.java	0.4082482904638631	1264	1264	2	replace	Node  c  =  n.getFirstChild();  c!=  null;  c  =  c.getNext())  {  Node  n  =  c.getNext();  if(n.getType()  ==  Token.VAR)  {  return  false	  for(Node    c    =    n.getFirstChild();    c!=    null;    c    =    c.getNext())    {    Node    n    =    c.getNext();    if(n.getType()    ==    Token.VAR)    {    return    false;    }    	non-compiled	[CE]  	147	None	replace
280	[BUG]  [BUGGY]  for(Node  c  =  n.getFirstChild();  c!=  null;  c  =  c.getNext())  {  Node  n  =  c.getNext();  if(n.getType()  ==  Token.VAR)  {  return  true;  }  [CE]  [FE]                                      IllegalStateException      [CONTEXT]      case  Token.LE:  case  Token.GE:  case  Token.IN:  case  Token.INSTANCEOF:  case  Token.NOT:  return  true;  default:      [BUGGY]  for(Node  c  =  n.getFirstChild();  c!=  null;  c  =  c.getNext())  {  Node  n  =  c.getNext();  if(n.getType()  ==  Token.VAR)  {  return  true;  }  [BUGGY]      }  }  [CLASS]  NodeUtil  NumbericResultPredicate  BooleanResultPredicate  MayBeStringResultPredicate  VarCollector  MatchNameNode  MatchNodeType  MatchDeclaration  MatchNotFunction  MatchShallowStatement  [METHOD]  isBooleanResultHelper  [RETURN_TYPE]  boolean  Node  n  [VARIABLES]  BooleanResultPredicate  BOOLEAN_RESULT_PREDICATE  Set  BUILTIN_FUNCTIONS_WITHOUT_SIDEEFFECTS  CONSTRUCTORS_WITHOUT_SIDE_EFFECTS  OBJECT_METHODS_WITHOUT_SIDEEFFECTS  REGEXP_METHODS  STRING_REGEXP_METHODS  defines  emptySet  knownConstants  NumbericResultPredicate  NUMBERIC_RESULT_PREDICATE  boolean  MayBeStringResultPredicate  MAY_BE_STRING_PREDICATE  Node  n  String  JSC_PROPERTY_NAME_FN  childValue  name  namespaceName  rawJsString  s  value  Map  vars  int  c  end  nextSkipSlot  nextSlot  start  type  	projects/Closure80/src/com/google/javascript/jscomp/NodeUtil.java	0.4082482904638631	1264	1264	2	replace	for(Node  c  =  n.getFirstChild();  c!=  null;  c  =  c.getNext())  {  Node  n  =  c.getNext();  if(n.getType()  ==  Token.VAR)  {  return  true;  }	  for(Node    c    =    n.getFirstChild();    c!=    null;    c    =    c.getNext())    {    Node    n    =    c.getNext();    if(n.getType()    ==    Token.VAR)    {    return    false;    }    	non-compiled	[CE]  	147	None	replace
281	[BUG]  [BUGGY]  Context.checkState(NodeUtil.isName(n)||  NodeUtil.isFunctionAnonymous(n))  {  return  true;  }  [CE]  [FE]              IllegalStateException      [CONTEXT]      case  Token.LE:  case  Token.GE:  case  Token.IN:  case  Token.INSTANCEOF:  case  Token.NOT:  return  true;  default:      [BUGGY]  Context.checkState(NodeUtil.isName(n)||  NodeUtil.isFunctionAnonymous(n))  {  return  true;  }  [BUGGY]      }  }  [CLASS]  NodeUtil  NumbericResultPredicate  BooleanResultPredicate  MayBeStringResultPredicate  VarCollector  MatchNameNode  MatchNodeType  MatchDeclaration  MatchNotFunction  MatchShallowStatement  [METHOD]  isBooleanResultHelper  [RETURN_TYPE]  boolean  Node  n  [VARIABLES]  BooleanResultPredicate  BOOLEAN_RESULT_PREDICATE  Set  BUILTIN_FUNCTIONS_WITHOUT_SIDEEFFECTS  CONSTRUCTORS_WITHOUT_SIDE_EFFECTS  OBJECT_METHODS_WITHOUT_SIDEEFFECTS  REGEXP_METHODS  STRING_REGEXP_METHODS  defines  emptySet  knownConstants  NumbericResultPredicate  NUMBERIC_RESULT_PREDICATE  boolean  MayBeStringResultPredicate  MAY_BE_STRING_PREDICATE  Node  n  String  JSC_PROPERTY_NAME_FN  childValue  name  namespaceName  rawJsString  s  value  Map  vars  int  c  end  nextSkipSlot  nextSlot  start  type  	projects/Closure80/src/com/google/javascript/jscomp/NodeUtil.java	0.4082482904638631	1264	1264	2	replace	Context.checkState(NodeUtil.isName(n)||  NodeUtil.isFunctionAnonymous(n))  {  return  true;  }	  Context.checkState(NodeUtil.isFunctionAnonymous(n)||    NodeUtil.isFunctionAnonymous(n))    {    return    true;    }    	non-compiled	[CE]  	32	None	replace
282	[BUG]  [BUGGY]  Context.checkState(NodeUtil.isFunctionAnonymous(n)&&  NodeUtil.isFunctionAnonymous(n))  {  return  true;  }  [CE]  [FE]                IllegalStateException      [CONTEXT]      case  Token.LE:  case  Token.GE:  case  Token.IN:  case  Token.INSTANCEOF:  case  Token.NOT:  return  true;  default:      [BUGGY]  Context.checkState(NodeUtil.isFunctionAnonymous(n)&&  NodeUtil.isFunctionAnonymous(n))  {  return  true;  }  [BUGGY]      }  }  [CLASS]  NodeUtil  NumbericResultPredicate  BooleanResultPredicate  MayBeStringResultPredicate  VarCollector  MatchNameNode  MatchNodeType  MatchDeclaration  MatchNotFunction  MatchShallowStatement  [METHOD]  isBooleanResultHelper  [RETURN_TYPE]  boolean  Node  n  [VARIABLES]  BooleanResultPredicate  BOOLEAN_RESULT_PREDICATE  Set  BUILTIN_FUNCTIONS_WITHOUT_SIDEEFFECTS  CONSTRUCTORS_WITHOUT_SIDE_EFFECTS  OBJECT_METHODS_WITHOUT_SIDEEFFECTS  REGEXP_METHODS  STRING_REGEXP_METHODS  defines  emptySet  knownConstants  NumbericResultPredicate  NUMBERIC_RESULT_PREDICATE  boolean  MayBeStringResultPredicate  MAY_BE_STRING_PREDICATE  Node  n  String  JSC_PROPERTY_NAME_FN  childValue  name  namespaceName  rawJsString  s  value  Map  vars  int  c  end  nextSkipSlot  nextSlot  start  type  	projects/Closure80/src/com/google/javascript/jscomp/NodeUtil.java	0.4082482904638631	1264	1264	2	replace	Context.checkState(NodeUtil.isFunctionAnonymous(n)&&  NodeUtil.isFunctionAnonymous(n))  {  return  true;  }	  Context.checkState(NodeUtil.isFunctionAnonymous(n)||    NodeUtil.isFunctionAnonymous(n))    {    return    true;    }    	non-compiled	[CE]  	32	None	replace
283	[BUG]  [BUGGY]  Context.checkState(NodeUtil.isExpressionNode(n)||  NodeUtil.isFunctionAnonymous(n))  {  return  true;  }  [CE]  [FE]                  IllegalStateException      [CONTEXT]      case  Token.LE:  case  Token.GE:  case  Token.IN:  case  Token.INSTANCEOF:  case  Token.NOT:  return  true;  default:      [BUGGY]  Context.checkState(NodeUtil.isExpressionNode(n)||  NodeUtil.isFunctionAnonymous(n))  {  return  true;  }  [BUGGY]      }  }  [CLASS]  NodeUtil  NumbericResultPredicate  BooleanResultPredicate  MayBeStringResultPredicate  VarCollector  MatchNameNode  MatchNodeType  MatchDeclaration  MatchNotFunction  MatchShallowStatement  [METHOD]  isBooleanResultHelper  [RETURN_TYPE]  boolean  Node  n  [VARIABLES]  BooleanResultPredicate  BOOLEAN_RESULT_PREDICATE  Set  BUILTIN_FUNCTIONS_WITHOUT_SIDEEFFECTS  CONSTRUCTORS_WITHOUT_SIDE_EFFECTS  OBJECT_METHODS_WITHOUT_SIDEEFFECTS  REGEXP_METHODS  STRING_REGEXP_METHODS  defines  emptySet  knownConstants  NumbericResultPredicate  NUMBERIC_RESULT_PREDICATE  boolean  MayBeStringResultPredicate  MAY_BE_STRING_PREDICATE  Node  n  String  JSC_PROPERTY_NAME_FN  childValue  name  namespaceName  rawJsString  s  value  Map  vars  int  c  end  nextSkipSlot  nextSlot  start  type  	projects/Closure80/src/com/google/javascript/jscomp/NodeUtil.java	0.4082482904638631	1264	1264	2	replace	Context.checkState(NodeUtil.isExpressionNode(n)||  NodeUtil.isFunctionAnonymous(n))  {  return  true;  }	  Context.checkState(NodeUtil.isFunctionAnonymous(n)||    NodeUtil.isFunctionAnonymous(n))    {    return    true;    }    	non-compiled	[CE]  	32	None	replace
284	[BUG]  [BUGGY]  Context.checkState(NodeUtil.isConstructorAnonymous(n)||  NodeUtil.isFunctionAnonymous(n))  {  return  true;  }  [CE]  [FE]                    IllegalStateException      [CONTEXT]      case  Token.LE:  case  Token.GE:  case  Token.IN:  case  Token.INSTANCEOF:  case  Token.NOT:  return  true;  default:      [BUGGY]  Context.checkState(NodeUtil.isConstructorAnonymous(n)||  NodeUtil.isFunctionAnonymous(n))  {  return  true;  }  [BUGGY]      }  }  [CLASS]  NodeUtil  NumbericResultPredicate  BooleanResultPredicate  MayBeStringResultPredicate  VarCollector  MatchNameNode  MatchNodeType  MatchDeclaration  MatchNotFunction  MatchShallowStatement  [METHOD]  isBooleanResultHelper  [RETURN_TYPE]  boolean  Node  n  [VARIABLES]  BooleanResultPredicate  BOOLEAN_RESULT_PREDICATE  Set  BUILTIN_FUNCTIONS_WITHOUT_SIDEEFFECTS  CONSTRUCTORS_WITHOUT_SIDE_EFFECTS  OBJECT_METHODS_WITHOUT_SIDEEFFECTS  REGEXP_METHODS  STRING_REGEXP_METHODS  defines  emptySet  knownConstants  NumbericResultPredicate  NUMBERIC_RESULT_PREDICATE  boolean  MayBeStringResultPredicate  MAY_BE_STRING_PREDICATE  Node  n  String  JSC_PROPERTY_NAME_FN  childValue  name  namespaceName  rawJsString  s  value  Map  vars  int  c  end  nextSkipSlot  nextSlot  start  type  	projects/Closure80/src/com/google/javascript/jscomp/NodeUtil.java	0.4082482904638631	1264	1264	2	replace	Context.checkState(NodeUtil.isConstructorAnonymous(n)||  NodeUtil.isFunctionAnonymous(n))  {  return  true;  }	  Context.checkState(NodeUtil.isFunctionAnonymous(n)||    NodeUtil.isFunctionAnonymous(n))    {    return    true;    }    	non-compiled	[CE]  	32	None	replace
285	[BUG]  [BUGGY]  n.setType(Token.FUNCTION  ||  n.getType()  ==  Token.GETPROP)  {  return  false;  }  [CE]  [FE]                        IllegalStateException      [CONTEXT]      case  Token.LE:  case  Token.GE:  case  Token.IN:  case  Token.INSTANCEOF:  case  Token.NOT:  return  true;  default:      [BUGGY]  n.setType(Token.FUNCTION  ||  n.getType()  ==  Token.GETPROP)  {  return  false;  }  [BUGGY]      }  }  [CLASS]  NodeUtil  NumbericResultPredicate  BooleanResultPredicate  MayBeStringResultPredicate  VarCollector  MatchNameNode  MatchNodeType  MatchDeclaration  MatchNotFunction  MatchShallowStatement  [METHOD]  isBooleanResultHelper  [RETURN_TYPE]  boolean  Node  n  [VARIABLES]  BooleanResultPredicate  BOOLEAN_RESULT_PREDICATE  Set  BUILTIN_FUNCTIONS_WITHOUT_SIDEEFFECTS  CONSTRUCTORS_WITHOUT_SIDE_EFFECTS  OBJECT_METHODS_WITHOUT_SIDEEFFECTS  REGEXP_METHODS  STRING_REGEXP_METHODS  defines  emptySet  knownConstants  NumbericResultPredicate  NUMBERIC_RESULT_PREDICATE  boolean  MayBeStringResultPredicate  MAY_BE_STRING_PREDICATE  Node  n  String  JSC_PROPERTY_NAME_FN  childValue  name  namespaceName  rawJsString  s  value  Map  vars  int  c  end  nextSkipSlot  nextSlot  start  type  	projects/Closure80/src/com/google/javascript/jscomp/NodeUtil.java	0.4082482904638631	1264	1264	2	replace	n.setType(Token.FUNCTION  ||  n.getType()  ==  Token.GETPROP)  {  return  false;  }	  if(n.getType()    ==    Token.FUNCTION    ||    n.getType()    ==    Token.GETPROP)    {    return    false;    }    	non-compiled	[CE]  	45	None	replace
286	[BUG]  [BUGGY]  n.getType()  ==  Token.FUNCTION  ||  n.getType()  ==  Token.GETPROP)  {  return  false;  }  [CE]  [FE]                          IllegalStateException      [CONTEXT]      case  Token.LE:  case  Token.GE:  case  Token.IN:  case  Token.INSTANCEOF:  case  Token.NOT:  return  true;  default:      [BUGGY]  n.getType()  ==  Token.FUNCTION  ||  n.getType()  ==  Token.GETPROP)  {  return  false;  }  [BUGGY]      }  }  [CLASS]  NodeUtil  NumbericResultPredicate  BooleanResultPredicate  MayBeStringResultPredicate  VarCollector  MatchNameNode  MatchNodeType  MatchDeclaration  MatchNotFunction  MatchShallowStatement  [METHOD]  isBooleanResultHelper  [RETURN_TYPE]  boolean  Node  n  [VARIABLES]  BooleanResultPredicate  BOOLEAN_RESULT_PREDICATE  Set  BUILTIN_FUNCTIONS_WITHOUT_SIDEEFFECTS  CONSTRUCTORS_WITHOUT_SIDE_EFFECTS  OBJECT_METHODS_WITHOUT_SIDEEFFECTS  REGEXP_METHODS  STRING_REGEXP_METHODS  defines  emptySet  knownConstants  NumbericResultPredicate  NUMBERIC_RESULT_PREDICATE  boolean  MayBeStringResultPredicate  MAY_BE_STRING_PREDICATE  Node  n  String  JSC_PROPERTY_NAME_FN  childValue  name  namespaceName  rawJsString  s  value  Map  vars  int  c  end  nextSkipSlot  nextSlot  start  type  	projects/Closure80/src/com/google/javascript/jscomp/NodeUtil.java	0.4082482904638631	1264	1264	2	replace	n.getType()  ==  Token.FUNCTION  ||  n.getType()  ==  Token.GETPROP)  {  return  false;  }	  if(n.getType()    ==    Token.FUNCTION    ||    n.getType()    ==    Token.GETPROP)    {    return    false;    }    	non-compiled	[CE]  	45	None	replace
287	[BUG]  [BUGGY]  if(n.getType()  ==  Token.FUNCTION  &&  n.getType()  ==  Token.GETPROP)  {  return  false;  }  [CE]  [FE]                            IllegalStateException      [CONTEXT]      case  Token.LE:  case  Token.GE:  case  Token.IN:  case  Token.INSTANCEOF:  case  Token.NOT:  return  true;  default:      [BUGGY]  if(n.getType()  ==  Token.FUNCTION  &&  n.getType()  ==  Token.GETPROP)  {  return  false;  }  [BUGGY]      }  }  [CLASS]  NodeUtil  NumbericResultPredicate  BooleanResultPredicate  MayBeStringResultPredicate  VarCollector  MatchNameNode  MatchNodeType  MatchDeclaration  MatchNotFunction  MatchShallowStatement  [METHOD]  isBooleanResultHelper  [RETURN_TYPE]  boolean  Node  n  [VARIABLES]  BooleanResultPredicate  BOOLEAN_RESULT_PREDICATE  Set  BUILTIN_FUNCTIONS_WITHOUT_SIDEEFFECTS  CONSTRUCTORS_WITHOUT_SIDE_EFFECTS  OBJECT_METHODS_WITHOUT_SIDEEFFECTS  REGEXP_METHODS  STRING_REGEXP_METHODS  defines  emptySet  knownConstants  NumbericResultPredicate  NUMBERIC_RESULT_PREDICATE  boolean  MayBeStringResultPredicate  MAY_BE_STRING_PREDICATE  Node  n  String  JSC_PROPERTY_NAME_FN  childValue  name  namespaceName  rawJsString  s  value  Map  vars  int  c  end  nextSkipSlot  nextSlot  start  type  	projects/Closure80/src/com/google/javascript/jscomp/NodeUtil.java	0.4082482904638631	1264	1264	2	replace	if(n.getType()  ==  Token.FUNCTION  &&  n.getType()  ==  Token.GETPROP)  {  return  false;  }	  if(n.getType()    ==    Token.FUNCTION    ||    n.getType()    ==    Token.GETPROP)    {    return    false;    }    	non-compiled	[CE]  	45	None	replace
288	[BUG]  [BUGGY]  NodeUtil.isName(n)||  NodeUtil.isFunctionAnonymous(n))  {  return  true;  }  [CE]  [FE]                  IllegalStateException      [CONTEXT]      case  Token.LE:  case  Token.GE:  case  Token.IN:  case  Token.INSTANCEOF:  case  Token.NOT:  return  true;  default:      [BUGGY]  NodeUtil.isName(n)||  NodeUtil.isFunctionAnonymous(n))  {  return  true;  }  [BUGGY]      }  }  [CLASS]  NodeUtil  NumbericResultPredicate  BooleanResultPredicate  MayBeStringResultPredicate  VarCollector  MatchNameNode  MatchNodeType  MatchDeclaration  MatchNotFunction  MatchShallowStatement  [METHOD]  isBooleanResultHelper  [RETURN_TYPE]  boolean  Node  n  [VARIABLES]  BooleanResultPredicate  BOOLEAN_RESULT_PREDICATE  Set  BUILTIN_FUNCTIONS_WITHOUT_SIDEEFFECTS  CONSTRUCTORS_WITHOUT_SIDE_EFFECTS  OBJECT_METHODS_WITHOUT_SIDEEFFECTS  REGEXP_METHODS  STRING_REGEXP_METHODS  defines  emptySet  knownConstants  NumbericResultPredicate  NUMBERIC_RESULT_PREDICATE  boolean  MayBeStringResultPredicate  MAY_BE_STRING_PREDICATE  Node  n  String  JSC_PROPERTY_NAME_FN  childValue  name  namespaceName  rawJsString  s  value  Map  vars  int  c  end  nextSkipSlot  nextSlot  start  type  	projects/Closure80/src/com/google/javascript/jscomp/NodeUtil.java	0.4082482904638631	1264	1264	2	replace	NodeUtil.isName(n)||  NodeUtil.isFunctionAnonymous(n))  {  return  true;  }	  NodeUtil.isFunctionAnonymous(n)||    NodeUtil.isFunctionAnonymous(n))    {    return    true;    }    	non-compiled	[CE]  	34	None	replace
289	[BUG]  [BUGGY]  NodeUtil.isExpressionNode(n)||  NodeUtil.isFunctionAnonymous(n))  {  return  true;  }  [CE]  [FE]                    IllegalStateException      [CONTEXT]      case  Token.LE:  case  Token.GE:  case  Token.IN:  case  Token.INSTANCEOF:  case  Token.NOT:  return  true;  default:      [BUGGY]  NodeUtil.isExpressionNode(n)||  NodeUtil.isFunctionAnonymous(n))  {  return  true;  }  [BUGGY]      }  }  [CLASS]  NodeUtil  NumbericResultPredicate  BooleanResultPredicate  MayBeStringResultPredicate  VarCollector  MatchNameNode  MatchNodeType  MatchDeclaration  MatchNotFunction  MatchShallowStatement  [METHOD]  isBooleanResultHelper  [RETURN_TYPE]  boolean  Node  n  [VARIABLES]  BooleanResultPredicate  BOOLEAN_RESULT_PREDICATE  Set  BUILTIN_FUNCTIONS_WITHOUT_SIDEEFFECTS  CONSTRUCTORS_WITHOUT_SIDE_EFFECTS  OBJECT_METHODS_WITHOUT_SIDEEFFECTS  REGEXP_METHODS  STRING_REGEXP_METHODS  defines  emptySet  knownConstants  NumbericResultPredicate  NUMBERIC_RESULT_PREDICATE  boolean  MayBeStringResultPredicate  MAY_BE_STRING_PREDICATE  Node  n  String  JSC_PROPERTY_NAME_FN  childValue  name  namespaceName  rawJsString  s  value  Map  vars  int  c  end  nextSkipSlot  nextSlot  start  type  	projects/Closure80/src/com/google/javascript/jscomp/NodeUtil.java	0.4082482904638631	1264	1264	2	replace	NodeUtil.isExpressionNode(n)||  NodeUtil.isFunctionAnonymous(n))  {  return  true;  }	  NodeUtil.isFunctionAnonymous(n)||    NodeUtil.isFunctionAnonymous(n))    {    return    true;    }    	non-compiled	[CE]  	34	None	replace
290	[BUG]  [BUGGY]  NodeUtil.isLocalFunctionAnonymous(n)||  NodeUtil.isFunctionAnonymous(n))  {  return  true;  }  [CE]  [FE]                      IllegalStateException      [CONTEXT]      case  Token.LE:  case  Token.GE:  case  Token.IN:  case  Token.INSTANCEOF:  case  Token.NOT:  return  true;  default:      [BUGGY]  NodeUtil.isLocalFunctionAnonymous(n)||  NodeUtil.isFunctionAnonymous(n))  {  return  true;  }  [BUGGY]      }  }  [CLASS]  NodeUtil  NumbericResultPredicate  BooleanResultPredicate  MayBeStringResultPredicate  VarCollector  MatchNameNode  MatchNodeType  MatchDeclaration  MatchNotFunction  MatchShallowStatement  [METHOD]  isBooleanResultHelper  [RETURN_TYPE]  boolean  Node  n  [VARIABLES]  BooleanResultPredicate  BOOLEAN_RESULT_PREDICATE  Set  BUILTIN_FUNCTIONS_WITHOUT_SIDEEFFECTS  CONSTRUCTORS_WITHOUT_SIDE_EFFECTS  OBJECT_METHODS_WITHOUT_SIDEEFFECTS  REGEXP_METHODS  STRING_REGEXP_METHODS  defines  emptySet  knownConstants  NumbericResultPredicate  NUMBERIC_RESULT_PREDICATE  boolean  MayBeStringResultPredicate  MAY_BE_STRING_PREDICATE  Node  n  String  JSC_PROPERTY_NAME_FN  childValue  name  namespaceName  rawJsString  s  value  Map  vars  int  c  end  nextSkipSlot  nextSlot  start  type  	projects/Closure80/src/com/google/javascript/jscomp/NodeUtil.java	0.4082482904638631	1264	1264	2	replace	NodeUtil.isLocalFunctionAnonymous(n)||  NodeUtil.isFunctionAnonymous(n))  {  return  true;  }	  NodeUtil.isFunctionAnonymous(n)||    NodeUtil.isFunctionAnonymous(n))    {    return    true;    }    	non-compiled	[CE]  	34	None	replace
291	[BUG]  [BUGGY]  ||  NodeUtil.isFunctionDeclaration(n))  {  return  true;  }  [CE]  [FE]                IllegalStateException      [CONTEXT]      case  Token.LE:  case  Token.GE:  case  Token.IN:  case  Token.INSTANCEOF:  case  Token.NOT:  return  true;  default:      [BUGGY]  ||  NodeUtil.isFunctionDeclaration(n))  {  return  true;  }  [BUGGY]      }  }  [CLASS]  NodeUtil  NumbericResultPredicate  BooleanResultPredicate  MayBeStringResultPredicate  VarCollector  MatchNameNode  MatchNodeType  MatchDeclaration  MatchNotFunction  MatchShallowStatement  [METHOD]  isBooleanResultHelper  [RETURN_TYPE]  boolean  Node  n  [VARIABLES]  BooleanResultPredicate  BOOLEAN_RESULT_PREDICATE  Set  BUILTIN_FUNCTIONS_WITHOUT_SIDEEFFECTS  CONSTRUCTORS_WITHOUT_SIDE_EFFECTS  OBJECT_METHODS_WITHOUT_SIDEEFFECTS  REGEXP_METHODS  STRING_REGEXP_METHODS  defines  emptySet  knownConstants  NumbericResultPredicate  NUMBERIC_RESULT_PREDICATE  boolean  MayBeStringResultPredicate  MAY_BE_STRING_PREDICATE  Node  n  String  JSC_PROPERTY_NAME_FN  childValue  name  namespaceName  rawJsString  s  value  Map  vars  int  c  end  nextSkipSlot  nextSlot  start  type  	projects/Closure80/src/com/google/javascript/jscomp/NodeUtil.java	0.4082482904638631	1264	1264	2	replace	||  NodeUtil.isFunctionDeclaration(n))  {  return  true;  }	  ||    NodeUtil.isFunctionDeclaration(n))    {    return    false;    }    	non-compiled	[CE]  	6	None	replace
292	[BUG]  [BUGGY]  ||  NodeUtil.isAssignmentOp(n))  {  return  false;  }  [CE]  [FE]                  IllegalStateException      [CONTEXT]      case  Token.LE:  case  Token.GE:  case  Token.IN:  case  Token.INSTANCEOF:  case  Token.NOT:  return  true;  default:      [BUGGY]  ||  NodeUtil.isAssignmentOp(n))  {  return  false;  }  [BUGGY]      }  }  [CLASS]  NodeUtil  NumbericResultPredicate  BooleanResultPredicate  MayBeStringResultPredicate  VarCollector  MatchNameNode  MatchNodeType  MatchDeclaration  MatchNotFunction  MatchShallowStatement  [METHOD]  isBooleanResultHelper  [RETURN_TYPE]  boolean  Node  n  [VARIABLES]  BooleanResultPredicate  BOOLEAN_RESULT_PREDICATE  Set  BUILTIN_FUNCTIONS_WITHOUT_SIDEEFFECTS  CONSTRUCTORS_WITHOUT_SIDE_EFFECTS  OBJECT_METHODS_WITHOUT_SIDEEFFECTS  REGEXP_METHODS  STRING_REGEXP_METHODS  defines  emptySet  knownConstants  NumbericResultPredicate  NUMBERIC_RESULT_PREDICATE  boolean  MayBeStringResultPredicate  MAY_BE_STRING_PREDICATE  Node  n  String  JSC_PROPERTY_NAME_FN  childValue  name  namespaceName  rawJsString  s  value  Map  vars  int  c  end  nextSkipSlot  nextSlot  start  type  	projects/Closure80/src/com/google/javascript/jscomp/NodeUtil.java	0.4082482904638631	1264	1264	2	replace	||  NodeUtil.isAssignmentOp(n))  {  return  false;  }	  ||    NodeUtil.isFunctionDeclaration(n))    {    return    false;    }    	non-compiled	[CE]  	6	None	replace
293	[BUG]  [BUGGY]  ||  NodeUtil.isVarDeclaration(n))  {  return  false;  }  [CE]  [FE]                    IllegalStateException      [CONTEXT]      case  Token.LE:  case  Token.GE:  case  Token.IN:  case  Token.INSTANCEOF:  case  Token.NOT:  return  true;  default:      [BUGGY]  ||  NodeUtil.isVarDeclaration(n))  {  return  false;  }  [BUGGY]      }  }  [CLASS]  NodeUtil  NumbericResultPredicate  BooleanResultPredicate  MayBeStringResultPredicate  VarCollector  MatchNameNode  MatchNodeType  MatchDeclaration  MatchNotFunction  MatchShallowStatement  [METHOD]  isBooleanResultHelper  [RETURN_TYPE]  boolean  Node  n  [VARIABLES]  BooleanResultPredicate  BOOLEAN_RESULT_PREDICATE  Set  BUILTIN_FUNCTIONS_WITHOUT_SIDEEFFECTS  CONSTRUCTORS_WITHOUT_SIDE_EFFECTS  OBJECT_METHODS_WITHOUT_SIDEEFFECTS  REGEXP_METHODS  STRING_REGEXP_METHODS  defines  emptySet  knownConstants  NumbericResultPredicate  NUMBERIC_RESULT_PREDICATE  boolean  MayBeStringResultPredicate  MAY_BE_STRING_PREDICATE  Node  n  String  JSC_PROPERTY_NAME_FN  childValue  name  namespaceName  rawJsString  s  value  Map  vars  int  c  end  nextSkipSlot  nextSlot  start  type  	projects/Closure80/src/com/google/javascript/jscomp/NodeUtil.java	0.4082482904638631	1264	1264	2	replace	||  NodeUtil.isVarDeclaration(n))  {  return  false;  }	  ||    NodeUtil.isFunctionDeclaration(n))    {    return    false;    }    	non-compiled	[CE]  	6	None	replace
294	[BUG]  [BUGGY]  ||  NodeUtil.isFunctionDeclaration(n)||!NodeUtil.isFunctionDeclaration(n))  {  return  false;  }  [CE]  [FE]                      IllegalStateException      [CONTEXT]      case  Token.LE:  case  Token.GE:  case  Token.IN:  case  Token.INSTANCEOF:  case  Token.NOT:  return  true;  default:      [BUGGY]  ||  NodeUtil.isFunctionDeclaration(n)||!NodeUtil.isFunctionDeclaration(n))  {  return  false;  }  [BUGGY]      }  }  [CLASS]  NodeUtil  NumbericResultPredicate  BooleanResultPredicate  MayBeStringResultPredicate  VarCollector  MatchNameNode  MatchNodeType  MatchDeclaration  MatchNotFunction  MatchShallowStatement  [METHOD]  isBooleanResultHelper  [RETURN_TYPE]  boolean  Node  n  [VARIABLES]  BooleanResultPredicate  BOOLEAN_RESULT_PREDICATE  Set  BUILTIN_FUNCTIONS_WITHOUT_SIDEEFFECTS  CONSTRUCTORS_WITHOUT_SIDE_EFFECTS  OBJECT_METHODS_WITHOUT_SIDEEFFECTS  REGEXP_METHODS  STRING_REGEXP_METHODS  defines  emptySet  knownConstants  NumbericResultPredicate  NUMBERIC_RESULT_PREDICATE  boolean  MayBeStringResultPredicate  MAY_BE_STRING_PREDICATE  Node  n  String  JSC_PROPERTY_NAME_FN  childValue  name  namespaceName  rawJsString  s  value  Map  vars  int  c  end  nextSkipSlot  nextSlot  start  type  	projects/Closure80/src/com/google/javascript/jscomp/NodeUtil.java	0.4082482904638631	1264	1264	2	replace	||  NodeUtil.isFunctionDeclaration(n)||!NodeUtil.isFunctionDeclaration(n))  {  return  false;  }	  ||    NodeUtil.isFunctionDeclaration(n))    {    return    false;    }    	non-compiled	[CE]  	6	None	replace
295	[BUG]  [BUGGY]  ||  NodeUtil.isFunctionDeclaration(n)||!NodeUtil.isAssignmentOp(n))  {  return  false;  }  [CE]  [FE]                        IllegalStateException      [CONTEXT]      case  Token.LE:  case  Token.GE:  case  Token.IN:  case  Token.INSTANCEOF:  case  Token.NOT:  return  true;  default:      [BUGGY]  ||  NodeUtil.isFunctionDeclaration(n)||!NodeUtil.isAssignmentOp(n))  {  return  false;  }  [BUGGY]      }  }  [CLASS]  NodeUtil  NumbericResultPredicate  BooleanResultPredicate  MayBeStringResultPredicate  VarCollector  MatchNameNode  MatchNodeType  MatchDeclaration  MatchNotFunction  MatchShallowStatement  [METHOD]  isBooleanResultHelper  [RETURN_TYPE]  boolean  Node  n  [VARIABLES]  BooleanResultPredicate  BOOLEAN_RESULT_PREDICATE  Set  BUILTIN_FUNCTIONS_WITHOUT_SIDEEFFECTS  CONSTRUCTORS_WITHOUT_SIDE_EFFECTS  OBJECT_METHODS_WITHOUT_SIDEEFFECTS  REGEXP_METHODS  STRING_REGEXP_METHODS  defines  emptySet  knownConstants  NumbericResultPredicate  NUMBERIC_RESULT_PREDICATE  boolean  MayBeStringResultPredicate  MAY_BE_STRING_PREDICATE  Node  n  String  JSC_PROPERTY_NAME_FN  childValue  name  namespaceName  rawJsString  s  value  Map  vars  int  c  end  nextSkipSlot  nextSlot  start  type  	projects/Closure80/src/com/google/javascript/jscomp/NodeUtil.java	0.4082482904638631	1264	1264	2	replace	||  NodeUtil.isFunctionDeclaration(n)||!NodeUtil.isAssignmentOp(n))  {  return  false;  }	  ||    NodeUtil.isFunctionDeclaration(n))    {    return    false;    }    	non-compiled	[CE]  	6	None	replace
296	[BUG]  [BUGGY]  ||  NodeUtil.isFunctionDeclaration(n)||  n.getType()  ==  Token.FUNCTION)  {  return  false;  }  [CE]  [FE]                          IllegalStateException      [CONTEXT]      case  Token.LE:  case  Token.GE:  case  Token.IN:  case  Token.INSTANCEOF:  case  Token.NOT:  return  true;  default:      [BUGGY]  ||  NodeUtil.isFunctionDeclaration(n)||  n.getType()  ==  Token.FUNCTION)  {  return  false;  }  [BUGGY]      }  }  [CLASS]  NodeUtil  NumbericResultPredicate  BooleanResultPredicate  MayBeStringResultPredicate  VarCollector  MatchNameNode  MatchNodeType  MatchDeclaration  MatchNotFunction  MatchShallowStatement  [METHOD]  isBooleanResultHelper  [RETURN_TYPE]  boolean  Node  n  [VARIABLES]  BooleanResultPredicate  BOOLEAN_RESULT_PREDICATE  Set  BUILTIN_FUNCTIONS_WITHOUT_SIDEEFFECTS  CONSTRUCTORS_WITHOUT_SIDE_EFFECTS  OBJECT_METHODS_WITHOUT_SIDEEFFECTS  REGEXP_METHODS  STRING_REGEXP_METHODS  defines  emptySet  knownConstants  NumbericResultPredicate  NUMBERIC_RESULT_PREDICATE  boolean  MayBeStringResultPredicate  MAY_BE_STRING_PREDICATE  Node  n  String  JSC_PROPERTY_NAME_FN  childValue  name  namespaceName  rawJsString  s  value  Map  vars  int  c  end  nextSkipSlot  nextSlot  start  type  	projects/Closure80/src/com/google/javascript/jscomp/NodeUtil.java	0.4082482904638631	1264	1264	2	replace	||  NodeUtil.isFunctionDeclaration(n)||  n.getType()  ==  Token.FUNCTION)  {  return  false;  }	  ||    NodeUtil.isFunctionDeclaration(n))    {    return    false;    }    	non-compiled	[CE]  	6	None	replace
297	[BUG]  [BUGGY]  if(NodeUtil.isFunctionDeclaration(n)&&  n.getType()  ==  Token.FUNCTION)  {  return  false;  }  [CE]  [FE]                        IllegalStateException      [CONTEXT]      case  Token.LE:  case  Token.GE:  case  Token.IN:  case  Token.INSTANCEOF:  case  Token.NOT:  return  true;  default:      [BUGGY]  if(NodeUtil.isFunctionDeclaration(n)&&  n.getType()  ==  Token.FUNCTION)  {  return  false;  }  [BUGGY]      }  }  [CLASS]  NodeUtil  NumbericResultPredicate  BooleanResultPredicate  MayBeStringResultPredicate  VarCollector  MatchNameNode  MatchNodeType  MatchDeclaration  MatchNotFunction  MatchShallowStatement  [METHOD]  isBooleanResultHelper  [RETURN_TYPE]  boolean  Node  n  [VARIABLES]  BooleanResultPredicate  BOOLEAN_RESULT_PREDICATE  Set  BUILTIN_FUNCTIONS_WITHOUT_SIDEEFFECTS  CONSTRUCTORS_WITHOUT_SIDE_EFFECTS  OBJECT_METHODS_WITHOUT_SIDEEFFECTS  REGEXP_METHODS  STRING_REGEXP_METHODS  defines  emptySet  knownConstants  NumbericResultPredicate  NUMBERIC_RESULT_PREDICATE  boolean  MayBeStringResultPredicate  MAY_BE_STRING_PREDICATE  Node  n  String  JSC_PROPERTY_NAME_FN  childValue  name  namespaceName  rawJsString  s  value  Map  vars  int  c  end  nextSkipSlot  nextSlot  start  type  	projects/Closure80/src/com/google/javascript/jscomp/NodeUtil.java	0.4082482904638631	1264	1264	2	replace	if(NodeUtil.isFunctionDeclaration(n)&&  n.getType()  ==  Token.FUNCTION)  {  return  false;  }	  if(NodeUtil.isFunctionDeclaration(n)||    n.getType()    ==    Token.FUNCTION)    {    return    false;    }    	non-compiled	[CE]  	10	None	replace
298	[BUG]  [BUGGY]  ||  NodeUtil.isFunctionDeclaration(n)&&  n.getType()  ==  Token.FUNCTION)  {  return  false;  }  [CE]  [FE]                          IllegalStateException      [CONTEXT]      case  Token.LE:  case  Token.GE:  case  Token.IN:  case  Token.INSTANCEOF:  case  Token.NOT:  return  true;  default:      [BUGGY]  ||  NodeUtil.isFunctionDeclaration(n)&&  n.getType()  ==  Token.FUNCTION)  {  return  false;  }  [BUGGY]      }  }  [CLASS]  NodeUtil  NumbericResultPredicate  BooleanResultPredicate  MayBeStringResultPredicate  VarCollector  MatchNameNode  MatchNodeType  MatchDeclaration  MatchNotFunction  MatchShallowStatement  [METHOD]  isBooleanResultHelper  [RETURN_TYPE]  boolean  Node  n  [VARIABLES]  BooleanResultPredicate  BOOLEAN_RESULT_PREDICATE  Set  BUILTIN_FUNCTIONS_WITHOUT_SIDEEFFECTS  CONSTRUCTORS_WITHOUT_SIDE_EFFECTS  OBJECT_METHODS_WITHOUT_SIDEEFFECTS  REGEXP_METHODS  STRING_REGEXP_METHODS  defines  emptySet  knownConstants  NumbericResultPredicate  NUMBERIC_RESULT_PREDICATE  boolean  MayBeStringResultPredicate  MAY_BE_STRING_PREDICATE  Node  n  String  JSC_PROPERTY_NAME_FN  childValue  name  namespaceName  rawJsString  s  value  Map  vars  int  c  end  nextSkipSlot  nextSlot  start  type  	projects/Closure80/src/com/google/javascript/jscomp/NodeUtil.java	0.4082482904638631	1264	1264	2	replace	||  NodeUtil.isFunctionDeclaration(n)&&  n.getType()  ==  Token.FUNCTION)  {  return  false;  }	  if(NodeUtil.isFunctionDeclaration(n)||    n.getType()    ==    Token.FUNCTION)    {    return    false;    }    	non-compiled	[CE]  	10	None	replace
299	[BUG]  [BUGGY]  NodeUtil.isFunctionDeclaration(n)||  n.getType()  ==  Token.FUNCTION)  {  return  false;  }  [CE]  [FE]                            IllegalStateException      [CONTEXT]      case  Token.LE:  case  Token.GE:  case  Token.IN:  case  Token.INSTANCEOF:  case  Token.NOT:  return  true;  default:      [BUGGY]  NodeUtil.isFunctionDeclaration(n)||  n.getType()  ==  Token.FUNCTION)  {  return  false;  }  [BUGGY]      }  }  [CLASS]  NodeUtil  NumbericResultPredicate  BooleanResultPredicate  MayBeStringResultPredicate  VarCollector  MatchNameNode  MatchNodeType  MatchDeclaration  MatchNotFunction  MatchShallowStatement  [METHOD]  isBooleanResultHelper  [RETURN_TYPE]  boolean  Node  n  [VARIABLES]  BooleanResultPredicate  BOOLEAN_RESULT_PREDICATE  Set  BUILTIN_FUNCTIONS_WITHOUT_SIDEEFFECTS  CONSTRUCTORS_WITHOUT_SIDE_EFFECTS  OBJECT_METHODS_WITHOUT_SIDEEFFECTS  REGEXP_METHODS  STRING_REGEXP_METHODS  defines  emptySet  knownConstants  NumbericResultPredicate  NUMBERIC_RESULT_PREDICATE  boolean  MayBeStringResultPredicate  MAY_BE_STRING_PREDICATE  Node  n  String  JSC_PROPERTY_NAME_FN  childValue  name  namespaceName  rawJsString  s  value  Map  vars  int  c  end  nextSkipSlot  nextSlot  start  type  	projects/Closure80/src/com/google/javascript/jscomp/NodeUtil.java	0.4082482904638631	1264	1264	2	replace	NodeUtil.isFunctionDeclaration(n)||  n.getType()  ==  Token.FUNCTION)  {  return  false;  }	  if(NodeUtil.isFunctionDeclaration(n)||    n.getType()    ==    Token.FUNCTION)    {    return    false;    }    	non-compiled	[CE]  	10	None	replace
300	[BUG]  [BUGGY]  NodeUtil.isFunctionDeclaration(n)&&  n.getType()  ==  Token.FUNCTION)  {  return  false;  }  [CE]  [FE]                              IllegalStateException      [CONTEXT]      case  Token.LE:  case  Token.GE:  case  Token.IN:  case  Token.INSTANCEOF:  case  Token.NOT:  return  true;  default:      [BUGGY]  NodeUtil.isFunctionDeclaration(n)&&  n.getType()  ==  Token.FUNCTION)  {  return  false;  }  [BUGGY]      }  }  [CLASS]  NodeUtil  NumbericResultPredicate  BooleanResultPredicate  MayBeStringResultPredicate  VarCollector  MatchNameNode  MatchNodeType  MatchDeclaration  MatchNotFunction  MatchShallowStatement  [METHOD]  isBooleanResultHelper  [RETURN_TYPE]  boolean  Node  n  [VARIABLES]  BooleanResultPredicate  BOOLEAN_RESULT_PREDICATE  Set  BUILTIN_FUNCTIONS_WITHOUT_SIDEEFFECTS  CONSTRUCTORS_WITHOUT_SIDE_EFFECTS  OBJECT_METHODS_WITHOUT_SIDEEFFECTS  REGEXP_METHODS  STRING_REGEXP_METHODS  defines  emptySet  knownConstants  NumbericResultPredicate  NUMBERIC_RESULT_PREDICATE  boolean  MayBeStringResultPredicate  MAY_BE_STRING_PREDICATE  Node  n  String  JSC_PROPERTY_NAME_FN  childValue  name  namespaceName  rawJsString  s  value  Map  vars  int  c  end  nextSkipSlot  nextSlot  start  type  	projects/Closure80/src/com/google/javascript/jscomp/NodeUtil.java	0.4082482904638631	1264	1264	2	replace	NodeUtil.isFunctionDeclaration(n)&&  n.getType()  ==  Token.FUNCTION)  {  return  false;  }	  if(NodeUtil.isFunctionDeclaration(n)||    n.getType()    ==    Token.FUNCTION)    {    return    false;    }    	non-compiled	[CE]  	10	None	replace
301	[BUG]  [BUGGY]  NodeUtil.isFunctionAnonymous(n)||  NodeUtil.isStatementBoolean(n))  {  return  false;  }  [CE]  [FE]                  IllegalStateException      [CONTEXT]      case  Token.LE:  case  Token.GE:  case  Token.IN:  case  Token.INSTANCEOF:  case  Token.NOT:  return  true;  default:      [BUGGY]  NodeUtil.isFunctionAnonymous(n)||  NodeUtil.isStatementBoolean(n))  {  return  false;  }  [BUGGY]      }  }  [CLASS]  NodeUtil  NumbericResultPredicate  BooleanResultPredicate  MayBeStringResultPredicate  VarCollector  MatchNameNode  MatchNodeType  MatchDeclaration  MatchNotFunction  MatchShallowStatement  [METHOD]  isBooleanResultHelper  [RETURN_TYPE]  boolean  Node  n  [VARIABLES]  BooleanResultPredicate  BOOLEAN_RESULT_PREDICATE  Set  BUILTIN_FUNCTIONS_WITHOUT_SIDEEFFECTS  CONSTRUCTORS_WITHOUT_SIDE_EFFECTS  OBJECT_METHODS_WITHOUT_SIDEEFFECTS  REGEXP_METHODS  STRING_REGEXP_METHODS  defines  emptySet  knownConstants  NumbericResultPredicate  NUMBERIC_RESULT_PREDICATE  boolean  MayBeStringResultPredicate  MAY_BE_STRING_PREDICATE  Node  n  String  JSC_PROPERTY_NAME_FN  childValue  name  namespaceName  rawJsString  s  value  Map  vars  int  c  end  nextSkipSlot  nextSlot  start  type  	projects/Closure80/src/com/google/javascript/jscomp/NodeUtil.java	0.4082482904638631	1264	1264	2	replace	NodeUtil.isFunctionAnonymous(n)||  NodeUtil.isStatementBoolean(n))  {  return  false;  }	  if(NodeUtil.isFunctionAnonymous(n)||    NodeUtil.isStatementBoolean(n))    {    return    false;    }    	non-compiled	[CE]  	156	None	replace
302	[BUG]  [BUGGY]  ||  NodeUtil.isStatementBoolean(n))  {  return  false;  }  [CE]  [FE]                    IllegalStateException      [CONTEXT]      case  Token.LE:  case  Token.GE:  case  Token.IN:  case  Token.INSTANCEOF:  case  Token.NOT:  return  true;  default:      [BUGGY]  ||  NodeUtil.isStatementBoolean(n))  {  return  false;  }  [BUGGY]      }  }  [CLASS]  NodeUtil  NumbericResultPredicate  BooleanResultPredicate  MayBeStringResultPredicate  VarCollector  MatchNameNode  MatchNodeType  MatchDeclaration  MatchNotFunction  MatchShallowStatement  [METHOD]  isBooleanResultHelper  [RETURN_TYPE]  boolean  Node  n  [VARIABLES]  BooleanResultPredicate  BOOLEAN_RESULT_PREDICATE  Set  BUILTIN_FUNCTIONS_WITHOUT_SIDEEFFECTS  CONSTRUCTORS_WITHOUT_SIDE_EFFECTS  OBJECT_METHODS_WITHOUT_SIDEEFFECTS  REGEXP_METHODS  STRING_REGEXP_METHODS  defines  emptySet  knownConstants  NumbericResultPredicate  NUMBERIC_RESULT_PREDICATE  boolean  MayBeStringResultPredicate  MAY_BE_STRING_PREDICATE  Node  n  String  JSC_PROPERTY_NAME_FN  childValue  name  namespaceName  rawJsString  s  value  Map  vars  int  c  end  nextSkipSlot  nextSlot  start  type  	projects/Closure80/src/com/google/javascript/jscomp/NodeUtil.java	0.4082482904638631	1264	1264	2	replace	||  NodeUtil.isStatementBoolean(n))  {  return  false;  }	  if(NodeUtil.isFunctionAnonymous(n)||    NodeUtil.isStatementBoolean(n))    {    return    false;    }    	non-compiled	[CE]  	156	None	replace
303	[BUG]  [BUGGY]  if(n.getType()  ==  Token.GETPROP  &&  n.getType()  ==  Token.GETPROP)  {  return  false;  }  [CE]  [FE]                          IllegalStateException      [CONTEXT]      case  Token.LE:  case  Token.GE:  case  Token.IN:  case  Token.INSTANCEOF:  case  Token.NOT:  return  true;  default:      [BUGGY]  if(n.getType()  ==  Token.GETPROP  &&  n.getType()  ==  Token.GETPROP)  {  return  false;  }  [BUGGY]      }  }  [CLASS]  NodeUtil  NumbericResultPredicate  BooleanResultPredicate  MayBeStringResultPredicate  VarCollector  MatchNameNode  MatchNodeType  MatchDeclaration  MatchNotFunction  MatchShallowStatement  [METHOD]  isBooleanResultHelper  [RETURN_TYPE]  boolean  Node  n  [VARIABLES]  BooleanResultPredicate  BOOLEAN_RESULT_PREDICATE  Set  BUILTIN_FUNCTIONS_WITHOUT_SIDEEFFECTS  CONSTRUCTORS_WITHOUT_SIDE_EFFECTS  OBJECT_METHODS_WITHOUT_SIDEEFFECTS  REGEXP_METHODS  STRING_REGEXP_METHODS  defines  emptySet  knownConstants  NumbericResultPredicate  NUMBERIC_RESULT_PREDICATE  boolean  MayBeStringResultPredicate  MAY_BE_STRING_PREDICATE  Node  n  String  JSC_PROPERTY_NAME_FN  childValue  name  namespaceName  rawJsString  s  value  Map  vars  int  c  end  nextSkipSlot  nextSlot  start  type  	projects/Closure80/src/com/google/javascript/jscomp/NodeUtil.java	0.4082482904638631	1264	1264	2	replace	if(n.getType()  ==  Token.GETPROP  &&  n.getType()  ==  Token.GETPROP)  {  return  false;  }	  if(n.getType()    ==    Token.GETPROP    ||    n.getType()    ==    Token.GETPROP)    {    return    false;    }    	non-compiled	[CE]  	62	None	replace
304	[BUG]  [BUGGY]  n.getType()  ==  Token.GETPROP  ||  n.getType()  ==  Token.GETPROP)  {  return  false;  }  [CE]  [FE]                            IllegalStateException      [CONTEXT]      case  Token.LE:  case  Token.GE:  case  Token.IN:  case  Token.INSTANCEOF:  case  Token.NOT:  return  true;  default:      [BUGGY]  n.getType()  ==  Token.GETPROP  ||  n.getType()  ==  Token.GETPROP)  {  return  false;  }  [BUGGY]      }  }  [CLASS]  NodeUtil  NumbericResultPredicate  BooleanResultPredicate  MayBeStringResultPredicate  VarCollector  MatchNameNode  MatchNodeType  MatchDeclaration  MatchNotFunction  MatchShallowStatement  [METHOD]  isBooleanResultHelper  [RETURN_TYPE]  boolean  Node  n  [VARIABLES]  BooleanResultPredicate  BOOLEAN_RESULT_PREDICATE  Set  BUILTIN_FUNCTIONS_WITHOUT_SIDEEFFECTS  CONSTRUCTORS_WITHOUT_SIDE_EFFECTS  OBJECT_METHODS_WITHOUT_SIDEEFFECTS  REGEXP_METHODS  STRING_REGEXP_METHODS  defines  emptySet  knownConstants  NumbericResultPredicate  NUMBERIC_RESULT_PREDICATE  boolean  MayBeStringResultPredicate  MAY_BE_STRING_PREDICATE  Node  n  String  JSC_PROPERTY_NAME_FN  childValue  name  namespaceName  rawJsString  s  value  Map  vars  int  c  end  nextSkipSlot  nextSlot  start  type  	projects/Closure80/src/com/google/javascript/jscomp/NodeUtil.java	0.4082482904638631	1264	1264	2	replace	n.getType()  ==  Token.GETPROP  ||  n.getType()  ==  Token.GETPROP)  {  return  false;  }	  if(n.getType()    ==    Token.GETPROP    ||    n.getType()    ==    Token.GETPROP)    {    return    false;    }    	non-compiled	[CE]  	62	None	replace
305	[BUG]  [BUGGY]  if(n.getType()!=  Token.GETPROP  &&  n.getType()  ==  Token.GETPROP)  {  return  false;  }  [CE]  [FE]                              IllegalStateException      [CONTEXT]      case  Token.LE:  case  Token.GE:  case  Token.IN:  case  Token.INSTANCEOF:  case  Token.NOT:  return  true;  default:      [BUGGY]  if(n.getType()!=  Token.GETPROP  &&  n.getType()  ==  Token.GETPROP)  {  return  false;  }  [BUGGY]      }  }  [CLASS]  NodeUtil  NumbericResultPredicate  BooleanResultPredicate  MayBeStringResultPredicate  VarCollector  MatchNameNode  MatchNodeType  MatchDeclaration  MatchNotFunction  MatchShallowStatement  [METHOD]  isBooleanResultHelper  [RETURN_TYPE]  boolean  Node  n  [VARIABLES]  BooleanResultPredicate  BOOLEAN_RESULT_PREDICATE  Set  BUILTIN_FUNCTIONS_WITHOUT_SIDEEFFECTS  CONSTRUCTORS_WITHOUT_SIDE_EFFECTS  OBJECT_METHODS_WITHOUT_SIDEEFFECTS  REGEXP_METHODS  STRING_REGEXP_METHODS  defines  emptySet  knownConstants  NumbericResultPredicate  NUMBERIC_RESULT_PREDICATE  boolean  MayBeStringResultPredicate  MAY_BE_STRING_PREDICATE  Node  n  String  JSC_PROPERTY_NAME_FN  childValue  name  namespaceName  rawJsString  s  value  Map  vars  int  c  end  nextSkipSlot  nextSlot  start  type  	projects/Closure80/src/com/google/javascript/jscomp/NodeUtil.java	0.4082482904638631	1264	1264	2	replace	if(n.getType()!=  Token.GETPROP  &&  n.getType()  ==  Token.GETPROP)  {  return  false;  }	  if(n.getType()    ==    Token.GETPROP    ||    n.getType()    ==    Token.GETPROP)    {    return    false;    }    	non-compiled	[CE]  	62	None	replace
306	[BUG]  [BUGGY]  n.getType()  ==  Token.GETPROP  &&  n.getType()  ==  Token.GETPROP)  {  return  false;  }  [CE]  [FE]                                IllegalStateException      [CONTEXT]      case  Token.LE:  case  Token.GE:  case  Token.IN:  case  Token.INSTANCEOF:  case  Token.NOT:  return  true;  default:      [BUGGY]  n.getType()  ==  Token.GETPROP  &&  n.getType()  ==  Token.GETPROP)  {  return  false;  }  [BUGGY]      }  }  [CLASS]  NodeUtil  NumbericResultPredicate  BooleanResultPredicate  MayBeStringResultPredicate  VarCollector  MatchNameNode  MatchNodeType  MatchDeclaration  MatchNotFunction  MatchShallowStatement  [METHOD]  isBooleanResultHelper  [RETURN_TYPE]  boolean  Node  n  [VARIABLES]  BooleanResultPredicate  BOOLEAN_RESULT_PREDICATE  Set  BUILTIN_FUNCTIONS_WITHOUT_SIDEEFFECTS  CONSTRUCTORS_WITHOUT_SIDE_EFFECTS  OBJECT_METHODS_WITHOUT_SIDEEFFECTS  REGEXP_METHODS  STRING_REGEXP_METHODS  defines  emptySet  knownConstants  NumbericResultPredicate  NUMBERIC_RESULT_PREDICATE  boolean  MayBeStringResultPredicate  MAY_BE_STRING_PREDICATE  Node  n  String  JSC_PROPERTY_NAME_FN  childValue  name  namespaceName  rawJsString  s  value  Map  vars  int  c  end  nextSkipSlot  nextSlot  start  type  	projects/Closure80/src/com/google/javascript/jscomp/NodeUtil.java	0.4082482904638631	1264	1264	2	replace	n.getType()  ==  Token.GETPROP  &&  n.getType()  ==  Token.GETPROP)  {  return  false;  }	  if(n.getType()    ==    Token.GETPROP    ||    n.getType()    ==    Token.GETPROP)    {    return    false;    }    	non-compiled	[CE]  	62	None	replace
307	[BUG]  [BUGGY]  n.setType(Token.GETPROP)||  n.getType()  ==  Token.GETPROP)  {  return  false;  }  [CE]  [FE]                                  IllegalStateException      [CONTEXT]      case  Token.LE:  case  Token.GE:  case  Token.IN:  case  Token.INSTANCEOF:  case  Token.NOT:  return  true;  default:      [BUGGY]  n.setType(Token.GETPROP)||  n.getType()  ==  Token.GETPROP)  {  return  false;  }  [BUGGY]      }  }  [CLASS]  NodeUtil  NumbericResultPredicate  BooleanResultPredicate  MayBeStringResultPredicate  VarCollector  MatchNameNode  MatchNodeType  MatchDeclaration  MatchNotFunction  MatchShallowStatement  [METHOD]  isBooleanResultHelper  [RETURN_TYPE]  boolean  Node  n  [VARIABLES]  BooleanResultPredicate  BOOLEAN_RESULT_PREDICATE  Set  BUILTIN_FUNCTIONS_WITHOUT_SIDEEFFECTS  CONSTRUCTORS_WITHOUT_SIDE_EFFECTS  OBJECT_METHODS_WITHOUT_SIDEEFFECTS  REGEXP_METHODS  STRING_REGEXP_METHODS  defines  emptySet  knownConstants  NumbericResultPredicate  NUMBERIC_RESULT_PREDICATE  boolean  MayBeStringResultPredicate  MAY_BE_STRING_PREDICATE  Node  n  String  JSC_PROPERTY_NAME_FN  childValue  name  namespaceName  rawJsString  s  value  Map  vars  int  c  end  nextSkipSlot  nextSlot  start  type  	projects/Closure80/src/com/google/javascript/jscomp/NodeUtil.java	0.4082482904638631	1264	1264	2	replace	n.setType(Token.GETPROP)||  n.getType()  ==  Token.GETPROP)  {  return  false;  }	  if(n.getType()    ==    Token.GETPROP    ||    n.getType()    ==    Token.GETPROP)    {    return    false;    }    	non-compiled	[CE]  	62	None	replace
308	[BUG]  [BUGGY]  return(n.getType()!=  Token.FUNCTION)?  BooleanResultPredicate.UNKNOWN  :  BooleanResultPredicate.FALSE;  [CE]  [FE]                        IllegalStateException      [CONTEXT]      case  Token.LE:  case  Token.GE:  case  Token.IN:  case  Token.INSTANCEOF:  case  Token.NOT:  return  true;  default:      [BUGGY]  return(n.getType()!=  Token.FUNCTION)?  BooleanResultPredicate.UNKNOWN  :  BooleanResultPredicate.FALSE;  [BUGGY]      }  }  [CLASS]  NodeUtil  NumbericResultPredicate  BooleanResultPredicate  MayBeStringResultPredicate  VarCollector  MatchNameNode  MatchNodeType  MatchDeclaration  MatchNotFunction  MatchShallowStatement  [METHOD]  isBooleanResultHelper  [RETURN_TYPE]  boolean  Node  n  [VARIABLES]  BooleanResultPredicate  BOOLEAN_RESULT_PREDICATE  Set  BUILTIN_FUNCTIONS_WITHOUT_SIDEEFFECTS  CONSTRUCTORS_WITHOUT_SIDE_EFFECTS  OBJECT_METHODS_WITHOUT_SIDEEFFECTS  REGEXP_METHODS  STRING_REGEXP_METHODS  defines  emptySet  knownConstants  NumbericResultPredicate  NUMBERIC_RESULT_PREDICATE  boolean  MayBeStringResultPredicate  MAY_BE_STRING_PREDICATE  Node  n  String  JSC_PROPERTY_NAME_FN  childValue  name  namespaceName  rawJsString  s  value  Map  vars  int  c  end  nextSkipSlot  nextSlot  start  type  	projects/Closure80/src/com/google/javascript/jscomp/NodeUtil.java	0.4082482904638631	1264	1264	2	replace	return(n.getType()!=  Token.FUNCTION)?  BooleanResultPredicate.UNKNOWN  :  BooleanResultPredicate.FALSE;	  return(n.getType()    ==    Token.FUNCTION)?    BooleanResultPredicate.UNKNOWN    :    BooleanResultPredicate.FALSE;    	non-compiled	[CE]  	54	None	replace
309	[BUG]  [BUGGY]  return(n.getType()  ==  Token.FUNCTION)&&  BooleanResultPredicate.UNKNOWN  :  BooleanResultPredicate.FALSE;  [CE]  [FE]                          IllegalStateException      [CONTEXT]      case  Token.LE:  case  Token.GE:  case  Token.IN:  case  Token.INSTANCEOF:  case  Token.NOT:  return  true;  default:      [BUGGY]  return(n.getType()  ==  Token.FUNCTION)&&  BooleanResultPredicate.UNKNOWN  :  BooleanResultPredicate.FALSE;  [BUGGY]      }  }  [CLASS]  NodeUtil  NumbericResultPredicate  BooleanResultPredicate  MayBeStringResultPredicate  VarCollector  MatchNameNode  MatchNodeType  MatchDeclaration  MatchNotFunction  MatchShallowStatement  [METHOD]  isBooleanResultHelper  [RETURN_TYPE]  boolean  Node  n  [VARIABLES]  BooleanResultPredicate  BOOLEAN_RESULT_PREDICATE  Set  BUILTIN_FUNCTIONS_WITHOUT_SIDEEFFECTS  CONSTRUCTORS_WITHOUT_SIDE_EFFECTS  OBJECT_METHODS_WITHOUT_SIDEEFFECTS  REGEXP_METHODS  STRING_REGEXP_METHODS  defines  emptySet  knownConstants  NumbericResultPredicate  NUMBERIC_RESULT_PREDICATE  boolean  MayBeStringResultPredicate  MAY_BE_STRING_PREDICATE  Node  n  String  JSC_PROPERTY_NAME_FN  childValue  name  namespaceName  rawJsString  s  value  Map  vars  int  c  end  nextSkipSlot  nextSlot  start  type  	projects/Closure80/src/com/google/javascript/jscomp/NodeUtil.java	0.4082482904638631	1264	1264	2	replace	return(n.getType()  ==  Token.FUNCTION)&&  BooleanResultPredicate.UNKNOWN  :  BooleanResultPredicate.FALSE;	  return(n.getType()    ==    Token.FUNCTION)?    BooleanResultPredicate.UNKNOWN    :    BooleanResultPredicate.FALSE;    	non-compiled	[CE]  	54	None	replace
310	[BUG]  [BUGGY]  if(n.getType()  ==  Token.GETPROP  &&  n.getType()  ==  Token.NAME)  {  return  false;  }  [CE]  [FE]                    IllegalStateException      [CONTEXT]      case  Token.LE:  case  Token.GE:  case  Token.IN:  case  Token.INSTANCEOF:  case  Token.NOT:  return  true;  default:      [BUGGY]  if(n.getType()  ==  Token.GETPROP  &&  n.getType()  ==  Token.NAME)  {  return  false;  }  [BUGGY]      }  }  [CLASS]  NodeUtil  NumbericResultPredicate  BooleanResultPredicate  MayBeStringResultPredicate  VarCollector  MatchNameNode  MatchNodeType  MatchDeclaration  MatchNotFunction  MatchShallowStatement  [METHOD]  isBooleanResultHelper  [RETURN_TYPE]  boolean  Node  n  [VARIABLES]  BooleanResultPredicate  BOOLEAN_RESULT_PREDICATE  Set  BUILTIN_FUNCTIONS_WITHOUT_SIDEEFFECTS  CONSTRUCTORS_WITHOUT_SIDE_EFFECTS  OBJECT_METHODS_WITHOUT_SIDEEFFECTS  REGEXP_METHODS  STRING_REGEXP_METHODS  defines  emptySet  knownConstants  NumbericResultPredicate  NUMBERIC_RESULT_PREDICATE  boolean  MayBeStringResultPredicate  MAY_BE_STRING_PREDICATE  Node  n  String  JSC_PROPERTY_NAME_FN  childValue  name  namespaceName  rawJsString  s  value  Map  vars  int  c  end  nextSkipSlot  nextSlot  start  type  	projects/Closure80/src/com/google/javascript/jscomp/NodeUtil.java	0.4082482904638631	1264	1264	2	replace	if(n.getType()  ==  Token.GETPROP  &&  n.getType()  ==  Token.NAME)  {  return  false;  }	  if(n.getType()    ==    Token.GETPROP    ||    n.getType()    ==    Token.NAME)    {    return    false;    }    	non-compiled	[CE]  	59	None	replace
311	[BUG]  [BUGGY]  n.getType()  ==  Token.GETPROP  &&  n.getType()  ==  Token.NAME)  {  return  false;  }  [CE]  [FE]                      IllegalStateException      [CONTEXT]      case  Token.LE:  case  Token.GE:  case  Token.IN:  case  Token.INSTANCEOF:  case  Token.NOT:  return  true;  default:      [BUGGY]  n.getType()  ==  Token.GETPROP  &&  n.getType()  ==  Token.NAME)  {  return  false;  }  [BUGGY]      }  }  [CLASS]  NodeUtil  NumbericResultPredicate  BooleanResultPredicate  MayBeStringResultPredicate  VarCollector  MatchNameNode  MatchNodeType  MatchDeclaration  MatchNotFunction  MatchShallowStatement  [METHOD]  isBooleanResultHelper  [RETURN_TYPE]  boolean  Node  n  [VARIABLES]  BooleanResultPredicate  BOOLEAN_RESULT_PREDICATE  Set  BUILTIN_FUNCTIONS_WITHOUT_SIDEEFFECTS  CONSTRUCTORS_WITHOUT_SIDE_EFFECTS  OBJECT_METHODS_WITHOUT_SIDEEFFECTS  REGEXP_METHODS  STRING_REGEXP_METHODS  defines  emptySet  knownConstants  NumbericResultPredicate  NUMBERIC_RESULT_PREDICATE  boolean  MayBeStringResultPredicate  MAY_BE_STRING_PREDICATE  Node  n  String  JSC_PROPERTY_NAME_FN  childValue  name  namespaceName  rawJsString  s  value  Map  vars  int  c  end  nextSkipSlot  nextSlot  start  type  	projects/Closure80/src/com/google/javascript/jscomp/NodeUtil.java	0.4082482904638631	1264	1264	2	replace	n.getType()  ==  Token.GETPROP  &&  n.getType()  ==  Token.NAME)  {  return  false;  }	  if(n.getType()    ==    Token.GETPROP    ||    n.getType()    ==    Token.NAME)    {    return    false;    }    	non-compiled	[CE]  	59	None	replace
312	[BUG]  [BUGGY]  n.setType(Token.GETPROP)||  n.getType()  ==  Token.NAME)  {  return  false;  }  [CE]  [FE]                        IllegalStateException      [CONTEXT]      case  Token.LE:  case  Token.GE:  case  Token.IN:  case  Token.INSTANCEOF:  case  Token.NOT:  return  true;  default:      [BUGGY]  n.setType(Token.GETPROP)||  n.getType()  ==  Token.NAME)  {  return  false;  }  [BUGGY]      }  }  [CLASS]  NodeUtil  NumbericResultPredicate  BooleanResultPredicate  MayBeStringResultPredicate  VarCollector  MatchNameNode  MatchNodeType  MatchDeclaration  MatchNotFunction  MatchShallowStatement  [METHOD]  isBooleanResultHelper  [RETURN_TYPE]  boolean  Node  n  [VARIABLES]  BooleanResultPredicate  BOOLEAN_RESULT_PREDICATE  Set  BUILTIN_FUNCTIONS_WITHOUT_SIDEEFFECTS  CONSTRUCTORS_WITHOUT_SIDE_EFFECTS  OBJECT_METHODS_WITHOUT_SIDEEFFECTS  REGEXP_METHODS  STRING_REGEXP_METHODS  defines  emptySet  knownConstants  NumbericResultPredicate  NUMBERIC_RESULT_PREDICATE  boolean  MayBeStringResultPredicate  MAY_BE_STRING_PREDICATE  Node  n  String  JSC_PROPERTY_NAME_FN  childValue  name  namespaceName  rawJsString  s  value  Map  vars  int  c  end  nextSkipSlot  nextSlot  start  type  	projects/Closure80/src/com/google/javascript/jscomp/NodeUtil.java	0.4082482904638631	1264	1264	2	replace	n.setType(Token.GETPROP)||  n.getType()  ==  Token.NAME)  {  return  false;  }	  if(n.getType()    ==    Token.GETPROP    ||    n.getType()    ==    Token.NAME)    {    return    false;    }    	non-compiled	[CE]  	59	None	replace
313	[BUG]  [BUGGY]  n.getType()  ==  Token.GETPROP  ||  n.getType()  ==  Token.NAME)  {  return  false;  }  [CE]  [FE]                          IllegalStateException      [CONTEXT]      case  Token.LE:  case  Token.GE:  case  Token.IN:  case  Token.INSTANCEOF:  case  Token.NOT:  return  true;  default:      [BUGGY]  n.getType()  ==  Token.GETPROP  ||  n.getType()  ==  Token.NAME)  {  return  false;  }  [BUGGY]      }  }  [CLASS]  NodeUtil  NumbericResultPredicate  BooleanResultPredicate  MayBeStringResultPredicate  VarCollector  MatchNameNode  MatchNodeType  MatchDeclaration  MatchNotFunction  MatchShallowStatement  [METHOD]  isBooleanResultHelper  [RETURN_TYPE]  boolean  Node  n  [VARIABLES]  BooleanResultPredicate  BOOLEAN_RESULT_PREDICATE  Set  BUILTIN_FUNCTIONS_WITHOUT_SIDEEFFECTS  CONSTRUCTORS_WITHOUT_SIDE_EFFECTS  OBJECT_METHODS_WITHOUT_SIDEEFFECTS  REGEXP_METHODS  STRING_REGEXP_METHODS  defines  emptySet  knownConstants  NumbericResultPredicate  NUMBERIC_RESULT_PREDICATE  boolean  MayBeStringResultPredicate  MAY_BE_STRING_PREDICATE  Node  n  String  JSC_PROPERTY_NAME_FN  childValue  name  namespaceName  rawJsString  s  value  Map  vars  int  c  end  nextSkipSlot  nextSlot  start  type  	projects/Closure80/src/com/google/javascript/jscomp/NodeUtil.java	0.4082482904638631	1264	1264	2	replace	n.getType()  ==  Token.GETPROP  ||  n.getType()  ==  Token.NAME)  {  return  false;  }	  if(n.getType()    ==    Token.GETPROP    ||    n.getType()    ==    Token.NAME)    {    return    false;    }    	non-compiled	[CE]  	59	None	replace
314	[BUG]  [BUGGY]  if(n.getType()!=  Token.GETPROP  &&  n.getType()  ==  Token.NAME)  {  return  false;  }  [CE]  [FE]                            IllegalStateException      [CONTEXT]      case  Token.LE:  case  Token.GE:  case  Token.IN:  case  Token.INSTANCEOF:  case  Token.NOT:  return  true;  default:      [BUGGY]  if(n.getType()!=  Token.GETPROP  &&  n.getType()  ==  Token.NAME)  {  return  false;  }  [BUGGY]      }  }  [CLASS]  NodeUtil  NumbericResultPredicate  BooleanResultPredicate  MayBeStringResultPredicate  VarCollector  MatchNameNode  MatchNodeType  MatchDeclaration  MatchNotFunction  MatchShallowStatement  [METHOD]  isBooleanResultHelper  [RETURN_TYPE]  boolean  Node  n  [VARIABLES]  BooleanResultPredicate  BOOLEAN_RESULT_PREDICATE  Set  BUILTIN_FUNCTIONS_WITHOUT_SIDEEFFECTS  CONSTRUCTORS_WITHOUT_SIDE_EFFECTS  OBJECT_METHODS_WITHOUT_SIDEEFFECTS  REGEXP_METHODS  STRING_REGEXP_METHODS  defines  emptySet  knownConstants  NumbericResultPredicate  NUMBERIC_RESULT_PREDICATE  boolean  MayBeStringResultPredicate  MAY_BE_STRING_PREDICATE  Node  n  String  JSC_PROPERTY_NAME_FN  childValue  name  namespaceName  rawJsString  s  value  Map  vars  int  c  end  nextSkipSlot  nextSlot  start  type  	projects/Closure80/src/com/google/javascript/jscomp/NodeUtil.java	0.4082482904638631	1264	1264	2	replace	if(n.getType()!=  Token.GETPROP  &&  n.getType()  ==  Token.NAME)  {  return  false;  }	  if(n.getType()    ==    Token.GETPROP    ||    n.getType()    ==    Token.NAME)    {    return    false;    }    	non-compiled	[CE]  	59	None	replace
315	[BUG]  [BUGGY]  if(NodeUtil.isFunctionAnonymous(n)&&  NodeUtil.isMatchBlock(n))  {  return  false;  }  [CE]  [FE]                      IllegalStateException      [CONTEXT]      case  Token.LE:  case  Token.GE:  case  Token.IN:  case  Token.INSTANCEOF:  case  Token.NOT:  return  true;  default:      [BUGGY]  if(NodeUtil.isFunctionAnonymous(n)&&  NodeUtil.isMatchBlock(n))  {  return  false;  }  [BUGGY]      }  }  [CLASS]  NodeUtil  NumbericResultPredicate  BooleanResultPredicate  MayBeStringResultPredicate  VarCollector  MatchNameNode  MatchNodeType  MatchDeclaration  MatchNotFunction  MatchShallowStatement  [METHOD]  isBooleanResultHelper  [RETURN_TYPE]  boolean  Node  n  [VARIABLES]  BooleanResultPredicate  BOOLEAN_RESULT_PREDICATE  Set  BUILTIN_FUNCTIONS_WITHOUT_SIDEEFFECTS  CONSTRUCTORS_WITHOUT_SIDE_EFFECTS  OBJECT_METHODS_WITHOUT_SIDEEFFECTS  REGEXP_METHODS  STRING_REGEXP_METHODS  defines  emptySet  knownConstants  NumbericResultPredicate  NUMBERIC_RESULT_PREDICATE  boolean  MayBeStringResultPredicate  MAY_BE_STRING_PREDICATE  Node  n  String  JSC_PROPERTY_NAME_FN  childValue  name  namespaceName  rawJsString  s  value  Map  vars  int  c  end  nextSkipSlot  nextSlot  start  type  	projects/Closure80/src/com/google/javascript/jscomp/NodeUtil.java	0.4082482904638631	1264	1264	2	replace	if(NodeUtil.isFunctionAnonymous(n)&&  NodeUtil.isMatchBlock(n))  {  return  false;  }	  if(NodeUtil.isFunctionAnonymous(n)||    NodeUtil.isMatchBlock(n))    {    return    false;    }    	non-compiled	[CE]  	169	None	replace
316	[BUG]  [BUGGY]  NodeUtil.isFunctionAnonymous(n)&&  NodeUtil.isMatchBlock(n))  {  return  false;  }  [CE]  [FE]                        IllegalStateException      [CONTEXT]      case  Token.LE:  case  Token.GE:  case  Token.IN:  case  Token.INSTANCEOF:  case  Token.NOT:  return  true;  default:      [BUGGY]  NodeUtil.isFunctionAnonymous(n)&&  NodeUtil.isMatchBlock(n))  {  return  false;  }  [BUGGY]      }  }  [CLASS]  NodeUtil  NumbericResultPredicate  BooleanResultPredicate  MayBeStringResultPredicate  VarCollector  MatchNameNode  MatchNodeType  MatchDeclaration  MatchNotFunction  MatchShallowStatement  [METHOD]  isBooleanResultHelper  [RETURN_TYPE]  boolean  Node  n  [VARIABLES]  BooleanResultPredicate  BOOLEAN_RESULT_PREDICATE  Set  BUILTIN_FUNCTIONS_WITHOUT_SIDEEFFECTS  CONSTRUCTORS_WITHOUT_SIDE_EFFECTS  OBJECT_METHODS_WITHOUT_SIDEEFFECTS  REGEXP_METHODS  STRING_REGEXP_METHODS  defines  emptySet  knownConstants  NumbericResultPredicate  NUMBERIC_RESULT_PREDICATE  boolean  MayBeStringResultPredicate  MAY_BE_STRING_PREDICATE  Node  n  String  JSC_PROPERTY_NAME_FN  childValue  name  namespaceName  rawJsString  s  value  Map  vars  int  c  end  nextSkipSlot  nextSlot  start  type  	projects/Closure80/src/com/google/javascript/jscomp/NodeUtil.java	0.4082482904638631	1264	1264	2	replace	NodeUtil.isFunctionAnonymous(n)&&  NodeUtil.isMatchBlock(n))  {  return  false;  }	  if(NodeUtil.isFunctionAnonymous(n)||    NodeUtil.isMatchBlock(n))    {    return    false;    }    	non-compiled	[CE]  	169	None	replace
317	[BUG]  [BUGGY]  NodeUtil.isFunctionAnonymous(n)||  NodeUtil.isMatchBlock(n))  {  return  false;  }  [CE]  [FE]                          IllegalStateException      [CONTEXT]      case  Token.LE:  case  Token.GE:  case  Token.IN:  case  Token.INSTANCEOF:  case  Token.NOT:  return  true;  default:      [BUGGY]  NodeUtil.isFunctionAnonymous(n)||  NodeUtil.isMatchBlock(n))  {  return  false;  }  [BUGGY]      }  }  [CLASS]  NodeUtil  NumbericResultPredicate  BooleanResultPredicate  MayBeStringResultPredicate  VarCollector  MatchNameNode  MatchNodeType  MatchDeclaration  MatchNotFunction  MatchShallowStatement  [METHOD]  isBooleanResultHelper  [RETURN_TYPE]  boolean  Node  n  [VARIABLES]  BooleanResultPredicate  BOOLEAN_RESULT_PREDICATE  Set  BUILTIN_FUNCTIONS_WITHOUT_SIDEEFFECTS  CONSTRUCTORS_WITHOUT_SIDE_EFFECTS  OBJECT_METHODS_WITHOUT_SIDEEFFECTS  REGEXP_METHODS  STRING_REGEXP_METHODS  defines  emptySet  knownConstants  NumbericResultPredicate  NUMBERIC_RESULT_PREDICATE  boolean  MayBeStringResultPredicate  MAY_BE_STRING_PREDICATE  Node  n  String  JSC_PROPERTY_NAME_FN  childValue  name  namespaceName  rawJsString  s  value  Map  vars  int  c  end  nextSkipSlot  nextSlot  start  type  	projects/Closure80/src/com/google/javascript/jscomp/NodeUtil.java	0.4082482904638631	1264	1264	2	replace	NodeUtil.isFunctionAnonymous(n)||  NodeUtil.isMatchBlock(n))  {  return  false;  }	  if(NodeUtil.isFunctionAnonymous(n)||    NodeUtil.isMatchBlock(n))    {    return    false;    }    	non-compiled	[CE]  	169	None	replace
318	[BUG]  [BUGGY]  ||  NodeUtil.isMatchBlock(n))  {  return  false;  }  [CE]  [FE]                            IllegalStateException      [CONTEXT]      case  Token.LE:  case  Token.GE:  case  Token.IN:  case  Token.INSTANCEOF:  case  Token.NOT:  return  true;  default:      [BUGGY]  ||  NodeUtil.isMatchBlock(n))  {  return  false;  }  [BUGGY]      }  }  [CLASS]  NodeUtil  NumbericResultPredicate  BooleanResultPredicate  MayBeStringResultPredicate  VarCollector  MatchNameNode  MatchNodeType  MatchDeclaration  MatchNotFunction  MatchShallowStatement  [METHOD]  isBooleanResultHelper  [RETURN_TYPE]  boolean  Node  n  [VARIABLES]  BooleanResultPredicate  BOOLEAN_RESULT_PREDICATE  Set  BUILTIN_FUNCTIONS_WITHOUT_SIDEEFFECTS  CONSTRUCTORS_WITHOUT_SIDE_EFFECTS  OBJECT_METHODS_WITHOUT_SIDEEFFECTS  REGEXP_METHODS  STRING_REGEXP_METHODS  defines  emptySet  knownConstants  NumbericResultPredicate  NUMBERIC_RESULT_PREDICATE  boolean  MayBeStringResultPredicate  MAY_BE_STRING_PREDICATE  Node  n  String  JSC_PROPERTY_NAME_FN  childValue  name  namespaceName  rawJsString  s  value  Map  vars  int  c  end  nextSkipSlot  nextSlot  start  type  	projects/Closure80/src/com/google/javascript/jscomp/NodeUtil.java	0.4082482904638631	1264	1264	2	replace	||  NodeUtil.isMatchBlock(n))  {  return  false;  }	  if(NodeUtil.isFunctionAnonymous(n)||    NodeUtil.isMatchBlock(n))    {    return    false;    }    	non-compiled	[CE]  	169	None	replace
319	[BUG]  [BUGGY]  NodeUtil.mayHaveSideEffects(n)||  NodeUtil.isFunctionAnonymous(n))  {  return  true;  }  [CE]  [FE]                IllegalStateException      [CONTEXT]      case  Token.LE:  case  Token.GE:  case  Token.IN:  case  Token.INSTANCEOF:  case  Token.NOT:  return  true;  default:      [BUGGY]  NodeUtil.mayHaveSideEffects(n)||  NodeUtil.isFunctionAnonymous(n))  {  return  true;  }  [BUGGY]      }  }  [CLASS]  NodeUtil  NumbericResultPredicate  BooleanResultPredicate  MayBeStringResultPredicate  VarCollector  MatchNameNode  MatchNodeType  MatchDeclaration  MatchNotFunction  MatchShallowStatement  [METHOD]  isBooleanResultHelper  [RETURN_TYPE]  boolean  Node  n  [VARIABLES]  BooleanResultPredicate  BOOLEAN_RESULT_PREDICATE  Set  BUILTIN_FUNCTIONS_WITHOUT_SIDEEFFECTS  CONSTRUCTORS_WITHOUT_SIDE_EFFECTS  OBJECT_METHODS_WITHOUT_SIDEEFFECTS  REGEXP_METHODS  STRING_REGEXP_METHODS  defines  emptySet  knownConstants  NumbericResultPredicate  NUMBERIC_RESULT_PREDICATE  boolean  MayBeStringResultPredicate  MAY_BE_STRING_PREDICATE  Node  n  String  JSC_PROPERTY_NAME_FN  childValue  name  namespaceName  rawJsString  s  value  Map  vars  int  c  end  nextSkipSlot  nextSlot  start  type  	projects/Closure80/src/com/google/javascript/jscomp/NodeUtil.java	0.4082482904638631	1264	1264	2	replace	NodeUtil.mayHaveSideEffects(n)||  NodeUtil.isFunctionAnonymous(n))  {  return  true;  }	  NodeUtil.mayHaveSideEffects(n)&&    NodeUtil.isFunctionAnonymous(n))    {    return    true;    }    	non-compiled	[CE]  	111	None	replace
320	[BUG]  [BUGGY]  NodeUtil.mayHaveSideEffects(n)&&  NodeUtil.isAnonymous(n))  {  return  true;  }  [CE]  [FE]                  IllegalStateException      [CONTEXT]      case  Token.LE:  case  Token.GE:  case  Token.IN:  case  Token.INSTANCEOF:  case  Token.NOT:  return  true;  default:      [BUGGY]  NodeUtil.mayHaveSideEffects(n)&&  NodeUtil.isAnonymous(n))  {  return  true;  }  [BUGGY]      }  }  [CLASS]  NodeUtil  NumbericResultPredicate  BooleanResultPredicate  MayBeStringResultPredicate  VarCollector  MatchNameNode  MatchNodeType  MatchDeclaration  MatchNotFunction  MatchShallowStatement  [METHOD]  isBooleanResultHelper  [RETURN_TYPE]  boolean  Node  n  [VARIABLES]  BooleanResultPredicate  BOOLEAN_RESULT_PREDICATE  Set  BUILTIN_FUNCTIONS_WITHOUT_SIDEEFFECTS  CONSTRUCTORS_WITHOUT_SIDE_EFFECTS  OBJECT_METHODS_WITHOUT_SIDEEFFECTS  REGEXP_METHODS  STRING_REGEXP_METHODS  defines  emptySet  knownConstants  NumbericResultPredicate  NUMBERIC_RESULT_PREDICATE  boolean  MayBeStringResultPredicate  MAY_BE_STRING_PREDICATE  Node  n  String  JSC_PROPERTY_NAME_FN  childValue  name  namespaceName  rawJsString  s  value  Map  vars  int  c  end  nextSkipSlot  nextSlot  start  type  	projects/Closure80/src/com/google/javascript/jscomp/NodeUtil.java	0.4082482904638631	1264	1264	2	replace	NodeUtil.mayHaveSideEffects(n)&&  NodeUtil.isAnonymous(n))  {  return  true;  }	  NodeUtil.mayHaveSideEffects(n)&&    NodeUtil.isFunctionAnonymous(n))    {    return    true;    }    	non-compiled	[CE]  	111	None	replace
321	[BUG]  [BUGGY]  Preconditions.checkState(NodeUtil.isFunctionDeclaration(n)||  NodeUtil.isVarDeclaration(n))  {  return  false;  }  [CE]  [FE]                          IllegalStateException      [CONTEXT]      case  Token.LE:  case  Token.GE:  case  Token.IN:  case  Token.INSTANCEOF:  case  Token.NOT:  return  true;  default:      [BUGGY]  Preconditions.checkState(NodeUtil.isFunctionDeclaration(n)||  NodeUtil.isVarDeclaration(n))  {  return  false;  }  [BUGGY]      }  }  [CLASS]  NodeUtil  NumbericResultPredicate  BooleanResultPredicate  MayBeStringResultPredicate  VarCollector  MatchNameNode  MatchNodeType  MatchDeclaration  MatchNotFunction  MatchShallowStatement  [METHOD]  isBooleanResultHelper  [RETURN_TYPE]  boolean  Node  n  [VARIABLES]  BooleanResultPredicate  BOOLEAN_RESULT_PREDICATE  Set  BUILTIN_FUNCTIONS_WITHOUT_SIDEEFFECTS  CONSTRUCTORS_WITHOUT_SIDE_EFFECTS  OBJECT_METHODS_WITHOUT_SIDEEFFECTS  REGEXP_METHODS  STRING_REGEXP_METHODS  defines  emptySet  knownConstants  NumbericResultPredicate  NUMBERIC_RESULT_PREDICATE  boolean  MayBeStringResultPredicate  MAY_BE_STRING_PREDICATE  Node  n  String  JSC_PROPERTY_NAME_FN  childValue  name  namespaceName  rawJsString  s  value  Map  vars  int  c  end  nextSkipSlot  nextSlot  start  type  	projects/Closure80/src/com/google/javascript/jscomp/NodeUtil.java	0.4082482904638631	1264	1264	2	replace	Preconditions.checkState(NodeUtil.isFunctionDeclaration(n)||  NodeUtil.isVarDeclaration(n))  {  return  false;  }	  if(NodeUtil.isFunctionDeclaration(n)||    NodeUtil.isVarDeclaration(n))    {    return    false;    }    	non-compiled	[CE]  	11	None	replace
322	[BUG]  [BUGGY]  NodeUtil.isFunctionDeclaration(n)||  NodeUtil.isVarDeclaration(n))  {  return  false;  }  [CE]  [FE]                            IllegalStateException      [CONTEXT]      case  Token.LE:  case  Token.GE:  case  Token.IN:  case  Token.INSTANCEOF:  case  Token.NOT:  return  true;  default:      [BUGGY]  NodeUtil.isFunctionDeclaration(n)||  NodeUtil.isVarDeclaration(n))  {  return  false;  }  [BUGGY]      }  }  [CLASS]  NodeUtil  NumbericResultPredicate  BooleanResultPredicate  MayBeStringResultPredicate  VarCollector  MatchNameNode  MatchNodeType  MatchDeclaration  MatchNotFunction  MatchShallowStatement  [METHOD]  isBooleanResultHelper  [RETURN_TYPE]  boolean  Node  n  [VARIABLES]  BooleanResultPredicate  BOOLEAN_RESULT_PREDICATE  Set  BUILTIN_FUNCTIONS_WITHOUT_SIDEEFFECTS  CONSTRUCTORS_WITHOUT_SIDE_EFFECTS  OBJECT_METHODS_WITHOUT_SIDEEFFECTS  REGEXP_METHODS  STRING_REGEXP_METHODS  defines  emptySet  knownConstants  NumbericResultPredicate  NUMBERIC_RESULT_PREDICATE  boolean  MayBeStringResultPredicate  MAY_BE_STRING_PREDICATE  Node  n  String  JSC_PROPERTY_NAME_FN  childValue  name  namespaceName  rawJsString  s  value  Map  vars  int  c  end  nextSkipSlot  nextSlot  start  type  	projects/Closure80/src/com/google/javascript/jscomp/NodeUtil.java	0.4082482904638631	1264	1264	2	replace	NodeUtil.isFunctionDeclaration(n)||  NodeUtil.isVarDeclaration(n))  {  return  false;  }	  if(NodeUtil.isFunctionDeclaration(n)||    NodeUtil.isVarDeclaration(n))    {    return    false;    }    	non-compiled	[CE]  	11	None	replace
323	[BUG]  [BUGGY]  NodeUtil.isFunctionDeclaration(n)&&  NodeUtil.isVarDeclaration(n))  {  return  false;  }  [CE]  [FE]                              IllegalStateException      [CONTEXT]      case  Token.LE:  case  Token.GE:  case  Token.IN:  case  Token.INSTANCEOF:  case  Token.NOT:  return  true;  default:      [BUGGY]  NodeUtil.isFunctionDeclaration(n)&&  NodeUtil.isVarDeclaration(n))  {  return  false;  }  [BUGGY]      }  }  [CLASS]  NodeUtil  NumbericResultPredicate  BooleanResultPredicate  MayBeStringResultPredicate  VarCollector  MatchNameNode  MatchNodeType  MatchDeclaration  MatchNotFunction  MatchShallowStatement  [METHOD]  isBooleanResultHelper  [RETURN_TYPE]  boolean  Node  n  [VARIABLES]  BooleanResultPredicate  BOOLEAN_RESULT_PREDICATE  Set  BUILTIN_FUNCTIONS_WITHOUT_SIDEEFFECTS  CONSTRUCTORS_WITHOUT_SIDE_EFFECTS  OBJECT_METHODS_WITHOUT_SIDEEFFECTS  REGEXP_METHODS  STRING_REGEXP_METHODS  defines  emptySet  knownConstants  NumbericResultPredicate  NUMBERIC_RESULT_PREDICATE  boolean  MayBeStringResultPredicate  MAY_BE_STRING_PREDICATE  Node  n  String  JSC_PROPERTY_NAME_FN  childValue  name  namespaceName  rawJsString  s  value  Map  vars  int  c  end  nextSkipSlot  nextSlot  start  type  	projects/Closure80/src/com/google/javascript/jscomp/NodeUtil.java	0.4082482904638631	1264	1264	2	replace	NodeUtil.isFunctionDeclaration(n)&&  NodeUtil.isVarDeclaration(n))  {  return  false;  }	  if(NodeUtil.isFunctionDeclaration(n)||    NodeUtil.isVarDeclaration(n))    {    return    false;    }    	non-compiled	[CE]  	11	None	replace
324	[BUG]  [BUGGY]  if(NodeUtil.isFunctionDeclaration(n)&&  NodeUtil.isVarDeclaration(n))  {  return  false;  }  [CE]  [FE]                                IllegalStateException      [CONTEXT]      case  Token.LE:  case  Token.GE:  case  Token.IN:  case  Token.INSTANCEOF:  case  Token.NOT:  return  true;  default:      [BUGGY]  if(NodeUtil.isFunctionDeclaration(n)&&  NodeUtil.isVarDeclaration(n))  {  return  false;  }  [BUGGY]      }  }  [CLASS]  NodeUtil  NumbericResultPredicate  BooleanResultPredicate  MayBeStringResultPredicate  VarCollector  MatchNameNode  MatchNodeType  MatchDeclaration  MatchNotFunction  MatchShallowStatement  [METHOD]  isBooleanResultHelper  [RETURN_TYPE]  boolean  Node  n  [VARIABLES]  BooleanResultPredicate  BOOLEAN_RESULT_PREDICATE  Set  BUILTIN_FUNCTIONS_WITHOUT_SIDEEFFECTS  CONSTRUCTORS_WITHOUT_SIDE_EFFECTS  OBJECT_METHODS_WITHOUT_SIDEEFFECTS  REGEXP_METHODS  STRING_REGEXP_METHODS  defines  emptySet  knownConstants  NumbericResultPredicate  NUMBERIC_RESULT_PREDICATE  boolean  MayBeStringResultPredicate  MAY_BE_STRING_PREDICATE  Node  n  String  JSC_PROPERTY_NAME_FN  childValue  name  namespaceName  rawJsString  s  value  Map  vars  int  c  end  nextSkipSlot  nextSlot  start  type  	projects/Closure80/src/com/google/javascript/jscomp/NodeUtil.java	0.4082482904638631	1264	1264	2	replace	if(NodeUtil.isFunctionDeclaration(n)&&  NodeUtil.isVarDeclaration(n))  {  return  false;  }	  if(NodeUtil.isFunctionDeclaration(n)||    NodeUtil.isVarDeclaration(n))    {    return    false;    }    	non-compiled	[CE]  	11	None	replace
325	[BUG]  [BUGGY]  ||  NodeUtil.isFunction(n))  {  return  false;  }  [CE]  [FE]                      IllegalStateException      [CONTEXT]      case  Token.LE:  case  Token.GE:  case  Token.IN:  case  Token.INSTANCEOF:  case  Token.NOT:  return  true;  default:      [BUGGY]  ||  NodeUtil.isFunction(n))  {  return  false;  }  [BUGGY]      }  }  [CLASS]  NodeUtil  NumbericResultPredicate  BooleanResultPredicate  MayBeStringResultPredicate  VarCollector  MatchNameNode  MatchNodeType  MatchDeclaration  MatchNotFunction  MatchShallowStatement  [METHOD]  isBooleanResultHelper  [RETURN_TYPE]  boolean  Node  n  [VARIABLES]  BooleanResultPredicate  BOOLEAN_RESULT_PREDICATE  Set  BUILTIN_FUNCTIONS_WITHOUT_SIDEEFFECTS  CONSTRUCTORS_WITHOUT_SIDE_EFFECTS  OBJECT_METHODS_WITHOUT_SIDEEFFECTS  REGEXP_METHODS  STRING_REGEXP_METHODS  defines  emptySet  knownConstants  NumbericResultPredicate  NUMBERIC_RESULT_PREDICATE  boolean  MayBeStringResultPredicate  MAY_BE_STRING_PREDICATE  Node  n  String  JSC_PROPERTY_NAME_FN  childValue  name  namespaceName  rawJsString  s  value  Map  vars  int  c  end  nextSkipSlot  nextSlot  start  type  	projects/Closure80/src/com/google/javascript/jscomp/NodeUtil.java	0.4082482904638631	1264	1264	2	replace	||  NodeUtil.isFunction(n))  {  return  false;  }	  ||    NodeUtil.isExpressionNode(n))    {    return    false;    }    	non-compiled	[CE]  	3	None	replace
326	[BUG]  [BUGGY]  ||  NodeUtil.isExpressionNode(n))  {  return  true;  }  [CE]  [FE]                        IllegalStateException      [CONTEXT]      case  Token.LE:  case  Token.GE:  case  Token.IN:  case  Token.INSTANCEOF:  case  Token.NOT:  return  true;  default:      [BUGGY]  ||  NodeUtil.isExpressionNode(n))  {  return  true;  }  [BUGGY]      }  }  [CLASS]  NodeUtil  NumbericResultPredicate  BooleanResultPredicate  MayBeStringResultPredicate  VarCollector  MatchNameNode  MatchNodeType  MatchDeclaration  MatchNotFunction  MatchShallowStatement  [METHOD]  isBooleanResultHelper  [RETURN_TYPE]  boolean  Node  n  [VARIABLES]  BooleanResultPredicate  BOOLEAN_RESULT_PREDICATE  Set  BUILTIN_FUNCTIONS_WITHOUT_SIDEEFFECTS  CONSTRUCTORS_WITHOUT_SIDE_EFFECTS  OBJECT_METHODS_WITHOUT_SIDEEFFECTS  REGEXP_METHODS  STRING_REGEXP_METHODS  defines  emptySet  knownConstants  NumbericResultPredicate  NUMBERIC_RESULT_PREDICATE  boolean  MayBeStringResultPredicate  MAY_BE_STRING_PREDICATE  Node  n  String  JSC_PROPERTY_NAME_FN  childValue  name  namespaceName  rawJsString  s  value  Map  vars  int  c  end  nextSkipSlot  nextSlot  start  type  	projects/Closure80/src/com/google/javascript/jscomp/NodeUtil.java	0.4082482904638631	1264	1264	2	replace	||  NodeUtil.isExpressionNode(n))  {  return  true;  }	  ||    NodeUtil.isExpressionNode(n))    {    return    false;    }    	non-compiled	[CE]  	3	None	replace
327	[BUG]  [BUGGY]  ||  NodeUtil.isLiteralValue(n))  {  return  false;  }  [CE]  [FE]                          IllegalStateException      [CONTEXT]      case  Token.LE:  case  Token.GE:  case  Token.IN:  case  Token.INSTANCEOF:  case  Token.NOT:  return  true;  default:      [BUGGY]  ||  NodeUtil.isLiteralValue(n))  {  return  false;  }  [BUGGY]      }  }  [CLASS]  NodeUtil  NumbericResultPredicate  BooleanResultPredicate  MayBeStringResultPredicate  VarCollector  MatchNameNode  MatchNodeType  MatchDeclaration  MatchNotFunction  MatchShallowStatement  [METHOD]  isBooleanResultHelper  [RETURN_TYPE]  boolean  Node  n  [VARIABLES]  BooleanResultPredicate  BOOLEAN_RESULT_PREDICATE  Set  BUILTIN_FUNCTIONS_WITHOUT_SIDEEFFECTS  CONSTRUCTORS_WITHOUT_SIDE_EFFECTS  OBJECT_METHODS_WITHOUT_SIDEEFFECTS  REGEXP_METHODS  STRING_REGEXP_METHODS  defines  emptySet  knownConstants  NumbericResultPredicate  NUMBERIC_RESULT_PREDICATE  boolean  MayBeStringResultPredicate  MAY_BE_STRING_PREDICATE  Node  n  String  JSC_PROPERTY_NAME_FN  childValue  name  namespaceName  rawJsString  s  value  Map  vars  int  c  end  nextSkipSlot  nextSlot  start  type  	projects/Closure80/src/com/google/javascript/jscomp/NodeUtil.java	0.4082482904638631	1264	1264	2	replace	||  NodeUtil.isLiteralValue(n))  {  return  false;  }	  ||    NodeUtil.isExpressionNode(n))    {    return    false;    }    	non-compiled	[CE]  	3	None	replace
328	[BUG]  [BUGGY]  NodeUtil.isStatementBlock(n)&&  NodeUtil.isStatementBlock(n))  {  return  false;  }  [CE]  [FE]                      IllegalStateException      [CONTEXT]      case  Token.LE:  case  Token.GE:  case  Token.IN:  case  Token.INSTANCEOF:  case  Token.NOT:  return  true;  default:      [BUGGY]  NodeUtil.isStatementBlock(n)&&  NodeUtil.isStatementBlock(n))  {  return  false;  }  [BUGGY]      }  }  [CLASS]  NodeUtil  NumbericResultPredicate  BooleanResultPredicate  MayBeStringResultPredicate  VarCollector  MatchNameNode  MatchNodeType  MatchDeclaration  MatchNotFunction  MatchShallowStatement  [METHOD]  isBooleanResultHelper  [RETURN_TYPE]  boolean  Node  n  [VARIABLES]  BooleanResultPredicate  BOOLEAN_RESULT_PREDICATE  Set  BUILTIN_FUNCTIONS_WITHOUT_SIDEEFFECTS  CONSTRUCTORS_WITHOUT_SIDE_EFFECTS  OBJECT_METHODS_WITHOUT_SIDEEFFECTS  REGEXP_METHODS  STRING_REGEXP_METHODS  defines  emptySet  knownConstants  NumbericResultPredicate  NUMBERIC_RESULT_PREDICATE  boolean  MayBeStringResultPredicate  MAY_BE_STRING_PREDICATE  Node  n  String  JSC_PROPERTY_NAME_FN  childValue  name  namespaceName  rawJsString  s  value  Map  vars  int  c  end  nextSkipSlot  nextSlot  start  type  	projects/Closure80/src/com/google/javascript/jscomp/NodeUtil.java	0.4082482904638631	1264	1264	2	replace	NodeUtil.isStatementBlock(n)&&  NodeUtil.isStatementBlock(n))  {  return  false;  }	  NodeUtil.isFunctionAnonymous(n)&&    NodeUtil.isStatementBlock(n))    {    return    false;    }    	non-compiled	[CE]  	13	None	replace
329	[BUG]  [BUGGY]  NodeUtil.isName(n)&&  NodeUtil.isStatementBlock(n))  {  return  false;  }  [CE]  [FE]                        IllegalStateException      [CONTEXT]      case  Token.LE:  case  Token.GE:  case  Token.IN:  case  Token.INSTANCEOF:  case  Token.NOT:  return  true;  default:      [BUGGY]  NodeUtil.isName(n)&&  NodeUtil.isStatementBlock(n))  {  return  false;  }  [BUGGY]      }  }  [CLASS]  NodeUtil  NumbericResultPredicate  BooleanResultPredicate  MayBeStringResultPredicate  VarCollector  MatchNameNode  MatchNodeType  MatchDeclaration  MatchNotFunction  MatchShallowStatement  [METHOD]  isBooleanResultHelper  [RETURN_TYPE]  boolean  Node  n  [VARIABLES]  BooleanResultPredicate  BOOLEAN_RESULT_PREDICATE  Set  BUILTIN_FUNCTIONS_WITHOUT_SIDEEFFECTS  CONSTRUCTORS_WITHOUT_SIDE_EFFECTS  OBJECT_METHODS_WITHOUT_SIDEEFFECTS  REGEXP_METHODS  STRING_REGEXP_METHODS  defines  emptySet  knownConstants  NumbericResultPredicate  NUMBERIC_RESULT_PREDICATE  boolean  MayBeStringResultPredicate  MAY_BE_STRING_PREDICATE  Node  n  String  JSC_PROPERTY_NAME_FN  childValue  name  namespaceName  rawJsString  s  value  Map  vars  int  c  end  nextSkipSlot  nextSlot  start  type  	projects/Closure80/src/com/google/javascript/jscomp/NodeUtil.java	0.4082482904638631	1264	1264	2	replace	NodeUtil.isName(n)&&  NodeUtil.isStatementBlock(n))  {  return  false;  }	  NodeUtil.isFunctionAnonymous(n)&&    NodeUtil.isStatementBlock(n))    {    return    false;    }    	non-compiled	[CE]  	13	None	replace
330	[BUG]  [BUGGY]  NodeUtil.isFunctionAnonymous(n)&&  NodeUtil.mayHaveSideEffects(n))  {  return  false;  }  [CE]  [FE]                          IllegalStateException      [CONTEXT]      case  Token.LE:  case  Token.GE:  case  Token.IN:  case  Token.INSTANCEOF:  case  Token.NOT:  return  true;  default:      [BUGGY]  NodeUtil.isFunctionAnonymous(n)&&  NodeUtil.mayHaveSideEffects(n))  {  return  false;  }  [BUGGY]      }  }  [CLASS]  NodeUtil  NumbericResultPredicate  BooleanResultPredicate  MayBeStringResultPredicate  VarCollector  MatchNameNode  MatchNodeType  MatchDeclaration  MatchNotFunction  MatchShallowStatement  [METHOD]  isBooleanResultHelper  [RETURN_TYPE]  boolean  Node  n  [VARIABLES]  BooleanResultPredicate  BOOLEAN_RESULT_PREDICATE  Set  BUILTIN_FUNCTIONS_WITHOUT_SIDEEFFECTS  CONSTRUCTORS_WITHOUT_SIDE_EFFECTS  OBJECT_METHODS_WITHOUT_SIDEEFFECTS  REGEXP_METHODS  STRING_REGEXP_METHODS  defines  emptySet  knownConstants  NumbericResultPredicate  NUMBERIC_RESULT_PREDICATE  boolean  MayBeStringResultPredicate  MAY_BE_STRING_PREDICATE  Node  n  String  JSC_PROPERTY_NAME_FN  childValue  name  namespaceName  rawJsString  s  value  Map  vars  int  c  end  nextSkipSlot  nextSlot  start  type  	projects/Closure80/src/com/google/javascript/jscomp/NodeUtil.java	0.4082482904638631	1264	1264	2	replace	NodeUtil.isFunctionAnonymous(n)&&  NodeUtil.mayHaveSideEffects(n))  {  return  false;  }	  NodeUtil.isFunctionAnonymous(n)&&    NodeUtil.isStatementBlock(n))    {    return    false;    }    	non-compiled	[CE]  	13	None	replace
331	[BUG]  [BUGGY]  NodeUtil.isExpressionNode(n)&&  NodeUtil.isStatementBlock(n))  {  return  false;  }  [CE]  [FE]                            IllegalStateException      [CONTEXT]      case  Token.LE:  case  Token.GE:  case  Token.IN:  case  Token.INSTANCEOF:  case  Token.NOT:  return  true;  default:      [BUGGY]  NodeUtil.isExpressionNode(n)&&  NodeUtil.isStatementBlock(n))  {  return  false;  }  [BUGGY]      }  }  [CLASS]  NodeUtil  NumbericResultPredicate  BooleanResultPredicate  MayBeStringResultPredicate  VarCollector  MatchNameNode  MatchNodeType  MatchDeclaration  MatchNotFunction  MatchShallowStatement  [METHOD]  isBooleanResultHelper  [RETURN_TYPE]  boolean  Node  n  [VARIABLES]  BooleanResultPredicate  BOOLEAN_RESULT_PREDICATE  Set  BUILTIN_FUNCTIONS_WITHOUT_SIDEEFFECTS  CONSTRUCTORS_WITHOUT_SIDE_EFFECTS  OBJECT_METHODS_WITHOUT_SIDEEFFECTS  REGEXP_METHODS  STRING_REGEXP_METHODS  defines  emptySet  knownConstants  NumbericResultPredicate  NUMBERIC_RESULT_PREDICATE  boolean  MayBeStringResultPredicate  MAY_BE_STRING_PREDICATE  Node  n  String  JSC_PROPERTY_NAME_FN  childValue  name  namespaceName  rawJsString  s  value  Map  vars  int  c  end  nextSkipSlot  nextSlot  start  type  	projects/Closure80/src/com/google/javascript/jscomp/NodeUtil.java	0.4082482904638631	1264	1264	2	replace	NodeUtil.isExpressionNode(n)&&  NodeUtil.isStatementBlock(n))  {  return  false;  }	  NodeUtil.isFunctionAnonymous(n)&&    NodeUtil.isStatementBlock(n))    {    return    false;    }    	non-compiled	[CE]  	13	None	replace
332	[BUG]  [BUGGY]  ||  NodeUtil.isFunctionAnonymous(n)||  NodeUtil.isFunctionBoolean(n))  {  return  false;  }  [CE]  [FE]                IllegalStateException      [CONTEXT]      case  Token.LE:  case  Token.GE:  case  Token.IN:  case  Token.INSTANCEOF:  case  Token.NOT:  return  true;  default:      [BUGGY]  ||  NodeUtil.isFunctionAnonymous(n)||  NodeUtil.isFunctionBoolean(n))  {  return  false;  }  [BUGGY]      }  }  [CLASS]  NodeUtil  NumbericResultPredicate  BooleanResultPredicate  MayBeStringResultPredicate  VarCollector  MatchNameNode  MatchNodeType  MatchDeclaration  MatchNotFunction  MatchShallowStatement  [METHOD]  isBooleanResultHelper  [RETURN_TYPE]  boolean  Node  n  [VARIABLES]  BooleanResultPredicate  BOOLEAN_RESULT_PREDICATE  Set  BUILTIN_FUNCTIONS_WITHOUT_SIDEEFFECTS  CONSTRUCTORS_WITHOUT_SIDE_EFFECTS  OBJECT_METHODS_WITHOUT_SIDEEFFECTS  REGEXP_METHODS  STRING_REGEXP_METHODS  defines  emptySet  knownConstants  NumbericResultPredicate  NUMBERIC_RESULT_PREDICATE  boolean  MayBeStringResultPredicate  MAY_BE_STRING_PREDICATE  Node  n  String  JSC_PROPERTY_NAME_FN  childValue  name  namespaceName  rawJsString  s  value  Map  vars  int  c  end  nextSkipSlot  nextSlot  start  type  	projects/Closure80/src/com/google/javascript/jscomp/NodeUtil.java	0.4082482904638631	1264	1264	2	replace	||  NodeUtil.isFunctionAnonymous(n)||  NodeUtil.isFunctionBoolean(n))  {  return  false;  }	  &&    NodeUtil.isFunctionAnonymous(n)||    NodeUtil.isFunctionBoolean(n))    {    return    false;    }    	non-compiled	[CE]  	87	None	replace
333	[BUG]  [BUGGY]  &&  NodeUtil.isFunctionAnonymous(n)||  NodeUtil.isFunctionBoolean(n))  {  return  true;  }  [CE]  [FE]                  IllegalStateException      [CONTEXT]      case  Token.LE:  case  Token.GE:  case  Token.IN:  case  Token.INSTANCEOF:  case  Token.NOT:  return  true;  default:      [BUGGY]  &&  NodeUtil.isFunctionAnonymous(n)||  NodeUtil.isFunctionBoolean(n))  {  return  true;  }  [BUGGY]      }  }  [CLASS]  NodeUtil  NumbericResultPredicate  BooleanResultPredicate  MayBeStringResultPredicate  VarCollector  MatchNameNode  MatchNodeType  MatchDeclaration  MatchNotFunction  MatchShallowStatement  [METHOD]  isBooleanResultHelper  [RETURN_TYPE]  boolean  Node  n  [VARIABLES]  BooleanResultPredicate  BOOLEAN_RESULT_PREDICATE  Set  BUILTIN_FUNCTIONS_WITHOUT_SIDEEFFECTS  CONSTRUCTORS_WITHOUT_SIDE_EFFECTS  OBJECT_METHODS_WITHOUT_SIDEEFFECTS  REGEXP_METHODS  STRING_REGEXP_METHODS  defines  emptySet  knownConstants  NumbericResultPredicate  NUMBERIC_RESULT_PREDICATE  boolean  MayBeStringResultPredicate  MAY_BE_STRING_PREDICATE  Node  n  String  JSC_PROPERTY_NAME_FN  childValue  name  namespaceName  rawJsString  s  value  Map  vars  int  c  end  nextSkipSlot  nextSlot  start  type  	projects/Closure80/src/com/google/javascript/jscomp/NodeUtil.java	0.4082482904638631	1264	1264	2	replace	&&  NodeUtil.isFunctionAnonymous(n)||  NodeUtil.isFunctionBoolean(n))  {  return  true;  }	  &&    NodeUtil.isFunctionAnonymous(n)||    NodeUtil.isFunctionBoolean(n))    {    return    false;    }    	non-compiled	[CE]  	87	None	replace
334	[BUG]  [BUGGY]  &&  NodeUtil.isFunctionAnonymous(n)&&  NodeUtil.isFunctionBoolean(n))  {  return  false;  }  [CE]  [FE]                    IllegalStateException      [CONTEXT]      case  Token.LE:  case  Token.GE:  case  Token.IN:  case  Token.INSTANCEOF:  case  Token.NOT:  return  true;  default:      [BUGGY]  &&  NodeUtil.isFunctionAnonymous(n)&&  NodeUtil.isFunctionBoolean(n))  {  return  false;  }  [BUGGY]      }  }  [CLASS]  NodeUtil  NumbericResultPredicate  BooleanResultPredicate  MayBeStringResultPredicate  VarCollector  MatchNameNode  MatchNodeType  MatchDeclaration  MatchNotFunction  MatchShallowStatement  [METHOD]  isBooleanResultHelper  [RETURN_TYPE]  boolean  Node  n  [VARIABLES]  BooleanResultPredicate  BOOLEAN_RESULT_PREDICATE  Set  BUILTIN_FUNCTIONS_WITHOUT_SIDEEFFECTS  CONSTRUCTORS_WITHOUT_SIDE_EFFECTS  OBJECT_METHODS_WITHOUT_SIDEEFFECTS  REGEXP_METHODS  STRING_REGEXP_METHODS  defines  emptySet  knownConstants  NumbericResultPredicate  NUMBERIC_RESULT_PREDICATE  boolean  MayBeStringResultPredicate  MAY_BE_STRING_PREDICATE  Node  n  String  JSC_PROPERTY_NAME_FN  childValue  name  namespaceName  rawJsString  s  value  Map  vars  int  c  end  nextSkipSlot  nextSlot  start  type  	projects/Closure80/src/com/google/javascript/jscomp/NodeUtil.java	0.4082482904638631	1264	1264	2	replace	&&  NodeUtil.isFunctionAnonymous(n)&&  NodeUtil.isFunctionBoolean(n))  {  return  false;  }	  &&    NodeUtil.isFunctionAnonymous(n)||    NodeUtil.isFunctionBoolean(n))    {    return    false;    }    	non-compiled	[CE]  	87	None	replace
335	[BUG]  [BUGGY]  &&  NodeUtil.isName(n)||  NodeUtil.isFunctionBoolean(n))  {  return  false;  }  [CE]  [FE]                      IllegalStateException      [CONTEXT]      case  Token.LE:  case  Token.GE:  case  Token.IN:  case  Token.INSTANCEOF:  case  Token.NOT:  return  true;  default:      [BUGGY]  &&  NodeUtil.isName(n)||  NodeUtil.isFunctionBoolean(n))  {  return  false;  }  [BUGGY]      }  }  [CLASS]  NodeUtil  NumbericResultPredicate  BooleanResultPredicate  MayBeStringResultPredicate  VarCollector  MatchNameNode  MatchNodeType  MatchDeclaration  MatchNotFunction  MatchShallowStatement  [METHOD]  isBooleanResultHelper  [RETURN_TYPE]  boolean  Node  n  [VARIABLES]  BooleanResultPredicate  BOOLEAN_RESULT_PREDICATE  Set  BUILTIN_FUNCTIONS_WITHOUT_SIDEEFFECTS  CONSTRUCTORS_WITHOUT_SIDE_EFFECTS  OBJECT_METHODS_WITHOUT_SIDEEFFECTS  REGEXP_METHODS  STRING_REGEXP_METHODS  defines  emptySet  knownConstants  NumbericResultPredicate  NUMBERIC_RESULT_PREDICATE  boolean  MayBeStringResultPredicate  MAY_BE_STRING_PREDICATE  Node  n  String  JSC_PROPERTY_NAME_FN  childValue  name  namespaceName  rawJsString  s  value  Map  vars  int  c  end  nextSkipSlot  nextSlot  start  type  	projects/Closure80/src/com/google/javascript/jscomp/NodeUtil.java	0.4082482904638631	1264	1264	2	replace	&&  NodeUtil.isName(n)||  NodeUtil.isFunctionBoolean(n))  {  return  false;  }	  &&    NodeUtil.isFunctionAnonymous(n)||    NodeUtil.isFunctionBoolean(n))    {    return    false;    }    	non-compiled	[CE]  	87	None	replace
336	[BUG]  [BUGGY]  &&  NodeUtil.isAnonymous(n)||  NodeUtil.isFunctionBoolean(n))  {  return  false;  }  [CE]  [FE]                        IllegalStateException      [CONTEXT]      case  Token.LE:  case  Token.GE:  case  Token.IN:  case  Token.INSTANCEOF:  case  Token.NOT:  return  true;  default:      [BUGGY]  &&  NodeUtil.isAnonymous(n)||  NodeUtil.isFunctionBoolean(n))  {  return  false;  }  [BUGGY]      }  }  [CLASS]  NodeUtil  NumbericResultPredicate  BooleanResultPredicate  MayBeStringResultPredicate  VarCollector  MatchNameNode  MatchNodeType  MatchDeclaration  MatchNotFunction  MatchShallowStatement  [METHOD]  isBooleanResultHelper  [RETURN_TYPE]  boolean  Node  n  [VARIABLES]  BooleanResultPredicate  BOOLEAN_RESULT_PREDICATE  Set  BUILTIN_FUNCTIONS_WITHOUT_SIDEEFFECTS  CONSTRUCTORS_WITHOUT_SIDE_EFFECTS  OBJECT_METHODS_WITHOUT_SIDEEFFECTS  REGEXP_METHODS  STRING_REGEXP_METHODS  defines  emptySet  knownConstants  NumbericResultPredicate  NUMBERIC_RESULT_PREDICATE  boolean  MayBeStringResultPredicate  MAY_BE_STRING_PREDICATE  Node  n  String  JSC_PROPERTY_NAME_FN  childValue  name  namespaceName  rawJsString  s  value  Map  vars  int  c  end  nextSkipSlot  nextSlot  start  type  	projects/Closure80/src/com/google/javascript/jscomp/NodeUtil.java	0.4082482904638631	1264	1264	2	replace	&&  NodeUtil.isAnonymous(n)||  NodeUtil.isFunctionBoolean(n))  {  return  false;  }	  &&    NodeUtil.isFunctionAnonymous(n)||    NodeUtil.isFunctionBoolean(n))    {    return    false;    }    	non-compiled	[CE]  	87	None	replace
337	[BUG]  [BUGGY]  &&  NodeUtil.isFunctionAnonymous(n)||  NodeUtil.isStatementBoolean(n))  {  return  false;  }  [CE]  [FE]                          IllegalStateException      [CONTEXT]      case  Token.LE:  case  Token.GE:  case  Token.IN:  case  Token.INSTANCEOF:  case  Token.NOT:  return  true;  default:      [BUGGY]  &&  NodeUtil.isFunctionAnonymous(n)||  NodeUtil.isStatementBoolean(n))  {  return  false;  }  [BUGGY]      }  }  [CLASS]  NodeUtil  NumbericResultPredicate  BooleanResultPredicate  MayBeStringResultPredicate  VarCollector  MatchNameNode  MatchNodeType  MatchDeclaration  MatchNotFunction  MatchShallowStatement  [METHOD]  isBooleanResultHelper  [RETURN_TYPE]  boolean  Node  n  [VARIABLES]  BooleanResultPredicate  BOOLEAN_RESULT_PREDICATE  Set  BUILTIN_FUNCTIONS_WITHOUT_SIDEEFFECTS  CONSTRUCTORS_WITHOUT_SIDE_EFFECTS  OBJECT_METHODS_WITHOUT_SIDEEFFECTS  REGEXP_METHODS  STRING_REGEXP_METHODS  defines  emptySet  knownConstants  NumbericResultPredicate  NUMBERIC_RESULT_PREDICATE  boolean  MayBeStringResultPredicate  MAY_BE_STRING_PREDICATE  Node  n  String  JSC_PROPERTY_NAME_FN  childValue  name  namespaceName  rawJsString  s  value  Map  vars  int  c  end  nextSkipSlot  nextSlot  start  type  	projects/Closure80/src/com/google/javascript/jscomp/NodeUtil.java	0.4082482904638631	1264	1264	2	replace	&&  NodeUtil.isFunctionAnonymous(n)||  NodeUtil.isStatementBoolean(n))  {  return  false;  }	  &&    NodeUtil.isFunctionAnonymous(n)||    NodeUtil.isFunctionBoolean(n))    {    return    false;    }    	non-compiled	[CE]  	87	None	replace
338	[BUG]  [BUGGY]  return(n.getType()!=  Token.FUNCTION)?  BooleanResultPredicate.FALSE  :  BooleanResultPredicate.UNKNOWN;  [CE]  [FE]                IllegalStateException      [CONTEXT]      case  Token.LE:  case  Token.GE:  case  Token.IN:  case  Token.INSTANCEOF:  case  Token.NOT:  return  true;  default:      [BUGGY]  return(n.getType()!=  Token.FUNCTION)?  BooleanResultPredicate.FALSE  :  BooleanResultPredicate.UNKNOWN;  [BUGGY]      }  }  [CLASS]  NodeUtil  NumbericResultPredicate  BooleanResultPredicate  MayBeStringResultPredicate  VarCollector  MatchNameNode  MatchNodeType  MatchDeclaration  MatchNotFunction  MatchShallowStatement  [METHOD]  isBooleanResultHelper  [RETURN_TYPE]  boolean  Node  n  [VARIABLES]  BooleanResultPredicate  BOOLEAN_RESULT_PREDICATE  Set  BUILTIN_FUNCTIONS_WITHOUT_SIDEEFFECTS  CONSTRUCTORS_WITHOUT_SIDE_EFFECTS  OBJECT_METHODS_WITHOUT_SIDEEFFECTS  REGEXP_METHODS  STRING_REGEXP_METHODS  defines  emptySet  knownConstants  NumbericResultPredicate  NUMBERIC_RESULT_PREDICATE  boolean  MayBeStringResultPredicate  MAY_BE_STRING_PREDICATE  Node  n  String  JSC_PROPERTY_NAME_FN  childValue  name  namespaceName  rawJsString  s  value  Map  vars  int  c  end  nextSkipSlot  nextSlot  start  type  	projects/Closure80/src/com/google/javascript/jscomp/NodeUtil.java	0.4082482904638631	1264	1264	2	replace	return(n.getType()!=  Token.FUNCTION)?  BooleanResultPredicate.FALSE  :  BooleanResultPredicate.UNKNOWN;	  return(n.getType()    ==    Token.FUNCTION)?    BooleanResultPredicate.FALSE    :    BooleanResultPredicate.UNKNOWN;    	non-compiled	[CE]  	73	None	replace
339	[BUG]  [BUGGY]  return(n.getType()  ==  Token.FUNCTION)?  BooleanResultPredicate.FALSE  :  BooleanResultPredicate.BLOCK;  [CE]  [FE]                  IllegalStateException      [CONTEXT]      case  Token.LE:  case  Token.GE:  case  Token.IN:  case  Token.INSTANCEOF:  case  Token.NOT:  return  true;  default:      [BUGGY]  return(n.getType()  ==  Token.FUNCTION)?  BooleanResultPredicate.FALSE  :  BooleanResultPredicate.BLOCK;  [BUGGY]      }  }  [CLASS]  NodeUtil  NumbericResultPredicate  BooleanResultPredicate  MayBeStringResultPredicate  VarCollector  MatchNameNode  MatchNodeType  MatchDeclaration  MatchNotFunction  MatchShallowStatement  [METHOD]  isBooleanResultHelper  [RETURN_TYPE]  boolean  Node  n  [VARIABLES]  BooleanResultPredicate  BOOLEAN_RESULT_PREDICATE  Set  BUILTIN_FUNCTIONS_WITHOUT_SIDEEFFECTS  CONSTRUCTORS_WITHOUT_SIDE_EFFECTS  OBJECT_METHODS_WITHOUT_SIDEEFFECTS  REGEXP_METHODS  STRING_REGEXP_METHODS  defines  emptySet  knownConstants  NumbericResultPredicate  NUMBERIC_RESULT_PREDICATE  boolean  MayBeStringResultPredicate  MAY_BE_STRING_PREDICATE  Node  n  String  JSC_PROPERTY_NAME_FN  childValue  name  namespaceName  rawJsString  s  value  Map  vars  int  c  end  nextSkipSlot  nextSlot  start  type  	projects/Closure80/src/com/google/javascript/jscomp/NodeUtil.java	0.4082482904638631	1264	1264	2	replace	return(n.getType()  ==  Token.FUNCTION)?  BooleanResultPredicate.FALSE  :  BooleanResultPredicate.BLOCK;	  return(n.getType()    ==    Token.FUNCTION)?    BooleanResultPredicate.FALSE    :    BooleanResultPredicate.UNKNOWN;    	non-compiled	[CE]  	73	None	replace
340	[BUG]  [BUGGY]  return(n.getType()!=  Token.BLOCK)?  BooleanResultPredicate.TRUE  :  BooleanResultPredicate.FALSE;  [CE]  [FE]                  IllegalStateException      [CONTEXT]      case  Token.LE:  case  Token.GE:  case  Token.IN:  case  Token.INSTANCEOF:  case  Token.NOT:  return  true;  default:      [BUGGY]  return(n.getType()!=  Token.BLOCK)?  BooleanResultPredicate.TRUE  :  BooleanResultPredicate.FALSE;  [BUGGY]      }  }  [CLASS]  NodeUtil  NumbericResultPredicate  BooleanResultPredicate  MayBeStringResultPredicate  VarCollector  MatchNameNode  MatchNodeType  MatchDeclaration  MatchNotFunction  MatchShallowStatement  [METHOD]  isBooleanResultHelper  [RETURN_TYPE]  boolean  Node  n  [VARIABLES]  BooleanResultPredicate  BOOLEAN_RESULT_PREDICATE  Set  BUILTIN_FUNCTIONS_WITHOUT_SIDEEFFECTS  CONSTRUCTORS_WITHOUT_SIDE_EFFECTS  OBJECT_METHODS_WITHOUT_SIDEEFFECTS  REGEXP_METHODS  STRING_REGEXP_METHODS  defines  emptySet  knownConstants  NumbericResultPredicate  NUMBERIC_RESULT_PREDICATE  boolean  MayBeStringResultPredicate  MAY_BE_STRING_PREDICATE  Node  n  String  JSC_PROPERTY_NAME_FN  childValue  name  namespaceName  rawJsString  s  value  Map  vars  int  c  end  nextSkipSlot  nextSlot  start  type  	projects/Closure80/src/com/google/javascript/jscomp/NodeUtil.java	0.4082482904638631	1264	1264	2	replace	return(n.getType()!=  Token.BLOCK)?  BooleanResultPredicate.TRUE  :  BooleanResultPredicate.FALSE;	  return(n.getType()    ==    Token.BLOCK)?    BooleanResultPredicate.TRUE    :    BooleanResultPredicate.FALSE;    	non-compiled	[CE]  	83	None	replace
341	[BUG]  [BUGGY]  return(n.getType()  ==  Token.BLOCK)?  BooleanResultPredicate.TRUE  :  BooleanResultPredicate.FIELD;  [CE]  [FE]                    IllegalStateException      [CONTEXT]      case  Token.LE:  case  Token.GE:  case  Token.IN:  case  Token.INSTANCEOF:  case  Token.NOT:  return  true;  default:      [BUGGY]  return(n.getType()  ==  Token.BLOCK)?  BooleanResultPredicate.TRUE  :  BooleanResultPredicate.FIELD;  [BUGGY]      }  }  [CLASS]  NodeUtil  NumbericResultPredicate  BooleanResultPredicate  MayBeStringResultPredicate  VarCollector  MatchNameNode  MatchNodeType  MatchDeclaration  MatchNotFunction  MatchShallowStatement  [METHOD]  isBooleanResultHelper  [RETURN_TYPE]  boolean  Node  n  [VARIABLES]  BooleanResultPredicate  BOOLEAN_RESULT_PREDICATE  Set  BUILTIN_FUNCTIONS_WITHOUT_SIDEEFFECTS  CONSTRUCTORS_WITHOUT_SIDE_EFFECTS  OBJECT_METHODS_WITHOUT_SIDEEFFECTS  REGEXP_METHODS  STRING_REGEXP_METHODS  defines  emptySet  knownConstants  NumbericResultPredicate  NUMBERIC_RESULT_PREDICATE  boolean  MayBeStringResultPredicate  MAY_BE_STRING_PREDICATE  Node  n  String  JSC_PROPERTY_NAME_FN  childValue  name  namespaceName  rawJsString  s  value  Map  vars  int  c  end  nextSkipSlot  nextSlot  start  type  	projects/Closure80/src/com/google/javascript/jscomp/NodeUtil.java	0.4082482904638631	1264	1264	2	replace	return(n.getType()  ==  Token.BLOCK)?  BooleanResultPredicate.TRUE  :  BooleanResultPredicate.FIELD;	  return(n.getType()    ==    Token.BLOCK)?    BooleanResultPredicate.TRUE    :    BooleanResultPredicate.FALSE;    	non-compiled	[CE]  	83	None	replace
342	[BUG]  [BUGGY]  ||  n.getString().equals( "name "))  {  return  false;  }  [CE]  [FE]                          IllegalStateException      [CONTEXT]      case  Token.LE:  case  Token.GE:  case  Token.IN:  case  Token.INSTANCEOF:  case  Token.NOT:  return  true;  default:      [BUGGY]  ||  n.getString().equals( "name "))  {  return  false;  }  [BUGGY]      }  }  [CLASS]  NodeUtil  NumbericResultPredicate  BooleanResultPredicate  MayBeStringResultPredicate  VarCollector  MatchNameNode  MatchNodeType  MatchDeclaration  MatchNotFunction  MatchShallowStatement  [METHOD]  isBooleanResultHelper  [RETURN_TYPE]  boolean  Node  n  [VARIABLES]  BooleanResultPredicate  BOOLEAN_RESULT_PREDICATE  Set  BUILTIN_FUNCTIONS_WITHOUT_SIDEEFFECTS  CONSTRUCTORS_WITHOUT_SIDE_EFFECTS  OBJECT_METHODS_WITHOUT_SIDEEFFECTS  REGEXP_METHODS  STRING_REGEXP_METHODS  defines  emptySet  knownConstants  NumbericResultPredicate  NUMBERIC_RESULT_PREDICATE  boolean  MayBeStringResultPredicate  MAY_BE_STRING_PREDICATE  Node  n  String  JSC_PROPERTY_NAME_FN  childValue  name  namespaceName  rawJsString  s  value  Map  vars  int  c  end  nextSkipSlot  nextSlot  start  type  	projects/Closure80/src/com/google/javascript/jscomp/NodeUtil.java	0.4082482904638631	1264	1264	2	replace	||  n.getString().equals( "name "))  {  return  false;  }	  if(n.getType()    ==    Token.NAME    ||    n.getString().equals(   "name   "))    {    return    false;    }    	non-compiled	[CE]  	126	None	replace
343	[BUG]  [BUGGY]  if(n.getType()  ==  Token.NAME  &&  n.getString().equals( "name "))  {  return  false;  }  [CE]  [FE]                            IllegalStateException      [CONTEXT]      case  Token.LE:  case  Token.GE:  case  Token.IN:  case  Token.INSTANCEOF:  case  Token.NOT:  return  true;  default:      [BUGGY]  if(n.getType()  ==  Token.NAME  &&  n.getString().equals( "name "))  {  return  false;  }  [BUGGY]      }  }  [CLASS]  NodeUtil  NumbericResultPredicate  BooleanResultPredicate  MayBeStringResultPredicate  VarCollector  MatchNameNode  MatchNodeType  MatchDeclaration  MatchNotFunction  MatchShallowStatement  [METHOD]  isBooleanResultHelper  [RETURN_TYPE]  boolean  Node  n  [VARIABLES]  BooleanResultPredicate  BOOLEAN_RESULT_PREDICATE  Set  BUILTIN_FUNCTIONS_WITHOUT_SIDEEFFECTS  CONSTRUCTORS_WITHOUT_SIDE_EFFECTS  OBJECT_METHODS_WITHOUT_SIDEEFFECTS  REGEXP_METHODS  STRING_REGEXP_METHODS  defines  emptySet  knownConstants  NumbericResultPredicate  NUMBERIC_RESULT_PREDICATE  boolean  MayBeStringResultPredicate  MAY_BE_STRING_PREDICATE  Node  n  String  JSC_PROPERTY_NAME_FN  childValue  name  namespaceName  rawJsString  s  value  Map  vars  int  c  end  nextSkipSlot  nextSlot  start  type  	projects/Closure80/src/com/google/javascript/jscomp/NodeUtil.java	0.4082482904638631	1264	1264	2	replace	if(n.getType()  ==  Token.NAME  &&  n.getString().equals( "name "))  {  return  false;  }	  if(n.getType()    ==    Token.NAME    ||    n.getString().equals(   "name   "))    {    return    false;    }    	non-compiled	[CE]  	126	None	replace
344	[BUG]  [BUGGY]  &&  n.getType()  ==  Token.NAME  ||  n.getString().equals( "name "))  {  return  false;  }  [CE]  [FE]                              IllegalStateException      [CONTEXT]      case  Token.LE:  case  Token.GE:  case  Token.IN:  case  Token.INSTANCEOF:  case  Token.NOT:  return  true;  default:      [BUGGY]  &&  n.getType()  ==  Token.NAME  ||  n.getString().equals( "name "))  {  return  false;  }  [BUGGY]      }  }  [CLASS]  NodeUtil  NumbericResultPredicate  BooleanResultPredicate  MayBeStringResultPredicate  VarCollector  MatchNameNode  MatchNodeType  MatchDeclaration  MatchNotFunction  MatchShallowStatement  [METHOD]  isBooleanResultHelper  [RETURN_TYPE]  boolean  Node  n  [VARIABLES]  BooleanResultPredicate  BOOLEAN_RESULT_PREDICATE  Set  BUILTIN_FUNCTIONS_WITHOUT_SIDEEFFECTS  CONSTRUCTORS_WITHOUT_SIDE_EFFECTS  OBJECT_METHODS_WITHOUT_SIDEEFFECTS  REGEXP_METHODS  STRING_REGEXP_METHODS  defines  emptySet  knownConstants  NumbericResultPredicate  NUMBERIC_RESULT_PREDICATE  boolean  MayBeStringResultPredicate  MAY_BE_STRING_PREDICATE  Node  n  String  JSC_PROPERTY_NAME_FN  childValue  name  namespaceName  rawJsString  s  value  Map  vars  int  c  end  nextSkipSlot  nextSlot  start  type  	projects/Closure80/src/com/google/javascript/jscomp/NodeUtil.java	0.4082482904638631	1264	1264	2	replace	&&  n.getType()  ==  Token.NAME  ||  n.getString().equals( "name "))  {  return  false;  }	  if(n.getType()    ==    Token.NAME    ||    n.getString().equals(   "name   "))    {    return    false;    }    	non-compiled	[CE]  	126	None	replace
345	[BUG]  [BUGGY]  n.getType()  ==  Token.NAME  &&  n.getString().equals( "name "))  {  return  false;  }  [CE]  [FE]                                IllegalStateException      [CONTEXT]      case  Token.LE:  case  Token.GE:  case  Token.IN:  case  Token.INSTANCEOF:  case  Token.NOT:  return  true;  default:      [BUGGY]  n.getType()  ==  Token.NAME  &&  n.getString().equals( "name "))  {  return  false;  }  [BUGGY]      }  }  [CLASS]  NodeUtil  NumbericResultPredicate  BooleanResultPredicate  MayBeStringResultPredicate  VarCollector  MatchNameNode  MatchNodeType  MatchDeclaration  MatchNotFunction  MatchShallowStatement  [METHOD]  isBooleanResultHelper  [RETURN_TYPE]  boolean  Node  n  [VARIABLES]  BooleanResultPredicate  BOOLEAN_RESULT_PREDICATE  Set  BUILTIN_FUNCTIONS_WITHOUT_SIDEEFFECTS  CONSTRUCTORS_WITHOUT_SIDE_EFFECTS  OBJECT_METHODS_WITHOUT_SIDEEFFECTS  REGEXP_METHODS  STRING_REGEXP_METHODS  defines  emptySet  knownConstants  NumbericResultPredicate  NUMBERIC_RESULT_PREDICATE  boolean  MayBeStringResultPredicate  MAY_BE_STRING_PREDICATE  Node  n  String  JSC_PROPERTY_NAME_FN  childValue  name  namespaceName  rawJsString  s  value  Map  vars  int  c  end  nextSkipSlot  nextSlot  start  type  	projects/Closure80/src/com/google/javascript/jscomp/NodeUtil.java	0.4082482904638631	1264	1264	2	replace	n.getType()  ==  Token.NAME  &&  n.getString().equals( "name "))  {  return  false;  }	  if(n.getType()    ==    Token.NAME    ||    n.getString().equals(   "name   "))    {    return    false;    }    	non-compiled	[CE]  	126	None	replace
346	[BUG]  [BUGGY]  if(NodeUtil.isStatementBlock(n)&&  NodeUtil.isFunctionAnonymous(n))  {  return  false;  }  [CE]  [FE]                    IllegalStateException      [CONTEXT]      case  Token.LE:  case  Token.GE:  case  Token.IN:  case  Token.INSTANCEOF:  case  Token.NOT:  return  true;  default:      [BUGGY]  if(NodeUtil.isStatementBlock(n)&&  NodeUtil.isFunctionAnonymous(n))  {  return  false;  }  [BUGGY]      }  }  [CLASS]  NodeUtil  NumbericResultPredicate  BooleanResultPredicate  MayBeStringResultPredicate  VarCollector  MatchNameNode  MatchNodeType  MatchDeclaration  MatchNotFunction  MatchShallowStatement  [METHOD]  isBooleanResultHelper  [RETURN_TYPE]  boolean  Node  n  [VARIABLES]  BooleanResultPredicate  BOOLEAN_RESULT_PREDICATE  Set  BUILTIN_FUNCTIONS_WITHOUT_SIDEEFFECTS  CONSTRUCTORS_WITHOUT_SIDE_EFFECTS  OBJECT_METHODS_WITHOUT_SIDEEFFECTS  REGEXP_METHODS  STRING_REGEXP_METHODS  defines  emptySet  knownConstants  NumbericResultPredicate  NUMBERIC_RESULT_PREDICATE  boolean  MayBeStringResultPredicate  MAY_BE_STRING_PREDICATE  Node  n  String  JSC_PROPERTY_NAME_FN  childValue  name  namespaceName  rawJsString  s  value  Map  vars  int  c  end  nextSkipSlot  nextSlot  start  type  	projects/Closure80/src/com/google/javascript/jscomp/NodeUtil.java	0.4082482904638631	1264	1264	2	replace	if(NodeUtil.isStatementBlock(n)&&  NodeUtil.isFunctionAnonymous(n))  {  return  false;  }	  if(NodeUtil.isFunctionAnonymous(n)&&    NodeUtil.isStatementBlock(n))    {    return    false;    }    	non-compiled	[CE]  	12	None	replace
347	[BUG]  [BUGGY]  n.getType()  ==  Token.FUNCTION  ||  n.getType()!=  Token.NAME)  {  return  false;  }  [CE]  [FE]                  IllegalStateException      [CONTEXT]      case  Token.LE:  case  Token.GE:  case  Token.IN:  case  Token.INSTANCEOF:  case  Token.NOT:  return  true;  default:      [BUGGY]  n.getType()  ==  Token.FUNCTION  ||  n.getType()!=  Token.NAME)  {  return  false;  }  [BUGGY]      }  }  [CLASS]  NodeUtil  NumbericResultPredicate  BooleanResultPredicate  MayBeStringResultPredicate  VarCollector  MatchNameNode  MatchNodeType  MatchDeclaration  MatchNotFunction  MatchShallowStatement  [METHOD]  isBooleanResultHelper  [RETURN_TYPE]  boolean  Node  n  [VARIABLES]  BooleanResultPredicate  BOOLEAN_RESULT_PREDICATE  Set  BUILTIN_FUNCTIONS_WITHOUT_SIDEEFFECTS  CONSTRUCTORS_WITHOUT_SIDE_EFFECTS  OBJECT_METHODS_WITHOUT_SIDEEFFECTS  REGEXP_METHODS  STRING_REGEXP_METHODS  defines  emptySet  knownConstants  NumbericResultPredicate  NUMBERIC_RESULT_PREDICATE  boolean  MayBeStringResultPredicate  MAY_BE_STRING_PREDICATE  Node  n  String  JSC_PROPERTY_NAME_FN  childValue  name  namespaceName  rawJsString  s  value  Map  vars  int  c  end  nextSkipSlot  nextSlot  start  type  	projects/Closure80/src/com/google/javascript/jscomp/NodeUtil.java	0.4082482904638631	1264	1264	2	replace	n.getType()  ==  Token.FUNCTION  ||  n.getType()!=  Token.NAME)  {  return  false;  }	  if(n.getType()    ==    Token.FUNCTION    ||    n.getType()!=    Token.NAME)    {    return    false;    }    	non-compiled	[CE]  	42	None	replace
348	[BUG]  [BUGGY]  n.setType(Token.FUNCTION  ||  n.getType()!=  Token.NAME)  {  return  false;  }  [CE]  [FE]                    IllegalStateException      [CONTEXT]      case  Token.LE:  case  Token.GE:  case  Token.IN:  case  Token.INSTANCEOF:  case  Token.NOT:  return  true;  default:      [BUGGY]  n.setType(Token.FUNCTION  ||  n.getType()!=  Token.NAME)  {  return  false;  }  [BUGGY]      }  }  [CLASS]  NodeUtil  NumbericResultPredicate  BooleanResultPredicate  MayBeStringResultPredicate  VarCollector  MatchNameNode  MatchNodeType  MatchDeclaration  MatchNotFunction  MatchShallowStatement  [METHOD]  isBooleanResultHelper  [RETURN_TYPE]  boolean  Node  n  [VARIABLES]  BooleanResultPredicate  BOOLEAN_RESULT_PREDICATE  Set  BUILTIN_FUNCTIONS_WITHOUT_SIDEEFFECTS  CONSTRUCTORS_WITHOUT_SIDE_EFFECTS  OBJECT_METHODS_WITHOUT_SIDEEFFECTS  REGEXP_METHODS  STRING_REGEXP_METHODS  defines  emptySet  knownConstants  NumbericResultPredicate  NUMBERIC_RESULT_PREDICATE  boolean  MayBeStringResultPredicate  MAY_BE_STRING_PREDICATE  Node  n  String  JSC_PROPERTY_NAME_FN  childValue  name  namespaceName  rawJsString  s  value  Map  vars  int  c  end  nextSkipSlot  nextSlot  start  type  	projects/Closure80/src/com/google/javascript/jscomp/NodeUtil.java	0.4082482904638631	1264	1264	2	replace	n.setType(Token.FUNCTION  ||  n.getType()!=  Token.NAME)  {  return  false;  }	  if(n.getType()    ==    Token.FUNCTION    ||    n.getType()!=    Token.NAME)    {    return    false;    }    	non-compiled	[CE]  	42	None	replace
349	[BUG]  [BUGGY]  if(n.getType()!=  Token.FUNCTION  ||  n.getType()  ==  Token.NAME)  {  return  false;  }  [CE]  [FE]                      IllegalStateException      [CONTEXT]      case  Token.LE:  case  Token.GE:  case  Token.IN:  case  Token.INSTANCEOF:  case  Token.NOT:  return  true;  default:      [BUGGY]  if(n.getType()!=  Token.FUNCTION  ||  n.getType()  ==  Token.NAME)  {  return  false;  }  [BUGGY]      }  }  [CLASS]  NodeUtil  NumbericResultPredicate  BooleanResultPredicate  MayBeStringResultPredicate  VarCollector  MatchNameNode  MatchNodeType  MatchDeclaration  MatchNotFunction  MatchShallowStatement  [METHOD]  isBooleanResultHelper  [RETURN_TYPE]  boolean  Node  n  [VARIABLES]  BooleanResultPredicate  BOOLEAN_RESULT_PREDICATE  Set  BUILTIN_FUNCTIONS_WITHOUT_SIDEEFFECTS  CONSTRUCTORS_WITHOUT_SIDE_EFFECTS  OBJECT_METHODS_WITHOUT_SIDEEFFECTS  REGEXP_METHODS  STRING_REGEXP_METHODS  defines  emptySet  knownConstants  NumbericResultPredicate  NUMBERIC_RESULT_PREDICATE  boolean  MayBeStringResultPredicate  MAY_BE_STRING_PREDICATE  Node  n  String  JSC_PROPERTY_NAME_FN  childValue  name  namespaceName  rawJsString  s  value  Map  vars  int  c  end  nextSkipSlot  nextSlot  start  type  	projects/Closure80/src/com/google/javascript/jscomp/NodeUtil.java	0.4082482904638631	1264	1264	2	replace	if(n.getType()!=  Token.FUNCTION  ||  n.getType()  ==  Token.NAME)  {  return  false;  }	  if(n.getType()    ==    Token.FUNCTION    ||    n.getType()!=    Token.NAME)    {    return    false;    }    	non-compiled	[CE]  	42	None	replace
350	[BUG]  [BUGGY]  if(n.getType()  ==  Token.FUNCTION  &&  n.getType()!=  Token.NAME)  {  return  false;  }  [CE]  [FE]                        IllegalStateException      [CONTEXT]      case  Token.LE:  case  Token.GE:  case  Token.IN:  case  Token.INSTANCEOF:  case  Token.NOT:  return  true;  default:      [BUGGY]  if(n.getType()  ==  Token.FUNCTION  &&  n.getType()!=  Token.NAME)  {  return  false;  }  [BUGGY]      }  }  [CLASS]  NodeUtil  NumbericResultPredicate  BooleanResultPredicate  MayBeStringResultPredicate  VarCollector  MatchNameNode  MatchNodeType  MatchDeclaration  MatchNotFunction  MatchShallowStatement  [METHOD]  isBooleanResultHelper  [RETURN_TYPE]  boolean  Node  n  [VARIABLES]  BooleanResultPredicate  BOOLEAN_RESULT_PREDICATE  Set  BUILTIN_FUNCTIONS_WITHOUT_SIDEEFFECTS  CONSTRUCTORS_WITHOUT_SIDE_EFFECTS  OBJECT_METHODS_WITHOUT_SIDEEFFECTS  REGEXP_METHODS  STRING_REGEXP_METHODS  defines  emptySet  knownConstants  NumbericResultPredicate  NUMBERIC_RESULT_PREDICATE  boolean  MayBeStringResultPredicate  MAY_BE_STRING_PREDICATE  Node  n  String  JSC_PROPERTY_NAME_FN  childValue  name  namespaceName  rawJsString  s  value  Map  vars  int  c  end  nextSkipSlot  nextSlot  start  type  	projects/Closure80/src/com/google/javascript/jscomp/NodeUtil.java	0.4082482904638631	1264	1264	2	replace	if(n.getType()  ==  Token.FUNCTION  &&  n.getType()!=  Token.NAME)  {  return  false;  }	  if(n.getType()    ==    Token.FUNCTION    ||    n.getType()!=    Token.NAME)    {    return    false;    }    	non-compiled	[CE]  	42	None	replace
351	[BUG]  [BUGGY]  ||  n.getType()  >=  Token.NAME)  {  return  false;  }  [CE]  [FE]                      IllegalStateException      [CONTEXT]      case  Token.LE:  case  Token.GE:  case  Token.IN:  case  Token.INSTANCEOF:  case  Token.NOT:  return  true;  default:      [BUGGY]  ||  n.getType()  >=  Token.NAME)  {  return  false;  }  [BUGGY]      }  }  [CLASS]  NodeUtil  NumbericResultPredicate  BooleanResultPredicate  MayBeStringResultPredicate  VarCollector  MatchNameNode  MatchNodeType  MatchDeclaration  MatchNotFunction  MatchShallowStatement  [METHOD]  isBooleanResultHelper  [RETURN_TYPE]  boolean  Node  n  [VARIABLES]  BooleanResultPredicate  BOOLEAN_RESULT_PREDICATE  Set  BUILTIN_FUNCTIONS_WITHOUT_SIDEEFFECTS  CONSTRUCTORS_WITHOUT_SIDE_EFFECTS  OBJECT_METHODS_WITHOUT_SIDEEFFECTS  REGEXP_METHODS  STRING_REGEXP_METHODS  defines  emptySet  knownConstants  NumbericResultPredicate  NUMBERIC_RESULT_PREDICATE  boolean  MayBeStringResultPredicate  MAY_BE_STRING_PREDICATE  Node  n  String  JSC_PROPERTY_NAME_FN  childValue  name  namespaceName  rawJsString  s  value  Map  vars  int  c  end  nextSkipSlot  nextSlot  start  type  	projects/Closure80/src/com/google/javascript/jscomp/NodeUtil.java	0.4082482904638631	1264	1264	2	replace	||  n.getType()  >=  Token.NAME)  {  return  false;  }	  ||    n.getType()    ==    Token.NAME)    {    return    false;    }    	non-compiled	[CE]  	67	None	replace
352	[BUG]  [BUGGY]  |  n.getType()  ==  Token.NAME)  {  return  false;  }  [CE]  [FE]                        IllegalStateException      [CONTEXT]      case  Token.LE:  case  Token.GE:  case  Token.IN:  case  Token.INSTANCEOF:  case  Token.NOT:  return  true;  default:      [BUGGY]  |  n.getType()  ==  Token.NAME)  {  return  false;  }  [BUGGY]      }  }  [CLASS]  NodeUtil  NumbericResultPredicate  BooleanResultPredicate  MayBeStringResultPredicate  VarCollector  MatchNameNode  MatchNodeType  MatchDeclaration  MatchNotFunction  MatchShallowStatement  [METHOD]  isBooleanResultHelper  [RETURN_TYPE]  boolean  Node  n  [VARIABLES]  BooleanResultPredicate  BOOLEAN_RESULT_PREDICATE  Set  BUILTIN_FUNCTIONS_WITHOUT_SIDEEFFECTS  CONSTRUCTORS_WITHOUT_SIDE_EFFECTS  OBJECT_METHODS_WITHOUT_SIDEEFFECTS  REGEXP_METHODS  STRING_REGEXP_METHODS  defines  emptySet  knownConstants  NumbericResultPredicate  NUMBERIC_RESULT_PREDICATE  boolean  MayBeStringResultPredicate  MAY_BE_STRING_PREDICATE  Node  n  String  JSC_PROPERTY_NAME_FN  childValue  name  namespaceName  rawJsString  s  value  Map  vars  int  c  end  nextSkipSlot  nextSlot  start  type  	projects/Closure80/src/com/google/javascript/jscomp/NodeUtil.java	0.4082482904638631	1264	1264	2	replace	|  n.getType()  ==  Token.NAME)  {  return  false;  }	  ||    n.getType()    ==    Token.NAME)    {    return    false;    }    	non-compiled	[CE]  	67	None	replace
353	[BUG]  [BUGGY]  ||(n.getType()  ==  Token.NAME)&&!NodeUtil.isFunctionDeclaration(n))  {  return  false;  }  [CE]  [FE]                          IllegalStateException      [CONTEXT]      case  Token.LE:  case  Token.GE:  case  Token.IN:  case  Token.INSTANCEOF:  case  Token.NOT:  return  true;  default:      [BUGGY]  ||(n.getType()  ==  Token.NAME)&&!NodeUtil.isFunctionDeclaration(n))  {  return  false;  }  [BUGGY]      }  }  [CLASS]  NodeUtil  NumbericResultPredicate  BooleanResultPredicate  MayBeStringResultPredicate  VarCollector  MatchNameNode  MatchNodeType  MatchDeclaration  MatchNotFunction  MatchShallowStatement  [METHOD]  isBooleanResultHelper  [RETURN_TYPE]  boolean  Node  n  [VARIABLES]  BooleanResultPredicate  BOOLEAN_RESULT_PREDICATE  Set  BUILTIN_FUNCTIONS_WITHOUT_SIDEEFFECTS  CONSTRUCTORS_WITHOUT_SIDE_EFFECTS  OBJECT_METHODS_WITHOUT_SIDEEFFECTS  REGEXP_METHODS  STRING_REGEXP_METHODS  defines  emptySet  knownConstants  NumbericResultPredicate  NUMBERIC_RESULT_PREDICATE  boolean  MayBeStringResultPredicate  MAY_BE_STRING_PREDICATE  Node  n  String  JSC_PROPERTY_NAME_FN  childValue  name  namespaceName  rawJsString  s  value  Map  vars  int  c  end  nextSkipSlot  nextSlot  start  type  	projects/Closure80/src/com/google/javascript/jscomp/NodeUtil.java	0.4082482904638631	1264	1264	2	replace	||(n.getType()  ==  Token.NAME)&&!NodeUtil.isFunctionDeclaration(n))  {  return  false;  }	  ||    n.getType()    ==    Token.NAME)    {    return    false;    }    	non-compiled	[CE]  	67	None	replace
354	[BUG]  [BUGGY]  n.setType(Token.FUNCTION  ||  n.getType()!=  Token.GETPROP)  {  return  false;  }  [CE]  [FE]                      IllegalStateException      [CONTEXT]      case  Token.LE:  case  Token.GE:  case  Token.IN:  case  Token.INSTANCEOF:  case  Token.NOT:  return  true;  default:      [BUGGY]  n.setType(Token.FUNCTION  ||  n.getType()!=  Token.GETPROP)  {  return  false;  }  [BUGGY]      }  }  [CLASS]  NodeUtil  NumbericResultPredicate  BooleanResultPredicate  MayBeStringResultPredicate  VarCollector  MatchNameNode  MatchNodeType  MatchDeclaration  MatchNotFunction  MatchShallowStatement  [METHOD]  isBooleanResultHelper  [RETURN_TYPE]  boolean  Node  n  [VARIABLES]  BooleanResultPredicate  BOOLEAN_RESULT_PREDICATE  Set  BUILTIN_FUNCTIONS_WITHOUT_SIDEEFFECTS  CONSTRUCTORS_WITHOUT_SIDE_EFFECTS  OBJECT_METHODS_WITHOUT_SIDEEFFECTS  REGEXP_METHODS  STRING_REGEXP_METHODS  defines  emptySet  knownConstants  NumbericResultPredicate  NUMBERIC_RESULT_PREDICATE  boolean  MayBeStringResultPredicate  MAY_BE_STRING_PREDICATE  Node  n  String  JSC_PROPERTY_NAME_FN  childValue  name  namespaceName  rawJsString  s  value  Map  vars  int  c  end  nextSkipSlot  nextSlot  start  type  	projects/Closure80/src/com/google/javascript/jscomp/NodeUtil.java	0.4082482904638631	1264	1264	2	replace	n.setType(Token.FUNCTION  ||  n.getType()!=  Token.GETPROP)  {  return  false;  }	  if(n.getType()    ==    Token.FUNCTION    ||    n.getType()!=    Token.GETPROP)    {    return    false;    }    	non-compiled	[CE]  	44	None	replace
355	[BUG]  [BUGGY]  n.getType()  ==  Token.FUNCTION  ||  n.getType()!=  Token.GETPROP)  {  return  false;  }  [CE]  [FE]                        IllegalStateException      [CONTEXT]      case  Token.LE:  case  Token.GE:  case  Token.IN:  case  Token.INSTANCEOF:  case  Token.NOT:  return  true;  default:      [BUGGY]  n.getType()  ==  Token.FUNCTION  ||  n.getType()!=  Token.GETPROP)  {  return  false;  }  [BUGGY]      }  }  [CLASS]  NodeUtil  NumbericResultPredicate  BooleanResultPredicate  MayBeStringResultPredicate  VarCollector  MatchNameNode  MatchNodeType  MatchDeclaration  MatchNotFunction  MatchShallowStatement  [METHOD]  isBooleanResultHelper  [RETURN_TYPE]  boolean  Node  n  [VARIABLES]  BooleanResultPredicate  BOOLEAN_RESULT_PREDICATE  Set  BUILTIN_FUNCTIONS_WITHOUT_SIDEEFFECTS  CONSTRUCTORS_WITHOUT_SIDE_EFFECTS  OBJECT_METHODS_WITHOUT_SIDEEFFECTS  REGEXP_METHODS  STRING_REGEXP_METHODS  defines  emptySet  knownConstants  NumbericResultPredicate  NUMBERIC_RESULT_PREDICATE  boolean  MayBeStringResultPredicate  MAY_BE_STRING_PREDICATE  Node  n  String  JSC_PROPERTY_NAME_FN  childValue  name  namespaceName  rawJsString  s  value  Map  vars  int  c  end  nextSkipSlot  nextSlot  start  type  	projects/Closure80/src/com/google/javascript/jscomp/NodeUtil.java	0.4082482904638631	1264	1264	2	replace	n.getType()  ==  Token.FUNCTION  ||  n.getType()!=  Token.GETPROP)  {  return  false;  }	  if(n.getType()    ==    Token.FUNCTION    ||    n.getType()!=    Token.GETPROP)    {    return    false;    }    	non-compiled	[CE]  	44	None	replace
356	[BUG]  [BUGGY]  if(n.getType()  ==  Token.GETPROP  ||  n.getType()!=  Token.FUNCTION)  {  return  false;  }  [CE]  [FE]                          IllegalStateException      [CONTEXT]      case  Token.LE:  case  Token.GE:  case  Token.IN:  case  Token.INSTANCEOF:  case  Token.NOT:  return  true;  default:      [BUGGY]  if(n.getType()  ==  Token.GETPROP  ||  n.getType()!=  Token.FUNCTION)  {  return  false;  }  [BUGGY]      }  }  [CLASS]  NodeUtil  NumbericResultPredicate  BooleanResultPredicate  MayBeStringResultPredicate  VarCollector  MatchNameNode  MatchNodeType  MatchDeclaration  MatchNotFunction  MatchShallowStatement  [METHOD]  isBooleanResultHelper  [RETURN_TYPE]  boolean  Node  n  [VARIABLES]  BooleanResultPredicate  BOOLEAN_RESULT_PREDICATE  Set  BUILTIN_FUNCTIONS_WITHOUT_SIDEEFFECTS  CONSTRUCTORS_WITHOUT_SIDE_EFFECTS  OBJECT_METHODS_WITHOUT_SIDEEFFECTS  REGEXP_METHODS  STRING_REGEXP_METHODS  defines  emptySet  knownConstants  NumbericResultPredicate  NUMBERIC_RESULT_PREDICATE  boolean  MayBeStringResultPredicate  MAY_BE_STRING_PREDICATE  Node  n  String  JSC_PROPERTY_NAME_FN  childValue  name  namespaceName  rawJsString  s  value  Map  vars  int  c  end  nextSkipSlot  nextSlot  start  type  	projects/Closure80/src/com/google/javascript/jscomp/NodeUtil.java	0.4082482904638631	1264	1264	2	replace	if(n.getType()  ==  Token.GETPROP  ||  n.getType()!=  Token.FUNCTION)  {  return  false;  }	  if(n.getType()    ==    Token.FUNCTION    ||    n.getType()!=    Token.GETPROP)    {    return    false;    }    	non-compiled	[CE]  	44	None	replace
357	[BUG]  [BUGGY]  if(n.getType()!=  Token.FUNCTION  ||  n.getType()!=  Token.GETPROP)  {  return  false;  }  [CE]  [FE]                            IllegalStateException      [CONTEXT]      case  Token.LE:  case  Token.GE:  case  Token.IN:  case  Token.INSTANCEOF:  case  Token.NOT:  return  true;  default:      [BUGGY]  if(n.getType()!=  Token.FUNCTION  ||  n.getType()!=  Token.GETPROP)  {  return  false;  }  [BUGGY]      }  }  [CLASS]  NodeUtil  NumbericResultPredicate  BooleanResultPredicate  MayBeStringResultPredicate  VarCollector  MatchNameNode  MatchNodeType  MatchDeclaration  MatchNotFunction  MatchShallowStatement  [METHOD]  isBooleanResultHelper  [RETURN_TYPE]  boolean  Node  n  [VARIABLES]  BooleanResultPredicate  BOOLEAN_RESULT_PREDICATE  Set  BUILTIN_FUNCTIONS_WITHOUT_SIDEEFFECTS  CONSTRUCTORS_WITHOUT_SIDE_EFFECTS  OBJECT_METHODS_WITHOUT_SIDEEFFECTS  REGEXP_METHODS  STRING_REGEXP_METHODS  defines  emptySet  knownConstants  NumbericResultPredicate  NUMBERIC_RESULT_PREDICATE  boolean  MayBeStringResultPredicate  MAY_BE_STRING_PREDICATE  Node  n  String  JSC_PROPERTY_NAME_FN  childValue  name  namespaceName  rawJsString  s  value  Map  vars  int  c  end  nextSkipSlot  nextSlot  start  type  	projects/Closure80/src/com/google/javascript/jscomp/NodeUtil.java	0.4082482904638631	1264	1264	2	replace	if(n.getType()!=  Token.FUNCTION  ||  n.getType()!=  Token.GETPROP)  {  return  false;  }	  if(n.getType()    ==    Token.FUNCTION    ||    n.getType()!=    Token.GETPROP)    {    return    false;    }    	non-compiled	[CE]  	44	None	replace
358	[BUG]  [BUGGY]  if(n.getType()!=  Token.FUNCTION  ||  n.getType()  ==  Token.GETPROP)  {  return  false;  }  [CE]  [FE]                              IllegalStateException      [CONTEXT]      case  Token.LE:  case  Token.GE:  case  Token.IN:  case  Token.INSTANCEOF:  case  Token.NOT:  return  true;  default:      [BUGGY]  if(n.getType()!=  Token.FUNCTION  ||  n.getType()  ==  Token.GETPROP)  {  return  false;  }  [BUGGY]      }  }  [CLASS]  NodeUtil  NumbericResultPredicate  BooleanResultPredicate  MayBeStringResultPredicate  VarCollector  MatchNameNode  MatchNodeType  MatchDeclaration  MatchNotFunction  MatchShallowStatement  [METHOD]  isBooleanResultHelper  [RETURN_TYPE]  boolean  Node  n  [VARIABLES]  BooleanResultPredicate  BOOLEAN_RESULT_PREDICATE  Set  BUILTIN_FUNCTIONS_WITHOUT_SIDEEFFECTS  CONSTRUCTORS_WITHOUT_SIDE_EFFECTS  OBJECT_METHODS_WITHOUT_SIDEEFFECTS  REGEXP_METHODS  STRING_REGEXP_METHODS  defines  emptySet  knownConstants  NumbericResultPredicate  NUMBERIC_RESULT_PREDICATE  boolean  MayBeStringResultPredicate  MAY_BE_STRING_PREDICATE  Node  n  String  JSC_PROPERTY_NAME_FN  childValue  name  namespaceName  rawJsString  s  value  Map  vars  int  c  end  nextSkipSlot  nextSlot  start  type  	projects/Closure80/src/com/google/javascript/jscomp/NodeUtil.java	0.4082482904638631	1264	1264	2	replace	if(n.getType()!=  Token.FUNCTION  ||  n.getType()  ==  Token.GETPROP)  {  return  false;  }	  if(n.getType()    ==    Token.FUNCTION    ||    n.getType()!=    Token.GETPROP)    {    return    false;    }    	non-compiled	[CE]  	44	None	replace
359	[BUG]  [BUGGY]  return(n.getType()!=  Token.FUNCTION)?  BooleanResultPredicate.TRUE  :  BooleanResultPredicate.FALSE;  [CE]  [FE]            IllegalStateException      [CONTEXT]      case  Token.LE:  case  Token.GE:  case  Token.IN:  case  Token.INSTANCEOF:  case  Token.NOT:  return  true;  default:      [BUGGY]  return(n.getType()!=  Token.FUNCTION)?  BooleanResultPredicate.TRUE  :  BooleanResultPredicate.FALSE;  [BUGGY]      }  }  [CLASS]  NodeUtil  NumbericResultPredicate  BooleanResultPredicate  MayBeStringResultPredicate  VarCollector  MatchNameNode  MatchNodeType  MatchDeclaration  MatchNotFunction  MatchShallowStatement  [METHOD]  isBooleanResultHelper  [RETURN_TYPE]  boolean  Node  n  [VARIABLES]  BooleanResultPredicate  BOOLEAN_RESULT_PREDICATE  Set  BUILTIN_FUNCTIONS_WITHOUT_SIDEEFFECTS  CONSTRUCTORS_WITHOUT_SIDE_EFFECTS  OBJECT_METHODS_WITHOUT_SIDEEFFECTS  REGEXP_METHODS  STRING_REGEXP_METHODS  defines  emptySet  knownConstants  NumbericResultPredicate  NUMBERIC_RESULT_PREDICATE  boolean  MayBeStringResultPredicate  MAY_BE_STRING_PREDICATE  Node  n  String  JSC_PROPERTY_NAME_FN  childValue  name  namespaceName  rawJsString  s  value  Map  vars  int  c  end  nextSkipSlot  nextSlot  start  type  	projects/Closure80/src/com/google/javascript/jscomp/NodeUtil.java	0.4082482904638631	1264	1264	2	replace	return(n.getType()!=  Token.FUNCTION)?  BooleanResultPredicate.TRUE  :  BooleanResultPredicate.FALSE;	  return(n.getType()    ==    Token.FUNCTION)?    BooleanResultPredicate.TRUE    :    BooleanResultPredicate.FALSE;    	non-compiled	[CE]  	80	None	replace
360	[BUG]  [BUGGY]  return(n.getType()  ==  Token.FUNCTION)?  BooleanResultPredicate.TRUE  :  BooleanResultPredicate.FIELD;  [CE]  [FE]              IllegalStateException      [CONTEXT]      case  Token.LE:  case  Token.GE:  case  Token.IN:  case  Token.INSTANCEOF:  case  Token.NOT:  return  true;  default:      [BUGGY]  return(n.getType()  ==  Token.FUNCTION)?  BooleanResultPredicate.TRUE  :  BooleanResultPredicate.FIELD;  [BUGGY]      }  }  [CLASS]  NodeUtil  NumbericResultPredicate  BooleanResultPredicate  MayBeStringResultPredicate  VarCollector  MatchNameNode  MatchNodeType  MatchDeclaration  MatchNotFunction  MatchShallowStatement  [METHOD]  isBooleanResultHelper  [RETURN_TYPE]  boolean  Node  n  [VARIABLES]  BooleanResultPredicate  BOOLEAN_RESULT_PREDICATE  Set  BUILTIN_FUNCTIONS_WITHOUT_SIDEEFFECTS  CONSTRUCTORS_WITHOUT_SIDE_EFFECTS  OBJECT_METHODS_WITHOUT_SIDEEFFECTS  REGEXP_METHODS  STRING_REGEXP_METHODS  defines  emptySet  knownConstants  NumbericResultPredicate  NUMBERIC_RESULT_PREDICATE  boolean  MayBeStringResultPredicate  MAY_BE_STRING_PREDICATE  Node  n  String  JSC_PROPERTY_NAME_FN  childValue  name  namespaceName  rawJsString  s  value  Map  vars  int  c  end  nextSkipSlot  nextSlot  start  type  	projects/Closure80/src/com/google/javascript/jscomp/NodeUtil.java	0.4082482904638631	1264	1264	2	replace	return(n.getType()  ==  Token.FUNCTION)?  BooleanResultPredicate.TRUE  :  BooleanResultPredicate.FIELD;	  return(n.getType()    ==    Token.FUNCTION)?    BooleanResultPredicate.TRUE    :    BooleanResultPredicate.FALSE;    	non-compiled	[CE]  	80	None	replace
361	[BUG]  [BUGGY]  Preconditions.checkState(n.getType()  ==  Token.NAME);  return  true;  [CE]  [FE]                            IllegalStateException      [CONTEXT]      case  Token.LE:  case  Token.GE:  case  Token.IN:  case  Token.INSTANCEOF:  case  Token.NOT:  return  true;  default:      [BUGGY]  Preconditions.checkState(n.getType()  ==  Token.NAME);  return  true;  [BUGGY]      }  }  [CLASS]  NodeUtil  NumbericResultPredicate  BooleanResultPredicate  MayBeStringResultPredicate  VarCollector  MatchNameNode  MatchNodeType  MatchDeclaration  MatchNotFunction  MatchShallowStatement  [METHOD]  isBooleanResultHelper  [RETURN_TYPE]  boolean  Node  n  [VARIABLES]  BooleanResultPredicate  BOOLEAN_RESULT_PREDICATE  Set  BUILTIN_FUNCTIONS_WITHOUT_SIDEEFFECTS  CONSTRUCTORS_WITHOUT_SIDE_EFFECTS  OBJECT_METHODS_WITHOUT_SIDEEFFECTS  REGEXP_METHODS  STRING_REGEXP_METHODS  defines  emptySet  knownConstants  NumbericResultPredicate  NUMBERIC_RESULT_PREDICATE  boolean  MayBeStringResultPredicate  MAY_BE_STRING_PREDICATE  Node  n  String  JSC_PROPERTY_NAME_FN  childValue  name  namespaceName  rawJsString  s  value  Map  vars  int  c  end  nextSkipSlot  nextSlot  start  type  	projects/Closure80/src/com/google/javascript/jscomp/NodeUtil.java	0.4082482904638631	1264	1264	2	replace	Preconditions.checkState(n.getType()  ==  Token.NAME);  return  true;	  Preconditions.checkState(n.getType()    ==    Token.NAME);    return    false;    	non-compiled	[CE]  	96	None	replace
362	[BUG]  [BUGGY]  Preconditions.checkState(n.getType()  ==  Token.NAME,  n.getString());  return  false;  [CE]  [FE]                              IllegalStateException      [CONTEXT]      case  Token.LE:  case  Token.GE:  case  Token.IN:  case  Token.INSTANCEOF:  case  Token.NOT:  return  true;  default:      [BUGGY]  Preconditions.checkState(n.getType()  ==  Token.NAME,  n.getString());  return  false;  [BUGGY]      }  }  [CLASS]  NodeUtil  NumbericResultPredicate  BooleanResultPredicate  MayBeStringResultPredicate  VarCollector  MatchNameNode  MatchNodeType  MatchDeclaration  MatchNotFunction  MatchShallowStatement  [METHOD]  isBooleanResultHelper  [RETURN_TYPE]  boolean  Node  n  [VARIABLES]  BooleanResultPredicate  BOOLEAN_RESULT_PREDICATE  Set  BUILTIN_FUNCTIONS_WITHOUT_SIDEEFFECTS  CONSTRUCTORS_WITHOUT_SIDE_EFFECTS  OBJECT_METHODS_WITHOUT_SIDEEFFECTS  REGEXP_METHODS  STRING_REGEXP_METHODS  defines  emptySet  knownConstants  NumbericResultPredicate  NUMBERIC_RESULT_PREDICATE  boolean  MayBeStringResultPredicate  MAY_BE_STRING_PREDICATE  Node  n  String  JSC_PROPERTY_NAME_FN  childValue  name  namespaceName  rawJsString  s  value  Map  vars  int  c  end  nextSkipSlot  nextSlot  start  type  	projects/Closure80/src/com/google/javascript/jscomp/NodeUtil.java	0.4082482904638631	1264	1264	2	replace	Preconditions.checkState(n.getType()  ==  Token.NAME,  n.getString());  return  false;	  Preconditions.checkState(n.getType()    ==    Token.NAME);    return    false;    	non-compiled	[CE]  	96	None	replace
363	[BUG]  [BUGGY]  Preconditions.checkState(n.getType()!=  Token.NAME);  return  true;  [CE]  [FE]                                IllegalStateException      [CONTEXT]      case  Token.LE:  case  Token.GE:  case  Token.IN:  case  Token.INSTANCEOF:  case  Token.NOT:  return  true;  default:      [BUGGY]  Preconditions.checkState(n.getType()!=  Token.NAME);  return  true;  [BUGGY]      }  }  [CLASS]  NodeUtil  NumbericResultPredicate  BooleanResultPredicate  MayBeStringResultPredicate  VarCollector  MatchNameNode  MatchNodeType  MatchDeclaration  MatchNotFunction  MatchShallowStatement  [METHOD]  isBooleanResultHelper  [RETURN_TYPE]  boolean  Node  n  [VARIABLES]  BooleanResultPredicate  BOOLEAN_RESULT_PREDICATE  Set  BUILTIN_FUNCTIONS_WITHOUT_SIDEEFFECTS  CONSTRUCTORS_WITHOUT_SIDE_EFFECTS  OBJECT_METHODS_WITHOUT_SIDEEFFECTS  REGEXP_METHODS  STRING_REGEXP_METHODS  defines  emptySet  knownConstants  NumbericResultPredicate  NUMBERIC_RESULT_PREDICATE  boolean  MayBeStringResultPredicate  MAY_BE_STRING_PREDICATE  Node  n  String  JSC_PROPERTY_NAME_FN  childValue  name  namespaceName  rawJsString  s  value  Map  vars  int  c  end  nextSkipSlot  nextSlot  start  type  	projects/Closure80/src/com/google/javascript/jscomp/NodeUtil.java	0.4082482904638631	1264	1264	2	replace	Preconditions.checkState(n.getType()!=  Token.NAME);  return  true;	  Preconditions.checkState(n.getType()    ==    Token.NAME);    return    false;    	non-compiled	[CE]  	96	None	replace
364	[BUG]  [BUGGY]  Preconditions.checkState(n.getType()  ==  Token.NAME,  JSC_PROPERTY_NAME_FN);  return  false;  [CE]  [FE]                                  IllegalStateException      [CONTEXT]      case  Token.LE:  case  Token.GE:  case  Token.IN:  case  Token.INSTANCEOF:  case  Token.NOT:  return  true;  default:      [BUGGY]  Preconditions.checkState(n.getType()  ==  Token.NAME,  JSC_PROPERTY_NAME_FN);  return  false;  [BUGGY]      }  }  [CLASS]  NodeUtil  NumbericResultPredicate  BooleanResultPredicate  MayBeStringResultPredicate  VarCollector  MatchNameNode  MatchNodeType  MatchDeclaration  MatchNotFunction  MatchShallowStatement  [METHOD]  isBooleanResultHelper  [RETURN_TYPE]  boolean  Node  n  [VARIABLES]  BooleanResultPredicate  BOOLEAN_RESULT_PREDICATE  Set  BUILTIN_FUNCTIONS_WITHOUT_SIDEEFFECTS  CONSTRUCTORS_WITHOUT_SIDE_EFFECTS  OBJECT_METHODS_WITHOUT_SIDEEFFECTS  REGEXP_METHODS  STRING_REGEXP_METHODS  defines  emptySet  knownConstants  NumbericResultPredicate  NUMBERIC_RESULT_PREDICATE  boolean  MayBeStringResultPredicate  MAY_BE_STRING_PREDICATE  Node  n  String  JSC_PROPERTY_NAME_FN  childValue  name  namespaceName  rawJsString  s  value  Map  vars  int  c  end  nextSkipSlot  nextSlot  start  type  	projects/Closure80/src/com/google/javascript/jscomp/NodeUtil.java	0.4082482904638631	1264	1264	2	replace	Preconditions.checkState(n.getType()  ==  Token.NAME,  JSC_PROPERTY_NAME_FN);  return  false;	  Preconditions.checkState(n.getType()    ==    Token.NAME);    return    false;    	non-compiled	[CE]  	96	None	replace
365	[BUG]  [BUGGY]  Preconditions.checkState(n.getType()  ==  Token.NAME,  JSC_PROPERTY_NAME);  return  false;  [CE]  [FE]                                    IllegalStateException      [CONTEXT]      case  Token.LE:  case  Token.GE:  case  Token.IN:  case  Token.INSTANCEOF:  case  Token.NOT:  return  true;  default:      [BUGGY]  Preconditions.checkState(n.getType()  ==  Token.NAME,  JSC_PROPERTY_NAME);  return  false;  [BUGGY]      }  }  [CLASS]  NodeUtil  NumbericResultPredicate  BooleanResultPredicate  MayBeStringResultPredicate  VarCollector  MatchNameNode  MatchNodeType  MatchDeclaration  MatchNotFunction  MatchShallowStatement  [METHOD]  isBooleanResultHelper  [RETURN_TYPE]  boolean  Node  n  [VARIABLES]  BooleanResultPredicate  BOOLEAN_RESULT_PREDICATE  Set  BUILTIN_FUNCTIONS_WITHOUT_SIDEEFFECTS  CONSTRUCTORS_WITHOUT_SIDE_EFFECTS  OBJECT_METHODS_WITHOUT_SIDEEFFECTS  REGEXP_METHODS  STRING_REGEXP_METHODS  defines  emptySet  knownConstants  NumbericResultPredicate  NUMBERIC_RESULT_PREDICATE  boolean  MayBeStringResultPredicate  MAY_BE_STRING_PREDICATE  Node  n  String  JSC_PROPERTY_NAME_FN  childValue  name  namespaceName  rawJsString  s  value  Map  vars  int  c  end  nextSkipSlot  nextSlot  start  type  	projects/Closure80/src/com/google/javascript/jscomp/NodeUtil.java	0.4082482904638631	1264	1264	2	replace	Preconditions.checkState(n.getType()  ==  Token.NAME,  JSC_PROPERTY_NAME);  return  false;	  Preconditions.checkState(n.getType()    ==    Token.NAME);    return    false;    	non-compiled	[CE]  	96	None	replace
366	[BUG]  [BUGGY]  Preconditions.checkState(n.getType()  ==  Token.NAME,  n.getFirstChild());  return  false;  [CE]  [FE]                                      IllegalStateException      [CONTEXT]      case  Token.LE:  case  Token.GE:  case  Token.IN:  case  Token.INSTANCEOF:  case  Token.NOT:  return  true;  default:      [BUGGY]  Preconditions.checkState(n.getType()  ==  Token.NAME,  n.getFirstChild());  return  false;  [BUGGY]      }  }  [CLASS]  NodeUtil  NumbericResultPredicate  BooleanResultPredicate  MayBeStringResultPredicate  VarCollector  MatchNameNode  MatchNodeType  MatchDeclaration  MatchNotFunction  MatchShallowStatement  [METHOD]  isBooleanResultHelper  [RETURN_TYPE]  boolean  Node  n  [VARIABLES]  BooleanResultPredicate  BOOLEAN_RESULT_PREDICATE  Set  BUILTIN_FUNCTIONS_WITHOUT_SIDEEFFECTS  CONSTRUCTORS_WITHOUT_SIDE_EFFECTS  OBJECT_METHODS_WITHOUT_SIDEEFFECTS  REGEXP_METHODS  STRING_REGEXP_METHODS  defines  emptySet  knownConstants  NumbericResultPredicate  NUMBERIC_RESULT_PREDICATE  boolean  MayBeStringResultPredicate  MAY_BE_STRING_PREDICATE  Node  n  String  JSC_PROPERTY_NAME_FN  childValue  name  namespaceName  rawJsString  s  value  Map  vars  int  c  end  nextSkipSlot  nextSlot  start  type  	projects/Closure80/src/com/google/javascript/jscomp/NodeUtil.java	0.4082482904638631	1264	1264	2	replace	Preconditions.checkState(n.getType()  ==  Token.NAME,  n.getFirstChild());  return  false;	  Preconditions.checkState(n.getType()    ==    Token.NAME);    return    false;    	non-compiled	[CE]  	96	None	replace
367	[BUG]  [BUGGY]  n.setString(JSC_PROPERTY_NAME_FN,  JSC_PROPERTY_NAME_FN);  return  true;  [CE]  [FE]                          IllegalStateException      [CONTEXT]      case  Token.LE:  case  Token.GE:  case  Token.IN:  case  Token.INSTANCEOF:  case  Token.NOT:  return  true;  default:      [BUGGY]  n.setString(JSC_PROPERTY_NAME_FN,  JSC_PROPERTY_NAME_FN);  return  true;  [BUGGY]      }  }  [CLASS]  NodeUtil  NumbericResultPredicate  BooleanResultPredicate  MayBeStringResultPredicate  VarCollector  MatchNameNode  MatchNodeType  MatchDeclaration  MatchNotFunction  MatchShallowStatement  [METHOD]  isBooleanResultHelper  [RETURN_TYPE]  boolean  Node  n  [VARIABLES]  BooleanResultPredicate  BOOLEAN_RESULT_PREDICATE  Set  BUILTIN_FUNCTIONS_WITHOUT_SIDEEFFECTS  CONSTRUCTORS_WITHOUT_SIDE_EFFECTS  OBJECT_METHODS_WITHOUT_SIDEEFFECTS  REGEXP_METHODS  STRING_REGEXP_METHODS  defines  emptySet  knownConstants  NumbericResultPredicate  NUMBERIC_RESULT_PREDICATE  boolean  MayBeStringResultPredicate  MAY_BE_STRING_PREDICATE  Node  n  String  JSC_PROPERTY_NAME_FN  childValue  name  namespaceName  rawJsString  s  value  Map  vars  int  c  end  nextSkipSlot  nextSlot  start  type  	projects/Closure80/src/com/google/javascript/jscomp/NodeUtil.java	0.4082482904638631	1264	1264	2	replace	n.setString(JSC_PROPERTY_NAME_FN,  JSC_PROPERTY_NAME_FN);  return  true;	  n.setString(JSC_PROPERTY_NAME_FN);    return    false;    	non-compiled	[CE]  	68	None	replace
368	[BUG]  [BUGGY]  n.setString(JSC_PROPERTY_NAME_FN  +  1);  return  false;  [CE]  [FE]                            IllegalStateException      [CONTEXT]      case  Token.LE:  case  Token.GE:  case  Token.IN:  case  Token.INSTANCEOF:  case  Token.NOT:  return  true;  default:      [BUGGY]  n.setString(JSC_PROPERTY_NAME_FN  +  1);  return  false;  [BUGGY]      }  }  [CLASS]  NodeUtil  NumbericResultPredicate  BooleanResultPredicate  MayBeStringResultPredicate  VarCollector  MatchNameNode  MatchNodeType  MatchDeclaration  MatchNotFunction  MatchShallowStatement  [METHOD]  isBooleanResultHelper  [RETURN_TYPE]  boolean  Node  n  [VARIABLES]  BooleanResultPredicate  BOOLEAN_RESULT_PREDICATE  Set  BUILTIN_FUNCTIONS_WITHOUT_SIDEEFFECTS  CONSTRUCTORS_WITHOUT_SIDE_EFFECTS  OBJECT_METHODS_WITHOUT_SIDEEFFECTS  REGEXP_METHODS  STRING_REGEXP_METHODS  defines  emptySet  knownConstants  NumbericResultPredicate  NUMBERIC_RESULT_PREDICATE  boolean  MayBeStringResultPredicate  MAY_BE_STRING_PREDICATE  Node  n  String  JSC_PROPERTY_NAME_FN  childValue  name  namespaceName  rawJsString  s  value  Map  vars  int  c  end  nextSkipSlot  nextSlot  start  type  	projects/Closure80/src/com/google/javascript/jscomp/NodeUtil.java	0.4082482904638631	1264	1264	2	replace	n.setString(JSC_PROPERTY_NAME_FN  +  1);  return  false;	  n.setString(JSC_PROPERTY_NAME_FN);    return    false;    	non-compiled	[CE]  	68	None	replace
369	[BUG]  [BUGGY]  Node  c  =  n.getFirstChild();  c!=  null;  c  =  c.getNext())  {  String  name  =  c.getString();  if(name.equals( " "))  {  return  false;  }  [CE]  [FE]                                    IllegalStateException      [CONTEXT]      case  Token.LE:  case  Token.GE:  case  Token.IN:  case  Token.INSTANCEOF:  case  Token.NOT:  return  true;  default:      [BUGGY]  Node  c  =  n.getFirstChild();  c!=  null;  c  =  c.getNext())  {  String  name  =  c.getString();  if(name.equals( " "))  {  return  false;  }  [BUGGY]      }  }  [CLASS]  NodeUtil  NumbericResultPredicate  BooleanResultPredicate  MayBeStringResultPredicate  VarCollector  MatchNameNode  MatchNodeType  MatchDeclaration  MatchNotFunction  MatchShallowStatement  [METHOD]  isBooleanResultHelper  [RETURN_TYPE]  boolean  Node  n  [VARIABLES]  BooleanResultPredicate  BOOLEAN_RESULT_PREDICATE  Set  BUILTIN_FUNCTIONS_WITHOUT_SIDEEFFECTS  CONSTRUCTORS_WITHOUT_SIDE_EFFECTS  OBJECT_METHODS_WITHOUT_SIDEEFFECTS  REGEXP_METHODS  STRING_REGEXP_METHODS  defines  emptySet  knownConstants  NumbericResultPredicate  NUMBERIC_RESULT_PREDICATE  boolean  MayBeStringResultPredicate  MAY_BE_STRING_PREDICATE  Node  n  String  JSC_PROPERTY_NAME_FN  childValue  name  namespaceName  rawJsString  s  value  Map  vars  int  c  end  nextSkipSlot  nextSlot  start  type  	projects/Closure80/src/com/google/javascript/jscomp/NodeUtil.java	0.4082482904638631	1264	1264	2	replace	Node  c  =  n.getFirstChild();  c!=  null;  c  =  c.getNext())  {  String  name  =  c.getString();  if(name.equals( " "))  {  return  false;  }	  for(Node    c    =    n.getFirstChild();    c!=    null;    c    =    c.getNext())    {    String    name    =    c.getString();    if(name.equals(   "   "))    {    return    false;    }    	non-compiled	[CE]  	149	None	replace
370	[BUG]  [BUGGY]  Node  c  =  n.getFirstChild();  c!=  null;  c  =  c.getNext())  {  String  name  =  c.getString();  if(name.equals( ". "))  {  return  false;  }  [CE]  [FE]                                      IllegalStateException      [CONTEXT]      case  Token.LE:  case  Token.GE:  case  Token.IN:  case  Token.INSTANCEOF:  case  Token.NOT:  return  true;  default:      [BUGGY]  Node  c  =  n.getFirstChild();  c!=  null;  c  =  c.getNext())  {  String  name  =  c.getString();  if(name.equals( ". "))  {  return  false;  }  [BUGGY]      }  }  [CLASS]  NodeUtil  NumbericResultPredicate  BooleanResultPredicate  MayBeStringResultPredicate  VarCollector  MatchNameNode  MatchNodeType  MatchDeclaration  MatchNotFunction  MatchShallowStatement  [METHOD]  isBooleanResultHelper  [RETURN_TYPE]  boolean  Node  n  [VARIABLES]  BooleanResultPredicate  BOOLEAN_RESULT_PREDICATE  Set  BUILTIN_FUNCTIONS_WITHOUT_SIDEEFFECTS  CONSTRUCTORS_WITHOUT_SIDE_EFFECTS  OBJECT_METHODS_WITHOUT_SIDEEFFECTS  REGEXP_METHODS  STRING_REGEXP_METHODS  defines  emptySet  knownConstants  NumbericResultPredicate  NUMBERIC_RESULT_PREDICATE  boolean  MayBeStringResultPredicate  MAY_BE_STRING_PREDICATE  Node  n  String  JSC_PROPERTY_NAME_FN  childValue  name  namespaceName  rawJsString  s  value  Map  vars  int  c  end  nextSkipSlot  nextSlot  start  type  	projects/Closure80/src/com/google/javascript/jscomp/NodeUtil.java	0.4082482904638631	1264	1264	2	replace	Node  c  =  n.getFirstChild();  c!=  null;  c  =  c.getNext())  {  String  name  =  c.getString();  if(name.equals( ". "))  {  return  false;  }	  for(Node    c    =    n.getFirstChild();    c!=    null;    c    =    c.getNext())    {    String    name    =    c.getString();    if(name.equals(   "   "))    {    return    false;    }    	non-compiled	[CE]  	149	None	replace
371	[BUG]  [BUGGY]  for(Node  c  =  n.getFirstChild();  c!=  null;  c  =  c.getNext())  {  String  name  =  c.getString();  if(name.equals( ". "))  {  return  false;  }  [CE]  [FE]                                        IllegalStateException      [CONTEXT]      case  Token.LE:  case  Token.GE:  case  Token.IN:  case  Token.INSTANCEOF:  case  Token.NOT:  return  true;  default:      [BUGGY]  for(Node  c  =  n.getFirstChild();  c!=  null;  c  =  c.getNext())  {  String  name  =  c.getString();  if(name.equals( ". "))  {  return  false;  }  [BUGGY]      }  }  [CLASS]  NodeUtil  NumbericResultPredicate  BooleanResultPredicate  MayBeStringResultPredicate  VarCollector  MatchNameNode  MatchNodeType  MatchDeclaration  MatchNotFunction  MatchShallowStatement  [METHOD]  isBooleanResultHelper  [RETURN_TYPE]  boolean  Node  n  [VARIABLES]  BooleanResultPredicate  BOOLEAN_RESULT_PREDICATE  Set  BUILTIN_FUNCTIONS_WITHOUT_SIDEEFFECTS  CONSTRUCTORS_WITHOUT_SIDE_EFFECTS  OBJECT_METHODS_WITHOUT_SIDEEFFECTS  REGEXP_METHODS  STRING_REGEXP_METHODS  defines  emptySet  knownConstants  NumbericResultPredicate  NUMBERIC_RESULT_PREDICATE  boolean  MayBeStringResultPredicate  MAY_BE_STRING_PREDICATE  Node  n  String  JSC_PROPERTY_NAME_FN  childValue  name  namespaceName  rawJsString  s  value  Map  vars  int  c  end  nextSkipSlot  nextSlot  start  type  	projects/Closure80/src/com/google/javascript/jscomp/NodeUtil.java	0.4082482904638631	1264	1264	2	replace	for(Node  c  =  n.getFirstChild();  c!=  null;  c  =  c.getNext())  {  String  name  =  c.getString();  if(name.equals( ". "))  {  return  false;  }	  for(Node    c    =    n.getFirstChild();    c!=    null;    c    =    c.getNext())    {    String    name    =    c.getString();    if(name.equals(   "   "))    {    return    false;    }    	non-compiled	[CE]  	149	None	replace
372	[BUG]  [BUGGY]  For(Node  c  =  n.getFirstChild();  c!=  null;  c  =  c.getNext())  {  String  name  =  c.getString();  if(name.equals( "   "))  {  return  false;  }  [CE]  [FE]                                          IllegalStateException      [CONTEXT]      case  Token.LE:  case  Token.GE:  case  Token.IN:  case  Token.INSTANCEOF:  case  Token.NOT:  return  true;  default:      [BUGGY]  For(Node  c  =  n.getFirstChild();  c!=  null;  c  =  c.getNext())  {  String  name  =  c.getString();  if(name.equals( "   "))  {  return  false;  }  [BUGGY]      }  }  [CLASS]  NodeUtil  NumbericResultPredicate  BooleanResultPredicate  MayBeStringResultPredicate  VarCollector  MatchNameNode  MatchNodeType  MatchDeclaration  MatchNotFunction  MatchShallowStatement  [METHOD]  isBooleanResultHelper  [RETURN_TYPE]  boolean  Node  n  [VARIABLES]  BooleanResultPredicate  BOOLEAN_RESULT_PREDICATE  Set  BUILTIN_FUNCTIONS_WITHOUT_SIDEEFFECTS  CONSTRUCTORS_WITHOUT_SIDE_EFFECTS  OBJECT_METHODS_WITHOUT_SIDEEFFECTS  REGEXP_METHODS  STRING_REGEXP_METHODS  defines  emptySet  knownConstants  NumbericResultPredicate  NUMBERIC_RESULT_PREDICATE  boolean  MayBeStringResultPredicate  MAY_BE_STRING_PREDICATE  Node  n  String  JSC_PROPERTY_NAME_FN  childValue  name  namespaceName  rawJsString  s  value  Map  vars  int  c  end  nextSkipSlot  nextSlot  start  type  	projects/Closure80/src/com/google/javascript/jscomp/NodeUtil.java	0.4082482904638631	1264	1264	2	replace	For(Node  c  =  n.getFirstChild();  c!=  null;  c  =  c.getNext())  {  String  name  =  c.getString();  if(name.equals( "   "))  {  return  false;  }	  for(Node    c    =    n.getFirstChild();    c!=    null;    c    =    c.getNext())    {    String    name    =    c.getString();    if(name.equals(   "   "))    {    return    false;    }    	non-compiled	[CE]  	149	None	replace
373	[BUG]  [BUGGY]  n.getType()  ==  Token.FUNCTION  ||  n.getType()  ==  Token.NAME)  {  return  true;  }  [CE]  [FE]                          IllegalStateException      [CONTEXT]      case  Token.LE:  case  Token.GE:  case  Token.IN:  case  Token.INSTANCEOF:  case  Token.NOT:  return  true;  default:      [BUGGY]  n.getType()  ==  Token.FUNCTION  ||  n.getType()  ==  Token.NAME)  {  return  true;  }  [BUGGY]      }  }  [CLASS]  NodeUtil  NumbericResultPredicate  BooleanResultPredicate  MayBeStringResultPredicate  VarCollector  MatchNameNode  MatchNodeType  MatchDeclaration  MatchNotFunction  MatchShallowStatement  [METHOD]  isBooleanResultHelper  [RETURN_TYPE]  boolean  Node  n  [VARIABLES]  BooleanResultPredicate  BOOLEAN_RESULT_PREDICATE  Set  BUILTIN_FUNCTIONS_WITHOUT_SIDEEFFECTS  CONSTRUCTORS_WITHOUT_SIDE_EFFECTS  OBJECT_METHODS_WITHOUT_SIDEEFFECTS  REGEXP_METHODS  STRING_REGEXP_METHODS  defines  emptySet  knownConstants  NumbericResultPredicate  NUMBERIC_RESULT_PREDICATE  boolean  MayBeStringResultPredicate  MAY_BE_STRING_PREDICATE  Node  n  String  JSC_PROPERTY_NAME_FN  childValue  name  namespaceName  rawJsString  s  value  Map  vars  int  c  end  nextSkipSlot  nextSlot  start  type  	projects/Closure80/src/com/google/javascript/jscomp/NodeUtil.java	0.4082482904638631	1264	1264	2	replace	n.getType()  ==  Token.FUNCTION  ||  n.getType()  ==  Token.NAME)  {  return  true;  }	  if(n.getType()    ==    Token.FUNCTION    ||    n.getType()    ==    Token.NAME)    {    return    true;    }    	non-compiled	[CE]  	28	None	replace
374	[BUG]  [BUGGY]  n.setType(Token.FUNCTION  ||  n.getType()  ==  Token.NAME)  {  return  true;  }  [CE]  [FE]                            IllegalStateException      [CONTEXT]      case  Token.LE:  case  Token.GE:  case  Token.IN:  case  Token.INSTANCEOF:  case  Token.NOT:  return  true;  default:      [BUGGY]  n.setType(Token.FUNCTION  ||  n.getType()  ==  Token.NAME)  {  return  true;  }  [BUGGY]      }  }  [CLASS]  NodeUtil  NumbericResultPredicate  BooleanResultPredicate  MayBeStringResultPredicate  VarCollector  MatchNameNode  MatchNodeType  MatchDeclaration  MatchNotFunction  MatchShallowStatement  [METHOD]  isBooleanResultHelper  [RETURN_TYPE]  boolean  Node  n  [VARIABLES]  BooleanResultPredicate  BOOLEAN_RESULT_PREDICATE  Set  BUILTIN_FUNCTIONS_WITHOUT_SIDEEFFECTS  CONSTRUCTORS_WITHOUT_SIDE_EFFECTS  OBJECT_METHODS_WITHOUT_SIDEEFFECTS  REGEXP_METHODS  STRING_REGEXP_METHODS  defines  emptySet  knownConstants  NumbericResultPredicate  NUMBERIC_RESULT_PREDICATE  boolean  MayBeStringResultPredicate  MAY_BE_STRING_PREDICATE  Node  n  String  JSC_PROPERTY_NAME_FN  childValue  name  namespaceName  rawJsString  s  value  Map  vars  int  c  end  nextSkipSlot  nextSlot  start  type  	projects/Closure80/src/com/google/javascript/jscomp/NodeUtil.java	0.4082482904638631	1264	1264	2	replace	n.setType(Token.FUNCTION  ||  n.getType()  ==  Token.NAME)  {  return  true;  }	  if(n.getType()    ==    Token.FUNCTION    ||    n.getType()    ==    Token.NAME)    {    return    true;    }    	non-compiled	[CE]  	28	None	replace
375	[BUG]  [BUGGY]  n.setType(Token.FUNCTION)||  n.getType()  ==  Token.NAME)  {  return  true;  }  [CE]  [FE]                              IllegalStateException      [CONTEXT]      case  Token.LE:  case  Token.GE:  case  Token.IN:  case  Token.INSTANCEOF:  case  Token.NOT:  return  true;  default:      [BUGGY]  n.setType(Token.FUNCTION)||  n.getType()  ==  Token.NAME)  {  return  true;  }  [BUGGY]      }  }  [CLASS]  NodeUtil  NumbericResultPredicate  BooleanResultPredicate  MayBeStringResultPredicate  VarCollector  MatchNameNode  MatchNodeType  MatchDeclaration  MatchNotFunction  MatchShallowStatement  [METHOD]  isBooleanResultHelper  [RETURN_TYPE]  boolean  Node  n  [VARIABLES]  BooleanResultPredicate  BOOLEAN_RESULT_PREDICATE  Set  BUILTIN_FUNCTIONS_WITHOUT_SIDEEFFECTS  CONSTRUCTORS_WITHOUT_SIDE_EFFECTS  OBJECT_METHODS_WITHOUT_SIDEEFFECTS  REGEXP_METHODS  STRING_REGEXP_METHODS  defines  emptySet  knownConstants  NumbericResultPredicate  NUMBERIC_RESULT_PREDICATE  boolean  MayBeStringResultPredicate  MAY_BE_STRING_PREDICATE  Node  n  String  JSC_PROPERTY_NAME_FN  childValue  name  namespaceName  rawJsString  s  value  Map  vars  int  c  end  nextSkipSlot  nextSlot  start  type  	projects/Closure80/src/com/google/javascript/jscomp/NodeUtil.java	0.4082482904638631	1264	1264	2	replace	n.setType(Token.FUNCTION)||  n.getType()  ==  Token.NAME)  {  return  true;  }	  if(n.getType()    ==    Token.FUNCTION    ||    n.getType()    ==    Token.NAME)    {    return    true;    }    	non-compiled	[CE]  	28	None	replace
376	[BUG]  [BUGGY]  if(n.getType()  ==  Token.FUNCTION  &&  n.getType()  ==  Token.NAME)  {  return  true;  }  [CE]  [FE]                                IllegalStateException      [CONTEXT]      case  Token.LE:  case  Token.GE:  case  Token.IN:  case  Token.INSTANCEOF:  case  Token.NOT:  return  true;  default:      [BUGGY]  if(n.getType()  ==  Token.FUNCTION  &&  n.getType()  ==  Token.NAME)  {  return  true;  }  [BUGGY]      }  }  [CLASS]  NodeUtil  NumbericResultPredicate  BooleanResultPredicate  MayBeStringResultPredicate  VarCollector  MatchNameNode  MatchNodeType  MatchDeclaration  MatchNotFunction  MatchShallowStatement  [METHOD]  isBooleanResultHelper  [RETURN_TYPE]  boolean  Node  n  [VARIABLES]  BooleanResultPredicate  BOOLEAN_RESULT_PREDICATE  Set  BUILTIN_FUNCTIONS_WITHOUT_SIDEEFFECTS  CONSTRUCTORS_WITHOUT_SIDE_EFFECTS  OBJECT_METHODS_WITHOUT_SIDEEFFECTS  REGEXP_METHODS  STRING_REGEXP_METHODS  defines  emptySet  knownConstants  NumbericResultPredicate  NUMBERIC_RESULT_PREDICATE  boolean  MayBeStringResultPredicate  MAY_BE_STRING_PREDICATE  Node  n  String  JSC_PROPERTY_NAME_FN  childValue  name  namespaceName  rawJsString  s  value  Map  vars  int  c  end  nextSkipSlot  nextSlot  start  type  	projects/Closure80/src/com/google/javascript/jscomp/NodeUtil.java	0.4082482904638631	1264	1264	2	replace	if(n.getType()  ==  Token.FUNCTION  &&  n.getType()  ==  Token.NAME)  {  return  true;  }	  if(n.getType()    ==    Token.FUNCTION    ||    n.getType()    ==    Token.NAME)    {    return    true;    }    	non-compiled	[CE]  	28	None	replace
377	[BUG]  [BUGGY]  NodeUtil.isFunctionAnonymous(n)&&  NodeUtil.isGetProp(n))  {  return  false;  }  [CE]  [FE]            IllegalStateException      [CONTEXT]      case  Token.LE:  case  Token.GE:  case  Token.IN:  case  Token.INSTANCEOF:  case  Token.NOT:  return  true;  default:      [BUGGY]  NodeUtil.isFunctionAnonymous(n)&&  NodeUtil.isGetProp(n))  {  return  false;  }  [BUGGY]      }  }  [CLASS]  NodeUtil  NumbericResultPredicate  BooleanResultPredicate  MayBeStringResultPredicate  VarCollector  MatchNameNode  MatchNodeType  MatchDeclaration  MatchNotFunction  MatchShallowStatement  [METHOD]  isBooleanResultHelper  [RETURN_TYPE]  boolean  Node  n  [VARIABLES]  BooleanResultPredicate  BOOLEAN_RESULT_PREDICATE  Set  BUILTIN_FUNCTIONS_WITHOUT_SIDEEFFECTS  CONSTRUCTORS_WITHOUT_SIDE_EFFECTS  OBJECT_METHODS_WITHOUT_SIDEEFFECTS  REGEXP_METHODS  STRING_REGEXP_METHODS  defines  emptySet  knownConstants  NumbericResultPredicate  NUMBERIC_RESULT_PREDICATE  boolean  MayBeStringResultPredicate  MAY_BE_STRING_PREDICATE  Node  n  String  JSC_PROPERTY_NAME_FN  childValue  name  namespaceName  rawJsString  s  value  Map  vars  int  c  end  nextSkipSlot  nextSlot  start  type  	projects/Closure80/src/com/google/javascript/jscomp/NodeUtil.java	0.4082482904638631	1264	1264	2	replace	NodeUtil.isFunctionAnonymous(n)&&  NodeUtil.isGetProp(n))  {  return  false;  }	  if(NodeUtil.isFunctionAnonymous(n)||    NodeUtil.isGetProp(n))    {    return    false;    }    	non-compiled	[CE]  	93	None	replace
378	[BUG]  [BUGGY]  if(NodeUtil.isGetProp(n)||  NodeUtil.isFunctionAnonymous(n))  {  return  false;  }  [CE]  [FE]              IllegalStateException      [CONTEXT]      case  Token.LE:  case  Token.GE:  case  Token.IN:  case  Token.INSTANCEOF:  case  Token.NOT:  return  true;  default:      [BUGGY]  if(NodeUtil.isGetProp(n)||  NodeUtil.isFunctionAnonymous(n))  {  return  false;  }  [BUGGY]      }  }  [CLASS]  NodeUtil  NumbericResultPredicate  BooleanResultPredicate  MayBeStringResultPredicate  VarCollector  MatchNameNode  MatchNodeType  MatchDeclaration  MatchNotFunction  MatchShallowStatement  [METHOD]  isBooleanResultHelper  [RETURN_TYPE]  boolean  Node  n  [VARIABLES]  BooleanResultPredicate  BOOLEAN_RESULT_PREDICATE  Set  BUILTIN_FUNCTIONS_WITHOUT_SIDEEFFECTS  CONSTRUCTORS_WITHOUT_SIDE_EFFECTS  OBJECT_METHODS_WITHOUT_SIDEEFFECTS  REGEXP_METHODS  STRING_REGEXP_METHODS  defines  emptySet  knownConstants  NumbericResultPredicate  NUMBERIC_RESULT_PREDICATE  boolean  MayBeStringResultPredicate  MAY_BE_STRING_PREDICATE  Node  n  String  JSC_PROPERTY_NAME_FN  childValue  name  namespaceName  rawJsString  s  value  Map  vars  int  c  end  nextSkipSlot  nextSlot  start  type  	projects/Closure80/src/com/google/javascript/jscomp/NodeUtil.java	0.4082482904638631	1264	1264	2	replace	if(NodeUtil.isGetProp(n)||  NodeUtil.isFunctionAnonymous(n))  {  return  false;  }	  if(NodeUtil.isFunctionAnonymous(n)||    NodeUtil.isGetProp(n))    {    return    false;    }    	non-compiled	[CE]  	93	None	replace
379	[BUG]  [BUGGY]  ||  NodeUtil.isGetProp(n))  {  return  false;  }  [CE]  [FE]                IllegalStateException      [CONTEXT]      case  Token.LE:  case  Token.GE:  case  Token.IN:  case  Token.INSTANCEOF:  case  Token.NOT:  return  true;  default:      [BUGGY]  ||  NodeUtil.isGetProp(n))  {  return  false;  }  [BUGGY]      }  }  [CLASS]  NodeUtil  NumbericResultPredicate  BooleanResultPredicate  MayBeStringResultPredicate  VarCollector  MatchNameNode  MatchNodeType  MatchDeclaration  MatchNotFunction  MatchShallowStatement  [METHOD]  isBooleanResultHelper  [RETURN_TYPE]  boolean  Node  n  [VARIABLES]  BooleanResultPredicate  BOOLEAN_RESULT_PREDICATE  Set  BUILTIN_FUNCTIONS_WITHOUT_SIDEEFFECTS  CONSTRUCTORS_WITHOUT_SIDE_EFFECTS  OBJECT_METHODS_WITHOUT_SIDEEFFECTS  REGEXP_METHODS  STRING_REGEXP_METHODS  defines  emptySet  knownConstants  NumbericResultPredicate  NUMBERIC_RESULT_PREDICATE  boolean  MayBeStringResultPredicate  MAY_BE_STRING_PREDICATE  Node  n  String  JSC_PROPERTY_NAME_FN  childValue  name  namespaceName  rawJsString  s  value  Map  vars  int  c  end  nextSkipSlot  nextSlot  start  type  	projects/Closure80/src/com/google/javascript/jscomp/NodeUtil.java	0.4082482904638631	1264	1264	2	replace	||  NodeUtil.isGetProp(n))  {  return  false;  }	  if(NodeUtil.isFunctionAnonymous(n)||    NodeUtil.isGetProp(n))    {    return    false;    }    	non-compiled	[CE]  	93	None	replace
380	[BUG]  [BUGGY]  n.getType()  ==  Token.FUNCTION  ||  n.getType()!=  Token.NAME)  {  return  true;  }  [CE]  [FE]                              IllegalStateException      [CONTEXT]      case  Token.LE:  case  Token.GE:  case  Token.IN:  case  Token.INSTANCEOF:  case  Token.NOT:  return  true;  default:      [BUGGY]  n.getType()  ==  Token.FUNCTION  ||  n.getType()!=  Token.NAME)  {  return  true;  }  [BUGGY]      }  }  [CLASS]  NodeUtil  NumbericResultPredicate  BooleanResultPredicate  MayBeStringResultPredicate  VarCollector  MatchNameNode  MatchNodeType  MatchDeclaration  MatchNotFunction  MatchShallowStatement  [METHOD]  isBooleanResultHelper  [RETURN_TYPE]  boolean  Node  n  [VARIABLES]  BooleanResultPredicate  BOOLEAN_RESULT_PREDICATE  Set  BUILTIN_FUNCTIONS_WITHOUT_SIDEEFFECTS  CONSTRUCTORS_WITHOUT_SIDE_EFFECTS  OBJECT_METHODS_WITHOUT_SIDEEFFECTS  REGEXP_METHODS  STRING_REGEXP_METHODS  defines  emptySet  knownConstants  NumbericResultPredicate  NUMBERIC_RESULT_PREDICATE  boolean  MayBeStringResultPredicate  MAY_BE_STRING_PREDICATE  Node  n  String  JSC_PROPERTY_NAME_FN  childValue  name  namespaceName  rawJsString  s  value  Map  vars  int  c  end  nextSkipSlot  nextSlot  start  type  	projects/Closure80/src/com/google/javascript/jscomp/NodeUtil.java	0.4082482904638631	1264	1264	2	replace	n.getType()  ==  Token.FUNCTION  ||  n.getType()!=  Token.NAME)  {  return  true;  }	  if(n.getType()    ==    Token.FUNCTION    ||    n.getType()!=    Token.NAME)    {    return    true;    }    	non-compiled	[CE]  	30	None	replace
381	[BUG]  [BUGGY]  n.setType(Token.FUNCTION  ||  n.getType()!=  Token.NAME)  {  return  true;  }  [CE]  [FE]                                IllegalStateException      [CONTEXT]      case  Token.LE:  case  Token.GE:  case  Token.IN:  case  Token.INSTANCEOF:  case  Token.NOT:  return  true;  default:      [BUGGY]  n.setType(Token.FUNCTION  ||  n.getType()!=  Token.NAME)  {  return  true;  }  [BUGGY]      }  }  [CLASS]  NodeUtil  NumbericResultPredicate  BooleanResultPredicate  MayBeStringResultPredicate  VarCollector  MatchNameNode  MatchNodeType  MatchDeclaration  MatchNotFunction  MatchShallowStatement  [METHOD]  isBooleanResultHelper  [RETURN_TYPE]  boolean  Node  n  [VARIABLES]  BooleanResultPredicate  BOOLEAN_RESULT_PREDICATE  Set  BUILTIN_FUNCTIONS_WITHOUT_SIDEEFFECTS  CONSTRUCTORS_WITHOUT_SIDE_EFFECTS  OBJECT_METHODS_WITHOUT_SIDEEFFECTS  REGEXP_METHODS  STRING_REGEXP_METHODS  defines  emptySet  knownConstants  NumbericResultPredicate  NUMBERIC_RESULT_PREDICATE  boolean  MayBeStringResultPredicate  MAY_BE_STRING_PREDICATE  Node  n  String  JSC_PROPERTY_NAME_FN  childValue  name  namespaceName  rawJsString  s  value  Map  vars  int  c  end  nextSkipSlot  nextSlot  start  type  	projects/Closure80/src/com/google/javascript/jscomp/NodeUtil.java	0.4082482904638631	1264	1264	2	replace	n.setType(Token.FUNCTION  ||  n.getType()!=  Token.NAME)  {  return  true;  }	  if(n.getType()    ==    Token.FUNCTION    ||    n.getType()!=    Token.NAME)    {    return    true;    }    	non-compiled	[CE]  	30	None	replace
382	[BUG]  [BUGGY]  if(n.getType()  ==  Token.FUNCTION  &&  n.getType()!=  Token.NAME)  {  return  true;  }  [CE]  [FE]                                  IllegalStateException      [CONTEXT]      case  Token.LE:  case  Token.GE:  case  Token.IN:  case  Token.INSTANCEOF:  case  Token.NOT:  return  true;  default:      [BUGGY]  if(n.getType()  ==  Token.FUNCTION  &&  n.getType()!=  Token.NAME)  {  return  true;  }  [BUGGY]      }  }  [CLASS]  NodeUtil  NumbericResultPredicate  BooleanResultPredicate  MayBeStringResultPredicate  VarCollector  MatchNameNode  MatchNodeType  MatchDeclaration  MatchNotFunction  MatchShallowStatement  [METHOD]  isBooleanResultHelper  [RETURN_TYPE]  boolean  Node  n  [VARIABLES]  BooleanResultPredicate  BOOLEAN_RESULT_PREDICATE  Set  BUILTIN_FUNCTIONS_WITHOUT_SIDEEFFECTS  CONSTRUCTORS_WITHOUT_SIDE_EFFECTS  OBJECT_METHODS_WITHOUT_SIDEEFFECTS  REGEXP_METHODS  STRING_REGEXP_METHODS  defines  emptySet  knownConstants  NumbericResultPredicate  NUMBERIC_RESULT_PREDICATE  boolean  MayBeStringResultPredicate  MAY_BE_STRING_PREDICATE  Node  n  String  JSC_PROPERTY_NAME_FN  childValue  name  namespaceName  rawJsString  s  value  Map  vars  int  c  end  nextSkipSlot  nextSlot  start  type  	projects/Closure80/src/com/google/javascript/jscomp/NodeUtil.java	0.4082482904638631	1264	1264	2	replace	if(n.getType()  ==  Token.FUNCTION  &&  n.getType()!=  Token.NAME)  {  return  true;  }	  if(n.getType()    ==    Token.FUNCTION    ||    n.getType()!=    Token.NAME)    {    return    true;    }    	non-compiled	[CE]  	30	None	replace
383	[BUG]  [BUGGY]  return(n.getType()  ==  Token.NAME)?  BooleanResultPredicate.TOP  :  BooleanResultPredicate.FALSE;  [CE]  [FE]                            IllegalStateException      [CONTEXT]      case  Token.LE:  case  Token.GE:  case  Token.IN:  case  Token.INSTANCEOF:  case  Token.NOT:  return  true;  default:      [BUGGY]  return(n.getType()  ==  Token.NAME)?  BooleanResultPredicate.TOP  :  BooleanResultPredicate.FALSE;  [BUGGY]      }  }  [CLASS]  NodeUtil  NumbericResultPredicate  BooleanResultPredicate  MayBeStringResultPredicate  VarCollector  MatchNameNode  MatchNodeType  MatchDeclaration  MatchNotFunction  MatchShallowStatement  [METHOD]  isBooleanResultHelper  [RETURN_TYPE]  boolean  Node  n  [VARIABLES]  BooleanResultPredicate  BOOLEAN_RESULT_PREDICATE  Set  BUILTIN_FUNCTIONS_WITHOUT_SIDEEFFECTS  CONSTRUCTORS_WITHOUT_SIDE_EFFECTS  OBJECT_METHODS_WITHOUT_SIDEEFFECTS  REGEXP_METHODS  STRING_REGEXP_METHODS  defines  emptySet  knownConstants  NumbericResultPredicate  NUMBERIC_RESULT_PREDICATE  boolean  MayBeStringResultPredicate  MAY_BE_STRING_PREDICATE  Node  n  String  JSC_PROPERTY_NAME_FN  childValue  name  namespaceName  rawJsString  s  value  Map  vars  int  c  end  nextSkipSlot  nextSlot  start  type  	projects/Closure80/src/com/google/javascript/jscomp/NodeUtil.java	0.4082482904638631	1264	1264	2	replace	return(n.getType()  ==  Token.NAME)?  BooleanResultPredicate.TOP  :  BooleanResultPredicate.FALSE;	  return(n.getType()    ==    Token.NAME)?    BooleanResultPredicate.FALSE    :    BooleanResultPredicate.TOP;    	non-compiled	[CE]  	58	None	replace
384	[BUG]  [BUGGY]  return(n.getType()!=  Token.NAME)?  BooleanResultPredicate.FALSE  :  BooleanResultPredicate.TOP;  [CE]  [FE]                              IllegalStateException      [CONTEXT]      case  Token.LE:  case  Token.GE:  case  Token.IN:  case  Token.INSTANCEOF:  case  Token.NOT:  return  true;  default:      [BUGGY]  return(n.getType()!=  Token.NAME)?  BooleanResultPredicate.FALSE  :  BooleanResultPredicate.TOP;  [BUGGY]      }  }  [CLASS]  NodeUtil  NumbericResultPredicate  BooleanResultPredicate  MayBeStringResultPredicate  VarCollector  MatchNameNode  MatchNodeType  MatchDeclaration  MatchNotFunction  MatchShallowStatement  [METHOD]  isBooleanResultHelper  [RETURN_TYPE]  boolean  Node  n  [VARIABLES]  BooleanResultPredicate  BOOLEAN_RESULT_PREDICATE  Set  BUILTIN_FUNCTIONS_WITHOUT_SIDEEFFECTS  CONSTRUCTORS_WITHOUT_SIDE_EFFECTS  OBJECT_METHODS_WITHOUT_SIDEEFFECTS  REGEXP_METHODS  STRING_REGEXP_METHODS  defines  emptySet  knownConstants  NumbericResultPredicate  NUMBERIC_RESULT_PREDICATE  boolean  MayBeStringResultPredicate  MAY_BE_STRING_PREDICATE  Node  n  String  JSC_PROPERTY_NAME_FN  childValue  name  namespaceName  rawJsString  s  value  Map  vars  int  c  end  nextSkipSlot  nextSlot  start  type  	projects/Closure80/src/com/google/javascript/jscomp/NodeUtil.java	0.4082482904638631	1264	1264	2	replace	return(n.getType()!=  Token.NAME)?  BooleanResultPredicate.FALSE  :  BooleanResultPredicate.TOP;	  return(n.getType()    ==    Token.NAME)?    BooleanResultPredicate.FALSE    :    BooleanResultPredicate.TOP;    	non-compiled	[CE]  	58	None	replace
385	[BUG]  [BUGGY]  return(n.getType()  ==  Token.NAME)?  BooleanResultPredicate.BOOLEAN  :  BooleanResultPredicate.UNKNOWN;  [CE]  [FE]              IllegalStateException      [CONTEXT]      case  Token.LE:  case  Token.GE:  case  Token.IN:  case  Token.INSTANCEOF:  case  Token.NOT:  return  true;  default:      [BUGGY]  return(n.getType()  ==  Token.NAME)?  BooleanResultPredicate.BOOLEAN  :  BooleanResultPredicate.UNKNOWN;  [BUGGY]      }  }  [CLASS]  NodeUtil  NumbericResultPredicate  BooleanResultPredicate  MayBeStringResultPredicate  VarCollector  MatchNameNode  MatchNodeType  MatchDeclaration  MatchNotFunction  MatchShallowStatement  [METHOD]  isBooleanResultHelper  [RETURN_TYPE]  boolean  Node  n  [VARIABLES]  BooleanResultPredicate  BOOLEAN_RESULT_PREDICATE  Set  BUILTIN_FUNCTIONS_WITHOUT_SIDEEFFECTS  CONSTRUCTORS_WITHOUT_SIDE_EFFECTS  OBJECT_METHODS_WITHOUT_SIDEEFFECTS  REGEXP_METHODS  STRING_REGEXP_METHODS  defines  emptySet  knownConstants  NumbericResultPredicate  NUMBERIC_RESULT_PREDICATE  boolean  MayBeStringResultPredicate  MAY_BE_STRING_PREDICATE  Node  n  String  JSC_PROPERTY_NAME_FN  childValue  name  namespaceName  rawJsString  s  value  Map  vars  int  c  end  nextSkipSlot  nextSlot  start  type  	projects/Closure80/src/com/google/javascript/jscomp/NodeUtil.java	0.4082482904638631	1264	1264	2	replace	return(n.getType()  ==  Token.NAME)?  BooleanResultPredicate.BOOLEAN  :  BooleanResultPredicate.UNKNOWN;	  return(n.getType()    ==    Token.NAME)?    BooleanResultPredicate.UNKNOWN    :    BooleanResultPredicate.BOOLEAN;    	non-compiled	[CE]  	112	None	replace
386	[BUG]  [BUGGY]  return(n.getType()  ==  Token.NAME)?  BooleanResultPredicate.UNKNOWN  :  BooleanResultPredicate.BLOCK;  [CE]  [FE]                IllegalStateException      [CONTEXT]      case  Token.LE:  case  Token.GE:  case  Token.IN:  case  Token.INSTANCEOF:  case  Token.NOT:  return  true;  default:      [BUGGY]  return(n.getType()  ==  Token.NAME)?  BooleanResultPredicate.UNKNOWN  :  BooleanResultPredicate.BLOCK;  [BUGGY]      }  }  [CLASS]  NodeUtil  NumbericResultPredicate  BooleanResultPredicate  MayBeStringResultPredicate  VarCollector  MatchNameNode  MatchNodeType  MatchDeclaration  MatchNotFunction  MatchShallowStatement  [METHOD]  isBooleanResultHelper  [RETURN_TYPE]  boolean  Node  n  [VARIABLES]  BooleanResultPredicate  BOOLEAN_RESULT_PREDICATE  Set  BUILTIN_FUNCTIONS_WITHOUT_SIDEEFFECTS  CONSTRUCTORS_WITHOUT_SIDE_EFFECTS  OBJECT_METHODS_WITHOUT_SIDEEFFECTS  REGEXP_METHODS  STRING_REGEXP_METHODS  defines  emptySet  knownConstants  NumbericResultPredicate  NUMBERIC_RESULT_PREDICATE  boolean  MayBeStringResultPredicate  MAY_BE_STRING_PREDICATE  Node  n  String  JSC_PROPERTY_NAME_FN  childValue  name  namespaceName  rawJsString  s  value  Map  vars  int  c  end  nextSkipSlot  nextSlot  start  type  	projects/Closure80/src/com/google/javascript/jscomp/NodeUtil.java	0.4082482904638631	1264	1264	2	replace	return(n.getType()  ==  Token.NAME)?  BooleanResultPredicate.UNKNOWN  :  BooleanResultPredicate.BLOCK;	  return(n.getType()    ==    Token.NAME)?    BooleanResultPredicate.UNKNOWN    :    BooleanResultPredicate.BOOLEAN;    	non-compiled	[CE]  	112	None	replace
387	[BUG]  [BUGGY]  return(n.getType()  ==  Token.NAME)?  BooleanResultPredicate.UNKNOWN  :  BooleanResultPredicate.BOLEAN;  [CE]  [FE]                  IllegalStateException      [CONTEXT]      case  Token.LE:  case  Token.GE:  case  Token.IN:  case  Token.INSTANCEOF:  case  Token.NOT:  return  true;  default:      [BUGGY]  return(n.getType()  ==  Token.NAME)?  BooleanResultPredicate.UNKNOWN  :  BooleanResultPredicate.BOLEAN;  [BUGGY]      }  }  [CLASS]  NodeUtil  NumbericResultPredicate  BooleanResultPredicate  MayBeStringResultPredicate  VarCollector  MatchNameNode  MatchNodeType  MatchDeclaration  MatchNotFunction  MatchShallowStatement  [METHOD]  isBooleanResultHelper  [RETURN_TYPE]  boolean  Node  n  [VARIABLES]  BooleanResultPredicate  BOOLEAN_RESULT_PREDICATE  Set  BUILTIN_FUNCTIONS_WITHOUT_SIDEEFFECTS  CONSTRUCTORS_WITHOUT_SIDE_EFFECTS  OBJECT_METHODS_WITHOUT_SIDEEFFECTS  REGEXP_METHODS  STRING_REGEXP_METHODS  defines  emptySet  knownConstants  NumbericResultPredicate  NUMBERIC_RESULT_PREDICATE  boolean  MayBeStringResultPredicate  MAY_BE_STRING_PREDICATE  Node  n  String  JSC_PROPERTY_NAME_FN  childValue  name  namespaceName  rawJsString  s  value  Map  vars  int  c  end  nextSkipSlot  nextSlot  start  type  	projects/Closure80/src/com/google/javascript/jscomp/NodeUtil.java	0.4082482904638631	1264	1264	2	replace	return(n.getType()  ==  Token.NAME)?  BooleanResultPredicate.UNKNOWN  :  BooleanResultPredicate.BOLEAN;	  return(n.getType()    ==    Token.NAME)?    BooleanResultPredicate.UNKNOWN    :    BooleanResultPredicate.BOOLEAN;    	non-compiled	[CE]  	112	None	replace
388	[BUG]  [BUGGY]  return(n.getType()!=  Token.NAME)?  BooleanResultPredicate.UNKNOWN  :  BooleanResultPredicate.BOOLEAN;  [CE]  [FE]                    IllegalStateException      [CONTEXT]      case  Token.LE:  case  Token.GE:  case  Token.IN:  case  Token.INSTANCEOF:  case  Token.NOT:  return  true;  default:      [BUGGY]  return(n.getType()!=  Token.NAME)?  BooleanResultPredicate.UNKNOWN  :  BooleanResultPredicate.BOOLEAN;  [BUGGY]      }  }  [CLASS]  NodeUtil  NumbericResultPredicate  BooleanResultPredicate  MayBeStringResultPredicate  VarCollector  MatchNameNode  MatchNodeType  MatchDeclaration  MatchNotFunction  MatchShallowStatement  [METHOD]  isBooleanResultHelper  [RETURN_TYPE]  boolean  Node  n  [VARIABLES]  BooleanResultPredicate  BOOLEAN_RESULT_PREDICATE  Set  BUILTIN_FUNCTIONS_WITHOUT_SIDEEFFECTS  CONSTRUCTORS_WITHOUT_SIDE_EFFECTS  OBJECT_METHODS_WITHOUT_SIDEEFFECTS  REGEXP_METHODS  STRING_REGEXP_METHODS  defines  emptySet  knownConstants  NumbericResultPredicate  NUMBERIC_RESULT_PREDICATE  boolean  MayBeStringResultPredicate  MAY_BE_STRING_PREDICATE  Node  n  String  JSC_PROPERTY_NAME_FN  childValue  name  namespaceName  rawJsString  s  value  Map  vars  int  c  end  nextSkipSlot  nextSlot  start  type  	projects/Closure80/src/com/google/javascript/jscomp/NodeUtil.java	0.4082482904638631	1264	1264	2	replace	return(n.getType()!=  Token.NAME)?  BooleanResultPredicate.UNKNOWN  :  BooleanResultPredicate.BOOLEAN;	  return(n.getType()    ==    Token.NAME)?    BooleanResultPredicate.UNKNOWN    :    BooleanResultPredicate.BOOLEAN;    	non-compiled	[CE]  	112	None	replace
389	[BUG]  [BUGGY]  return(n.getType()  ==  Token.NAME)?  BooleanResultPredicate.UNKNOWN  :  BooleanResultPredicate.BOTTOM;  [CE]  [FE]                      IllegalStateException      [CONTEXT]      case  Token.LE:  case  Token.GE:  case  Token.IN:  case  Token.INSTANCEOF:  case  Token.NOT:  return  true;  default:      [BUGGY]  return(n.getType()  ==  Token.NAME)?  BooleanResultPredicate.UNKNOWN  :  BooleanResultPredicate.BOTTOM;  [BUGGY]      }  }  [CLASS]  NodeUtil  NumbericResultPredicate  BooleanResultPredicate  MayBeStringResultPredicate  VarCollector  MatchNameNode  MatchNodeType  MatchDeclaration  MatchNotFunction  MatchShallowStatement  [METHOD]  isBooleanResultHelper  [RETURN_TYPE]  boolean  Node  n  [VARIABLES]  BooleanResultPredicate  BOOLEAN_RESULT_PREDICATE  Set  BUILTIN_FUNCTIONS_WITHOUT_SIDEEFFECTS  CONSTRUCTORS_WITHOUT_SIDE_EFFECTS  OBJECT_METHODS_WITHOUT_SIDEEFFECTS  REGEXP_METHODS  STRING_REGEXP_METHODS  defines  emptySet  knownConstants  NumbericResultPredicate  NUMBERIC_RESULT_PREDICATE  boolean  MayBeStringResultPredicate  MAY_BE_STRING_PREDICATE  Node  n  String  JSC_PROPERTY_NAME_FN  childValue  name  namespaceName  rawJsString  s  value  Map  vars  int  c  end  nextSkipSlot  nextSlot  start  type  	projects/Closure80/src/com/google/javascript/jscomp/NodeUtil.java	0.4082482904638631	1264	1264	2	replace	return(n.getType()  ==  Token.NAME)?  BooleanResultPredicate.UNKNOWN  :  BooleanResultPredicate.BOTTOM;	  return(n.getType()    ==    Token.NAME)?    BooleanResultPredicate.UNKNOWN    :    BooleanResultPredicate.BOOLEAN;    	non-compiled	[CE]  	112	None	replace
390	[BUG]  [BUGGY]  NodeUtil.isFunctionDeclaration(n)||!NodeUtil.isFunctionDeclaration(n))  {  return  false;  }  [CE]  [FE]                      IllegalStateException      [CONTEXT]      case  Token.LE:  case  Token.GE:  case  Token.IN:  case  Token.INSTANCEOF:  case  Token.NOT:  return  true;  default:      [BUGGY]  NodeUtil.isFunctionDeclaration(n)||!NodeUtil.isFunctionDeclaration(n))  {  return  false;  }  [BUGGY]      }  }  [CLASS]  NodeUtil  NumbericResultPredicate  BooleanResultPredicate  MayBeStringResultPredicate  VarCollector  MatchNameNode  MatchNodeType  MatchDeclaration  MatchNotFunction  MatchShallowStatement  [METHOD]  isBooleanResultHelper  [RETURN_TYPE]  boolean  Node  n  [VARIABLES]  BooleanResultPredicate  BOOLEAN_RESULT_PREDICATE  Set  BUILTIN_FUNCTIONS_WITHOUT_SIDEEFFECTS  CONSTRUCTORS_WITHOUT_SIDE_EFFECTS  OBJECT_METHODS_WITHOUT_SIDEEFFECTS  REGEXP_METHODS  STRING_REGEXP_METHODS  defines  emptySet  knownConstants  NumbericResultPredicate  NUMBERIC_RESULT_PREDICATE  boolean  MayBeStringResultPredicate  MAY_BE_STRING_PREDICATE  Node  n  String  JSC_PROPERTY_NAME_FN  childValue  name  namespaceName  rawJsString  s  value  Map  vars  int  c  end  nextSkipSlot  nextSlot  start  type  	projects/Closure80/src/com/google/javascript/jscomp/NodeUtil.java	0.4082482904638631	1264	1264	2	replace	NodeUtil.isFunctionDeclaration(n)||!NodeUtil.isFunctionDeclaration(n))  {  return  false;  }	  if(NodeUtil.isFunctionDeclaration(n)||!NodeUtil.isFunctionDeclaration(n))    {    return    false;    }    	non-compiled	[CE]  	9	None	replace
391	[BUG]  [BUGGY]  NodeUtil.isFunctionDeclaration(n)&&!NodeUtil.isFunctionDeclaration(n))  {  return  false;  }  [CE]  [FE]                        IllegalStateException      [CONTEXT]      case  Token.LE:  case  Token.GE:  case  Token.IN:  case  Token.INSTANCEOF:  case  Token.NOT:  return  true;  default:      [BUGGY]  NodeUtil.isFunctionDeclaration(n)&&!NodeUtil.isFunctionDeclaration(n))  {  return  false;  }  [BUGGY]      }  }  [CLASS]  NodeUtil  NumbericResultPredicate  BooleanResultPredicate  MayBeStringResultPredicate  VarCollector  MatchNameNode  MatchNodeType  MatchDeclaration  MatchNotFunction  MatchShallowStatement  [METHOD]  isBooleanResultHelper  [RETURN_TYPE]  boolean  Node  n  [VARIABLES]  BooleanResultPredicate  BOOLEAN_RESULT_PREDICATE  Set  BUILTIN_FUNCTIONS_WITHOUT_SIDEEFFECTS  CONSTRUCTORS_WITHOUT_SIDE_EFFECTS  OBJECT_METHODS_WITHOUT_SIDEEFFECTS  REGEXP_METHODS  STRING_REGEXP_METHODS  defines  emptySet  knownConstants  NumbericResultPredicate  NUMBERIC_RESULT_PREDICATE  boolean  MayBeStringResultPredicate  MAY_BE_STRING_PREDICATE  Node  n  String  JSC_PROPERTY_NAME_FN  childValue  name  namespaceName  rawJsString  s  value  Map  vars  int  c  end  nextSkipSlot  nextSlot  start  type  	projects/Closure80/src/com/google/javascript/jscomp/NodeUtil.java	0.4082482904638631	1264	1264	2	replace	NodeUtil.isFunctionDeclaration(n)&&!NodeUtil.isFunctionDeclaration(n))  {  return  false;  }	  if(NodeUtil.isFunctionDeclaration(n)||!NodeUtil.isFunctionDeclaration(n))    {    return    false;    }    	non-compiled	[CE]  	9	None	replace
392	[BUG]  [BUGGY]  return(n.getType()  ==  Token.NAME)||  BooleanResultPredicate.FALSE  :  BooleanResultPredicate.TRUE;  [CE]  [FE]                        IllegalStateException      [CONTEXT]      case  Token.LE:  case  Token.GE:  case  Token.IN:  case  Token.INSTANCEOF:  case  Token.NOT:  return  true;  default:      [BUGGY]  return(n.getType()  ==  Token.NAME)||  BooleanResultPredicate.FALSE  :  BooleanResultPredicate.TRUE;  [BUGGY]      }  }  [CLASS]  NodeUtil  NumbericResultPredicate  BooleanResultPredicate  MayBeStringResultPredicate  VarCollector  MatchNameNode  MatchNodeType  MatchDeclaration  MatchNotFunction  MatchShallowStatement  [METHOD]  isBooleanResultHelper  [RETURN_TYPE]  boolean  Node  n  [VARIABLES]  BooleanResultPredicate  BOOLEAN_RESULT_PREDICATE  Set  BUILTIN_FUNCTIONS_WITHOUT_SIDEEFFECTS  CONSTRUCTORS_WITHOUT_SIDE_EFFECTS  OBJECT_METHODS_WITHOUT_SIDEEFFECTS  REGEXP_METHODS  STRING_REGEXP_METHODS  defines  emptySet  knownConstants  NumbericResultPredicate  NUMBERIC_RESULT_PREDICATE  boolean  MayBeStringResultPredicate  MAY_BE_STRING_PREDICATE  Node  n  String  JSC_PROPERTY_NAME_FN  childValue  name  namespaceName  rawJsString  s  value  Map  vars  int  c  end  nextSkipSlot  nextSlot  start  type  	projects/Closure80/src/com/google/javascript/jscomp/NodeUtil.java	0.4082482904638631	1264	1264	2	replace	return(n.getType()  ==  Token.NAME)||  BooleanResultPredicate.FALSE  :  BooleanResultPredicate.TRUE;	  return(n.getType()    ==    Token.NAME)&&    BooleanResultPredicate.FALSE    :    BooleanResultPredicate.TRUE;    	non-compiled	[CE]  	143	None	replace
393	[BUG]  [BUGGY]  return(n.getType()  ==  Token.NAME)&&  BooleanResultPredicate.FALSE  ||  BooleanResultPredicate.TRUE;  [CE]  [FE]                          IllegalStateException      [CONTEXT]      case  Token.LE:  case  Token.GE:  case  Token.IN:  case  Token.INSTANCEOF:  case  Token.NOT:  return  true;  default:      [BUGGY]  return(n.getType()  ==  Token.NAME)&&  BooleanResultPredicate.FALSE  ||  BooleanResultPredicate.TRUE;  [BUGGY]      }  }  [CLASS]  NodeUtil  NumbericResultPredicate  BooleanResultPredicate  MayBeStringResultPredicate  VarCollector  MatchNameNode  MatchNodeType  MatchDeclaration  MatchNotFunction  MatchShallowStatement  [METHOD]  isBooleanResultHelper  [RETURN_TYPE]  boolean  Node  n  [VARIABLES]  BooleanResultPredicate  BOOLEAN_RESULT_PREDICATE  Set  BUILTIN_FUNCTIONS_WITHOUT_SIDEEFFECTS  CONSTRUCTORS_WITHOUT_SIDE_EFFECTS  OBJECT_METHODS_WITHOUT_SIDEEFFECTS  REGEXP_METHODS  STRING_REGEXP_METHODS  defines  emptySet  knownConstants  NumbericResultPredicate  NUMBERIC_RESULT_PREDICATE  boolean  MayBeStringResultPredicate  MAY_BE_STRING_PREDICATE  Node  n  String  JSC_PROPERTY_NAME_FN  childValue  name  namespaceName  rawJsString  s  value  Map  vars  int  c  end  nextSkipSlot  nextSlot  start  type  	projects/Closure80/src/com/google/javascript/jscomp/NodeUtil.java	0.4082482904638631	1264	1264	2	replace	return(n.getType()  ==  Token.NAME)&&  BooleanResultPredicate.FALSE  ||  BooleanResultPredicate.TRUE;	  return(n.getType()    ==    Token.NAME)&&    BooleanResultPredicate.FALSE    :    BooleanResultPredicate.TRUE;    	non-compiled	[CE]  	143	None	replace
394	[BUG]  [BUGGY]  return(n.getType()  ==  Token.NAME)&&  BooleanResultPredicate.TRUE  :  BooleanResultPredicate.FALSE;  [CE]  [FE]                            IllegalStateException      [CONTEXT]      case  Token.LE:  case  Token.GE:  case  Token.IN:  case  Token.INSTANCEOF:  case  Token.NOT:  return  true;  default:      [BUGGY]  return(n.getType()  ==  Token.NAME)&&  BooleanResultPredicate.TRUE  :  BooleanResultPredicate.FALSE;  [BUGGY]      }  }  [CLASS]  NodeUtil  NumbericResultPredicate  BooleanResultPredicate  MayBeStringResultPredicate  VarCollector  MatchNameNode  MatchNodeType  MatchDeclaration  MatchNotFunction  MatchShallowStatement  [METHOD]  isBooleanResultHelper  [RETURN_TYPE]  boolean  Node  n  [VARIABLES]  BooleanResultPredicate  BOOLEAN_RESULT_PREDICATE  Set  BUILTIN_FUNCTIONS_WITHOUT_SIDEEFFECTS  CONSTRUCTORS_WITHOUT_SIDE_EFFECTS  OBJECT_METHODS_WITHOUT_SIDEEFFECTS  REGEXP_METHODS  STRING_REGEXP_METHODS  defines  emptySet  knownConstants  NumbericResultPredicate  NUMBERIC_RESULT_PREDICATE  boolean  MayBeStringResultPredicate  MAY_BE_STRING_PREDICATE  Node  n  String  JSC_PROPERTY_NAME_FN  childValue  name  namespaceName  rawJsString  s  value  Map  vars  int  c  end  nextSkipSlot  nextSlot  start  type  	projects/Closure80/src/com/google/javascript/jscomp/NodeUtil.java	0.4082482904638631	1264	1264	2	replace	return(n.getType()  ==  Token.NAME)&&  BooleanResultPredicate.TRUE  :  BooleanResultPredicate.FALSE;	  return(n.getType()    ==    Token.NAME)&&    BooleanResultPredicate.FALSE    :    BooleanResultPredicate.TRUE;    	non-compiled	[CE]  	143	None	replace
395	[BUG]  [BUGGY]  return(n.getType()  ==  Token.NAME)&&  BooleanResultPredicate.FALSE  :  BooleanResultPredicate.FALSE;  [CE]  [FE]                              IllegalStateException      [CONTEXT]      case  Token.LE:  case  Token.GE:  case  Token.IN:  case  Token.INSTANCEOF:  case  Token.NOT:  return  true;  default:      [BUGGY]  return(n.getType()  ==  Token.NAME)&&  BooleanResultPredicate.FALSE  :  BooleanResultPredicate.FALSE;  [BUGGY]      }  }  [CLASS]  NodeUtil  NumbericResultPredicate  BooleanResultPredicate  MayBeStringResultPredicate  VarCollector  MatchNameNode  MatchNodeType  MatchDeclaration  MatchNotFunction  MatchShallowStatement  [METHOD]  isBooleanResultHelper  [RETURN_TYPE]  boolean  Node  n  [VARIABLES]  BooleanResultPredicate  BOOLEAN_RESULT_PREDICATE  Set  BUILTIN_FUNCTIONS_WITHOUT_SIDEEFFECTS  CONSTRUCTORS_WITHOUT_SIDE_EFFECTS  OBJECT_METHODS_WITHOUT_SIDEEFFECTS  REGEXP_METHODS  STRING_REGEXP_METHODS  defines  emptySet  knownConstants  NumbericResultPredicate  NUMBERIC_RESULT_PREDICATE  boolean  MayBeStringResultPredicate  MAY_BE_STRING_PREDICATE  Node  n  String  JSC_PROPERTY_NAME_FN  childValue  name  namespaceName  rawJsString  s  value  Map  vars  int  c  end  nextSkipSlot  nextSlot  start  type  	projects/Closure80/src/com/google/javascript/jscomp/NodeUtil.java	0.4082482904638631	1264	1264	2	replace	return(n.getType()  ==  Token.NAME)&&  BooleanResultPredicate.FALSE  :  BooleanResultPredicate.FALSE;	  return(n.getType()    ==    Token.NAME)&&    BooleanResultPredicate.FALSE    :    BooleanResultPredicate.TRUE;    	non-compiled	[CE]  	143	None	replace
396	[BUG]  [BUGGY]  return(n.getType()  ==  Token.NAME)&&  BooleanResultPredicate.FALSE  :  BooleanResultPredicate.FIELD;  [CE]  [FE]                                IllegalStateException      [CONTEXT]      case  Token.LE:  case  Token.GE:  case  Token.IN:  case  Token.INSTANCEOF:  case  Token.NOT:  return  true;  default:      [BUGGY]  return(n.getType()  ==  Token.NAME)&&  BooleanResultPredicate.FALSE  :  BooleanResultPredicate.FIELD;  [BUGGY]      }  }  [CLASS]  NodeUtil  NumbericResultPredicate  BooleanResultPredicate  MayBeStringResultPredicate  VarCollector  MatchNameNode  MatchNodeType  MatchDeclaration  MatchNotFunction  MatchShallowStatement  [METHOD]  isBooleanResultHelper  [RETURN_TYPE]  boolean  Node  n  [VARIABLES]  BooleanResultPredicate  BOOLEAN_RESULT_PREDICATE  Set  BUILTIN_FUNCTIONS_WITHOUT_SIDEEFFECTS  CONSTRUCTORS_WITHOUT_SIDE_EFFECTS  OBJECT_METHODS_WITHOUT_SIDEEFFECTS  REGEXP_METHODS  STRING_REGEXP_METHODS  defines  emptySet  knownConstants  NumbericResultPredicate  NUMBERIC_RESULT_PREDICATE  boolean  MayBeStringResultPredicate  MAY_BE_STRING_PREDICATE  Node  n  String  JSC_PROPERTY_NAME_FN  childValue  name  namespaceName  rawJsString  s  value  Map  vars  int  c  end  nextSkipSlot  nextSlot  start  type  	projects/Closure80/src/com/google/javascript/jscomp/NodeUtil.java	0.4082482904638631	1264	1264	2	replace	return(n.getType()  ==  Token.NAME)&&  BooleanResultPredicate.FALSE  :  BooleanResultPredicate.FIELD;	  return(n.getType()    ==    Token.NAME)&&    BooleanResultPredicate.FALSE    :    BooleanResultPredicate.TRUE;    	non-compiled	[CE]  	143	None	replace
397	[BUG]  [BUGGY]  return(n.getType()  ==  Token.NAME)||  BooleanResultPredicate.UNKNOWN  :  BooleanResultPredicate.UNKNOWN;  [CE]  [FE]                  IllegalStateException      [CONTEXT]      case  Token.LE:  case  Token.GE:  case  Token.IN:  case  Token.INSTANCEOF:  case  Token.NOT:  return  true;  default:      [BUGGY]  return(n.getType()  ==  Token.NAME)||  BooleanResultPredicate.UNKNOWN  :  BooleanResultPredicate.UNKNOWN;  [BUGGY]      }  }  [CLASS]  NodeUtil  NumbericResultPredicate  BooleanResultPredicate  MayBeStringResultPredicate  VarCollector  MatchNameNode  MatchNodeType  MatchDeclaration  MatchNotFunction  MatchShallowStatement  [METHOD]  isBooleanResultHelper  [RETURN_TYPE]  boolean  Node  n  [VARIABLES]  BooleanResultPredicate  BOOLEAN_RESULT_PREDICATE  Set  BUILTIN_FUNCTIONS_WITHOUT_SIDEEFFECTS  CONSTRUCTORS_WITHOUT_SIDE_EFFECTS  OBJECT_METHODS_WITHOUT_SIDEEFFECTS  REGEXP_METHODS  STRING_REGEXP_METHODS  defines  emptySet  knownConstants  NumbericResultPredicate  NUMBERIC_RESULT_PREDICATE  boolean  MayBeStringResultPredicate  MAY_BE_STRING_PREDICATE  Node  n  String  JSC_PROPERTY_NAME_FN  childValue  name  namespaceName  rawJsString  s  value  Map  vars  int  c  end  nextSkipSlot  nextSlot  start  type  	projects/Closure80/src/com/google/javascript/jscomp/NodeUtil.java	0.4082482904638631	1264	1264	2	replace	return(n.getType()  ==  Token.NAME)||  BooleanResultPredicate.UNKNOWN  :  BooleanResultPredicate.UNKNOWN;	  return(n.getType()    ==    Token.NAME)&&    BooleanResultPredicate.UNKNOWN    :    BooleanResultPredicate.UNKNOWN;    	non-compiled	[CE]  	38	None	replace
398	[BUG]  [BUGGY]  return(n.getType()  ==  Token.NAME)&&  BooleanResultPredicate.UNKNOWN  ||  BooleanResultPredicate.UNKNOWN;  [CE]  [FE]                    IllegalStateException      [CONTEXT]      case  Token.LE:  case  Token.GE:  case  Token.IN:  case  Token.INSTANCEOF:  case  Token.NOT:  return  true;  default:      [BUGGY]  return(n.getType()  ==  Token.NAME)&&  BooleanResultPredicate.UNKNOWN  ||  BooleanResultPredicate.UNKNOWN;  [BUGGY]      }  }  [CLASS]  NodeUtil  NumbericResultPredicate  BooleanResultPredicate  MayBeStringResultPredicate  VarCollector  MatchNameNode  MatchNodeType  MatchDeclaration  MatchNotFunction  MatchShallowStatement  [METHOD]  isBooleanResultHelper  [RETURN_TYPE]  boolean  Node  n  [VARIABLES]  BooleanResultPredicate  BOOLEAN_RESULT_PREDICATE  Set  BUILTIN_FUNCTIONS_WITHOUT_SIDEEFFECTS  CONSTRUCTORS_WITHOUT_SIDE_EFFECTS  OBJECT_METHODS_WITHOUT_SIDEEFFECTS  REGEXP_METHODS  STRING_REGEXP_METHODS  defines  emptySet  knownConstants  NumbericResultPredicate  NUMBERIC_RESULT_PREDICATE  boolean  MayBeStringResultPredicate  MAY_BE_STRING_PREDICATE  Node  n  String  JSC_PROPERTY_NAME_FN  childValue  name  namespaceName  rawJsString  s  value  Map  vars  int  c  end  nextSkipSlot  nextSlot  start  type  	projects/Closure80/src/com/google/javascript/jscomp/NodeUtil.java	0.4082482904638631	1264	1264	2	replace	return(n.getType()  ==  Token.NAME)&&  BooleanResultPredicate.UNKNOWN  ||  BooleanResultPredicate.UNKNOWN;	  return(n.getType()    ==    Token.NAME)&&    BooleanResultPredicate.UNKNOWN    :    BooleanResultPredicate.UNKNOWN;    	non-compiled	[CE]  	38	None	replace
399	[BUG]  [BUGGY]  return(n.getType()  ==  Token.NAME)&&  BooleanResultPredicate.UNKNOWN?  BooleanResultPredicate.UNKNOWN  :  BooleanResultPredicate.UNKNOWN;  [CE]  [FE]                      IllegalStateException      [CONTEXT]      case  Token.LE:  case  Token.GE:  case  Token.IN:  case  Token.INSTANCEOF:  case  Token.NOT:  return  true;  default:      [BUGGY]  return(n.getType()  ==  Token.NAME)&&  BooleanResultPredicate.UNKNOWN?  BooleanResultPredicate.UNKNOWN  :  BooleanResultPredicate.UNKNOWN;  [BUGGY]      }  }  [CLASS]  NodeUtil  NumbericResultPredicate  BooleanResultPredicate  MayBeStringResultPredicate  VarCollector  MatchNameNode  MatchNodeType  MatchDeclaration  MatchNotFunction  MatchShallowStatement  [METHOD]  isBooleanResultHelper  [RETURN_TYPE]  boolean  Node  n  [VARIABLES]  BooleanResultPredicate  BOOLEAN_RESULT_PREDICATE  Set  BUILTIN_FUNCTIONS_WITHOUT_SIDEEFFECTS  CONSTRUCTORS_WITHOUT_SIDE_EFFECTS  OBJECT_METHODS_WITHOUT_SIDEEFFECTS  REGEXP_METHODS  STRING_REGEXP_METHODS  defines  emptySet  knownConstants  NumbericResultPredicate  NUMBERIC_RESULT_PREDICATE  boolean  MayBeStringResultPredicate  MAY_BE_STRING_PREDICATE  Node  n  String  JSC_PROPERTY_NAME_FN  childValue  name  namespaceName  rawJsString  s  value  Map  vars  int  c  end  nextSkipSlot  nextSlot  start  type  	projects/Closure80/src/com/google/javascript/jscomp/NodeUtil.java	0.4082482904638631	1264	1264	2	replace	return(n.getType()  ==  Token.NAME)&&  BooleanResultPredicate.UNKNOWN?  BooleanResultPredicate.UNKNOWN  :  BooleanResultPredicate.UNKNOWN;	  return(n.getType()    ==    Token.NAME)&&    BooleanResultPredicate.UNKNOWN    :    BooleanResultPredicate.UNKNOWN;    	non-compiled	[CE]  	38	None	replace
400	[BUG]  [BUGGY]  return(n.getType()  ==  Token.NAME)&&  BooleanResultPredicate.UNKNOWN  -  1;  [CE]  [FE]                        IllegalStateException      [CONTEXT]      case  Token.LE:  case  Token.GE:  case  Token.IN:  case  Token.INSTANCEOF:  case  Token.NOT:  return  true;  default:      [BUGGY]  return(n.getType()  ==  Token.NAME)&&  BooleanResultPredicate.UNKNOWN  -  1;  [BUGGY]      }  }  [CLASS]  NodeUtil  NumbericResultPredicate  BooleanResultPredicate  MayBeStringResultPredicate  VarCollector  MatchNameNode  MatchNodeType  MatchDeclaration  MatchNotFunction  MatchShallowStatement  [METHOD]  isBooleanResultHelper  [RETURN_TYPE]  boolean  Node  n  [VARIABLES]  BooleanResultPredicate  BOOLEAN_RESULT_PREDICATE  Set  BUILTIN_FUNCTIONS_WITHOUT_SIDEEFFECTS  CONSTRUCTORS_WITHOUT_SIDE_EFFECTS  OBJECT_METHODS_WITHOUT_SIDEEFFECTS  REGEXP_METHODS  STRING_REGEXP_METHODS  defines  emptySet  knownConstants  NumbericResultPredicate  NUMBERIC_RESULT_PREDICATE  boolean  MayBeStringResultPredicate  MAY_BE_STRING_PREDICATE  Node  n  String  JSC_PROPERTY_NAME_FN  childValue  name  namespaceName  rawJsString  s  value  Map  vars  int  c  end  nextSkipSlot  nextSlot  start  type  	projects/Closure80/src/com/google/javascript/jscomp/NodeUtil.java	0.4082482904638631	1264	1264	2	replace	return(n.getType()  ==  Token.NAME)&&  BooleanResultPredicate.UNKNOWN  -  1;	  return(n.getType()    ==    Token.NAME)&&    BooleanResultPredicate.UNKNOWN    :    BooleanResultPredicate.UNKNOWN;    	non-compiled	[CE]  	38	None	replace
401	[BUG]  [BUGGY]  return(n.getType()!=  Token.NAME)&&  BooleanResultPredicate.UNKNOWN  :  BooleanResultPredicate.UNKNOWN;  [CE]  [FE]                          IllegalStateException      [CONTEXT]      case  Token.LE:  case  Token.GE:  case  Token.IN:  case  Token.INSTANCEOF:  case  Token.NOT:  return  true;  default:      [BUGGY]  return(n.getType()!=  Token.NAME)&&  BooleanResultPredicate.UNKNOWN  :  BooleanResultPredicate.UNKNOWN;  [BUGGY]      }  }  [CLASS]  NodeUtil  NumbericResultPredicate  BooleanResultPredicate  MayBeStringResultPredicate  VarCollector  MatchNameNode  MatchNodeType  MatchDeclaration  MatchNotFunction  MatchShallowStatement  [METHOD]  isBooleanResultHelper  [RETURN_TYPE]  boolean  Node  n  [VARIABLES]  BooleanResultPredicate  BOOLEAN_RESULT_PREDICATE  Set  BUILTIN_FUNCTIONS_WITHOUT_SIDEEFFECTS  CONSTRUCTORS_WITHOUT_SIDE_EFFECTS  OBJECT_METHODS_WITHOUT_SIDEEFFECTS  REGEXP_METHODS  STRING_REGEXP_METHODS  defines  emptySet  knownConstants  NumbericResultPredicate  NUMBERIC_RESULT_PREDICATE  boolean  MayBeStringResultPredicate  MAY_BE_STRING_PREDICATE  Node  n  String  JSC_PROPERTY_NAME_FN  childValue  name  namespaceName  rawJsString  s  value  Map  vars  int  c  end  nextSkipSlot  nextSlot  start  type  	projects/Closure80/src/com/google/javascript/jscomp/NodeUtil.java	0.4082482904638631	1264	1264	2	replace	return(n.getType()!=  Token.NAME)&&  BooleanResultPredicate.UNKNOWN  :  BooleanResultPredicate.UNKNOWN;	  return(n.getType()    ==    Token.NAME)&&    BooleanResultPredicate.UNKNOWN    :    BooleanResultPredicate.UNKNOWN;    	non-compiled	[CE]  	38	None	replace
402	[BUG]  [BUGGY]  return(n.getType()  ==  Token.NAME)?  BooleanResultPredicate.UNKNOWN  :  BooleanResultPredicate.UNKNOWN  +  2;  [CE]  [FE]                      IllegalStateException      [CONTEXT]      case  Token.LE:  case  Token.GE:  case  Token.IN:  case  Token.INSTANCEOF:  case  Token.NOT:  return  true;  default:      [BUGGY]  return(n.getType()  ==  Token.NAME)?  BooleanResultPredicate.UNKNOWN  :  BooleanResultPredicate.UNKNOWN  +  2;  [BUGGY]      }  }  [CLASS]  NodeUtil  NumbericResultPredicate  BooleanResultPredicate  MayBeStringResultPredicate  VarCollector  MatchNameNode  MatchNodeType  MatchDeclaration  MatchNotFunction  MatchShallowStatement  [METHOD]  isBooleanResultHelper  [RETURN_TYPE]  boolean  Node  n  [VARIABLES]  BooleanResultPredicate  BOOLEAN_RESULT_PREDICATE  Set  BUILTIN_FUNCTIONS_WITHOUT_SIDEEFFECTS  CONSTRUCTORS_WITHOUT_SIDE_EFFECTS  OBJECT_METHODS_WITHOUT_SIDEEFFECTS  REGEXP_METHODS  STRING_REGEXP_METHODS  defines  emptySet  knownConstants  NumbericResultPredicate  NUMBERIC_RESULT_PREDICATE  boolean  MayBeStringResultPredicate  MAY_BE_STRING_PREDICATE  Node  n  String  JSC_PROPERTY_NAME_FN  childValue  name  namespaceName  rawJsString  s  value  Map  vars  int  c  end  nextSkipSlot  nextSlot  start  type  	projects/Closure80/src/com/google/javascript/jscomp/NodeUtil.java	0.4082482904638631	1264	1264	2	replace	return(n.getType()  ==  Token.NAME)?  BooleanResultPredicate.UNKNOWN  :  BooleanResultPredicate.UNKNOWN  +  2;	  return(n.getType()    ==    Token.NAME)?    BooleanResultPredicate.UNKNOWN    :    BooleanResultPredicate.UNKNOWN    +    1;    	non-compiled	[CE]  	40	None	replace
403	[BUG]  [BUGGY]  return(n.getType()  ==  Token.NAME)?  BooleanResultPredicate.UNKNOWN  :  BooleanResultPredicate.UNKNOWN  +  1L;  [CE]  [FE]                        IllegalStateException      [CONTEXT]      case  Token.LE:  case  Token.GE:  case  Token.IN:  case  Token.INSTANCEOF:  case  Token.NOT:  return  true;  default:      [BUGGY]  return(n.getType()  ==  Token.NAME)?  BooleanResultPredicate.UNKNOWN  :  BooleanResultPredicate.UNKNOWN  +  1L;  [BUGGY]      }  }  [CLASS]  NodeUtil  NumbericResultPredicate  BooleanResultPredicate  MayBeStringResultPredicate  VarCollector  MatchNameNode  MatchNodeType  MatchDeclaration  MatchNotFunction  MatchShallowStatement  [METHOD]  isBooleanResultHelper  [RETURN_TYPE]  boolean  Node  n  [VARIABLES]  BooleanResultPredicate  BOOLEAN_RESULT_PREDICATE  Set  BUILTIN_FUNCTIONS_WITHOUT_SIDEEFFECTS  CONSTRUCTORS_WITHOUT_SIDE_EFFECTS  OBJECT_METHODS_WITHOUT_SIDEEFFECTS  REGEXP_METHODS  STRING_REGEXP_METHODS  defines  emptySet  knownConstants  NumbericResultPredicate  NUMBERIC_RESULT_PREDICATE  boolean  MayBeStringResultPredicate  MAY_BE_STRING_PREDICATE  Node  n  String  JSC_PROPERTY_NAME_FN  childValue  name  namespaceName  rawJsString  s  value  Map  vars  int  c  end  nextSkipSlot  nextSlot  start  type  	projects/Closure80/src/com/google/javascript/jscomp/NodeUtil.java	0.4082482904638631	1264	1264	2	replace	return(n.getType()  ==  Token.NAME)?  BooleanResultPredicate.UNKNOWN  :  BooleanResultPredicate.UNKNOWN  +  1L;	  return(n.getType()    ==    Token.NAME)?    BooleanResultPredicate.UNKNOWN    :    BooleanResultPredicate.UNKNOWN    +    1;    	non-compiled	[CE]  	40	None	replace
404	[BUG]  [BUGGY]  return(n.getType()!=  Token.NAME)?  BooleanResultPredicate.UNKNOWN  :  BooleanResultPredicate.UNKNOWN  +  1;  [CE]  [FE]                          IllegalStateException      [CONTEXT]      case  Token.LE:  case  Token.GE:  case  Token.IN:  case  Token.INSTANCEOF:  case  Token.NOT:  return  true;  default:      [BUGGY]  return(n.getType()!=  Token.NAME)?  BooleanResultPredicate.UNKNOWN  :  BooleanResultPredicate.UNKNOWN  +  1;  [BUGGY]      }  }  [CLASS]  NodeUtil  NumbericResultPredicate  BooleanResultPredicate  MayBeStringResultPredicate  VarCollector  MatchNameNode  MatchNodeType  MatchDeclaration  MatchNotFunction  MatchShallowStatement  [METHOD]  isBooleanResultHelper  [RETURN_TYPE]  boolean  Node  n  [VARIABLES]  BooleanResultPredicate  BOOLEAN_RESULT_PREDICATE  Set  BUILTIN_FUNCTIONS_WITHOUT_SIDEEFFECTS  CONSTRUCTORS_WITHOUT_SIDE_EFFECTS  OBJECT_METHODS_WITHOUT_SIDEEFFECTS  REGEXP_METHODS  STRING_REGEXP_METHODS  defines  emptySet  knownConstants  NumbericResultPredicate  NUMBERIC_RESULT_PREDICATE  boolean  MayBeStringResultPredicate  MAY_BE_STRING_PREDICATE  Node  n  String  JSC_PROPERTY_NAME_FN  childValue  name  namespaceName  rawJsString  s  value  Map  vars  int  c  end  nextSkipSlot  nextSlot  start  type  	projects/Closure80/src/com/google/javascript/jscomp/NodeUtil.java	0.4082482904638631	1264	1264	2	replace	return(n.getType()!=  Token.NAME)?  BooleanResultPredicate.UNKNOWN  :  BooleanResultPredicate.UNKNOWN  +  1;	  return(n.getType()    ==    Token.NAME)?    BooleanResultPredicate.UNKNOWN    :    BooleanResultPredicate.UNKNOWN    +    1;    	non-compiled	[CE]  	40	None	replace
405	[BUG]  [BUGGY]  return(n.getType()  ==  Token.NAME)&&  BooleanResultPredicate.UNKNOWN  :  BooleanResultPredicate.UNKNOWN  +  1;  [CE]  [FE]                            IllegalStateException      [CONTEXT]      case  Token.LE:  case  Token.GE:  case  Token.IN:  case  Token.INSTANCEOF:  case  Token.NOT:  return  true;  default:      [BUGGY]  return(n.getType()  ==  Token.NAME)&&  BooleanResultPredicate.UNKNOWN  :  BooleanResultPredicate.UNKNOWN  +  1;  [BUGGY]      }  }  [CLASS]  NodeUtil  NumbericResultPredicate  BooleanResultPredicate  MayBeStringResultPredicate  VarCollector  MatchNameNode  MatchNodeType  MatchDeclaration  MatchNotFunction  MatchShallowStatement  [METHOD]  isBooleanResultHelper  [RETURN_TYPE]  boolean  Node  n  [VARIABLES]  BooleanResultPredicate  BOOLEAN_RESULT_PREDICATE  Set  BUILTIN_FUNCTIONS_WITHOUT_SIDEEFFECTS  CONSTRUCTORS_WITHOUT_SIDE_EFFECTS  OBJECT_METHODS_WITHOUT_SIDEEFFECTS  REGEXP_METHODS  STRING_REGEXP_METHODS  defines  emptySet  knownConstants  NumbericResultPredicate  NUMBERIC_RESULT_PREDICATE  boolean  MayBeStringResultPredicate  MAY_BE_STRING_PREDICATE  Node  n  String  JSC_PROPERTY_NAME_FN  childValue  name  namespaceName  rawJsString  s  value  Map  vars  int  c  end  nextSkipSlot  nextSlot  start  type  	projects/Closure80/src/com/google/javascript/jscomp/NodeUtil.java	0.4082482904638631	1264	1264	2	replace	return(n.getType()  ==  Token.NAME)&&  BooleanResultPredicate.UNKNOWN  :  BooleanResultPredicate.UNKNOWN  +  1;	  return(n.getType()    ==    Token.NAME)?    BooleanResultPredicate.UNKNOWN    :    BooleanResultPredicate.UNKNOWN    +    1;    	non-compiled	[CE]  	40	None	replace
406	[BUG]  [BUGGY]  if(n.getType()  ==  Token.NAME  &&  n.getFirstChild()!=  null)  {  return  false;  }  [CE]  [FE]                    IllegalStateException      [CONTEXT]      case  Token.LE:  case  Token.GE:  case  Token.IN:  case  Token.INSTANCEOF:  case  Token.NOT:  return  true;  default:      [BUGGY]  if(n.getType()  ==  Token.NAME  &&  n.getFirstChild()!=  null)  {  return  false;  }  [BUGGY]      }  }  [CLASS]  NodeUtil  NumbericResultPredicate  BooleanResultPredicate  MayBeStringResultPredicate  VarCollector  MatchNameNode  MatchNodeType  MatchDeclaration  MatchNotFunction  MatchShallowStatement  [METHOD]  isBooleanResultHelper  [RETURN_TYPE]  boolean  Node  n  [VARIABLES]  BooleanResultPredicate  BOOLEAN_RESULT_PREDICATE  Set  BUILTIN_FUNCTIONS_WITHOUT_SIDEEFFECTS  CONSTRUCTORS_WITHOUT_SIDE_EFFECTS  OBJECT_METHODS_WITHOUT_SIDEEFFECTS  REGEXP_METHODS  STRING_REGEXP_METHODS  defines  emptySet  knownConstants  NumbericResultPredicate  NUMBERIC_RESULT_PREDICATE  boolean  MayBeStringResultPredicate  MAY_BE_STRING_PREDICATE  Node  n  String  JSC_PROPERTY_NAME_FN  childValue  name  namespaceName  rawJsString  s  value  Map  vars  int  c  end  nextSkipSlot  nextSlot  start  type  	projects/Closure80/src/com/google/javascript/jscomp/NodeUtil.java	0.4082482904638631	1264	1264	2	replace	if(n.getType()  ==  Token.NAME  &&  n.getFirstChild()!=  null)  {  return  false;  }	  if(n.getType()    ==    Token.NAME    ||    n.getFirstChild()!=    null)    {    return    false;    }    	non-compiled	[CE]  	164	None	replace
407	[BUG]  [BUGGY]  &&  n.getType()  ==  Token.NAME  ||  n.getFirstChild()!=  null)  {  return  false;  }  [CE]  [FE]                      IllegalStateException      [CONTEXT]      case  Token.LE:  case  Token.GE:  case  Token.IN:  case  Token.INSTANCEOF:  case  Token.NOT:  return  true;  default:      [BUGGY]  &&  n.getType()  ==  Token.NAME  ||  n.getFirstChild()!=  null)  {  return  false;  }  [BUGGY]      }  }  [CLASS]  NodeUtil  NumbericResultPredicate  BooleanResultPredicate  MayBeStringResultPredicate  VarCollector  MatchNameNode  MatchNodeType  MatchDeclaration  MatchNotFunction  MatchShallowStatement  [METHOD]  isBooleanResultHelper  [RETURN_TYPE]  boolean  Node  n  [VARIABLES]  BooleanResultPredicate  BOOLEAN_RESULT_PREDICATE  Set  BUILTIN_FUNCTIONS_WITHOUT_SIDEEFFECTS  CONSTRUCTORS_WITHOUT_SIDE_EFFECTS  OBJECT_METHODS_WITHOUT_SIDEEFFECTS  REGEXP_METHODS  STRING_REGEXP_METHODS  defines  emptySet  knownConstants  NumbericResultPredicate  NUMBERIC_RESULT_PREDICATE  boolean  MayBeStringResultPredicate  MAY_BE_STRING_PREDICATE  Node  n  String  JSC_PROPERTY_NAME_FN  childValue  name  namespaceName  rawJsString  s  value  Map  vars  int  c  end  nextSkipSlot  nextSlot  start  type  	projects/Closure80/src/com/google/javascript/jscomp/NodeUtil.java	0.4082482904638631	1264	1264	2	replace	&&  n.getType()  ==  Token.NAME  ||  n.getFirstChild()!=  null)  {  return  false;  }	  if(n.getType()    ==    Token.NAME    ||    n.getFirstChild()!=    null)    {    return    false;    }    	non-compiled	[CE]  	164	None	replace
408	[BUG]  [BUGGY]  if(n.getType()!=  Token.NAME  &&  n.getFirstChild()!=  null)  {  return  false;  }  [CE]  [FE]                        IllegalStateException      [CONTEXT]      case  Token.LE:  case  Token.GE:  case  Token.IN:  case  Token.INSTANCEOF:  case  Token.NOT:  return  true;  default:      [BUGGY]  if(n.getType()!=  Token.NAME  &&  n.getFirstChild()!=  null)  {  return  false;  }  [BUGGY]      }  }  [CLASS]  NodeUtil  NumbericResultPredicate  BooleanResultPredicate  MayBeStringResultPredicate  VarCollector  MatchNameNode  MatchNodeType  MatchDeclaration  MatchNotFunction  MatchShallowStatement  [METHOD]  isBooleanResultHelper  [RETURN_TYPE]  boolean  Node  n  [VARIABLES]  BooleanResultPredicate  BOOLEAN_RESULT_PREDICATE  Set  BUILTIN_FUNCTIONS_WITHOUT_SIDEEFFECTS  CONSTRUCTORS_WITHOUT_SIDE_EFFECTS  OBJECT_METHODS_WITHOUT_SIDEEFFECTS  REGEXP_METHODS  STRING_REGEXP_METHODS  defines  emptySet  knownConstants  NumbericResultPredicate  NUMBERIC_RESULT_PREDICATE  boolean  MayBeStringResultPredicate  MAY_BE_STRING_PREDICATE  Node  n  String  JSC_PROPERTY_NAME_FN  childValue  name  namespaceName  rawJsString  s  value  Map  vars  int  c  end  nextSkipSlot  nextSlot  start  type  	projects/Closure80/src/com/google/javascript/jscomp/NodeUtil.java	0.4082482904638631	1264	1264	2	replace	if(n.getType()!=  Token.NAME  &&  n.getFirstChild()!=  null)  {  return  false;  }	  if(n.getType()    ==    Token.NAME    ||    n.getFirstChild()!=    null)    {    return    false;    }    	non-compiled	[CE]  	164	None	replace
409	[BUG]  [BUGGY]  if(n.getType()  ==  Token.NAME  ||  n.getFirstChild()!=  JSC_PROPERTY_NAME_FN)  {  return  false;  }  [CE]  [FE]                          IllegalStateException      [CONTEXT]      case  Token.LE:  case  Token.GE:  case  Token.IN:  case  Token.INSTANCEOF:  case  Token.NOT:  return  true;  default:      [BUGGY]  if(n.getType()  ==  Token.NAME  ||  n.getFirstChild()!=  JSC_PROPERTY_NAME_FN)  {  return  false;  }  [BUGGY]      }  }  [CLASS]  NodeUtil  NumbericResultPredicate  BooleanResultPredicate  MayBeStringResultPredicate  VarCollector  MatchNameNode  MatchNodeType  MatchDeclaration  MatchNotFunction  MatchShallowStatement  [METHOD]  isBooleanResultHelper  [RETURN_TYPE]  boolean  Node  n  [VARIABLES]  BooleanResultPredicate  BOOLEAN_RESULT_PREDICATE  Set  BUILTIN_FUNCTIONS_WITHOUT_SIDEEFFECTS  CONSTRUCTORS_WITHOUT_SIDE_EFFECTS  OBJECT_METHODS_WITHOUT_SIDEEFFECTS  REGEXP_METHODS  STRING_REGEXP_METHODS  defines  emptySet  knownConstants  NumbericResultPredicate  NUMBERIC_RESULT_PREDICATE  boolean  MayBeStringResultPredicate  MAY_BE_STRING_PREDICATE  Node  n  String  JSC_PROPERTY_NAME_FN  childValue  name  namespaceName  rawJsString  s  value  Map  vars  int  c  end  nextSkipSlot  nextSlot  start  type  	projects/Closure80/src/com/google/javascript/jscomp/NodeUtil.java	0.4082482904638631	1264	1264	2	replace	if(n.getType()  ==  Token.NAME  ||  n.getFirstChild()!=  JSC_PROPERTY_NAME_FN)  {  return  false;  }	  if(n.getType()    ==    Token.NAME    ||    n.getFirstChild()!=    null)    {    return    false;    }    	non-compiled	[CE]  	164	None	replace
410	[BUG]  [BUGGY]  n.getType()  ==  Token.NAME  &&  n.getFirstChild()!=  null)  {  return  false;  }  [CE]  [FE]                            IllegalStateException      [CONTEXT]      case  Token.LE:  case  Token.GE:  case  Token.IN:  case  Token.INSTANCEOF:  case  Token.NOT:  return  true;  default:      [BUGGY]  n.getType()  ==  Token.NAME  &&  n.getFirstChild()!=  null)  {  return  false;  }  [BUGGY]      }  }  [CLASS]  NodeUtil  NumbericResultPredicate  BooleanResultPredicate  MayBeStringResultPredicate  VarCollector  MatchNameNode  MatchNodeType  MatchDeclaration  MatchNotFunction  MatchShallowStatement  [METHOD]  isBooleanResultHelper  [RETURN_TYPE]  boolean  Node  n  [VARIABLES]  BooleanResultPredicate  BOOLEAN_RESULT_PREDICATE  Set  BUILTIN_FUNCTIONS_WITHOUT_SIDEEFFECTS  CONSTRUCTORS_WITHOUT_SIDE_EFFECTS  OBJECT_METHODS_WITHOUT_SIDEEFFECTS  REGEXP_METHODS  STRING_REGEXP_METHODS  defines  emptySet  knownConstants  NumbericResultPredicate  NUMBERIC_RESULT_PREDICATE  boolean  MayBeStringResultPredicate  MAY_BE_STRING_PREDICATE  Node  n  String  JSC_PROPERTY_NAME_FN  childValue  name  namespaceName  rawJsString  s  value  Map  vars  int  c  end  nextSkipSlot  nextSlot  start  type  	projects/Closure80/src/com/google/javascript/jscomp/NodeUtil.java	0.4082482904638631	1264	1264	2	replace	n.getType()  ==  Token.NAME  &&  n.getFirstChild()!=  null)  {  return  false;  }	  if(n.getType()    ==    Token.NAME    ||    n.getFirstChild()!=    null)    {    return    false;    }    	non-compiled	[CE]  	164	None	replace
411	[BUG]  [BUGGY]  NodeUtil.isFunctionDeclaration(n)||  NodeUtil.isFunctionDeclaration(n))  {  return  false;  }  [CE]  [FE]              IllegalStateException      [CONTEXT]      case  Token.LE:  case  Token.GE:  case  Token.IN:  case  Token.INSTANCEOF:  case  Token.NOT:  return  true;  default:      [BUGGY]  NodeUtil.isFunctionDeclaration(n)||  NodeUtil.isFunctionDeclaration(n))  {  return  false;  }  [BUGGY]      }  }  [CLASS]  NodeUtil  NumbericResultPredicate  BooleanResultPredicate  MayBeStringResultPredicate  VarCollector  MatchNameNode  MatchNodeType  MatchDeclaration  MatchNotFunction  MatchShallowStatement  [METHOD]  isBooleanResultHelper  [RETURN_TYPE]  boolean  Node  n  [VARIABLES]  BooleanResultPredicate  BOOLEAN_RESULT_PREDICATE  Set  BUILTIN_FUNCTIONS_WITHOUT_SIDEEFFECTS  CONSTRUCTORS_WITHOUT_SIDE_EFFECTS  OBJECT_METHODS_WITHOUT_SIDEEFFECTS  REGEXP_METHODS  STRING_REGEXP_METHODS  defines  emptySet  knownConstants  NumbericResultPredicate  NUMBERIC_RESULT_PREDICATE  boolean  MayBeStringResultPredicate  MAY_BE_STRING_PREDICATE  Node  n  String  JSC_PROPERTY_NAME_FN  childValue  name  namespaceName  rawJsString  s  value  Map  vars  int  c  end  nextSkipSlot  nextSlot  start  type  	projects/Closure80/src/com/google/javascript/jscomp/NodeUtil.java	0.4082482904638631	1264	1264	2	replace	NodeUtil.isFunctionDeclaration(n)||  NodeUtil.isFunctionDeclaration(n))  {  return  false;  }	  if(NodeUtil.isFunctionDeclaration(n)||    NodeUtil.isFunctionDeclaration(n))    {    return    true;    }    	non-compiled	[CE]  	104	None	replace
412	[BUG]  [BUGGY]  NodeUtil.isFunctionDeclaration(n)&&  NodeUtil.isFunctionDeclaration(n))  {  return  true;  }  [CE]  [FE]                IllegalStateException      [CONTEXT]      case  Token.LE:  case  Token.GE:  case  Token.IN:  case  Token.INSTANCEOF:  case  Token.NOT:  return  true;  default:      [BUGGY]  NodeUtil.isFunctionDeclaration(n)&&  NodeUtil.isFunctionDeclaration(n))  {  return  true;  }  [BUGGY]      }  }  [CLASS]  NodeUtil  NumbericResultPredicate  BooleanResultPredicate  MayBeStringResultPredicate  VarCollector  MatchNameNode  MatchNodeType  MatchDeclaration  MatchNotFunction  MatchShallowStatement  [METHOD]  isBooleanResultHelper  [RETURN_TYPE]  boolean  Node  n  [VARIABLES]  BooleanResultPredicate  BOOLEAN_RESULT_PREDICATE  Set  BUILTIN_FUNCTIONS_WITHOUT_SIDEEFFECTS  CONSTRUCTORS_WITHOUT_SIDE_EFFECTS  OBJECT_METHODS_WITHOUT_SIDEEFFECTS  REGEXP_METHODS  STRING_REGEXP_METHODS  defines  emptySet  knownConstants  NumbericResultPredicate  NUMBERIC_RESULT_PREDICATE  boolean  MayBeStringResultPredicate  MAY_BE_STRING_PREDICATE  Node  n  String  JSC_PROPERTY_NAME_FN  childValue  name  namespaceName  rawJsString  s  value  Map  vars  int  c  end  nextSkipSlot  nextSlot  start  type  	projects/Closure80/src/com/google/javascript/jscomp/NodeUtil.java	0.4082482904638631	1264	1264	2	replace	NodeUtil.isFunctionDeclaration(n)&&  NodeUtil.isFunctionDeclaration(n))  {  return  true;  }	  if(NodeUtil.isFunctionDeclaration(n)||    NodeUtil.isFunctionDeclaration(n))    {    return    true;    }    	non-compiled	[CE]  	104	None	replace
413	[BUG]  [BUGGY]  Preconditions.checkState(NodeUtil.isFunctionDeclaration(n)||  NodeUtil.isFunctionDeclaration(n))  {  return  true;  }  [CE]  [FE]                  IllegalStateException      [CONTEXT]      case  Token.LE:  case  Token.GE:  case  Token.IN:  case  Token.INSTANCEOF:  case  Token.NOT:  return  true;  default:      [BUGGY]  Preconditions.checkState(NodeUtil.isFunctionDeclaration(n)||  NodeUtil.isFunctionDeclaration(n))  {  return  true;  }  [BUGGY]      }  }  [CLASS]  NodeUtil  NumbericResultPredicate  BooleanResultPredicate  MayBeStringResultPredicate  VarCollector  MatchNameNode  MatchNodeType  MatchDeclaration  MatchNotFunction  MatchShallowStatement  [METHOD]  isBooleanResultHelper  [RETURN_TYPE]  boolean  Node  n  [VARIABLES]  BooleanResultPredicate  BOOLEAN_RESULT_PREDICATE  Set  BUILTIN_FUNCTIONS_WITHOUT_SIDEEFFECTS  CONSTRUCTORS_WITHOUT_SIDE_EFFECTS  OBJECT_METHODS_WITHOUT_SIDEEFFECTS  REGEXP_METHODS  STRING_REGEXP_METHODS  defines  emptySet  knownConstants  NumbericResultPredicate  NUMBERIC_RESULT_PREDICATE  boolean  MayBeStringResultPredicate  MAY_BE_STRING_PREDICATE  Node  n  String  JSC_PROPERTY_NAME_FN  childValue  name  namespaceName  rawJsString  s  value  Map  vars  int  c  end  nextSkipSlot  nextSlot  start  type  	projects/Closure80/src/com/google/javascript/jscomp/NodeUtil.java	0.4082482904638631	1264	1264	2	replace	Preconditions.checkState(NodeUtil.isFunctionDeclaration(n)||  NodeUtil.isFunctionDeclaration(n))  {  return  true;  }	  if(NodeUtil.isFunctionDeclaration(n)||    NodeUtil.isFunctionDeclaration(n))    {    return    true;    }    	non-compiled	[CE]  	104	None	replace
414	[BUG]  [BUGGY]  NodeUtil.isFunctionDeclaration(n)||  NodeUtil.isFunctionDeclaration(n))  {  return  true;  }  [CE]  [FE]                    IllegalStateException      [CONTEXT]      case  Token.LE:  case  Token.GE:  case  Token.IN:  case  Token.INSTANCEOF:  case  Token.NOT:  return  true;  default:      [BUGGY]  NodeUtil.isFunctionDeclaration(n)||  NodeUtil.isFunctionDeclaration(n))  {  return  true;  }  [BUGGY]      }  }  [CLASS]  NodeUtil  NumbericResultPredicate  BooleanResultPredicate  MayBeStringResultPredicate  VarCollector  MatchNameNode  MatchNodeType  MatchDeclaration  MatchNotFunction  MatchShallowStatement  [METHOD]  isBooleanResultHelper  [RETURN_TYPE]  boolean  Node  n  [VARIABLES]  BooleanResultPredicate  BOOLEAN_RESULT_PREDICATE  Set  BUILTIN_FUNCTIONS_WITHOUT_SIDEEFFECTS  CONSTRUCTORS_WITHOUT_SIDE_EFFECTS  OBJECT_METHODS_WITHOUT_SIDEEFFECTS  REGEXP_METHODS  STRING_REGEXP_METHODS  defines  emptySet  knownConstants  NumbericResultPredicate  NUMBERIC_RESULT_PREDICATE  boolean  MayBeStringResultPredicate  MAY_BE_STRING_PREDICATE  Node  n  String  JSC_PROPERTY_NAME_FN  childValue  name  namespaceName  rawJsString  s  value  Map  vars  int  c  end  nextSkipSlot  nextSlot  start  type  	projects/Closure80/src/com/google/javascript/jscomp/NodeUtil.java	0.4082482904638631	1264	1264	2	replace	NodeUtil.isFunctionDeclaration(n)||  NodeUtil.isFunctionDeclaration(n))  {  return  true;  }	  if(NodeUtil.isFunctionDeclaration(n)||    NodeUtil.isFunctionDeclaration(n))    {    return    true;    }    	non-compiled	[CE]  	104	None	replace
415	[BUG]  [BUGGY]  if(NodeUtil.isFunctionDeclaration(n)&&  NodeUtil.isFunctionDeclaration(n))  {  return  true;  }  [CE]  [FE]                      IllegalStateException      [CONTEXT]      case  Token.LE:  case  Token.GE:  case  Token.IN:  case  Token.INSTANCEOF:  case  Token.NOT:  return  true;  default:      [BUGGY]  if(NodeUtil.isFunctionDeclaration(n)&&  NodeUtil.isFunctionDeclaration(n))  {  return  true;  }  [BUGGY]      }  }  [CLASS]  NodeUtil  NumbericResultPredicate  BooleanResultPredicate  MayBeStringResultPredicate  VarCollector  MatchNameNode  MatchNodeType  MatchDeclaration  MatchNotFunction  MatchShallowStatement  [METHOD]  isBooleanResultHelper  [RETURN_TYPE]  boolean  Node  n  [VARIABLES]  BooleanResultPredicate  BOOLEAN_RESULT_PREDICATE  Set  BUILTIN_FUNCTIONS_WITHOUT_SIDEEFFECTS  CONSTRUCTORS_WITHOUT_SIDE_EFFECTS  OBJECT_METHODS_WITHOUT_SIDEEFFECTS  REGEXP_METHODS  STRING_REGEXP_METHODS  defines  emptySet  knownConstants  NumbericResultPredicate  NUMBERIC_RESULT_PREDICATE  boolean  MayBeStringResultPredicate  MAY_BE_STRING_PREDICATE  Node  n  String  JSC_PROPERTY_NAME_FN  childValue  name  namespaceName  rawJsString  s  value  Map  vars  int  c  end  nextSkipSlot  nextSlot  start  type  	projects/Closure80/src/com/google/javascript/jscomp/NodeUtil.java	0.4082482904638631	1264	1264	2	replace	if(NodeUtil.isFunctionDeclaration(n)&&  NodeUtil.isFunctionDeclaration(n))  {  return  true;  }	  if(NodeUtil.isFunctionDeclaration(n)||    NodeUtil.isFunctionDeclaration(n))    {    return    true;    }    	non-compiled	[CE]  	104	None	replace
416	[BUG]  [BUGGY]  ||  n.getString().equals( "name "))  {  return  true;  }  [CE]  [FE]                              IllegalStateException      [CONTEXT]      case  Token.LE:  case  Token.GE:  case  Token.IN:  case  Token.INSTANCEOF:  case  Token.NOT:  return  true;  default:      [BUGGY]  ||  n.getString().equals( "name "))  {  return  true;  }  [BUGGY]      }  }  [CLASS]  NodeUtil  NumbericResultPredicate  BooleanResultPredicate  MayBeStringResultPredicate  VarCollector  MatchNameNode  MatchNodeType  MatchDeclaration  MatchNotFunction  MatchShallowStatement  [METHOD]  isBooleanResultHelper  [RETURN_TYPE]  boolean  Node  n  [VARIABLES]  BooleanResultPredicate  BOOLEAN_RESULT_PREDICATE  Set  BUILTIN_FUNCTIONS_WITHOUT_SIDEEFFECTS  CONSTRUCTORS_WITHOUT_SIDE_EFFECTS  OBJECT_METHODS_WITHOUT_SIDEEFFECTS  REGEXP_METHODS  STRING_REGEXP_METHODS  defines  emptySet  knownConstants  NumbericResultPredicate  NUMBERIC_RESULT_PREDICATE  boolean  MayBeStringResultPredicate  MAY_BE_STRING_PREDICATE  Node  n  String  JSC_PROPERTY_NAME_FN  childValue  name  namespaceName  rawJsString  s  value  Map  vars  int  c  end  nextSkipSlot  nextSlot  start  type  	projects/Closure80/src/com/google/javascript/jscomp/NodeUtil.java	0.4082482904638631	1264	1264	2	replace	||  n.getString().equals( "name "))  {  return  true;  }	  if(n.getType()    ==    Token.NAME    ||    n.getString().equals(   "name   "))    {    return    true;    }    	non-compiled	[CE]  	20	None	replace
417	[BUG]  [BUGGY]  if(n.getType()  ==  Token.NAME  &&  n.getString().equals( "name "))  {  return  true;  }  [CE]  [FE]                                IllegalStateException      [CONTEXT]      case  Token.LE:  case  Token.GE:  case  Token.IN:  case  Token.INSTANCEOF:  case  Token.NOT:  return  true;  default:      [BUGGY]  if(n.getType()  ==  Token.NAME  &&  n.getString().equals( "name "))  {  return  true;  }  [BUGGY]      }  }  [CLASS]  NodeUtil  NumbericResultPredicate  BooleanResultPredicate  MayBeStringResultPredicate  VarCollector  MatchNameNode  MatchNodeType  MatchDeclaration  MatchNotFunction  MatchShallowStatement  [METHOD]  isBooleanResultHelper  [RETURN_TYPE]  boolean  Node  n  [VARIABLES]  BooleanResultPredicate  BOOLEAN_RESULT_PREDICATE  Set  BUILTIN_FUNCTIONS_WITHOUT_SIDEEFFECTS  CONSTRUCTORS_WITHOUT_SIDE_EFFECTS  OBJECT_METHODS_WITHOUT_SIDEEFFECTS  REGEXP_METHODS  STRING_REGEXP_METHODS  defines  emptySet  knownConstants  NumbericResultPredicate  NUMBERIC_RESULT_PREDICATE  boolean  MayBeStringResultPredicate  MAY_BE_STRING_PREDICATE  Node  n  String  JSC_PROPERTY_NAME_FN  childValue  name  namespaceName  rawJsString  s  value  Map  vars  int  c  end  nextSkipSlot  nextSlot  start  type  	projects/Closure80/src/com/google/javascript/jscomp/NodeUtil.java	0.4082482904638631	1264	1264	2	replace	if(n.getType()  ==  Token.NAME  &&  n.getString().equals( "name "))  {  return  true;  }	  if(n.getType()    ==    Token.NAME    ||    n.getString().equals(   "name   "))    {    return    true;    }    	non-compiled	[CE]  	20	None	replace
418	[BUG]  [BUGGY]  n.getType()  ==  Token.NAME  &&  n.getString().equals( "name "))  {  return  true;  }  [CE]  [FE]                                  IllegalStateException      [CONTEXT]      case  Token.LE:  case  Token.GE:  case  Token.IN:  case  Token.INSTANCEOF:  case  Token.NOT:  return  true;  default:      [BUGGY]  n.getType()  ==  Token.NAME  &&  n.getString().equals( "name "))  {  return  true;  }  [BUGGY]      }  }  [CLASS]  NodeUtil  NumbericResultPredicate  BooleanResultPredicate  MayBeStringResultPredicate  VarCollector  MatchNameNode  MatchNodeType  MatchDeclaration  MatchNotFunction  MatchShallowStatement  [METHOD]  isBooleanResultHelper  [RETURN_TYPE]  boolean  Node  n  [VARIABLES]  BooleanResultPredicate  BOOLEAN_RESULT_PREDICATE  Set  BUILTIN_FUNCTIONS_WITHOUT_SIDEEFFECTS  CONSTRUCTORS_WITHOUT_SIDE_EFFECTS  OBJECT_METHODS_WITHOUT_SIDEEFFECTS  REGEXP_METHODS  STRING_REGEXP_METHODS  defines  emptySet  knownConstants  NumbericResultPredicate  NUMBERIC_RESULT_PREDICATE  boolean  MayBeStringResultPredicate  MAY_BE_STRING_PREDICATE  Node  n  String  JSC_PROPERTY_NAME_FN  childValue  name  namespaceName  rawJsString  s  value  Map  vars  int  c  end  nextSkipSlot  nextSlot  start  type  	projects/Closure80/src/com/google/javascript/jscomp/NodeUtil.java	0.4082482904638631	1264	1264	2	replace	n.getType()  ==  Token.NAME  &&  n.getString().equals( "name "))  {  return  true;  }	  if(n.getType()    ==    Token.NAME    ||    n.getString().equals(   "name   "))    {    return    true;    }    	non-compiled	[CE]  	20	None	replace
419	[BUG]  [BUGGY]  &&  n.getType()  ==  Token.NAME  ||  n.getString().equals( "name "))  {  return  true;  }  [CE]  [FE]                                    IllegalStateException      [CONTEXT]      case  Token.LE:  case  Token.GE:  case  Token.IN:  case  Token.INSTANCEOF:  case  Token.NOT:  return  true;  default:      [BUGGY]  &&  n.getType()  ==  Token.NAME  ||  n.getString().equals( "name "))  {  return  true;  }  [BUGGY]      }  }  [CLASS]  NodeUtil  NumbericResultPredicate  BooleanResultPredicate  MayBeStringResultPredicate  VarCollector  MatchNameNode  MatchNodeType  MatchDeclaration  MatchNotFunction  MatchShallowStatement  [METHOD]  isBooleanResultHelper  [RETURN_TYPE]  boolean  Node  n  [VARIABLES]  BooleanResultPredicate  BOOLEAN_RESULT_PREDICATE  Set  BUILTIN_FUNCTIONS_WITHOUT_SIDEEFFECTS  CONSTRUCTORS_WITHOUT_SIDE_EFFECTS  OBJECT_METHODS_WITHOUT_SIDEEFFECTS  REGEXP_METHODS  STRING_REGEXP_METHODS  defines  emptySet  knownConstants  NumbericResultPredicate  NUMBERIC_RESULT_PREDICATE  boolean  MayBeStringResultPredicate  MAY_BE_STRING_PREDICATE  Node  n  String  JSC_PROPERTY_NAME_FN  childValue  name  namespaceName  rawJsString  s  value  Map  vars  int  c  end  nextSkipSlot  nextSlot  start  type  	projects/Closure80/src/com/google/javascript/jscomp/NodeUtil.java	0.4082482904638631	1264	1264	2	replace	&&  n.getType()  ==  Token.NAME  ||  n.getString().equals( "name "))  {  return  true;  }	  if(n.getType()    ==    Token.NAME    ||    n.getString().equals(   "name   "))    {    return    true;    }    	non-compiled	[CE]  	20	None	replace
420	[BUG]  [BUGGY]  if(NodeUtil.isFunctionAnonymous(n)&&  NodeUtil.isLocalVar(n))  {  return  false;  }  [CE]  [FE]                  IllegalStateException      [CONTEXT]      case  Token.LE:  case  Token.GE:  case  Token.IN:  case  Token.INSTANCEOF:  case  Token.NOT:  return  true;  default:      [BUGGY]  if(NodeUtil.isFunctionAnonymous(n)&&  NodeUtil.isLocalVar(n))  {  return  false;  }  [BUGGY]      }  }  [CLASS]  NodeUtil  NumbericResultPredicate  BooleanResultPredicate  MayBeStringResultPredicate  VarCollector  MatchNameNode  MatchNodeType  MatchDeclaration  MatchNotFunction  MatchShallowStatement  [METHOD]  isBooleanResultHelper  [RETURN_TYPE]  boolean  Node  n  [VARIABLES]  BooleanResultPredicate  BOOLEAN_RESULT_PREDICATE  Set  BUILTIN_FUNCTIONS_WITHOUT_SIDEEFFECTS  CONSTRUCTORS_WITHOUT_SIDE_EFFECTS  OBJECT_METHODS_WITHOUT_SIDEEFFECTS  REGEXP_METHODS  STRING_REGEXP_METHODS  defines  emptySet  knownConstants  NumbericResultPredicate  NUMBERIC_RESULT_PREDICATE  boolean  MayBeStringResultPredicate  MAY_BE_STRING_PREDICATE  Node  n  String  JSC_PROPERTY_NAME_FN  childValue  name  namespaceName  rawJsString  s  value  Map  vars  int  c  end  nextSkipSlot  nextSlot  start  type  	projects/Closure80/src/com/google/javascript/jscomp/NodeUtil.java	0.4082482904638631	1264	1264	2	replace	if(NodeUtil.isFunctionAnonymous(n)&&  NodeUtil.isLocalVar(n))  {  return  false;  }	  if(NodeUtil.isFunctionAnonymous(n)&&    NodeUtil.isExpressionNode(n))    {    return    false;    }    	non-compiled	[CE]  	1	None	replace
421	[BUG]  [BUGGY]  NodeUtil.isName(n)||  NodeUtil.isFunctionAnonymous(n))  {  return  false;  }  [CE]  [FE]              IllegalStateException      [CONTEXT]      case  Token.LE:  case  Token.GE:  case  Token.IN:  case  Token.INSTANCEOF:  case  Token.NOT:  return  true;  default:      [BUGGY]  NodeUtil.isName(n)||  NodeUtil.isFunctionAnonymous(n))  {  return  false;  }  [BUGGY]      }  }  [CLASS]  NodeUtil  NumbericResultPredicate  BooleanResultPredicate  MayBeStringResultPredicate  VarCollector  MatchNameNode  MatchNodeType  MatchDeclaration  MatchNotFunction  MatchShallowStatement  [METHOD]  isBooleanResultHelper  [RETURN_TYPE]  boolean  Node  n  [VARIABLES]  BooleanResultPredicate  BOOLEAN_RESULT_PREDICATE  Set  BUILTIN_FUNCTIONS_WITHOUT_SIDEEFFECTS  CONSTRUCTORS_WITHOUT_SIDE_EFFECTS  OBJECT_METHODS_WITHOUT_SIDEEFFECTS  REGEXP_METHODS  STRING_REGEXP_METHODS  defines  emptySet  knownConstants  NumbericResultPredicate  NUMBERIC_RESULT_PREDICATE  boolean  MayBeStringResultPredicate  MAY_BE_STRING_PREDICATE  Node  n  String  JSC_PROPERTY_NAME_FN  childValue  name  namespaceName  rawJsString  s  value  Map  vars  int  c  end  nextSkipSlot  nextSlot  start  type  	projects/Closure80/src/com/google/javascript/jscomp/NodeUtil.java	0.4082482904638631	1264	1264	2	replace	NodeUtil.isName(n)||  NodeUtil.isFunctionAnonymous(n))  {  return  false;  }	  if(NodeUtil.isName(n)||    NodeUtil.isFunctionAnonymous(n))    {    return    false;    }    	non-compiled	[CE]  	167	None	replace
422	[BUG]  [BUGGY]  Preconditions.checkState(NodeUtil.isFunctionDeclaration(n)||  NodeUtil.isExpressionNode(n))  {  return  false;  }  [CE]  [FE]                    IllegalStateException      [CONTEXT]      case  Token.LE:  case  Token.GE:  case  Token.IN:  case  Token.INSTANCEOF:  case  Token.NOT:  return  true;  default:      [BUGGY]  Preconditions.checkState(NodeUtil.isFunctionDeclaration(n)||  NodeUtil.isExpressionNode(n))  {  return  false;  }  [BUGGY]      }  }  [CLASS]  NodeUtil  NumbericResultPredicate  BooleanResultPredicate  MayBeStringResultPredicate  VarCollector  MatchNameNode  MatchNodeType  MatchDeclaration  MatchNotFunction  MatchShallowStatement  [METHOD]  isBooleanResultHelper  [RETURN_TYPE]  boolean  Node  n  [VARIABLES]  BooleanResultPredicate  BOOLEAN_RESULT_PREDICATE  Set  BUILTIN_FUNCTIONS_WITHOUT_SIDEEFFECTS  CONSTRUCTORS_WITHOUT_SIDE_EFFECTS  OBJECT_METHODS_WITHOUT_SIDEEFFECTS  REGEXP_METHODS  STRING_REGEXP_METHODS  defines  emptySet  knownConstants  NumbericResultPredicate  NUMBERIC_RESULT_PREDICATE  boolean  MayBeStringResultPredicate  MAY_BE_STRING_PREDICATE  Node  n  String  JSC_PROPERTY_NAME_FN  childValue  name  namespaceName  rawJsString  s  value  Map  vars  int  c  end  nextSkipSlot  nextSlot  start  type  	projects/Closure80/src/com/google/javascript/jscomp/NodeUtil.java	0.4082482904638631	1264	1264	2	replace	Preconditions.checkState(NodeUtil.isFunctionDeclaration(n)||  NodeUtil.isExpressionNode(n))  {  return  false;  }	  if(NodeUtil.isFunctionDeclaration(n)||    NodeUtil.isExpressionNode(n))    {    return    false;    }    	non-compiled	[CE]  	8	None	replace
423	[BUG]  [BUGGY]  if(NodeUtil.isFunctionDeclaration(n)&&  NodeUtil.isExpressionNode(n))  {  return  false;  }  [CE]  [FE]                      IllegalStateException      [CONTEXT]      case  Token.LE:  case  Token.GE:  case  Token.IN:  case  Token.INSTANCEOF:  case  Token.NOT:  return  true;  default:      [BUGGY]  if(NodeUtil.isFunctionDeclaration(n)&&  NodeUtil.isExpressionNode(n))  {  return  false;  }  [BUGGY]      }  }  [CLASS]  NodeUtil  NumbericResultPredicate  BooleanResultPredicate  MayBeStringResultPredicate  VarCollector  MatchNameNode  MatchNodeType  MatchDeclaration  MatchNotFunction  MatchShallowStatement  [METHOD]  isBooleanResultHelper  [RETURN_TYPE]  boolean  Node  n  [VARIABLES]  BooleanResultPredicate  BOOLEAN_RESULT_PREDICATE  Set  BUILTIN_FUNCTIONS_WITHOUT_SIDEEFFECTS  CONSTRUCTORS_WITHOUT_SIDE_EFFECTS  OBJECT_METHODS_WITHOUT_SIDEEFFECTS  REGEXP_METHODS  STRING_REGEXP_METHODS  defines  emptySet  knownConstants  NumbericResultPredicate  NUMBERIC_RESULT_PREDICATE  boolean  MayBeStringResultPredicate  MAY_BE_STRING_PREDICATE  Node  n  String  JSC_PROPERTY_NAME_FN  childValue  name  namespaceName  rawJsString  s  value  Map  vars  int  c  end  nextSkipSlot  nextSlot  start  type  	projects/Closure80/src/com/google/javascript/jscomp/NodeUtil.java	0.4082482904638631	1264	1264	2	replace	if(NodeUtil.isFunctionDeclaration(n)&&  NodeUtil.isExpressionNode(n))  {  return  false;  }	  if(NodeUtil.isFunctionDeclaration(n)||    NodeUtil.isExpressionNode(n))    {    return    false;    }    	non-compiled	[CE]  	8	None	replace
424	[BUG]  [BUGGY]  NodeUtil.isFunctionDeclaration(n)&&  NodeUtil.isExpressionNode(n))  {  return  false;  }  [CE]  [FE]                        IllegalStateException      [CONTEXT]      case  Token.LE:  case  Token.GE:  case  Token.IN:  case  Token.INSTANCEOF:  case  Token.NOT:  return  true;  default:      [BUGGY]  NodeUtil.isFunctionDeclaration(n)&&  NodeUtil.isExpressionNode(n))  {  return  false;  }  [BUGGY]      }  }  [CLASS]  NodeUtil  NumbericResultPredicate  BooleanResultPredicate  MayBeStringResultPredicate  VarCollector  MatchNameNode  MatchNodeType  MatchDeclaration  MatchNotFunction  MatchShallowStatement  [METHOD]  isBooleanResultHelper  [RETURN_TYPE]  boolean  Node  n  [VARIABLES]  BooleanResultPredicate  BOOLEAN_RESULT_PREDICATE  Set  BUILTIN_FUNCTIONS_WITHOUT_SIDEEFFECTS  CONSTRUCTORS_WITHOUT_SIDE_EFFECTS  OBJECT_METHODS_WITHOUT_SIDEEFFECTS  REGEXP_METHODS  STRING_REGEXP_METHODS  defines  emptySet  knownConstants  NumbericResultPredicate  NUMBERIC_RESULT_PREDICATE  boolean  MayBeStringResultPredicate  MAY_BE_STRING_PREDICATE  Node  n  String  JSC_PROPERTY_NAME_FN  childValue  name  namespaceName  rawJsString  s  value  Map  vars  int  c  end  nextSkipSlot  nextSlot  start  type  	projects/Closure80/src/com/google/javascript/jscomp/NodeUtil.java	0.4082482904638631	1264	1264	2	replace	NodeUtil.isFunctionDeclaration(n)&&  NodeUtil.isExpressionNode(n))  {  return  false;  }	  if(NodeUtil.isFunctionDeclaration(n)||    NodeUtil.isExpressionNode(n))    {    return    false;    }    	non-compiled	[CE]  	8	None	replace
425	[BUG]  [BUGGY]  NodeUtil.isFunctionDeclaration(n)||  NodeUtil.isExpressionNode(n))  {  return  false;  }  [CE]  [FE]                          IllegalStateException      [CONTEXT]      case  Token.LE:  case  Token.GE:  case  Token.IN:  case  Token.INSTANCEOF:  case  Token.NOT:  return  true;  default:      [BUGGY]  NodeUtil.isFunctionDeclaration(n)||  NodeUtil.isExpressionNode(n))  {  return  false;  }  [BUGGY]      }  }  [CLASS]  NodeUtil  NumbericResultPredicate  BooleanResultPredicate  MayBeStringResultPredicate  VarCollector  MatchNameNode  MatchNodeType  MatchDeclaration  MatchNotFunction  MatchShallowStatement  [METHOD]  isBooleanResultHelper  [RETURN_TYPE]  boolean  Node  n  [VARIABLES]  BooleanResultPredicate  BOOLEAN_RESULT_PREDICATE  Set  BUILTIN_FUNCTIONS_WITHOUT_SIDEEFFECTS  CONSTRUCTORS_WITHOUT_SIDE_EFFECTS  OBJECT_METHODS_WITHOUT_SIDEEFFECTS  REGEXP_METHODS  STRING_REGEXP_METHODS  defines  emptySet  knownConstants  NumbericResultPredicate  NUMBERIC_RESULT_PREDICATE  boolean  MayBeStringResultPredicate  MAY_BE_STRING_PREDICATE  Node  n  String  JSC_PROPERTY_NAME_FN  childValue  name  namespaceName  rawJsString  s  value  Map  vars  int  c  end  nextSkipSlot  nextSlot  start  type  	projects/Closure80/src/com/google/javascript/jscomp/NodeUtil.java	0.4082482904638631	1264	1264	2	replace	NodeUtil.isFunctionDeclaration(n)||  NodeUtil.isExpressionNode(n))  {  return  false;  }	  if(NodeUtil.isFunctionDeclaration(n)||    NodeUtil.isExpressionNode(n))    {    return    false;    }    	non-compiled	[CE]  	8	None	replace
426	[BUG]  [BUGGY]  if(n.getType()  ==  Token.GETPROP  ||  n.getType()  ==  Token.NAME)  {  return  true;  }  [CE]  [FE]                    IllegalStateException      [CONTEXT]      case  Token.LE:  case  Token.GE:  case  Token.IN:  case  Token.INSTANCEOF:  case  Token.NOT:  return  true;  default:      [BUGGY]  if(n.getType()  ==  Token.GETPROP  ||  n.getType()  ==  Token.NAME)  {  return  true;  }  [BUGGY]      }  }  [CLASS]  NodeUtil  NumbericResultPredicate  BooleanResultPredicate  MayBeStringResultPredicate  VarCollector  MatchNameNode  MatchNodeType  MatchDeclaration  MatchNotFunction  MatchShallowStatement  [METHOD]  isBooleanResultHelper  [RETURN_TYPE]  boolean  Node  n  [VARIABLES]  BooleanResultPredicate  BOOLEAN_RESULT_PREDICATE  Set  BUILTIN_FUNCTIONS_WITHOUT_SIDEEFFECTS  CONSTRUCTORS_WITHOUT_SIDE_EFFECTS  OBJECT_METHODS_WITHOUT_SIDEEFFECTS  REGEXP_METHODS  STRING_REGEXP_METHODS  defines  emptySet  knownConstants  NumbericResultPredicate  NUMBERIC_RESULT_PREDICATE  boolean  MayBeStringResultPredicate  MAY_BE_STRING_PREDICATE  Node  n  String  JSC_PROPERTY_NAME_FN  childValue  name  namespaceName  rawJsString  s  value  Map  vars  int  c  end  nextSkipSlot  nextSlot  start  type  	projects/Closure80/src/com/google/javascript/jscomp/NodeUtil.java	0.4082482904638631	1264	1264	2	replace	if(n.getType()  ==  Token.GETPROP  ||  n.getType()  ==  Token.NAME)  {  return  true;  }	  if(n.getType()    ==    Token.GETPROP)    {    return    true;    }    	non-compiled	[CE]  	99	None	replace
427	[BUG]  [BUGGY]  if(n.getType()  ==  Token.GETPROP  ||  n.getType()  ==  Token.GETPROP)  {  return  true;  }  [CE]  [FE]                      IllegalStateException      [CONTEXT]      case  Token.LE:  case  Token.GE:  case  Token.IN:  case  Token.INSTANCEOF:  case  Token.NOT:  return  true;  default:      [BUGGY]  if(n.getType()  ==  Token.GETPROP  ||  n.getType()  ==  Token.GETPROP)  {  return  true;  }  [BUGGY]      }  }  [CLASS]  NodeUtil  NumbericResultPredicate  BooleanResultPredicate  MayBeStringResultPredicate  VarCollector  MatchNameNode  MatchNodeType  MatchDeclaration  MatchNotFunction  MatchShallowStatement  [METHOD]  isBooleanResultHelper  [RETURN_TYPE]  boolean  Node  n  [VARIABLES]  BooleanResultPredicate  BOOLEAN_RESULT_PREDICATE  Set  BUILTIN_FUNCTIONS_WITHOUT_SIDEEFFECTS  CONSTRUCTORS_WITHOUT_SIDE_EFFECTS  OBJECT_METHODS_WITHOUT_SIDEEFFECTS  REGEXP_METHODS  STRING_REGEXP_METHODS  defines  emptySet  knownConstants  NumbericResultPredicate  NUMBERIC_RESULT_PREDICATE  boolean  MayBeStringResultPredicate  MAY_BE_STRING_PREDICATE  Node  n  String  JSC_PROPERTY_NAME_FN  childValue  name  namespaceName  rawJsString  s  value  Map  vars  int  c  end  nextSkipSlot  nextSlot  start  type  	projects/Closure80/src/com/google/javascript/jscomp/NodeUtil.java	0.4082482904638631	1264	1264	2	replace	if(n.getType()  ==  Token.GETPROP  ||  n.getType()  ==  Token.GETPROP)  {  return  true;  }	  if(n.getType()    ==    Token.GETPROP)    {    return    true;    }    	non-compiled	[CE]  	99	None	replace
428	[BUG]  [BUGGY]  ||(n.getType()  ==  Token.GETPROP  &&  n.getString().equals( "prototype ")))  {  return  true;  }  [CE]  [FE]                        IllegalStateException      [CONTEXT]      case  Token.LE:  case  Token.GE:  case  Token.IN:  case  Token.INSTANCEOF:  case  Token.NOT:  return  true;  default:      [BUGGY]  ||(n.getType()  ==  Token.GETPROP  &&  n.getString().equals( "prototype ")))  {  return  true;  }  [BUGGY]      }  }  [CLASS]  NodeUtil  NumbericResultPredicate  BooleanResultPredicate  MayBeStringResultPredicate  VarCollector  MatchNameNode  MatchNodeType  MatchDeclaration  MatchNotFunction  MatchShallowStatement  [METHOD]  isBooleanResultHelper  [RETURN_TYPE]  boolean  Node  n  [VARIABLES]  BooleanResultPredicate  BOOLEAN_RESULT_PREDICATE  Set  BUILTIN_FUNCTIONS_WITHOUT_SIDEEFFECTS  CONSTRUCTORS_WITHOUT_SIDE_EFFECTS  OBJECT_METHODS_WITHOUT_SIDEEFFECTS  REGEXP_METHODS  STRING_REGEXP_METHODS  defines  emptySet  knownConstants  NumbericResultPredicate  NUMBERIC_RESULT_PREDICATE  boolean  MayBeStringResultPredicate  MAY_BE_STRING_PREDICATE  Node  n  String  JSC_PROPERTY_NAME_FN  childValue  name  namespaceName  rawJsString  s  value  Map  vars  int  c  end  nextSkipSlot  nextSlot  start  type  	projects/Closure80/src/com/google/javascript/jscomp/NodeUtil.java	0.4082482904638631	1264	1264	2	replace	||(n.getType()  ==  Token.GETPROP  &&  n.getString().equals( "prototype ")))  {  return  true;  }	  if(n.getType()    ==    Token.GETPROP)    {    return    true;    }    	non-compiled	[CE]  	99	None	replace
429	[BUG]  [BUGGY]  if(n.getType()  ==  Token.NAME  &&  n.getType()!=  Token.GETPROP)  {  return  true;  }  [CE]  [FE]                      IllegalStateException      [CONTEXT]      case  Token.LE:  case  Token.GE:  case  Token.IN:  case  Token.INSTANCEOF:  case  Token.NOT:  return  true;  default:      [BUGGY]  if(n.getType()  ==  Token.NAME  &&  n.getType()!=  Token.GETPROP)  {  return  true;  }  [BUGGY]      }  }  [CLASS]  NodeUtil  NumbericResultPredicate  BooleanResultPredicate  MayBeStringResultPredicate  VarCollector  MatchNameNode  MatchNodeType  MatchDeclaration  MatchNotFunction  MatchShallowStatement  [METHOD]  isBooleanResultHelper  [RETURN_TYPE]  boolean  Node  n  [VARIABLES]  BooleanResultPredicate  BOOLEAN_RESULT_PREDICATE  Set  BUILTIN_FUNCTIONS_WITHOUT_SIDEEFFECTS  CONSTRUCTORS_WITHOUT_SIDE_EFFECTS  OBJECT_METHODS_WITHOUT_SIDEEFFECTS  REGEXP_METHODS  STRING_REGEXP_METHODS  defines  emptySet  knownConstants  NumbericResultPredicate  NUMBERIC_RESULT_PREDICATE  boolean  MayBeStringResultPredicate  MAY_BE_STRING_PREDICATE  Node  n  String  JSC_PROPERTY_NAME_FN  childValue  name  namespaceName  rawJsString  s  value  Map  vars  int  c  end  nextSkipSlot  nextSlot  start  type  	projects/Closure80/src/com/google/javascript/jscomp/NodeUtil.java	0.4082482904638631	1264	1264	2	replace	if(n.getType()  ==  Token.NAME  &&  n.getType()!=  Token.GETPROP)  {  return  true;  }	  if(n.getType()    ==    Token.NAME    ||    n.getType()!=    Token.GETPROP)    {    return    true;    }    	non-compiled	[CE]  	127	None	replace
430	[BUG]  [BUGGY]  if(n.getType()!=  Token.NAME  &&  n.getType()!=  Token.GETPROP)  {  return  true;  }  [CE]  [FE]                        IllegalStateException      [CONTEXT]      case  Token.LE:  case  Token.GE:  case  Token.IN:  case  Token.INSTANCEOF:  case  Token.NOT:  return  true;  default:      [BUGGY]  if(n.getType()!=  Token.NAME  &&  n.getType()!=  Token.GETPROP)  {  return  true;  }  [BUGGY]      }  }  [CLASS]  NodeUtil  NumbericResultPredicate  BooleanResultPredicate  MayBeStringResultPredicate  VarCollector  MatchNameNode  MatchNodeType  MatchDeclaration  MatchNotFunction  MatchShallowStatement  [METHOD]  isBooleanResultHelper  [RETURN_TYPE]  boolean  Node  n  [VARIABLES]  BooleanResultPredicate  BOOLEAN_RESULT_PREDICATE  Set  BUILTIN_FUNCTIONS_WITHOUT_SIDEEFFECTS  CONSTRUCTORS_WITHOUT_SIDE_EFFECTS  OBJECT_METHODS_WITHOUT_SIDEEFFECTS  REGEXP_METHODS  STRING_REGEXP_METHODS  defines  emptySet  knownConstants  NumbericResultPredicate  NUMBERIC_RESULT_PREDICATE  boolean  MayBeStringResultPredicate  MAY_BE_STRING_PREDICATE  Node  n  String  JSC_PROPERTY_NAME_FN  childValue  name  namespaceName  rawJsString  s  value  Map  vars  int  c  end  nextSkipSlot  nextSlot  start  type  	projects/Closure80/src/com/google/javascript/jscomp/NodeUtil.java	0.4082482904638631	1264	1264	2	replace	if(n.getType()!=  Token.NAME  &&  n.getType()!=  Token.GETPROP)  {  return  true;  }	  if(n.getType()    ==    Token.NAME    ||    n.getType()!=    Token.GETPROP)    {    return    true;    }    	non-compiled	[CE]  	127	None	replace
431	[BUG]  [BUGGY]  n.getType()  ==  Token.NAME  ||  n.getType()!=  Token.GETPROP)  {  return  true;  }  [CE]  [FE]                          IllegalStateException      [CONTEXT]      case  Token.LE:  case  Token.GE:  case  Token.IN:  case  Token.INSTANCEOF:  case  Token.NOT:  return  true;  default:      [BUGGY]  n.getType()  ==  Token.NAME  ||  n.getType()!=  Token.GETPROP)  {  return  true;  }  [BUGGY]      }  }  [CLASS]  NodeUtil  NumbericResultPredicate  BooleanResultPredicate  MayBeStringResultPredicate  VarCollector  MatchNameNode  MatchNodeType  MatchDeclaration  MatchNotFunction  MatchShallowStatement  [METHOD]  isBooleanResultHelper  [RETURN_TYPE]  boolean  Node  n  [VARIABLES]  BooleanResultPredicate  BOOLEAN_RESULT_PREDICATE  Set  BUILTIN_FUNCTIONS_WITHOUT_SIDEEFFECTS  CONSTRUCTORS_WITHOUT_SIDE_EFFECTS  OBJECT_METHODS_WITHOUT_SIDEEFFECTS  REGEXP_METHODS  STRING_REGEXP_METHODS  defines  emptySet  knownConstants  NumbericResultPredicate  NUMBERIC_RESULT_PREDICATE  boolean  MayBeStringResultPredicate  MAY_BE_STRING_PREDICATE  Node  n  String  JSC_PROPERTY_NAME_FN  childValue  name  namespaceName  rawJsString  s  value  Map  vars  int  c  end  nextSkipSlot  nextSlot  start  type  	projects/Closure80/src/com/google/javascript/jscomp/NodeUtil.java	0.4082482904638631	1264	1264	2	replace	n.getType()  ==  Token.NAME  ||  n.getType()!=  Token.GETPROP)  {  return  true;  }	  if(n.getType()    ==    Token.NAME    ||    n.getType()!=    Token.GETPROP)    {    return    true;    }    	non-compiled	[CE]  	127	None	replace
432	[BUG]  [BUGGY]  NodeUtil.isFunctionDeclaration(n)&&  NodeUtil.isMatchNotFunction(n))  {  return  false;  }  [CE]  [FE]                    IllegalStateException      [CONTEXT]      case  Token.LE:  case  Token.GE:  case  Token.IN:  case  Token.INSTANCEOF:  case  Token.NOT:  return  true;  default:      [BUGGY]  NodeUtil.isFunctionDeclaration(n)&&  NodeUtil.isMatchNotFunction(n))  {  return  false;  }  [BUGGY]      }  }  [CLASS]  NodeUtil  NumbericResultPredicate  BooleanResultPredicate  MayBeStringResultPredicate  VarCollector  MatchNameNode  MatchNodeType  MatchDeclaration  MatchNotFunction  MatchShallowStatement  [METHOD]  isBooleanResultHelper  [RETURN_TYPE]  boolean  Node  n  [VARIABLES]  BooleanResultPredicate  BOOLEAN_RESULT_PREDICATE  Set  BUILTIN_FUNCTIONS_WITHOUT_SIDEEFFECTS  CONSTRUCTORS_WITHOUT_SIDE_EFFECTS  OBJECT_METHODS_WITHOUT_SIDEEFFECTS  REGEXP_METHODS  STRING_REGEXP_METHODS  defines  emptySet  knownConstants  NumbericResultPredicate  NUMBERIC_RESULT_PREDICATE  boolean  MayBeStringResultPredicate  MAY_BE_STRING_PREDICATE  Node  n  String  JSC_PROPERTY_NAME_FN  childValue  name  namespaceName  rawJsString  s  value  Map  vars  int  c  end  nextSkipSlot  nextSlot  start  type  	projects/Closure80/src/com/google/javascript/jscomp/NodeUtil.java	0.4082482904638631	1264	1264	2	replace	NodeUtil.isFunctionDeclaration(n)&&  NodeUtil.isMatchNotFunction(n))  {  return  false;  }	  if(NodeUtil.isFunctionDeclaration(n)||    NodeUtil.isMatchNotFunction(n))    {    return    false;    }    	non-compiled	[CE]  	107	None	replace
433	[BUG]  [BUGGY]  if(NodeUtil.isFunctionDeclaration(n)&&  NodeUtil.isMatchNotFunction(n))  {  return  false;  }  [CE]  [FE]                      IllegalStateException      [CONTEXT]      case  Token.LE:  case  Token.GE:  case  Token.IN:  case  Token.INSTANCEOF:  case  Token.NOT:  return  true;  default:      [BUGGY]  if(NodeUtil.isFunctionDeclaration(n)&&  NodeUtil.isMatchNotFunction(n))  {  return  false;  }  [BUGGY]      }  }  [CLASS]  NodeUtil  NumbericResultPredicate  BooleanResultPredicate  MayBeStringResultPredicate  VarCollector  MatchNameNode  MatchNodeType  MatchDeclaration  MatchNotFunction  MatchShallowStatement  [METHOD]  isBooleanResultHelper  [RETURN_TYPE]  boolean  Node  n  [VARIABLES]  BooleanResultPredicate  BOOLEAN_RESULT_PREDICATE  Set  BUILTIN_FUNCTIONS_WITHOUT_SIDEEFFECTS  CONSTRUCTORS_WITHOUT_SIDE_EFFECTS  OBJECT_METHODS_WITHOUT_SIDEEFFECTS  REGEXP_METHODS  STRING_REGEXP_METHODS  defines  emptySet  knownConstants  NumbericResultPredicate  NUMBERIC_RESULT_PREDICATE  boolean  MayBeStringResultPredicate  MAY_BE_STRING_PREDICATE  Node  n  String  JSC_PROPERTY_NAME_FN  childValue  name  namespaceName  rawJsString  s  value  Map  vars  int  c  end  nextSkipSlot  nextSlot  start  type  	projects/Closure80/src/com/google/javascript/jscomp/NodeUtil.java	0.4082482904638631	1264	1264	2	replace	if(NodeUtil.isFunctionDeclaration(n)&&  NodeUtil.isMatchNotFunction(n))  {  return  false;  }	  if(NodeUtil.isFunctionDeclaration(n)||    NodeUtil.isMatchNotFunction(n))    {    return    false;    }    	non-compiled	[CE]  	107	None	replace
434	[BUG]  [BUGGY]  NodeUtil.isFunctionDeclaration(n)||  NodeUtil.isMatchNotFunction(n))  {  return  false;  }  [CE]  [FE]                        IllegalStateException      [CONTEXT]      case  Token.LE:  case  Token.GE:  case  Token.IN:  case  Token.INSTANCEOF:  case  Token.NOT:  return  true;  default:      [BUGGY]  NodeUtil.isFunctionDeclaration(n)||  NodeUtil.isMatchNotFunction(n))  {  return  false;  }  [BUGGY]      }  }  [CLASS]  NodeUtil  NumbericResultPredicate  BooleanResultPredicate  MayBeStringResultPredicate  VarCollector  MatchNameNode  MatchNodeType  MatchDeclaration  MatchNotFunction  MatchShallowStatement  [METHOD]  isBooleanResultHelper  [RETURN_TYPE]  boolean  Node  n  [VARIABLES]  BooleanResultPredicate  BOOLEAN_RESULT_PREDICATE  Set  BUILTIN_FUNCTIONS_WITHOUT_SIDEEFFECTS  CONSTRUCTORS_WITHOUT_SIDE_EFFECTS  OBJECT_METHODS_WITHOUT_SIDEEFFECTS  REGEXP_METHODS  STRING_REGEXP_METHODS  defines  emptySet  knownConstants  NumbericResultPredicate  NUMBERIC_RESULT_PREDICATE  boolean  MayBeStringResultPredicate  MAY_BE_STRING_PREDICATE  Node  n  String  JSC_PROPERTY_NAME_FN  childValue  name  namespaceName  rawJsString  s  value  Map  vars  int  c  end  nextSkipSlot  nextSlot  start  type  	projects/Closure80/src/com/google/javascript/jscomp/NodeUtil.java	0.4082482904638631	1264	1264	2	replace	NodeUtil.isFunctionDeclaration(n)||  NodeUtil.isMatchNotFunction(n))  {  return  false;  }	  if(NodeUtil.isFunctionDeclaration(n)||    NodeUtil.isMatchNotFunction(n))    {    return    false;    }    	non-compiled	[CE]  	107	None	replace
435	[BUG]  [BUGGY]  ||  NodeUtil.isMatchNotFunction(n))  {  return  false;  }  [CE]  [FE]                          IllegalStateException      [CONTEXT]      case  Token.LE:  case  Token.GE:  case  Token.IN:  case  Token.INSTANCEOF:  case  Token.NOT:  return  true;  default:      [BUGGY]  ||  NodeUtil.isMatchNotFunction(n))  {  return  false;  }  [BUGGY]      }  }  [CLASS]  NodeUtil  NumbericResultPredicate  BooleanResultPredicate  MayBeStringResultPredicate  VarCollector  MatchNameNode  MatchNodeType  MatchDeclaration  MatchNotFunction  MatchShallowStatement  [METHOD]  isBooleanResultHelper  [RETURN_TYPE]  boolean  Node  n  [VARIABLES]  BooleanResultPredicate  BOOLEAN_RESULT_PREDICATE  Set  BUILTIN_FUNCTIONS_WITHOUT_SIDEEFFECTS  CONSTRUCTORS_WITHOUT_SIDE_EFFECTS  OBJECT_METHODS_WITHOUT_SIDEEFFECTS  REGEXP_METHODS  STRING_REGEXP_METHODS  defines  emptySet  knownConstants  NumbericResultPredicate  NUMBERIC_RESULT_PREDICATE  boolean  MayBeStringResultPredicate  MAY_BE_STRING_PREDICATE  Node  n  String  JSC_PROPERTY_NAME_FN  childValue  name  namespaceName  rawJsString  s  value  Map  vars  int  c  end  nextSkipSlot  nextSlot  start  type  	projects/Closure80/src/com/google/javascript/jscomp/NodeUtil.java	0.4082482904638631	1264	1264	2	replace	||  NodeUtil.isMatchNotFunction(n))  {  return  false;  }	  if(NodeUtil.isFunctionDeclaration(n)||    NodeUtil.isMatchNotFunction(n))    {    return    false;    }    	non-compiled	[CE]  	107	None	replace
436	[BUG]  [BUGGY]  Node  c  =  n.getFirstChild();  c!=  null;  c  =  c.getNext())  {  Node  n  =  c.getNext();  if(n.getType()  ==  Token.FUNCTION)  {  return  false  [CE]  [FE]                            IllegalStateException      [CONTEXT]      case  Token.LE:  case  Token.GE:  case  Token.IN:  case  Token.INSTANCEOF:  case  Token.NOT:  return  true;  default:      [BUGGY]  Node  c  =  n.getFirstChild();  c!=  null;  c  =  c.getNext())  {  Node  n  =  c.getNext();  if(n.getType()  ==  Token.FUNCTION)  {  return  false  [BUGGY]      }  }  [CLASS]  NodeUtil  NumbericResultPredicate  BooleanResultPredicate  MayBeStringResultPredicate  VarCollector  MatchNameNode  MatchNodeType  MatchDeclaration  MatchNotFunction  MatchShallowStatement  [METHOD]  isBooleanResultHelper  [RETURN_TYPE]  boolean  Node  n  [VARIABLES]  BooleanResultPredicate  BOOLEAN_RESULT_PREDICATE  Set  BUILTIN_FUNCTIONS_WITHOUT_SIDEEFFECTS  CONSTRUCTORS_WITHOUT_SIDE_EFFECTS  OBJECT_METHODS_WITHOUT_SIDEEFFECTS  REGEXP_METHODS  STRING_REGEXP_METHODS  defines  emptySet  knownConstants  NumbericResultPredicate  NUMBERIC_RESULT_PREDICATE  boolean  MayBeStringResultPredicate  MAY_BE_STRING_PREDICATE  Node  n  String  JSC_PROPERTY_NAME_FN  childValue  name  namespaceName  rawJsString  s  value  Map  vars  int  c  end  nextSkipSlot  nextSlot  start  type  	projects/Closure80/src/com/google/javascript/jscomp/NodeUtil.java	0.4082482904638631	1264	1264	2	replace	Node  c  =  n.getFirstChild();  c!=  null;  c  =  c.getNext())  {  Node  n  =  c.getNext();  if(n.getType()  ==  Token.FUNCTION)  {  return  false	  for(Node    c    =    n.getFirstChild();    c!=    null;    c    =    c.getNext())    {    Node    n    =    c.getNext();    if(n.getType()    ==    Token.FUNCTION)    {    return    false;    }    	non-compiled	[CE]  	145	None	replace
437	[BUG]  [BUGGY]  for(Node  c  =  n.getFirstChild();  c!=  null;  c  =  c.getNext())  {  Node  n  =  c.getNext();  if(n.getType()  ==  Token.FUNCTION)  {  return  true;  }  [CE]  [FE]                              IllegalStateException      [CONTEXT]      case  Token.LE:  case  Token.GE:  case  Token.IN:  case  Token.INSTANCEOF:  case  Token.NOT:  return  true;  default:      [BUGGY]  for(Node  c  =  n.getFirstChild();  c!=  null;  c  =  c.getNext())  {  Node  n  =  c.getNext();  if(n.getType()  ==  Token.FUNCTION)  {  return  true;  }  [BUGGY]      }  }  [CLASS]  NodeUtil  NumbericResultPredicate  BooleanResultPredicate  MayBeStringResultPredicate  VarCollector  MatchNameNode  MatchNodeType  MatchDeclaration  MatchNotFunction  MatchShallowStatement  [METHOD]  isBooleanResultHelper  [RETURN_TYPE]  boolean  Node  n  [VARIABLES]  BooleanResultPredicate  BOOLEAN_RESULT_PREDICATE  Set  BUILTIN_FUNCTIONS_WITHOUT_SIDEEFFECTS  CONSTRUCTORS_WITHOUT_SIDE_EFFECTS  OBJECT_METHODS_WITHOUT_SIDEEFFECTS  REGEXP_METHODS  STRING_REGEXP_METHODS  defines  emptySet  knownConstants  NumbericResultPredicate  NUMBERIC_RESULT_PREDICATE  boolean  MayBeStringResultPredicate  MAY_BE_STRING_PREDICATE  Node  n  String  JSC_PROPERTY_NAME_FN  childValue  name  namespaceName  rawJsString  s  value  Map  vars  int  c  end  nextSkipSlot  nextSlot  start  type  	projects/Closure80/src/com/google/javascript/jscomp/NodeUtil.java	0.4082482904638631	1264	1264	2	replace	for(Node  c  =  n.getFirstChild();  c!=  null;  c  =  c.getNext())  {  Node  n  =  c.getNext();  if(n.getType()  ==  Token.FUNCTION)  {  return  true;  }	  for(Node    c    =    n.getFirstChild();    c!=    null;    c    =    c.getNext())    {    Node    n    =    c.getNext();    if(n.getType()    ==    Token.FUNCTION)    {    return    false;    }    	non-compiled	[CE]  	145	None	replace
438	[BUG]  [BUGGY]  Node  c  =  n.getFirstChild();  c  ==  null;  c  =  c.getNext())  {  Node  n  =  c.getNext();  if(n.getType()  ==  Token.FUNCTION)  {  return  false;  }  [CE]  [FE]                                IllegalStateException      [CONTEXT]      case  Token.LE:  case  Token.GE:  case  Token.IN:  case  Token.INSTANCEOF:  case  Token.NOT:  return  true;  default:      [BUGGY]  Node  c  =  n.getFirstChild();  c  ==  null;  c  =  c.getNext())  {  Node  n  =  c.getNext();  if(n.getType()  ==  Token.FUNCTION)  {  return  false;  }  [BUGGY]      }  }  [CLASS]  NodeUtil  NumbericResultPredicate  BooleanResultPredicate  MayBeStringResultPredicate  VarCollector  MatchNameNode  MatchNodeType  MatchDeclaration  MatchNotFunction  MatchShallowStatement  [METHOD]  isBooleanResultHelper  [RETURN_TYPE]  boolean  Node  n  [VARIABLES]  BooleanResultPredicate  BOOLEAN_RESULT_PREDICATE  Set  BUILTIN_FUNCTIONS_WITHOUT_SIDEEFFECTS  CONSTRUCTORS_WITHOUT_SIDE_EFFECTS  OBJECT_METHODS_WITHOUT_SIDEEFFECTS  REGEXP_METHODS  STRING_REGEXP_METHODS  defines  emptySet  knownConstants  NumbericResultPredicate  NUMBERIC_RESULT_PREDICATE  boolean  MayBeStringResultPredicate  MAY_BE_STRING_PREDICATE  Node  n  String  JSC_PROPERTY_NAME_FN  childValue  name  namespaceName  rawJsString  s  value  Map  vars  int  c  end  nextSkipSlot  nextSlot  start  type  	projects/Closure80/src/com/google/javascript/jscomp/NodeUtil.java	0.4082482904638631	1264	1264	2	replace	Node  c  =  n.getFirstChild();  c  ==  null;  c  =  c.getNext())  {  Node  n  =  c.getNext();  if(n.getType()  ==  Token.FUNCTION)  {  return  false;  }	  for(Node    c    =    n.getFirstChild();    c!=    null;    c    =    c.getNext())    {    Node    n    =    c.getNext();    if(n.getType()    ==    Token.FUNCTION)    {    return    false;    }    	non-compiled	[CE]  	145	None	replace
439	[BUG]  [BUGGY]  Node  c  =  n.getFirstChild();  c!=  null;  c  =  c.getNext())  {  Node  n  =  c.getNext();  if(n.getType()  ==  Token.FUNCTION)  {  return  true;  }  [CE]  [FE]                                  IllegalStateException      [CONTEXT]      case  Token.LE:  case  Token.GE:  case  Token.IN:  case  Token.INSTANCEOF:  case  Token.NOT:  return  true;  default:      [BUGGY]  Node  c  =  n.getFirstChild();  c!=  null;  c  =  c.getNext())  {  Node  n  =  c.getNext();  if(n.getType()  ==  Token.FUNCTION)  {  return  true;  }  [BUGGY]      }  }  [CLASS]  NodeUtil  NumbericResultPredicate  BooleanResultPredicate  MayBeStringResultPredicate  VarCollector  MatchNameNode  MatchNodeType  MatchDeclaration  MatchNotFunction  MatchShallowStatement  [METHOD]  isBooleanResultHelper  [RETURN_TYPE]  boolean  Node  n  [VARIABLES]  BooleanResultPredicate  BOOLEAN_RESULT_PREDICATE  Set  BUILTIN_FUNCTIONS_WITHOUT_SIDEEFFECTS  CONSTRUCTORS_WITHOUT_SIDE_EFFECTS  OBJECT_METHODS_WITHOUT_SIDEEFFECTS  REGEXP_METHODS  STRING_REGEXP_METHODS  defines  emptySet  knownConstants  NumbericResultPredicate  NUMBERIC_RESULT_PREDICATE  boolean  MayBeStringResultPredicate  MAY_BE_STRING_PREDICATE  Node  n  String  JSC_PROPERTY_NAME_FN  childValue  name  namespaceName  rawJsString  s  value  Map  vars  int  c  end  nextSkipSlot  nextSlot  start  type  	projects/Closure80/src/com/google/javascript/jscomp/NodeUtil.java	0.4082482904638631	1264	1264	2	replace	Node  c  =  n.getFirstChild();  c!=  null;  c  =  c.getNext())  {  Node  n  =  c.getNext();  if(n.getType()  ==  Token.FUNCTION)  {  return  true;  }	  for(Node    c    =    n.getFirstChild();    c!=    null;    c    =    c.getNext())    {    Node    n    =    c.getNext();    if(n.getType()    ==    Token.FUNCTION)    {    return    false;    }    	non-compiled	[CE]  	145	None	replace
440	[BUG]  [BUGGY]  ||  NodeUtil.isFunctionBoolean(n))  {  return  true;  }  [CE]  [FE]                      IllegalStateException      [CONTEXT]      case  Token.LE:  case  Token.GE:  case  Token.IN:  case  Token.INSTANCEOF:  case  Token.NOT:  return  true;  default:      [BUGGY]  ||  NodeUtil.isFunctionBoolean(n))  {  return  true;  }  [BUGGY]      }  }  [CLASS]  NodeUtil  NumbericResultPredicate  BooleanResultPredicate  MayBeStringResultPredicate  VarCollector  MatchNameNode  MatchNodeType  MatchDeclaration  MatchNotFunction  MatchShallowStatement  [METHOD]  isBooleanResultHelper  [RETURN_TYPE]  boolean  Node  n  [VARIABLES]  BooleanResultPredicate  BOOLEAN_RESULT_PREDICATE  Set  BUILTIN_FUNCTIONS_WITHOUT_SIDEEFFECTS  CONSTRUCTORS_WITHOUT_SIDE_EFFECTS  OBJECT_METHODS_WITHOUT_SIDEEFFECTS  REGEXP_METHODS  STRING_REGEXP_METHODS  defines  emptySet  knownConstants  NumbericResultPredicate  NUMBERIC_RESULT_PREDICATE  boolean  MayBeStringResultPredicate  MAY_BE_STRING_PREDICATE  Node  n  String  JSC_PROPERTY_NAME_FN  childValue  name  namespaceName  rawJsString  s  value  Map  vars  int  c  end  nextSkipSlot  nextSlot  start  type  	projects/Closure80/src/com/google/javascript/jscomp/NodeUtil.java	0.4082482904638631	1264	1264	2	replace	||  NodeUtil.isFunctionBoolean(n))  {  return  true;  }	  ||    NodeUtil.isFunctionBoolean(n))    {    return    false;    }    	non-compiled	[CE]  	79	None	replace
441	[BUG]  [BUGGY]  ||  NodeUtil.isFunctionBoolean(n)||!NodeUtil.mayHaveSideEffects(n))  {  return  false;  }  [CE]  [FE]                        IllegalStateException      [CONTEXT]      case  Token.LE:  case  Token.GE:  case  Token.IN:  case  Token.INSTANCEOF:  case  Token.NOT:  return  true;  default:      [BUGGY]  ||  NodeUtil.isFunctionBoolean(n)||!NodeUtil.mayHaveSideEffects(n))  {  return  false;  }  [BUGGY]      }  }  [CLASS]  NodeUtil  NumbericResultPredicate  BooleanResultPredicate  MayBeStringResultPredicate  VarCollector  MatchNameNode  MatchNodeType  MatchDeclaration  MatchNotFunction  MatchShallowStatement  [METHOD]  isBooleanResultHelper  [RETURN_TYPE]  boolean  Node  n  [VARIABLES]  BooleanResultPredicate  BOOLEAN_RESULT_PREDICATE  Set  BUILTIN_FUNCTIONS_WITHOUT_SIDEEFFECTS  CONSTRUCTORS_WITHOUT_SIDE_EFFECTS  OBJECT_METHODS_WITHOUT_SIDEEFFECTS  REGEXP_METHODS  STRING_REGEXP_METHODS  defines  emptySet  knownConstants  NumbericResultPredicate  NUMBERIC_RESULT_PREDICATE  boolean  MayBeStringResultPredicate  MAY_BE_STRING_PREDICATE  Node  n  String  JSC_PROPERTY_NAME_FN  childValue  name  namespaceName  rawJsString  s  value  Map  vars  int  c  end  nextSkipSlot  nextSlot  start  type  	projects/Closure80/src/com/google/javascript/jscomp/NodeUtil.java	0.4082482904638631	1264	1264	2	replace	||  NodeUtil.isFunctionBoolean(n)||!NodeUtil.mayHaveSideEffects(n))  {  return  false;  }	  ||    NodeUtil.isFunctionBoolean(n))    {    return    false;    }    	non-compiled	[CE]  	79	None	replace
442	[BUG]  [BUGGY]  ||  NodeUtil.isFunctionBoolean(n)||  n.getType()  ==  Token.FUNCTION)  {  return  false;  }  [CE]  [FE]                          IllegalStateException      [CONTEXT]      case  Token.LE:  case  Token.GE:  case  Token.IN:  case  Token.INSTANCEOF:  case  Token.NOT:  return  true;  default:      [BUGGY]  ||  NodeUtil.isFunctionBoolean(n)||  n.getType()  ==  Token.FUNCTION)  {  return  false;  }  [BUGGY]      }  }  [CLASS]  NodeUtil  NumbericResultPredicate  BooleanResultPredicate  MayBeStringResultPredicate  VarCollector  MatchNameNode  MatchNodeType  MatchDeclaration  MatchNotFunction  MatchShallowStatement  [METHOD]  isBooleanResultHelper  [RETURN_TYPE]  boolean  Node  n  [VARIABLES]  BooleanResultPredicate  BOOLEAN_RESULT_PREDICATE  Set  BUILTIN_FUNCTIONS_WITHOUT_SIDEEFFECTS  CONSTRUCTORS_WITHOUT_SIDE_EFFECTS  OBJECT_METHODS_WITHOUT_SIDEEFFECTS  REGEXP_METHODS  STRING_REGEXP_METHODS  defines  emptySet  knownConstants  NumbericResultPredicate  NUMBERIC_RESULT_PREDICATE  boolean  MayBeStringResultPredicate  MAY_BE_STRING_PREDICATE  Node  n  String  JSC_PROPERTY_NAME_FN  childValue  name  namespaceName  rawJsString  s  value  Map  vars  int  c  end  nextSkipSlot  nextSlot  start  type  	projects/Closure80/src/com/google/javascript/jscomp/NodeUtil.java	0.4082482904638631	1264	1264	2	replace	||  NodeUtil.isFunctionBoolean(n)||  n.getType()  ==  Token.FUNCTION)  {  return  false;  }	  ||    NodeUtil.isFunctionBoolean(n))    {    return    false;    }    	non-compiled	[CE]  	79	None	replace
443	[BUG]  [BUGGY]  ||  NodeUtil.isFunctionBoolean(n)||!NodeUtil.isAssignmentOp(n))  {  return  false;  }  [CE]  [FE]                            IllegalStateException      [CONTEXT]      case  Token.LE:  case  Token.GE:  case  Token.IN:  case  Token.INSTANCEOF:  case  Token.NOT:  return  true;  default:      [BUGGY]  ||  NodeUtil.isFunctionBoolean(n)||!NodeUtil.isAssignmentOp(n))  {  return  false;  }  [BUGGY]      }  }  [CLASS]  NodeUtil  NumbericResultPredicate  BooleanResultPredicate  MayBeStringResultPredicate  VarCollector  MatchNameNode  MatchNodeType  MatchDeclaration  MatchNotFunction  MatchShallowStatement  [METHOD]  isBooleanResultHelper  [RETURN_TYPE]  boolean  Node  n  [VARIABLES]  BooleanResultPredicate  BOOLEAN_RESULT_PREDICATE  Set  BUILTIN_FUNCTIONS_WITHOUT_SIDEEFFECTS  CONSTRUCTORS_WITHOUT_SIDE_EFFECTS  OBJECT_METHODS_WITHOUT_SIDEEFFECTS  REGEXP_METHODS  STRING_REGEXP_METHODS  defines  emptySet  knownConstants  NumbericResultPredicate  NUMBERIC_RESULT_PREDICATE  boolean  MayBeStringResultPredicate  MAY_BE_STRING_PREDICATE  Node  n  String  JSC_PROPERTY_NAME_FN  childValue  name  namespaceName  rawJsString  s  value  Map  vars  int  c  end  nextSkipSlot  nextSlot  start  type  	projects/Closure80/src/com/google/javascript/jscomp/NodeUtil.java	0.4082482904638631	1264	1264	2	replace	||  NodeUtil.isFunctionBoolean(n)||!NodeUtil.isAssignmentOp(n))  {  return  false;  }	  ||    NodeUtil.isFunctionBoolean(n))    {    return    false;    }    	non-compiled	[CE]  	79	None	replace
444	[BUG]  [BUGGY]  if(NodeUtil.isName(n)&&  NodeUtil.isFunctionAnonymous(n))  {  return  true;  }  [CE]  [FE]                  IllegalStateException      [CONTEXT]      case  Token.LE:  case  Token.GE:  case  Token.IN:  case  Token.INSTANCEOF:  case  Token.NOT:  return  true;  default:      [BUGGY]  if(NodeUtil.isName(n)&&  NodeUtil.isFunctionAnonymous(n))  {  return  true;  }  [BUGGY]      }  }  [CLASS]  NodeUtil  NumbericResultPredicate  BooleanResultPredicate  MayBeStringResultPredicate  VarCollector  MatchNameNode  MatchNodeType  MatchDeclaration  MatchNotFunction  MatchShallowStatement  [METHOD]  isBooleanResultHelper  [RETURN_TYPE]  boolean  Node  n  [VARIABLES]  BooleanResultPredicate  BOOLEAN_RESULT_PREDICATE  Set  BUILTIN_FUNCTIONS_WITHOUT_SIDEEFFECTS  CONSTRUCTORS_WITHOUT_SIDE_EFFECTS  OBJECT_METHODS_WITHOUT_SIDEEFFECTS  REGEXP_METHODS  STRING_REGEXP_METHODS  defines  emptySet  knownConstants  NumbericResultPredicate  NUMBERIC_RESULT_PREDICATE  boolean  MayBeStringResultPredicate  MAY_BE_STRING_PREDICATE  Node  n  String  JSC_PROPERTY_NAME_FN  childValue  name  namespaceName  rawJsString  s  value  Map  vars  int  c  end  nextSkipSlot  nextSlot  start  type  	projects/Closure80/src/com/google/javascript/jscomp/NodeUtil.java	0.4082482904638631	1264	1264	2	replace	if(NodeUtil.isName(n)&&  NodeUtil.isFunctionAnonymous(n))  {  return  true;  }	  if(NodeUtil.isName(n)||    NodeUtil.isFunctionAnonymous(n))    {    return    true;    }    	non-compiled	[CE]  	160	None	replace
445	[BUG]  [BUGGY]  NodeUtil.isName(n)&&  NodeUtil.isFunctionAnonymous(n))  {  return  true;  }  [CE]  [FE]                    IllegalStateException      [CONTEXT]      case  Token.LE:  case  Token.GE:  case  Token.IN:  case  Token.INSTANCEOF:  case  Token.NOT:  return  true;  default:      [BUGGY]  NodeUtil.isName(n)&&  NodeUtil.isFunctionAnonymous(n))  {  return  true;  }  [BUGGY]      }  }  [CLASS]  NodeUtil  NumbericResultPredicate  BooleanResultPredicate  MayBeStringResultPredicate  VarCollector  MatchNameNode  MatchNodeType  MatchDeclaration  MatchNotFunction  MatchShallowStatement  [METHOD]  isBooleanResultHelper  [RETURN_TYPE]  boolean  Node  n  [VARIABLES]  BooleanResultPredicate  BOOLEAN_RESULT_PREDICATE  Set  BUILTIN_FUNCTIONS_WITHOUT_SIDEEFFECTS  CONSTRUCTORS_WITHOUT_SIDE_EFFECTS  OBJECT_METHODS_WITHOUT_SIDEEFFECTS  REGEXP_METHODS  STRING_REGEXP_METHODS  defines  emptySet  knownConstants  NumbericResultPredicate  NUMBERIC_RESULT_PREDICATE  boolean  MayBeStringResultPredicate  MAY_BE_STRING_PREDICATE  Node  n  String  JSC_PROPERTY_NAME_FN  childValue  name  namespaceName  rawJsString  s  value  Map  vars  int  c  end  nextSkipSlot  nextSlot  start  type  	projects/Closure80/src/com/google/javascript/jscomp/NodeUtil.java	0.4082482904638631	1264	1264	2	replace	NodeUtil.isName(n)&&  NodeUtil.isFunctionAnonymous(n))  {  return  true;  }	  if(NodeUtil.isName(n)||    NodeUtil.isFunctionAnonymous(n))    {    return    true;    }    	non-compiled	[CE]  	160	None	replace
446	[BUG]  [BUGGY]  Preconditions.checkState(NodeUtil.isName(n)||  NodeUtil.isFunctionAnonymous(n))  {  return  true;  }  [CE]  [FE]                      IllegalStateException      [CONTEXT]      case  Token.LE:  case  Token.GE:  case  Token.IN:  case  Token.INSTANCEOF:  case  Token.NOT:  return  true;  default:      [BUGGY]  Preconditions.checkState(NodeUtil.isName(n)||  NodeUtil.isFunctionAnonymous(n))  {  return  true;  }  [BUGGY]      }  }  [CLASS]  NodeUtil  NumbericResultPredicate  BooleanResultPredicate  MayBeStringResultPredicate  VarCollector  MatchNameNode  MatchNodeType  MatchDeclaration  MatchNotFunction  MatchShallowStatement  [METHOD]  isBooleanResultHelper  [RETURN_TYPE]  boolean  Node  n  [VARIABLES]  BooleanResultPredicate  BOOLEAN_RESULT_PREDICATE  Set  BUILTIN_FUNCTIONS_WITHOUT_SIDEEFFECTS  CONSTRUCTORS_WITHOUT_SIDE_EFFECTS  OBJECT_METHODS_WITHOUT_SIDEEFFECTS  REGEXP_METHODS  STRING_REGEXP_METHODS  defines  emptySet  knownConstants  NumbericResultPredicate  NUMBERIC_RESULT_PREDICATE  boolean  MayBeStringResultPredicate  MAY_BE_STRING_PREDICATE  Node  n  String  JSC_PROPERTY_NAME_FN  childValue  name  namespaceName  rawJsString  s  value  Map  vars  int  c  end  nextSkipSlot  nextSlot  start  type  	projects/Closure80/src/com/google/javascript/jscomp/NodeUtil.java	0.4082482904638631	1264	1264	2	replace	Preconditions.checkState(NodeUtil.isName(n)||  NodeUtil.isFunctionAnonymous(n))  {  return  true;  }	  if(NodeUtil.isName(n)||    NodeUtil.isFunctionAnonymous(n))    {    return    true;    }    	non-compiled	[CE]  	160	None	replace
447	[BUG]  [BUGGY]  n.setString(JSC_PROPERTY_NAME_FN);  return  null;  [CE]  [FE]                              IllegalStateException      [CONTEXT]      case  Token.LE:  case  Token.GE:  case  Token.IN:  case  Token.INSTANCEOF:  case  Token.NOT:  return  true;  default:      [BUGGY]  n.setString(JSC_PROPERTY_NAME_FN);  return  null;  [BUGGY]      }  }  [CLASS]  NodeUtil  NumbericResultPredicate  BooleanResultPredicate  MayBeStringResultPredicate  VarCollector  MatchNameNode  MatchNodeType  MatchDeclaration  MatchNotFunction  MatchShallowStatement  [METHOD]  isBooleanResultHelper  [RETURN_TYPE]  boolean  Node  n  [VARIABLES]  BooleanResultPredicate  BOOLEAN_RESULT_PREDICATE  Set  BUILTIN_FUNCTIONS_WITHOUT_SIDEEFFECTS  CONSTRUCTORS_WITHOUT_SIDE_EFFECTS  OBJECT_METHODS_WITHOUT_SIDEEFFECTS  REGEXP_METHODS  STRING_REGEXP_METHODS  defines  emptySet  knownConstants  NumbericResultPredicate  NUMBERIC_RESULT_PREDICATE  boolean  MayBeStringResultPredicate  MAY_BE_STRING_PREDICATE  Node  n  String  JSC_PROPERTY_NAME_FN  childValue  name  namespaceName  rawJsString  s  value  Map  vars  int  c  end  nextSkipSlot  nextSlot  start  type  	projects/Closure80/src/com/google/javascript/jscomp/NodeUtil.java	0.4082482904638631	1264	1264	2	replace	n.setString(JSC_PROPERTY_NAME_FN);  return  null;	  n.setString(JSC_PROPERTY_NAME_FN);    return    true;    	non-compiled	[CE]  	70	None	replace
448	[BUG]  [BUGGY]  n.setString(JS_PROPERTY_NAME_FN);  return  false;  [CE]  [FE]                                IllegalStateException      [CONTEXT]      case  Token.LE:  case  Token.GE:  case  Token.IN:  case  Token.INSTANCEOF:  case  Token.NOT:  return  true;  default:      [BUGGY]  n.setString(JS_PROPERTY_NAME_FN);  return  false;  [BUGGY]      }  }  [CLASS]  NodeUtil  NumbericResultPredicate  BooleanResultPredicate  MayBeStringResultPredicate  VarCollector  MatchNameNode  MatchNodeType  MatchDeclaration  MatchNotFunction  MatchShallowStatement  [METHOD]  isBooleanResultHelper  [RETURN_TYPE]  boolean  Node  n  [VARIABLES]  BooleanResultPredicate  BOOLEAN_RESULT_PREDICATE  Set  BUILTIN_FUNCTIONS_WITHOUT_SIDEEFFECTS  CONSTRUCTORS_WITHOUT_SIDE_EFFECTS  OBJECT_METHODS_WITHOUT_SIDEEFFECTS  REGEXP_METHODS  STRING_REGEXP_METHODS  defines  emptySet  knownConstants  NumbericResultPredicate  NUMBERIC_RESULT_PREDICATE  boolean  MayBeStringResultPredicate  MAY_BE_STRING_PREDICATE  Node  n  String  JSC_PROPERTY_NAME_FN  childValue  name  namespaceName  rawJsString  s  value  Map  vars  int  c  end  nextSkipSlot  nextSlot  start  type  	projects/Closure80/src/com/google/javascript/jscomp/NodeUtil.java	0.4082482904638631	1264	1264	2	replace	n.setString(JS_PROPERTY_NAME_FN);  return  false;	  n.setString(JSC_PROPERTY_NAME_FN);    return    true;    	non-compiled	[CE]  	70	None	replace
449	[BUG]  [BUGGY]  NodeTraversal.traverse(compiler,  n,  this);  [CE]  [FE]                                  IllegalStateException      [CONTEXT]      case  Token.LE:  case  Token.GE:  case  Token.IN:  case  Token.INSTANCEOF:  case  Token.NOT:  return  true;  default:      [BUGGY]  NodeTraversal.traverse(compiler,  n,  this);  [BUGGY]      }  }  [CLASS]  NodeUtil  NumbericResultPredicate  BooleanResultPredicate  MayBeStringResultPredicate  VarCollector  MatchNameNode  MatchNodeType  MatchDeclaration  MatchNotFunction  MatchShallowStatement  [METHOD]  isBooleanResultHelper  [RETURN_TYPE]  boolean  Node  n  [VARIABLES]  BooleanResultPredicate  BOOLEAN_RESULT_PREDICATE  Set  BUILTIN_FUNCTIONS_WITHOUT_SIDEEFFECTS  CONSTRUCTORS_WITHOUT_SIDE_EFFECTS  OBJECT_METHODS_WITHOUT_SIDEEFFECTS  REGEXP_METHODS  STRING_REGEXP_METHODS  defines  emptySet  knownConstants  NumbericResultPredicate  NUMBERIC_RESULT_PREDICATE  boolean  MayBeStringResultPredicate  MAY_BE_STRING_PREDICATE  Node  n  String  JSC_PROPERTY_NAME_FN  childValue  name  namespaceName  rawJsString  s  value  Map  vars  int  c  end  nextSkipSlot  nextSlot  start  type  	projects/Closure80/src/com/google/javascript/jscomp/NodeUtil.java	0.4082482904638631	1264	1264	2	replace	NodeTraversal.traverse(compiler,  n,  this);	  for(Node    c    =    n.getFirstChild();    c!=    null;    c    =    c.getNext())    {    NodeTraversal.traverse(compiler,    n,    this);    }    	non-compiled	[CE]  	148	None	replace
450	[BUG]  [BUGGY]  For(Node  c  =  n.getFirstChild();  c!=  null;  c  =  c.getNext())  {  NodeTraversal.traverse(compiler,  n,  this);  }  [CE]  [FE]                                    IllegalStateException      [CONTEXT]      case  Token.LE:  case  Token.GE:  case  Token.IN:  case  Token.INSTANCEOF:  case  Token.NOT:  return  true;  default:      [BUGGY]  For(Node  c  =  n.getFirstChild();  c!=  null;  c  =  c.getNext())  {  NodeTraversal.traverse(compiler,  n,  this);  }  [BUGGY]      }  }  [CLASS]  NodeUtil  NumbericResultPredicate  BooleanResultPredicate  MayBeStringResultPredicate  VarCollector  MatchNameNode  MatchNodeType  MatchDeclaration  MatchNotFunction  MatchShallowStatement  [METHOD]  isBooleanResultHelper  [RETURN_TYPE]  boolean  Node  n  [VARIABLES]  BooleanResultPredicate  BOOLEAN_RESULT_PREDICATE  Set  BUILTIN_FUNCTIONS_WITHOUT_SIDEEFFECTS  CONSTRUCTORS_WITHOUT_SIDE_EFFECTS  OBJECT_METHODS_WITHOUT_SIDEEFFECTS  REGEXP_METHODS  STRING_REGEXP_METHODS  defines  emptySet  knownConstants  NumbericResultPredicate  NUMBERIC_RESULT_PREDICATE  boolean  MayBeStringResultPredicate  MAY_BE_STRING_PREDICATE  Node  n  String  JSC_PROPERTY_NAME_FN  childValue  name  namespaceName  rawJsString  s  value  Map  vars  int  c  end  nextSkipSlot  nextSlot  start  type  	projects/Closure80/src/com/google/javascript/jscomp/NodeUtil.java	0.4082482904638631	1264	1264	2	replace	For(Node  c  =  n.getFirstChild();  c!=  null;  c  =  c.getNext())  {  NodeTraversal.traverse(compiler,  n,  this);  }	  for(Node    c    =    n.getFirstChild();    c!=    null;    c    =    c.getNext())    {    NodeTraversal.traverse(compiler,    n,    this);    }    	non-compiled	[CE]  	148	None	replace
451	[BUG]  [BUGGY]  Node  c  =  n.getFirstChild();  c!=  null;  c  =  c.getNext())  {  NodeTraversal.traverse(compiler,  n,  this);  }  [CE]  [FE]                                      IllegalStateException      [CONTEXT]      case  Token.LE:  case  Token.GE:  case  Token.IN:  case  Token.INSTANCEOF:  case  Token.NOT:  return  true;  default:      [BUGGY]  Node  c  =  n.getFirstChild();  c!=  null;  c  =  c.getNext())  {  NodeTraversal.traverse(compiler,  n,  this);  }  [BUGGY]      }  }  [CLASS]  NodeUtil  NumbericResultPredicate  BooleanResultPredicate  MayBeStringResultPredicate  VarCollector  MatchNameNode  MatchNodeType  MatchDeclaration  MatchNotFunction  MatchShallowStatement  [METHOD]  isBooleanResultHelper  [RETURN_TYPE]  boolean  Node  n  [VARIABLES]  BooleanResultPredicate  BOOLEAN_RESULT_PREDICATE  Set  BUILTIN_FUNCTIONS_WITHOUT_SIDEEFFECTS  CONSTRUCTORS_WITHOUT_SIDE_EFFECTS  OBJECT_METHODS_WITHOUT_SIDEEFFECTS  REGEXP_METHODS  STRING_REGEXP_METHODS  defines  emptySet  knownConstants  NumbericResultPredicate  NUMBERIC_RESULT_PREDICATE  boolean  MayBeStringResultPredicate  MAY_BE_STRING_PREDICATE  Node  n  String  JSC_PROPERTY_NAME_FN  childValue  name  namespaceName  rawJsString  s  value  Map  vars  int  c  end  nextSkipSlot  nextSlot  start  type  	projects/Closure80/src/com/google/javascript/jscomp/NodeUtil.java	0.4082482904638631	1264	1264	2	replace	Node  c  =  n.getFirstChild();  c!=  null;  c  =  c.getNext())  {  NodeTraversal.traverse(compiler,  n,  this);  }	  for(Node    c    =    n.getFirstChild();    c!=    null;    c    =    c.getNext())    {    NodeTraversal.traverse(compiler,    n,    this);    }    	non-compiled	[CE]  	148	None	replace
452	[BUG]  [BUGGY]  for(Node  c  =  n.getLastChild();  c!=  null;  c  =  c.getNext())  {  NodeTraversal.traverse(compiler,  n,  this);  }  [CE]  [FE]                                        IllegalStateException      [CONTEXT]      case  Token.LE:  case  Token.GE:  case  Token.IN:  case  Token.INSTANCEOF:  case  Token.NOT:  return  true;  default:      [BUGGY]  for(Node  c  =  n.getLastChild();  c!=  null;  c  =  c.getNext())  {  NodeTraversal.traverse(compiler,  n,  this);  }  [BUGGY]      }  }  [CLASS]  NodeUtil  NumbericResultPredicate  BooleanResultPredicate  MayBeStringResultPredicate  VarCollector  MatchNameNode  MatchNodeType  MatchDeclaration  MatchNotFunction  MatchShallowStatement  [METHOD]  isBooleanResultHelper  [RETURN_TYPE]  boolean  Node  n  [VARIABLES]  BooleanResultPredicate  BOOLEAN_RESULT_PREDICATE  Set  BUILTIN_FUNCTIONS_WITHOUT_SIDEEFFECTS  CONSTRUCTORS_WITHOUT_SIDE_EFFECTS  OBJECT_METHODS_WITHOUT_SIDEEFFECTS  REGEXP_METHODS  STRING_REGEXP_METHODS  defines  emptySet  knownConstants  NumbericResultPredicate  NUMBERIC_RESULT_PREDICATE  boolean  MayBeStringResultPredicate  MAY_BE_STRING_PREDICATE  Node  n  String  JSC_PROPERTY_NAME_FN  childValue  name  namespaceName  rawJsString  s  value  Map  vars  int  c  end  nextSkipSlot  nextSlot  start  type  	projects/Closure80/src/com/google/javascript/jscomp/NodeUtil.java	0.4082482904638631	1264	1264	2	replace	for(Node  c  =  n.getLastChild();  c!=  null;  c  =  c.getNext())  {  NodeTraversal.traverse(compiler,  n,  this);  }	  for(Node    c    =    n.getFirstChild();    c!=    null;    c    =    c.getNext())    {    NodeTraversal.traverse(compiler,    n,    this);    }    	non-compiled	[CE]  	148	None	replace
453	[BUG]  [BUGGY]  if(n.getType()  ==  Token.CALL  ||  n.getType()  ==  Token.NAME)  {  return  false;  }  [CE]  [FE]                IllegalStateException      [CONTEXT]      case  Token.LE:  case  Token.GE:  case  Token.IN:  case  Token.INSTANCEOF:  case  Token.NOT:  return  true;  default:      [BUGGY]  if(n.getType()  ==  Token.CALL  ||  n.getType()  ==  Token.NAME)  {  return  false;  }  [BUGGY]      }  }  [CLASS]  NodeUtil  NumbericResultPredicate  BooleanResultPredicate  MayBeStringResultPredicate  VarCollector  MatchNameNode  MatchNodeType  MatchDeclaration  MatchNotFunction  MatchShallowStatement  [METHOD]  isBooleanResultHelper  [RETURN_TYPE]  boolean  Node  n  [VARIABLES]  BooleanResultPredicate  BOOLEAN_RESULT_PREDICATE  Set  BUILTIN_FUNCTIONS_WITHOUT_SIDEEFFECTS  CONSTRUCTORS_WITHOUT_SIDE_EFFECTS  OBJECT_METHODS_WITHOUT_SIDEEFFECTS  REGEXP_METHODS  STRING_REGEXP_METHODS  defines  emptySet  knownConstants  NumbericResultPredicate  NUMBERIC_RESULT_PREDICATE  boolean  MayBeStringResultPredicate  MAY_BE_STRING_PREDICATE  Node  n  String  JSC_PROPERTY_NAME_FN  childValue  name  namespaceName  rawJsString  s  value  Map  vars  int  c  end  nextSkipSlot  nextSlot  start  type  	projects/Closure80/src/com/google/javascript/jscomp/NodeUtil.java	0.4082482904638631	1264	1264	2	replace	if(n.getType()  ==  Token.CALL  ||  n.getType()  ==  Token.NAME)  {  return  false;  }	  if(n.getType()    ==    Token.CALL)    {    return    false;    }    	non-compiled	[CE]  	136	None	replace
454	[BUG]  [BUGGY]  if(n.getType()  ==  Token.CALL  ||  n.getType()  ==  Token.FUNCTION)  {  return  false;  }  [CE]  [FE]                  IllegalStateException      [CONTEXT]      case  Token.LE:  case  Token.GE:  case  Token.IN:  case  Token.INSTANCEOF:  case  Token.NOT:  return  true;  default:      [BUGGY]  if(n.getType()  ==  Token.CALL  ||  n.getType()  ==  Token.FUNCTION)  {  return  false;  }  [BUGGY]      }  }  [CLASS]  NodeUtil  NumbericResultPredicate  BooleanResultPredicate  MayBeStringResultPredicate  VarCollector  MatchNameNode  MatchNodeType  MatchDeclaration  MatchNotFunction  MatchShallowStatement  [METHOD]  isBooleanResultHelper  [RETURN_TYPE]  boolean  Node  n  [VARIABLES]  BooleanResultPredicate  BOOLEAN_RESULT_PREDICATE  Set  BUILTIN_FUNCTIONS_WITHOUT_SIDEEFFECTS  CONSTRUCTORS_WITHOUT_SIDE_EFFECTS  OBJECT_METHODS_WITHOUT_SIDEEFFECTS  REGEXP_METHODS  STRING_REGEXP_METHODS  defines  emptySet  knownConstants  NumbericResultPredicate  NUMBERIC_RESULT_PREDICATE  boolean  MayBeStringResultPredicate  MAY_BE_STRING_PREDICATE  Node  n  String  JSC_PROPERTY_NAME_FN  childValue  name  namespaceName  rawJsString  s  value  Map  vars  int  c  end  nextSkipSlot  nextSlot  start  type  	projects/Closure80/src/com/google/javascript/jscomp/NodeUtil.java	0.4082482904638631	1264	1264	2	replace	if(n.getType()  ==  Token.CALL  ||  n.getType()  ==  Token.FUNCTION)  {  return  false;  }	  if(n.getType()    ==    Token.CALL)    {    return    false;    }    	non-compiled	[CE]  	136	None	replace
455	[BUG]  [BUGGY]  if(n.getType()  ==  Token.CALL  &&!NodeUtil.isFunctionDeclaration(n))  {  return  false;  }  [CE]  [FE]                    IllegalStateException      [CONTEXT]      case  Token.LE:  case  Token.GE:  case  Token.IN:  case  Token.INSTANCEOF:  case  Token.NOT:  return  true;  default:      [BUGGY]  if(n.getType()  ==  Token.CALL  &&!NodeUtil.isFunctionDeclaration(n))  {  return  false;  }  [BUGGY]      }  }  [CLASS]  NodeUtil  NumbericResultPredicate  BooleanResultPredicate  MayBeStringResultPredicate  VarCollector  MatchNameNode  MatchNodeType  MatchDeclaration  MatchNotFunction  MatchShallowStatement  [METHOD]  isBooleanResultHelper  [RETURN_TYPE]  boolean  Node  n  [VARIABLES]  BooleanResultPredicate  BOOLEAN_RESULT_PREDICATE  Set  BUILTIN_FUNCTIONS_WITHOUT_SIDEEFFECTS  CONSTRUCTORS_WITHOUT_SIDE_EFFECTS  OBJECT_METHODS_WITHOUT_SIDEEFFECTS  REGEXP_METHODS  STRING_REGEXP_METHODS  defines  emptySet  knownConstants  NumbericResultPredicate  NUMBERIC_RESULT_PREDICATE  boolean  MayBeStringResultPredicate  MAY_BE_STRING_PREDICATE  Node  n  String  JSC_PROPERTY_NAME_FN  childValue  name  namespaceName  rawJsString  s  value  Map  vars  int  c  end  nextSkipSlot  nextSlot  start  type  	projects/Closure80/src/com/google/javascript/jscomp/NodeUtil.java	0.4082482904638631	1264	1264	2	replace	if(n.getType()  ==  Token.CALL  &&!NodeUtil.isFunctionDeclaration(n))  {  return  false;  }	  if(n.getType()    ==    Token.CALL)    {    return    false;    }    	non-compiled	[CE]  	136	None	replace
456	[BUG]  [BUGGY]  if(n.getType()  ==  Token.CALL  ||  n.getType()  ==  Token.GETPROP)  {  return  false;  }  [CE]  [FE]                      IllegalStateException      [CONTEXT]      case  Token.LE:  case  Token.GE:  case  Token.IN:  case  Token.INSTANCEOF:  case  Token.NOT:  return  true;  default:      [BUGGY]  if(n.getType()  ==  Token.CALL  ||  n.getType()  ==  Token.GETPROP)  {  return  false;  }  [BUGGY]      }  }  [CLASS]  NodeUtil  NumbericResultPredicate  BooleanResultPredicate  MayBeStringResultPredicate  VarCollector  MatchNameNode  MatchNodeType  MatchDeclaration  MatchNotFunction  MatchShallowStatement  [METHOD]  isBooleanResultHelper  [RETURN_TYPE]  boolean  Node  n  [VARIABLES]  BooleanResultPredicate  BOOLEAN_RESULT_PREDICATE  Set  BUILTIN_FUNCTIONS_WITHOUT_SIDEEFFECTS  CONSTRUCTORS_WITHOUT_SIDE_EFFECTS  OBJECT_METHODS_WITHOUT_SIDEEFFECTS  REGEXP_METHODS  STRING_REGEXP_METHODS  defines  emptySet  knownConstants  NumbericResultPredicate  NUMBERIC_RESULT_PREDICATE  boolean  MayBeStringResultPredicate  MAY_BE_STRING_PREDICATE  Node  n  String  JSC_PROPERTY_NAME_FN  childValue  name  namespaceName  rawJsString  s  value  Map  vars  int  c  end  nextSkipSlot  nextSlot  start  type  	projects/Closure80/src/com/google/javascript/jscomp/NodeUtil.java	0.4082482904638631	1264	1264	2	replace	if(n.getType()  ==  Token.CALL  ||  n.getType()  ==  Token.GETPROP)  {  return  false;  }	  if(n.getType()    ==    Token.CALL)    {    return    false;    }    	non-compiled	[CE]  	136	None	replace
457	[BUG]  [BUGGY]  if(n.getType()  ==  Token.CALL  &&!NodeUtil.isFunctionAnonymous(n))  {  return  false;  }  [CE]  [FE]                        IllegalStateException      [CONTEXT]      case  Token.LE:  case  Token.GE:  case  Token.IN:  case  Token.INSTANCEOF:  case  Token.NOT:  return  true;  default:      [BUGGY]  if(n.getType()  ==  Token.CALL  &&!NodeUtil.isFunctionAnonymous(n))  {  return  false;  }  [BUGGY]      }  }  [CLASS]  NodeUtil  NumbericResultPredicate  BooleanResultPredicate  MayBeStringResultPredicate  VarCollector  MatchNameNode  MatchNodeType  MatchDeclaration  MatchNotFunction  MatchShallowStatement  [METHOD]  isBooleanResultHelper  [RETURN_TYPE]  boolean  Node  n  [VARIABLES]  BooleanResultPredicate  BOOLEAN_RESULT_PREDICATE  Set  BUILTIN_FUNCTIONS_WITHOUT_SIDEEFFECTS  CONSTRUCTORS_WITHOUT_SIDE_EFFECTS  OBJECT_METHODS_WITHOUT_SIDEEFFECTS  REGEXP_METHODS  STRING_REGEXP_METHODS  defines  emptySet  knownConstants  NumbericResultPredicate  NUMBERIC_RESULT_PREDICATE  boolean  MayBeStringResultPredicate  MAY_BE_STRING_PREDICATE  Node  n  String  JSC_PROPERTY_NAME_FN  childValue  name  namespaceName  rawJsString  s  value  Map  vars  int  c  end  nextSkipSlot  nextSlot  start  type  	projects/Closure80/src/com/google/javascript/jscomp/NodeUtil.java	0.4082482904638631	1264	1264	2	replace	if(n.getType()  ==  Token.CALL  &&!NodeUtil.isFunctionAnonymous(n))  {  return  false;  }	  if(n.getType()    ==    Token.CALL)    {    return    false;    }    	non-compiled	[CE]  	136	None	replace
458	[BUG]  [BUGGY]  n.setString(JSC_PROPERTY_NAME_FN,  JSC_PROPERTY_NAME_FN  +  1);  return  true;  [CE]  [FE]                                  IllegalStateException      [CONTEXT]      case  Token.LE:  case  Token.GE:  case  Token.IN:  case  Token.INSTANCEOF:  case  Token.NOT:  return  true;  default:      [BUGGY]  n.setString(JSC_PROPERTY_NAME_FN,  JSC_PROPERTY_NAME_FN  +  1);  return  true;  [BUGGY]      }  }  [CLASS]  NodeUtil  NumbericResultPredicate  BooleanResultPredicate  MayBeStringResultPredicate  VarCollector  MatchNameNode  MatchNodeType  MatchDeclaration  MatchNotFunction  MatchShallowStatement  [METHOD]  isBooleanResultHelper  [RETURN_TYPE]  boolean  Node  n  [VARIABLES]  BooleanResultPredicate  BOOLEAN_RESULT_PREDICATE  Set  BUILTIN_FUNCTIONS_WITHOUT_SIDEEFFECTS  CONSTRUCTORS_WITHOUT_SIDE_EFFECTS  OBJECT_METHODS_WITHOUT_SIDEEFFECTS  REGEXP_METHODS  STRING_REGEXP_METHODS  defines  emptySet  knownConstants  NumbericResultPredicate  NUMBERIC_RESULT_PREDICATE  boolean  MayBeStringResultPredicate  MAY_BE_STRING_PREDICATE  Node  n  String  JSC_PROPERTY_NAME_FN  childValue  name  namespaceName  rawJsString  s  value  Map  vars  int  c  end  nextSkipSlot  nextSlot  start  type  	projects/Closure80/src/com/google/javascript/jscomp/NodeUtil.java	0.4082482904638631	1264	1264	2	replace	n.setString(JSC_PROPERTY_NAME_FN,  JSC_PROPERTY_NAME_FN  +  1);  return  true;	  n.setString(JSC_PROPERTY_NAME_FN,    JSC_PROPERTY_NAME_FN);    return    false;    	non-compiled	[CE]  	72	None	replace
459	[BUG]  [BUGGY]  n.setString(JSC_PROPERTY_NAME_FN,  JSC_PROPERTY_NAME_FN  +  1);  return  false;  [CE]  [FE]                                    IllegalStateException      [CONTEXT]      case  Token.LE:  case  Token.GE:  case  Token.IN:  case  Token.INSTANCEOF:  case  Token.NOT:  return  true;  default:      [BUGGY]  n.setString(JSC_PROPERTY_NAME_FN,  JSC_PROPERTY_NAME_FN  +  1);  return  false;  [BUGGY]      }  }  [CLASS]  NodeUtil  NumbericResultPredicate  BooleanResultPredicate  MayBeStringResultPredicate  VarCollector  MatchNameNode  MatchNodeType  MatchDeclaration  MatchNotFunction  MatchShallowStatement  [METHOD]  isBooleanResultHelper  [RETURN_TYPE]  boolean  Node  n  [VARIABLES]  BooleanResultPredicate  BOOLEAN_RESULT_PREDICATE  Set  BUILTIN_FUNCTIONS_WITHOUT_SIDEEFFECTS  CONSTRUCTORS_WITHOUT_SIDE_EFFECTS  OBJECT_METHODS_WITHOUT_SIDEEFFECTS  REGEXP_METHODS  STRING_REGEXP_METHODS  defines  emptySet  knownConstants  NumbericResultPredicate  NUMBERIC_RESULT_PREDICATE  boolean  MayBeStringResultPredicate  MAY_BE_STRING_PREDICATE  Node  n  String  JSC_PROPERTY_NAME_FN  childValue  name  namespaceName  rawJsString  s  value  Map  vars  int  c  end  nextSkipSlot  nextSlot  start  type  	projects/Closure80/src/com/google/javascript/jscomp/NodeUtil.java	0.4082482904638631	1264	1264	2	replace	n.setString(JSC_PROPERTY_NAME_FN,  JSC_PROPERTY_NAME_FN  +  1);  return  false;	  n.setString(JSC_PROPERTY_NAME_FN,    JSC_PROPERTY_NAME_FN);    return    false;    	non-compiled	[CE]  	72	None	replace
460	[BUG]  [BUGGY]  n.setString(JSC_PROPERTY_NAME_FN,  JSC_PROPERTY_NAME_FN  +  1);  [CE]  [FE]                                      IllegalStateException      [CONTEXT]      case  Token.LE:  case  Token.GE:  case  Token.IN:  case  Token.INSTANCEOF:  case  Token.NOT:  return  true;  default:      [BUGGY]  n.setString(JSC_PROPERTY_NAME_FN,  JSC_PROPERTY_NAME_FN  +  1);  [BUGGY]      }  }  [CLASS]  NodeUtil  NumbericResultPredicate  BooleanResultPredicate  MayBeStringResultPredicate  VarCollector  MatchNameNode  MatchNodeType  MatchDeclaration  MatchNotFunction  MatchShallowStatement  [METHOD]  isBooleanResultHelper  [RETURN_TYPE]  boolean  Node  n  [VARIABLES]  BooleanResultPredicate  BOOLEAN_RESULT_PREDICATE  Set  BUILTIN_FUNCTIONS_WITHOUT_SIDEEFFECTS  CONSTRUCTORS_WITHOUT_SIDE_EFFECTS  OBJECT_METHODS_WITHOUT_SIDEEFFECTS  REGEXP_METHODS  STRING_REGEXP_METHODS  defines  emptySet  knownConstants  NumbericResultPredicate  NUMBERIC_RESULT_PREDICATE  boolean  MayBeStringResultPredicate  MAY_BE_STRING_PREDICATE  Node  n  String  JSC_PROPERTY_NAME_FN  childValue  name  namespaceName  rawJsString  s  value  Map  vars  int  c  end  nextSkipSlot  nextSlot  start  type  	projects/Closure80/src/com/google/javascript/jscomp/NodeUtil.java	0.4082482904638631	1264	1264	2	replace	n.setString(JSC_PROPERTY_NAME_FN,  JSC_PROPERTY_NAME_FN  +  1);	  n.setString(JSC_PROPERTY_NAME_FN,    JSC_PROPERTY_NAME_FN);    return    false;    	non-compiled	[CE]  	72	None	replace
461	[BUG]  [BUGGY]  ||  NodeUtil.isFunctionAnonymous(n)||!NodeUtil.mayHaveSideEffects(n))  {  return  false;  }  [CE]  [FE]                  IllegalStateException      [CONTEXT]      case  Token.LE:  case  Token.GE:  case  Token.IN:  case  Token.INSTANCEOF:  case  Token.NOT:  return  true;  default:      [BUGGY]  ||  NodeUtil.isFunctionAnonymous(n)||!NodeUtil.mayHaveSideEffects(n))  {  return  false;  }  [BUGGY]      }  }  [CLASS]  NodeUtil  NumbericResultPredicate  BooleanResultPredicate  MayBeStringResultPredicate  VarCollector  MatchNameNode  MatchNodeType  MatchDeclaration  MatchNotFunction  MatchShallowStatement  [METHOD]  isBooleanResultHelper  [RETURN_TYPE]  boolean  Node  n  [VARIABLES]  BooleanResultPredicate  BOOLEAN_RESULT_PREDICATE  Set  BUILTIN_FUNCTIONS_WITHOUT_SIDEEFFECTS  CONSTRUCTORS_WITHOUT_SIDE_EFFECTS  OBJECT_METHODS_WITHOUT_SIDEEFFECTS  REGEXP_METHODS  STRING_REGEXP_METHODS  defines  emptySet  knownConstants  NumbericResultPredicate  NUMBERIC_RESULT_PREDICATE  boolean  MayBeStringResultPredicate  MAY_BE_STRING_PREDICATE  Node  n  String  JSC_PROPERTY_NAME_FN  childValue  name  namespaceName  rawJsString  s  value  Map  vars  int  c  end  nextSkipSlot  nextSlot  start  type  	projects/Closure80/src/com/google/javascript/jscomp/NodeUtil.java	0.4082482904638631	1264	1264	2	replace	||  NodeUtil.isFunctionAnonymous(n)||!NodeUtil.mayHaveSideEffects(n))  {  return  false;  }	  ||    NodeUtil.isFunctionAnonymous(n))    {    return    false;    }    	non-compiled	[CE]  	25	None	replace
462	[BUG]  [BUGGY]  ||  NodeUtil.isAnonymous(n))  {  return  false;  }  [CE]  [FE]                    IllegalStateException      [CONTEXT]      case  Token.LE:  case  Token.GE:  case  Token.IN:  case  Token.INSTANCEOF:  case  Token.NOT:  return  true;  default:      [BUGGY]  ||  NodeUtil.isAnonymous(n))  {  return  false;  }  [BUGGY]      }  }  [CLASS]  NodeUtil  NumbericResultPredicate  BooleanResultPredicate  MayBeStringResultPredicate  VarCollector  MatchNameNode  MatchNodeType  MatchDeclaration  MatchNotFunction  MatchShallowStatement  [METHOD]  isBooleanResultHelper  [RETURN_TYPE]  boolean  Node  n  [VARIABLES]  BooleanResultPredicate  BOOLEAN_RESULT_PREDICATE  Set  BUILTIN_FUNCTIONS_WITHOUT_SIDEEFFECTS  CONSTRUCTORS_WITHOUT_SIDE_EFFECTS  OBJECT_METHODS_WITHOUT_SIDEEFFECTS  REGEXP_METHODS  STRING_REGEXP_METHODS  defines  emptySet  knownConstants  NumbericResultPredicate  NUMBERIC_RESULT_PREDICATE  boolean  MayBeStringResultPredicate  MAY_BE_STRING_PREDICATE  Node  n  String  JSC_PROPERTY_NAME_FN  childValue  name  namespaceName  rawJsString  s  value  Map  vars  int  c  end  nextSkipSlot  nextSlot  start  type  	projects/Closure80/src/com/google/javascript/jscomp/NodeUtil.java	0.4082482904638631	1264	1264	2	replace	||  NodeUtil.isAnonymous(n))  {  return  false;  }	  ||    NodeUtil.isFunctionAnonymous(n))    {    return    false;    }    	non-compiled	[CE]  	25	None	replace
463	[BUG]  [BUGGY]  ||  NodeUtil.isFunctionAnonymous(n)||  n.getType()  ==  Token.FUNCTION)  {  return  false;  }  [CE]  [FE]                      IllegalStateException      [CONTEXT]      case  Token.LE:  case  Token.GE:  case  Token.IN:  case  Token.INSTANCEOF:  case  Token.NOT:  return  true;  default:      [BUGGY]  ||  NodeUtil.isFunctionAnonymous(n)||  n.getType()  ==  Token.FUNCTION)  {  return  false;  }  [BUGGY]      }  }  [CLASS]  NodeUtil  NumbericResultPredicate  BooleanResultPredicate  MayBeStringResultPredicate  VarCollector  MatchNameNode  MatchNodeType  MatchDeclaration  MatchNotFunction  MatchShallowStatement  [METHOD]  isBooleanResultHelper  [RETURN_TYPE]  boolean  Node  n  [VARIABLES]  BooleanResultPredicate  BOOLEAN_RESULT_PREDICATE  Set  BUILTIN_FUNCTIONS_WITHOUT_SIDEEFFECTS  CONSTRUCTORS_WITHOUT_SIDE_EFFECTS  OBJECT_METHODS_WITHOUT_SIDEEFFECTS  REGEXP_METHODS  STRING_REGEXP_METHODS  defines  emptySet  knownConstants  NumbericResultPredicate  NUMBERIC_RESULT_PREDICATE  boolean  MayBeStringResultPredicate  MAY_BE_STRING_PREDICATE  Node  n  String  JSC_PROPERTY_NAME_FN  childValue  name  namespaceName  rawJsString  s  value  Map  vars  int  c  end  nextSkipSlot  nextSlot  start  type  	projects/Closure80/src/com/google/javascript/jscomp/NodeUtil.java	0.4082482904638631	1264	1264	2	replace	||  NodeUtil.isFunctionAnonymous(n)||  n.getType()  ==  Token.FUNCTION)  {  return  false;  }	  ||    NodeUtil.isFunctionAnonymous(n))    {    return    false;    }    	non-compiled	[CE]  	25	None	replace
464	[BUG]  [BUGGY]  ||  NodeUtil.isFunctionAnonymous(n)||!NodeUtil.isFunctionAnonymous(n))  {  return  false;  }  [CE]  [FE]                        IllegalStateException      [CONTEXT]      case  Token.LE:  case  Token.GE:  case  Token.IN:  case  Token.INSTANCEOF:  case  Token.NOT:  return  true;  default:      [BUGGY]  ||  NodeUtil.isFunctionAnonymous(n)||!NodeUtil.isFunctionAnonymous(n))  {  return  false;  }  [BUGGY]      }  }  [CLASS]  NodeUtil  NumbericResultPredicate  BooleanResultPredicate  MayBeStringResultPredicate  VarCollector  MatchNameNode  MatchNodeType  MatchDeclaration  MatchNotFunction  MatchShallowStatement  [METHOD]  isBooleanResultHelper  [RETURN_TYPE]  boolean  Node  n  [VARIABLES]  BooleanResultPredicate  BOOLEAN_RESULT_PREDICATE  Set  BUILTIN_FUNCTIONS_WITHOUT_SIDEEFFECTS  CONSTRUCTORS_WITHOUT_SIDE_EFFECTS  OBJECT_METHODS_WITHOUT_SIDEEFFECTS  REGEXP_METHODS  STRING_REGEXP_METHODS  defines  emptySet  knownConstants  NumbericResultPredicate  NUMBERIC_RESULT_PREDICATE  boolean  MayBeStringResultPredicate  MAY_BE_STRING_PREDICATE  Node  n  String  JSC_PROPERTY_NAME_FN  childValue  name  namespaceName  rawJsString  s  value  Map  vars  int  c  end  nextSkipSlot  nextSlot  start  type  	projects/Closure80/src/com/google/javascript/jscomp/NodeUtil.java	0.4082482904638631	1264	1264	2	replace	||  NodeUtil.isFunctionAnonymous(n)||!NodeUtil.isFunctionAnonymous(n))  {  return  false;  }	  ||    NodeUtil.isFunctionAnonymous(n))    {    return    false;    }    	non-compiled	[CE]  	25	None	replace
465	[BUG]  [BUGGY]  ||  NodeUtil.isFunctionAnonymous(n)&&!NodeUtil.isFunctionAnonymous(n))  {  return  false;  }  [CE]  [FE]                          IllegalStateException      [CONTEXT]      case  Token.LE:  case  Token.GE:  case  Token.IN:  case  Token.INSTANCEOF:  case  Token.NOT:  return  true;  default:      [BUGGY]  ||  NodeUtil.isFunctionAnonymous(n)&&!NodeUtil.isFunctionAnonymous(n))  {  return  false;  }  [BUGGY]      }  }  [CLASS]  NodeUtil  NumbericResultPredicate  BooleanResultPredicate  MayBeStringResultPredicate  VarCollector  MatchNameNode  MatchNodeType  MatchDeclaration  MatchNotFunction  MatchShallowStatement  [METHOD]  isBooleanResultHelper  [RETURN_TYPE]  boolean  Node  n  [VARIABLES]  BooleanResultPredicate  BOOLEAN_RESULT_PREDICATE  Set  BUILTIN_FUNCTIONS_WITHOUT_SIDEEFFECTS  CONSTRUCTORS_WITHOUT_SIDE_EFFECTS  OBJECT_METHODS_WITHOUT_SIDEEFFECTS  REGEXP_METHODS  STRING_REGEXP_METHODS  defines  emptySet  knownConstants  NumbericResultPredicate  NUMBERIC_RESULT_PREDICATE  boolean  MayBeStringResultPredicate  MAY_BE_STRING_PREDICATE  Node  n  String  JSC_PROPERTY_NAME_FN  childValue  name  namespaceName  rawJsString  s  value  Map  vars  int  c  end  nextSkipSlot  nextSlot  start  type  	projects/Closure80/src/com/google/javascript/jscomp/NodeUtil.java	0.4082482904638631	1264	1264	2	replace	||  NodeUtil.isFunctionAnonymous(n)&&!NodeUtil.isFunctionAnonymous(n))  {  return  false;  }	  ||    NodeUtil.isFunctionAnonymous(n))    {    return    false;    }    	non-compiled	[CE]  	25	None	replace
466	[BUG]  [BUGGY]  return(n.getType()  ==  Token.NAME)?  BooleanResultPredicate.FUNCTION  :  BooleanResultPredicate.UNKNOWN;  [CE]  [FE]                      IllegalStateException      [CONTEXT]      case  Token.LE:  case  Token.GE:  case  Token.IN:  case  Token.INSTANCEOF:  case  Token.NOT:  return  true;  default:      [BUGGY]  return(n.getType()  ==  Token.NAME)?  BooleanResultPredicate.FUNCTION  :  BooleanResultPredicate.UNKNOWN;  [BUGGY]      }  }  [CLASS]  NodeUtil  NumbericResultPredicate  BooleanResultPredicate  MayBeStringResultPredicate  VarCollector  MatchNameNode  MatchNodeType  MatchDeclaration  MatchNotFunction  MatchShallowStatement  [METHOD]  isBooleanResultHelper  [RETURN_TYPE]  boolean  Node  n  [VARIABLES]  BooleanResultPredicate  BOOLEAN_RESULT_PREDICATE  Set  BUILTIN_FUNCTIONS_WITHOUT_SIDEEFFECTS  CONSTRUCTORS_WITHOUT_SIDE_EFFECTS  OBJECT_METHODS_WITHOUT_SIDEEFFECTS  REGEXP_METHODS  STRING_REGEXP_METHODS  defines  emptySet  knownConstants  NumbericResultPredicate  NUMBERIC_RESULT_PREDICATE  boolean  MayBeStringResultPredicate  MAY_BE_STRING_PREDICATE  Node  n  String  JSC_PROPERTY_NAME_FN  childValue  name  namespaceName  rawJsString  s  value  Map  vars  int  c  end  nextSkipSlot  nextSlot  start  type  	projects/Closure80/src/com/google/javascript/jscomp/NodeUtil.java	0.4082482904638631	1264	1264	2	replace	return(n.getType()  ==  Token.NAME)?  BooleanResultPredicate.FUNCTION  :  BooleanResultPredicate.UNKNOWN;	  return(n.getType()    ==    Token.NAME)?    BooleanResultPredicate.UNKNOWN    :    BooleanResultPredicate.FUNCTION;    	non-compiled	[CE]  	53	None	replace
467	[BUG]  [BUGGY]  return(n.getType()  ==  Token.FUNCTION)?  BooleanResultPredicate.UNKNOWN  :  BooleanResultPredicate.FUNCTION;  [CE]  [FE]                        IllegalStateException      [CONTEXT]      case  Token.LE:  case  Token.GE:  case  Token.IN:  case  Token.INSTANCEOF:  case  Token.NOT:  return  true;  default:      [BUGGY]  return(n.getType()  ==  Token.FUNCTION)?  BooleanResultPredicate.UNKNOWN  :  BooleanResultPredicate.FUNCTION;  [BUGGY]      }  }  [CLASS]  NodeUtil  NumbericResultPredicate  BooleanResultPredicate  MayBeStringResultPredicate  VarCollector  MatchNameNode  MatchNodeType  MatchDeclaration  MatchNotFunction  MatchShallowStatement  [METHOD]  isBooleanResultHelper  [RETURN_TYPE]  boolean  Node  n  [VARIABLES]  BooleanResultPredicate  BOOLEAN_RESULT_PREDICATE  Set  BUILTIN_FUNCTIONS_WITHOUT_SIDEEFFECTS  CONSTRUCTORS_WITHOUT_SIDE_EFFECTS  OBJECT_METHODS_WITHOUT_SIDEEFFECTS  REGEXP_METHODS  STRING_REGEXP_METHODS  defines  emptySet  knownConstants  NumbericResultPredicate  NUMBERIC_RESULT_PREDICATE  boolean  MayBeStringResultPredicate  MAY_BE_STRING_PREDICATE  Node  n  String  JSC_PROPERTY_NAME_FN  childValue  name  namespaceName  rawJsString  s  value  Map  vars  int  c  end  nextSkipSlot  nextSlot  start  type  	projects/Closure80/src/com/google/javascript/jscomp/NodeUtil.java	0.4082482904638631	1264	1264	2	replace	return(n.getType()  ==  Token.FUNCTION)?  BooleanResultPredicate.UNKNOWN  :  BooleanResultPredicate.FUNCTION;	  return(n.getType()    ==    Token.NAME)?    BooleanResultPredicate.UNKNOWN    :    BooleanResultPredicate.FUNCTION;    	non-compiled	[CE]  	53	None	replace
468	[BUG]  [BUGGY]  ||(n.getType()!=  Token.GETPROP  &&  n.getString().equals( "prototype ")))  {  return  true;  }  [CE]  [FE]                        IllegalStateException      [CONTEXT]      case  Token.LE:  case  Token.GE:  case  Token.IN:  case  Token.INSTANCEOF:  case  Token.NOT:  return  true;  default:      [BUGGY]  ||(n.getType()!=  Token.GETPROP  &&  n.getString().equals( "prototype ")))  {  return  true;  }  [BUGGY]      }  }  [CLASS]  NodeUtil  NumbericResultPredicate  BooleanResultPredicate  MayBeStringResultPredicate  VarCollector  MatchNameNode  MatchNodeType  MatchDeclaration  MatchNotFunction  MatchShallowStatement  [METHOD]  isBooleanResultHelper  [RETURN_TYPE]  boolean  Node  n  [VARIABLES]  BooleanResultPredicate  BOOLEAN_RESULT_PREDICATE  Set  BUILTIN_FUNCTIONS_WITHOUT_SIDEEFFECTS  CONSTRUCTORS_WITHOUT_SIDE_EFFECTS  OBJECT_METHODS_WITHOUT_SIDEEFFECTS  REGEXP_METHODS  STRING_REGEXP_METHODS  defines  emptySet  knownConstants  NumbericResultPredicate  NUMBERIC_RESULT_PREDICATE  boolean  MayBeStringResultPredicate  MAY_BE_STRING_PREDICATE  Node  n  String  JSC_PROPERTY_NAME_FN  childValue  name  namespaceName  rawJsString  s  value  Map  vars  int  c  end  nextSkipSlot  nextSlot  start  type  	projects/Closure80/src/com/google/javascript/jscomp/NodeUtil.java	0.4082482904638631	1264	1264	2	replace	||(n.getType()!=  Token.GETPROP  &&  n.getString().equals( "prototype ")))  {  return  true;  }	  if(n.getType()!=    Token.GETPROP)    {    return    true;    }    	non-compiled	[CE]  	101	None	replace
469	[BUG]  [BUGGY]  while(n.getType()!=  Token.GETPROP)  {  return  true;  }  [CE]  [FE]                          IllegalStateException      [CONTEXT]      case  Token.LE:  case  Token.GE:  case  Token.IN:  case  Token.INSTANCEOF:  case  Token.NOT:  return  true;  default:      [BUGGY]  while(n.getType()!=  Token.GETPROP)  {  return  true;  }  [BUGGY]      }  }  [CLASS]  NodeUtil  NumbericResultPredicate  BooleanResultPredicate  MayBeStringResultPredicate  VarCollector  MatchNameNode  MatchNodeType  MatchDeclaration  MatchNotFunction  MatchShallowStatement  [METHOD]  isBooleanResultHelper  [RETURN_TYPE]  boolean  Node  n  [VARIABLES]  BooleanResultPredicate  BOOLEAN_RESULT_PREDICATE  Set  BUILTIN_FUNCTIONS_WITHOUT_SIDEEFFECTS  CONSTRUCTORS_WITHOUT_SIDE_EFFECTS  OBJECT_METHODS_WITHOUT_SIDEEFFECTS  REGEXP_METHODS  STRING_REGEXP_METHODS  defines  emptySet  knownConstants  NumbericResultPredicate  NUMBERIC_RESULT_PREDICATE  boolean  MayBeStringResultPredicate  MAY_BE_STRING_PREDICATE  Node  n  String  JSC_PROPERTY_NAME_FN  childValue  name  namespaceName  rawJsString  s  value  Map  vars  int  c  end  nextSkipSlot  nextSlot  start  type  	projects/Closure80/src/com/google/javascript/jscomp/NodeUtil.java	0.4082482904638631	1264	1264	2	replace	while(n.getType()!=  Token.GETPROP)  {  return  true;  }	  if(n.getType()!=    Token.GETPROP)    {    return    true;    }    	non-compiled	[CE]  	101	None	replace
470	[BUG]  [BUGGY]  if(NodeUtil.isFunctionDeclaration(n)&&  NodeUtil.isGetProp(n))  {  return  false;  }  [CE]  [FE]              IllegalStateException      [CONTEXT]      case  Token.LE:  case  Token.GE:  case  Token.IN:  case  Token.INSTANCEOF:  case  Token.NOT:  return  true;  default:      [BUGGY]  if(NodeUtil.isFunctionDeclaration(n)&&  NodeUtil.isGetProp(n))  {  return  false;  }  [BUGGY]      }  }  [CLASS]  NodeUtil  NumbericResultPredicate  BooleanResultPredicate  MayBeStringResultPredicate  VarCollector  MatchNameNode  MatchNodeType  MatchDeclaration  MatchNotFunction  MatchShallowStatement  [METHOD]  isBooleanResultHelper  [RETURN_TYPE]  boolean  Node  n  [VARIABLES]  BooleanResultPredicate  BOOLEAN_RESULT_PREDICATE  Set  BUILTIN_FUNCTIONS_WITHOUT_SIDEEFFECTS  CONSTRUCTORS_WITHOUT_SIDE_EFFECTS  OBJECT_METHODS_WITHOUT_SIDEEFFECTS  REGEXP_METHODS  STRING_REGEXP_METHODS  defines  emptySet  knownConstants  NumbericResultPredicate  NUMBERIC_RESULT_PREDICATE  boolean  MayBeStringResultPredicate  MAY_BE_STRING_PREDICATE  Node  n  String  JSC_PROPERTY_NAME_FN  childValue  name  namespaceName  rawJsString  s  value  Map  vars  int  c  end  nextSkipSlot  nextSlot  start  type  	projects/Closure80/src/com/google/javascript/jscomp/NodeUtil.java	0.4082482904638631	1264	1264	2	replace	if(NodeUtil.isFunctionDeclaration(n)&&  NodeUtil.isGetProp(n))  {  return  false;  }	  if(NodeUtil.isFunctionDeclaration(n)||    NodeUtil.isGetProp(n))    {    return    false;    }    	non-compiled	[CE]  	153	None	replace
471	[BUG]  [BUGGY]  NodeUtil.isFunctionDeclaration(n)&&  NodeUtil.isGetProp(n))  {  return  false;  }  [CE]  [FE]                IllegalStateException      [CONTEXT]      case  Token.LE:  case  Token.GE:  case  Token.IN:  case  Token.INSTANCEOF:  case  Token.NOT:  return  true;  default:      [BUGGY]  NodeUtil.isFunctionDeclaration(n)&&  NodeUtil.isGetProp(n))  {  return  false;  }  [BUGGY]      }  }  [CLASS]  NodeUtil  NumbericResultPredicate  BooleanResultPredicate  MayBeStringResultPredicate  VarCollector  MatchNameNode  MatchNodeType  MatchDeclaration  MatchNotFunction  MatchShallowStatement  [METHOD]  isBooleanResultHelper  [RETURN_TYPE]  boolean  Node  n  [VARIABLES]  BooleanResultPredicate  BOOLEAN_RESULT_PREDICATE  Set  BUILTIN_FUNCTIONS_WITHOUT_SIDEEFFECTS  CONSTRUCTORS_WITHOUT_SIDE_EFFECTS  OBJECT_METHODS_WITHOUT_SIDEEFFECTS  REGEXP_METHODS  STRING_REGEXP_METHODS  defines  emptySet  knownConstants  NumbericResultPredicate  NUMBERIC_RESULT_PREDICATE  boolean  MayBeStringResultPredicate  MAY_BE_STRING_PREDICATE  Node  n  String  JSC_PROPERTY_NAME_FN  childValue  name  namespaceName  rawJsString  s  value  Map  vars  int  c  end  nextSkipSlot  nextSlot  start  type  	projects/Closure80/src/com/google/javascript/jscomp/NodeUtil.java	0.4082482904638631	1264	1264	2	replace	NodeUtil.isFunctionDeclaration(n)&&  NodeUtil.isGetProp(n))  {  return  false;  }	  if(NodeUtil.isFunctionDeclaration(n)||    NodeUtil.isGetProp(n))    {    return    false;    }    	non-compiled	[CE]  	153	None	replace
472	[BUG]  [BUGGY]  NodeUtil.isFunctionDeclaration(n)||  NodeUtil.isGetProp(n))  {  return  false;  }  [CE]  [FE]                  IllegalStateException      [CONTEXT]      case  Token.LE:  case  Token.GE:  case  Token.IN:  case  Token.INSTANCEOF:  case  Token.NOT:  return  true;  default:      [BUGGY]  NodeUtil.isFunctionDeclaration(n)||  NodeUtil.isGetProp(n))  {  return  false;  }  [BUGGY]      }  }  [CLASS]  NodeUtil  NumbericResultPredicate  BooleanResultPredicate  MayBeStringResultPredicate  VarCollector  MatchNameNode  MatchNodeType  MatchDeclaration  MatchNotFunction  MatchShallowStatement  [METHOD]  isBooleanResultHelper  [RETURN_TYPE]  boolean  Node  n  [VARIABLES]  BooleanResultPredicate  BOOLEAN_RESULT_PREDICATE  Set  BUILTIN_FUNCTIONS_WITHOUT_SIDEEFFECTS  CONSTRUCTORS_WITHOUT_SIDE_EFFECTS  OBJECT_METHODS_WITHOUT_SIDEEFFECTS  REGEXP_METHODS  STRING_REGEXP_METHODS  defines  emptySet  knownConstants  NumbericResultPredicate  NUMBERIC_RESULT_PREDICATE  boolean  MayBeStringResultPredicate  MAY_BE_STRING_PREDICATE  Node  n  String  JSC_PROPERTY_NAME_FN  childValue  name  namespaceName  rawJsString  s  value  Map  vars  int  c  end  nextSkipSlot  nextSlot  start  type  	projects/Closure80/src/com/google/javascript/jscomp/NodeUtil.java	0.4082482904638631	1264	1264	2	replace	NodeUtil.isFunctionDeclaration(n)||  NodeUtil.isGetProp(n))  {  return  false;  }	  if(NodeUtil.isFunctionDeclaration(n)||    NodeUtil.isGetProp(n))    {    return    false;    }    	non-compiled	[CE]  	153	None	replace
473	[BUG]  [BUGGY]  if(n.getType()  ==  Token.STRING)  {  return  true;  }  [CE]  [FE]              IllegalStateException      [CONTEXT]      case  Token.LE:  case  Token.GE:  case  Token.IN:  case  Token.INSTANCEOF:  case  Token.NOT:  return  true;  default:      [BUGGY]  if(n.getType()  ==  Token.STRING)  {  return  true;  }  [BUGGY]      }  }  [CLASS]  NodeUtil  NumbericResultPredicate  BooleanResultPredicate  MayBeStringResultPredicate  VarCollector  MatchNameNode  MatchNodeType  MatchDeclaration  MatchNotFunction  MatchShallowStatement  [METHOD]  isBooleanResultHelper  [RETURN_TYPE]  boolean  Node  n  [VARIABLES]  BooleanResultPredicate  BOOLEAN_RESULT_PREDICATE  Set  BUILTIN_FUNCTIONS_WITHOUT_SIDEEFFECTS  CONSTRUCTORS_WITHOUT_SIDE_EFFECTS  OBJECT_METHODS_WITHOUT_SIDEEFFECTS  REGEXP_METHODS  STRING_REGEXP_METHODS  defines  emptySet  knownConstants  NumbericResultPredicate  NUMBERIC_RESULT_PREDICATE  boolean  MayBeStringResultPredicate  MAY_BE_STRING_PREDICATE  Node  n  String  JSC_PROPERTY_NAME_FN  childValue  name  namespaceName  rawJsString  s  value  Map  vars  int  c  end  nextSkipSlot  nextSlot  start  type  	projects/Closure80/src/com/google/javascript/jscomp/NodeUtil.java	0.4082482904638631	1264	1264	2	replace	if(n.getType()  ==  Token.STRING)  {  return  true;  }	  if(n.getType()    ==    Token.STRING)    {    return    false;    }    	non-compiled	[CE]  	135	None	replace
474	[BUG]  [BUGGY]  if(n.getType()  ==  Token.STRING  ||  n.getType()  ==  Token.NAME)  {  return  false;  }  [CE]  [FE]                IllegalStateException      [CONTEXT]      case  Token.LE:  case  Token.GE:  case  Token.IN:  case  Token.INSTANCEOF:  case  Token.NOT:  return  true;  default:      [BUGGY]  if(n.getType()  ==  Token.STRING  ||  n.getType()  ==  Token.NAME)  {  return  false;  }  [BUGGY]      }  }  [CLASS]  NodeUtil  NumbericResultPredicate  BooleanResultPredicate  MayBeStringResultPredicate  VarCollector  MatchNameNode  MatchNodeType  MatchDeclaration  MatchNotFunction  MatchShallowStatement  [METHOD]  isBooleanResultHelper  [RETURN_TYPE]  boolean  Node  n  [VARIABLES]  BooleanResultPredicate  BOOLEAN_RESULT_PREDICATE  Set  BUILTIN_FUNCTIONS_WITHOUT_SIDEEFFECTS  CONSTRUCTORS_WITHOUT_SIDE_EFFECTS  OBJECT_METHODS_WITHOUT_SIDEEFFECTS  REGEXP_METHODS  STRING_REGEXP_METHODS  defines  emptySet  knownConstants  NumbericResultPredicate  NUMBERIC_RESULT_PREDICATE  boolean  MayBeStringResultPredicate  MAY_BE_STRING_PREDICATE  Node  n  String  JSC_PROPERTY_NAME_FN  childValue  name  namespaceName  rawJsString  s  value  Map  vars  int  c  end  nextSkipSlot  nextSlot  start  type  	projects/Closure80/src/com/google/javascript/jscomp/NodeUtil.java	0.4082482904638631	1264	1264	2	replace	if(n.getType()  ==  Token.STRING  ||  n.getType()  ==  Token.NAME)  {  return  false;  }	  if(n.getType()    ==    Token.STRING)    {    return    false;    }    	non-compiled	[CE]  	135	None	replace
475	[BUG]  [BUGGY]  if(n.getType()!=  Token.STRING)  {  return  false;  }  [CE]  [FE]                  IllegalStateException      [CONTEXT]      case  Token.LE:  case  Token.GE:  case  Token.IN:  case  Token.INSTANCEOF:  case  Token.NOT:  return  true;  default:      [BUGGY]  if(n.getType()!=  Token.STRING)  {  return  false;  }  [BUGGY]      }  }  [CLASS]  NodeUtil  NumbericResultPredicate  BooleanResultPredicate  MayBeStringResultPredicate  VarCollector  MatchNameNode  MatchNodeType  MatchDeclaration  MatchNotFunction  MatchShallowStatement  [METHOD]  isBooleanResultHelper  [RETURN_TYPE]  boolean  Node  n  [VARIABLES]  BooleanResultPredicate  BOOLEAN_RESULT_PREDICATE  Set  BUILTIN_FUNCTIONS_WITHOUT_SIDEEFFECTS  CONSTRUCTORS_WITHOUT_SIDE_EFFECTS  OBJECT_METHODS_WITHOUT_SIDEEFFECTS  REGEXP_METHODS  STRING_REGEXP_METHODS  defines  emptySet  knownConstants  NumbericResultPredicate  NUMBERIC_RESULT_PREDICATE  boolean  MayBeStringResultPredicate  MAY_BE_STRING_PREDICATE  Node  n  String  JSC_PROPERTY_NAME_FN  childValue  name  namespaceName  rawJsString  s  value  Map  vars  int  c  end  nextSkipSlot  nextSlot  start  type  	projects/Closure80/src/com/google/javascript/jscomp/NodeUtil.java	0.4082482904638631	1264	1264	2	replace	if(n.getType()!=  Token.STRING)  {  return  false;  }	  if(n.getType()    ==    Token.STRING)    {    return    false;    }    	non-compiled	[CE]  	135	None	replace
476	[BUG]  [BUGGY]  if(n.getType()  ==  Token.STRING  ||  n.getType()!=  Token.FUNCTION)  {  return  false;  }  [CE]  [FE]                    IllegalStateException      [CONTEXT]      case  Token.LE:  case  Token.GE:  case  Token.IN:  case  Token.INSTANCEOF:  case  Token.NOT:  return  true;  default:      [BUGGY]  if(n.getType()  ==  Token.STRING  ||  n.getType()!=  Token.FUNCTION)  {  return  false;  }  [BUGGY]      }  }  [CLASS]  NodeUtil  NumbericResultPredicate  BooleanResultPredicate  MayBeStringResultPredicate  VarCollector  MatchNameNode  MatchNodeType  MatchDeclaration  MatchNotFunction  MatchShallowStatement  [METHOD]  isBooleanResultHelper  [RETURN_TYPE]  boolean  Node  n  [VARIABLES]  BooleanResultPredicate  BOOLEAN_RESULT_PREDICATE  Set  BUILTIN_FUNCTIONS_WITHOUT_SIDEEFFECTS  CONSTRUCTORS_WITHOUT_SIDE_EFFECTS  OBJECT_METHODS_WITHOUT_SIDEEFFECTS  REGEXP_METHODS  STRING_REGEXP_METHODS  defines  emptySet  knownConstants  NumbericResultPredicate  NUMBERIC_RESULT_PREDICATE  boolean  MayBeStringResultPredicate  MAY_BE_STRING_PREDICATE  Node  n  String  JSC_PROPERTY_NAME_FN  childValue  name  namespaceName  rawJsString  s  value  Map  vars  int  c  end  nextSkipSlot  nextSlot  start  type  	projects/Closure80/src/com/google/javascript/jscomp/NodeUtil.java	0.4082482904638631	1264	1264	2	replace	if(n.getType()  ==  Token.STRING  ||  n.getType()!=  Token.FUNCTION)  {  return  false;  }	  if(n.getType()    ==    Token.STRING)    {    return    false;    }    	non-compiled	[CE]  	135	None	replace
477	[BUG]  [BUGGY]  Preconditions.checkState(n.getType()  ==  Token.FUNCTION);  return  true;  [CE]  [FE]                                IllegalStateException      [CONTEXT]      case  Token.LE:  case  Token.GE:  case  Token.IN:  case  Token.INSTANCEOF:  case  Token.NOT:  return  true;  default:      [BUGGY]  Preconditions.checkState(n.getType()  ==  Token.FUNCTION);  return  true;  [BUGGY]      }  }  [CLASS]  NodeUtil  NumbericResultPredicate  BooleanResultPredicate  MayBeStringResultPredicate  VarCollector  MatchNameNode  MatchNodeType  MatchDeclaration  MatchNotFunction  MatchShallowStatement  [METHOD]  isBooleanResultHelper  [RETURN_TYPE]  boolean  Node  n  [VARIABLES]  BooleanResultPredicate  BOOLEAN_RESULT_PREDICATE  Set  BUILTIN_FUNCTIONS_WITHOUT_SIDEEFFECTS  CONSTRUCTORS_WITHOUT_SIDE_EFFECTS  OBJECT_METHODS_WITHOUT_SIDEEFFECTS  REGEXP_METHODS  STRING_REGEXP_METHODS  defines  emptySet  knownConstants  NumbericResultPredicate  NUMBERIC_RESULT_PREDICATE  boolean  MayBeStringResultPredicate  MAY_BE_STRING_PREDICATE  Node  n  String  JSC_PROPERTY_NAME_FN  childValue  name  namespaceName  rawJsString  s  value  Map  vars  int  c  end  nextSkipSlot  nextSlot  start  type  	projects/Closure80/src/com/google/javascript/jscomp/NodeUtil.java	0.4082482904638631	1264	1264	2	replace	Preconditions.checkState(n.getType()  ==  Token.FUNCTION);  return  true;	  Preconditions.checkState(n.getType()    ==    Token.FUNCTION);    return    false;    	non-compiled	[CE]  	98	None	replace
478	[BUG]  [BUGGY]  Preconditions.checkState(n.getType()!=  Token.FUNCTION);  return  false;  [CE]  [FE]                                  IllegalStateException      [CONTEXT]      case  Token.LE:  case  Token.GE:  case  Token.IN:  case  Token.INSTANCEOF:  case  Token.NOT:  return  true;  default:      [BUGGY]  Preconditions.checkState(n.getType()!=  Token.FUNCTION);  return  false;  [BUGGY]      }  }  [CLASS]  NodeUtil  NumbericResultPredicate  BooleanResultPredicate  MayBeStringResultPredicate  VarCollector  MatchNameNode  MatchNodeType  MatchDeclaration  MatchNotFunction  MatchShallowStatement  [METHOD]  isBooleanResultHelper  [RETURN_TYPE]  boolean  Node  n  [VARIABLES]  BooleanResultPredicate  BOOLEAN_RESULT_PREDICATE  Set  BUILTIN_FUNCTIONS_WITHOUT_SIDEEFFECTS  CONSTRUCTORS_WITHOUT_SIDE_EFFECTS  OBJECT_METHODS_WITHOUT_SIDEEFFECTS  REGEXP_METHODS  STRING_REGEXP_METHODS  defines  emptySet  knownConstants  NumbericResultPredicate  NUMBERIC_RESULT_PREDICATE  boolean  MayBeStringResultPredicate  MAY_BE_STRING_PREDICATE  Node  n  String  JSC_PROPERTY_NAME_FN  childValue  name  namespaceName  rawJsString  s  value  Map  vars  int  c  end  nextSkipSlot  nextSlot  start  type  	projects/Closure80/src/com/google/javascript/jscomp/NodeUtil.java	0.4082482904638631	1264	1264	2	replace	Preconditions.checkState(n.getType()!=  Token.FUNCTION);  return  false;	  Preconditions.checkState(n.getType()    ==    Token.FUNCTION);    return    false;    	non-compiled	[CE]  	98	None	replace
479	[BUG]  [BUGGY]  Preconditions.checkState(n.getType()  ==  Token.FUNCTION  ||  n.getType()  ==  Token.FUNCTION);  return  false;  [CE]  [FE]                                    IllegalStateException      [CONTEXT]      case  Token.LE:  case  Token.GE:  case  Token.IN:  case  Token.INSTANCEOF:  case  Token.NOT:  return  true;  default:      [BUGGY]  Preconditions.checkState(n.getType()  ==  Token.FUNCTION  ||  n.getType()  ==  Token.FUNCTION);  return  false;  [BUGGY]      }  }  [CLASS]  NodeUtil  NumbericResultPredicate  BooleanResultPredicate  MayBeStringResultPredicate  VarCollector  MatchNameNode  MatchNodeType  MatchDeclaration  MatchNotFunction  MatchShallowStatement  [METHOD]  isBooleanResultHelper  [RETURN_TYPE]  boolean  Node  n  [VARIABLES]  BooleanResultPredicate  BOOLEAN_RESULT_PREDICATE  Set  BUILTIN_FUNCTIONS_WITHOUT_SIDEEFFECTS  CONSTRUCTORS_WITHOUT_SIDE_EFFECTS  OBJECT_METHODS_WITHOUT_SIDEEFFECTS  REGEXP_METHODS  STRING_REGEXP_METHODS  defines  emptySet  knownConstants  NumbericResultPredicate  NUMBERIC_RESULT_PREDICATE  boolean  MayBeStringResultPredicate  MAY_BE_STRING_PREDICATE  Node  n  String  JSC_PROPERTY_NAME_FN  childValue  name  namespaceName  rawJsString  s  value  Map  vars  int  c  end  nextSkipSlot  nextSlot  start  type  	projects/Closure80/src/com/google/javascript/jscomp/NodeUtil.java	0.4082482904638631	1264	1264	2	replace	Preconditions.checkState(n.getType()  ==  Token.FUNCTION  ||  n.getType()  ==  Token.FUNCTION);  return  false;	  Preconditions.checkState(n.getType()    ==    Token.FUNCTION);    return    false;    	non-compiled	[CE]  	98	None	replace
480	[BUG]  [BUGGY]  Preconditions.checkState(n.getType()!=  Token.FUNCTION);  return  true;  [CE]  [FE]                                      IllegalStateException      [CONTEXT]      case  Token.LE:  case  Token.GE:  case  Token.IN:  case  Token.INSTANCEOF:  case  Token.NOT:  return  true;  default:      [BUGGY]  Preconditions.checkState(n.getType()!=  Token.FUNCTION);  return  true;  [BUGGY]      }  }  [CLASS]  NodeUtil  NumbericResultPredicate  BooleanResultPredicate  MayBeStringResultPredicate  VarCollector  MatchNameNode  MatchNodeType  MatchDeclaration  MatchNotFunction  MatchShallowStatement  [METHOD]  isBooleanResultHelper  [RETURN_TYPE]  boolean  Node  n  [VARIABLES]  BooleanResultPredicate  BOOLEAN_RESULT_PREDICATE  Set  BUILTIN_FUNCTIONS_WITHOUT_SIDEEFFECTS  CONSTRUCTORS_WITHOUT_SIDE_EFFECTS  OBJECT_METHODS_WITHOUT_SIDEEFFECTS  REGEXP_METHODS  STRING_REGEXP_METHODS  defines  emptySet  knownConstants  NumbericResultPredicate  NUMBERIC_RESULT_PREDICATE  boolean  MayBeStringResultPredicate  MAY_BE_STRING_PREDICATE  Node  n  String  JSC_PROPERTY_NAME_FN  childValue  name  namespaceName  rawJsString  s  value  Map  vars  int  c  end  nextSkipSlot  nextSlot  start  type  	projects/Closure80/src/com/google/javascript/jscomp/NodeUtil.java	0.4082482904638631	1264	1264	2	replace	Preconditions.checkState(n.getType()!=  Token.FUNCTION);  return  true;	  Preconditions.checkState(n.getType()    ==    Token.FUNCTION);    return    false;    	non-compiled	[CE]  	98	None	replace
481	[BUG]  [BUGGY]  Preconditions.checkArgument(n.getType()  ==  Token.FUNCTION);  return  false;  [CE]  [FE]                                        IllegalStateException      [CONTEXT]      case  Token.LE:  case  Token.GE:  case  Token.IN:  case  Token.INSTANCEOF:  case  Token.NOT:  return  true;  default:      [BUGGY]  Preconditions.checkArgument(n.getType()  ==  Token.FUNCTION);  return  false;  [BUGGY]      }  }  [CLASS]  NodeUtil  NumbericResultPredicate  BooleanResultPredicate  MayBeStringResultPredicate  VarCollector  MatchNameNode  MatchNodeType  MatchDeclaration  MatchNotFunction  MatchShallowStatement  [METHOD]  isBooleanResultHelper  [RETURN_TYPE]  boolean  Node  n  [VARIABLES]  BooleanResultPredicate  BOOLEAN_RESULT_PREDICATE  Set  BUILTIN_FUNCTIONS_WITHOUT_SIDEEFFECTS  CONSTRUCTORS_WITHOUT_SIDE_EFFECTS  OBJECT_METHODS_WITHOUT_SIDEEFFECTS  REGEXP_METHODS  STRING_REGEXP_METHODS  defines  emptySet  knownConstants  NumbericResultPredicate  NUMBERIC_RESULT_PREDICATE  boolean  MayBeStringResultPredicate  MAY_BE_STRING_PREDICATE  Node  n  String  JSC_PROPERTY_NAME_FN  childValue  name  namespaceName  rawJsString  s  value  Map  vars  int  c  end  nextSkipSlot  nextSlot  start  type  	projects/Closure80/src/com/google/javascript/jscomp/NodeUtil.java	0.4082482904638631	1264	1264	2	replace	Preconditions.checkArgument(n.getType()  ==  Token.FUNCTION);  return  false;	  Preconditions.checkState(n.getType()    ==    Token.FUNCTION);    return    false;    	non-compiled	[CE]  	98	None	replace
482	[BUG]  [BUGGY]  ||(n.getType()!=  Token.FUNCTION  &&  n.getChildCount()  >  1))  {  return  false;  }  [CE]  [FE]                            IllegalStateException      [CONTEXT]      case  Token.LE:  case  Token.GE:  case  Token.IN:  case  Token.INSTANCEOF:  case  Token.NOT:  return  true;  default:      [BUGGY]  ||(n.getType()!=  Token.FUNCTION  &&  n.getChildCount()  >  1))  {  return  false;  }  [BUGGY]      }  }  [CLASS]  NodeUtil  NumbericResultPredicate  BooleanResultPredicate  MayBeStringResultPredicate  VarCollector  MatchNameNode  MatchNodeType  MatchDeclaration  MatchNotFunction  MatchShallowStatement  [METHOD]  isBooleanResultHelper  [RETURN_TYPE]  boolean  Node  n  [VARIABLES]  BooleanResultPredicate  BOOLEAN_RESULT_PREDICATE  Set  BUILTIN_FUNCTIONS_WITHOUT_SIDEEFFECTS  CONSTRUCTORS_WITHOUT_SIDE_EFFECTS  OBJECT_METHODS_WITHOUT_SIDEEFFECTS  REGEXP_METHODS  STRING_REGEXP_METHODS  defines  emptySet  knownConstants  NumbericResultPredicate  NUMBERIC_RESULT_PREDICATE  boolean  MayBeStringResultPredicate  MAY_BE_STRING_PREDICATE  Node  n  String  JSC_PROPERTY_NAME_FN  childValue  name  namespaceName  rawJsString  s  value  Map  vars  int  c  end  nextSkipSlot  nextSlot  start  type  	projects/Closure80/src/com/google/javascript/jscomp/NodeUtil.java	0.4082482904638631	1264	1264	2	replace	||(n.getType()!=  Token.FUNCTION  &&  n.getChildCount()  >  1))  {  return  false;  }	  if(n.getType()!=    Token.FUNCTION)    {    return    false;    }    	non-compiled	[CE]  	29	None	replace
483	[BUG]  [BUGGY]  ||(n.getType()!=  Token.FUNCTION  &&  n.getChildCount()  ==  1))  {  return  false;  }  [CE]  [FE]                              IllegalStateException      [CONTEXT]      case  Token.LE:  case  Token.GE:  case  Token.IN:  case  Token.INSTANCEOF:  case  Token.NOT:  return  true;  default:      [BUGGY]  ||(n.getType()!=  Token.FUNCTION  &&  n.getChildCount()  ==  1))  {  return  false;  }  [BUGGY]      }  }  [CLASS]  NodeUtil  NumbericResultPredicate  BooleanResultPredicate  MayBeStringResultPredicate  VarCollector  MatchNameNode  MatchNodeType  MatchDeclaration  MatchNotFunction  MatchShallowStatement  [METHOD]  isBooleanResultHelper  [RETURN_TYPE]  boolean  Node  n  [VARIABLES]  BooleanResultPredicate  BOOLEAN_RESULT_PREDICATE  Set  BUILTIN_FUNCTIONS_WITHOUT_SIDEEFFECTS  CONSTRUCTORS_WITHOUT_SIDE_EFFECTS  OBJECT_METHODS_WITHOUT_SIDEEFFECTS  REGEXP_METHODS  STRING_REGEXP_METHODS  defines  emptySet  knownConstants  NumbericResultPredicate  NUMBERIC_RESULT_PREDICATE  boolean  MayBeStringResultPredicate  MAY_BE_STRING_PREDICATE  Node  n  String  JSC_PROPERTY_NAME_FN  childValue  name  namespaceName  rawJsString  s  value  Map  vars  int  c  end  nextSkipSlot  nextSlot  start  type  	projects/Closure80/src/com/google/javascript/jscomp/NodeUtil.java	0.4082482904638631	1264	1264	2	replace	||(n.getType()!=  Token.FUNCTION  &&  n.getChildCount()  ==  1))  {  return  false;  }	  if(n.getType()!=    Token.FUNCTION)    {    return    false;    }    	non-compiled	[CE]  	29	None	replace
484	[BUG]  [BUGGY]  if(n.getType()  ==  Token.FUNCTION)return  false;  }  [CE]  [FE]                                IllegalStateException      [CONTEXT]      case  Token.LE:  case  Token.GE:  case  Token.IN:  case  Token.INSTANCEOF:  case  Token.NOT:  return  true;  default:      [BUGGY]  if(n.getType()  ==  Token.FUNCTION)return  false;  }  [BUGGY]      }  }  [CLASS]  NodeUtil  NumbericResultPredicate  BooleanResultPredicate  MayBeStringResultPredicate  VarCollector  MatchNameNode  MatchNodeType  MatchDeclaration  MatchNotFunction  MatchShallowStatement  [METHOD]  isBooleanResultHelper  [RETURN_TYPE]  boolean  Node  n  [VARIABLES]  BooleanResultPredicate  BOOLEAN_RESULT_PREDICATE  Set  BUILTIN_FUNCTIONS_WITHOUT_SIDEEFFECTS  CONSTRUCTORS_WITHOUT_SIDE_EFFECTS  OBJECT_METHODS_WITHOUT_SIDEEFFECTS  REGEXP_METHODS  STRING_REGEXP_METHODS  defines  emptySet  knownConstants  NumbericResultPredicate  NUMBERIC_RESULT_PREDICATE  boolean  MayBeStringResultPredicate  MAY_BE_STRING_PREDICATE  Node  n  String  JSC_PROPERTY_NAME_FN  childValue  name  namespaceName  rawJsString  s  value  Map  vars  int  c  end  nextSkipSlot  nextSlot  start  type  	projects/Closure80/src/com/google/javascript/jscomp/NodeUtil.java	0.4082482904638631	1264	1264	2	replace	if(n.getType()  ==  Token.FUNCTION)return  false;  }	  if(n.getType()!=    Token.FUNCTION)    {    return    false;    }    	non-compiled	[CE]  	29	None	replace
485	[BUG]  [BUGGY]  ||(n.getType()!=  Token.FUNCTION  &&  n.getFirstChild()  ==  null))  {  return  false;  }  [CE]  [FE]                                  IllegalStateException      [CONTEXT]      case  Token.LE:  case  Token.GE:  case  Token.IN:  case  Token.INSTANCEOF:  case  Token.NOT:  return  true;  default:      [BUGGY]  ||(n.getType()!=  Token.FUNCTION  &&  n.getFirstChild()  ==  null))  {  return  false;  }  [BUGGY]      }  }  [CLASS]  NodeUtil  NumbericResultPredicate  BooleanResultPredicate  MayBeStringResultPredicate  VarCollector  MatchNameNode  MatchNodeType  MatchDeclaration  MatchNotFunction  MatchShallowStatement  [METHOD]  isBooleanResultHelper  [RETURN_TYPE]  boolean  Node  n  [VARIABLES]  BooleanResultPredicate  BOOLEAN_RESULT_PREDICATE  Set  BUILTIN_FUNCTIONS_WITHOUT_SIDEEFFECTS  CONSTRUCTORS_WITHOUT_SIDE_EFFECTS  OBJECT_METHODS_WITHOUT_SIDEEFFECTS  REGEXP_METHODS  STRING_REGEXP_METHODS  defines  emptySet  knownConstants  NumbericResultPredicate  NUMBERIC_RESULT_PREDICATE  boolean  MayBeStringResultPredicate  MAY_BE_STRING_PREDICATE  Node  n  String  JSC_PROPERTY_NAME_FN  childValue  name  namespaceName  rawJsString  s  value  Map  vars  int  c  end  nextSkipSlot  nextSlot  start  type  	projects/Closure80/src/com/google/javascript/jscomp/NodeUtil.java	0.4082482904638631	1264	1264	2	replace	||(n.getType()!=  Token.FUNCTION  &&  n.getFirstChild()  ==  null))  {  return  false;  }	  if(n.getType()!=    Token.FUNCTION)    {    return    false;    }    	non-compiled	[CE]  	29	None	replace
486	[BUG]  [BUGGY]  if(NodeUtil.isFunctionAnonymous(n)&&  NodeUtil.isVarDeclaration(n))  {  return  false;  }  [CE]  [FE]                        IllegalStateException      [CONTEXT]      case  Token.LE:  case  Token.GE:  case  Token.IN:  case  Token.INSTANCEOF:  case  Token.NOT:  return  true;  default:      [BUGGY]  if(NodeUtil.isFunctionAnonymous(n)&&  NodeUtil.isVarDeclaration(n))  {  return  false;  }  [BUGGY]      }  }  [CLASS]  NodeUtil  NumbericResultPredicate  BooleanResultPredicate  MayBeStringResultPredicate  VarCollector  MatchNameNode  MatchNodeType  MatchDeclaration  MatchNotFunction  MatchShallowStatement  [METHOD]  isBooleanResultHelper  [RETURN_TYPE]  boolean  Node  n  [VARIABLES]  BooleanResultPredicate  BOOLEAN_RESULT_PREDICATE  Set  BUILTIN_FUNCTIONS_WITHOUT_SIDEEFFECTS  CONSTRUCTORS_WITHOUT_SIDE_EFFECTS  OBJECT_METHODS_WITHOUT_SIDEEFFECTS  REGEXP_METHODS  STRING_REGEXP_METHODS  defines  emptySet  knownConstants  NumbericResultPredicate  NUMBERIC_RESULT_PREDICATE  boolean  MayBeStringResultPredicate  MAY_BE_STRING_PREDICATE  Node  n  String  JSC_PROPERTY_NAME_FN  childValue  name  namespaceName  rawJsString  s  value  Map  vars  int  c  end  nextSkipSlot  nextSlot  start  type  	projects/Closure80/src/com/google/javascript/jscomp/NodeUtil.java	0.4082482904638631	1264	1264	2	replace	if(NodeUtil.isFunctionAnonymous(n)&&  NodeUtil.isVarDeclaration(n))  {  return  false;  }	  if(NodeUtil.isFunctionAnonymous(n)||    NodeUtil.isVarDeclaration(n))    {    return    false;    }    	non-compiled	[CE]  	141	None	replace
487	[BUG]  [BUGGY]  NodeUtil.isFunctionAnonymous(n)&&  NodeUtil.isVarDeclaration(n))  {  return  false;  }  [CE]  [FE]                          IllegalStateException      [CONTEXT]      case  Token.LE:  case  Token.GE:  case  Token.IN:  case  Token.INSTANCEOF:  case  Token.NOT:  return  true;  default:      [BUGGY]  NodeUtil.isFunctionAnonymous(n)&&  NodeUtil.isVarDeclaration(n))  {  return  false;  }  [BUGGY]      }  }  [CLASS]  NodeUtil  NumbericResultPredicate  BooleanResultPredicate  MayBeStringResultPredicate  VarCollector  MatchNameNode  MatchNodeType  MatchDeclaration  MatchNotFunction  MatchShallowStatement  [METHOD]  isBooleanResultHelper  [RETURN_TYPE]  boolean  Node  n  [VARIABLES]  BooleanResultPredicate  BOOLEAN_RESULT_PREDICATE  Set  BUILTIN_FUNCTIONS_WITHOUT_SIDEEFFECTS  CONSTRUCTORS_WITHOUT_SIDE_EFFECTS  OBJECT_METHODS_WITHOUT_SIDEEFFECTS  REGEXP_METHODS  STRING_REGEXP_METHODS  defines  emptySet  knownConstants  NumbericResultPredicate  NUMBERIC_RESULT_PREDICATE  boolean  MayBeStringResultPredicate  MAY_BE_STRING_PREDICATE  Node  n  String  JSC_PROPERTY_NAME_FN  childValue  name  namespaceName  rawJsString  s  value  Map  vars  int  c  end  nextSkipSlot  nextSlot  start  type  	projects/Closure80/src/com/google/javascript/jscomp/NodeUtil.java	0.4082482904638631	1264	1264	2	replace	NodeUtil.isFunctionAnonymous(n)&&  NodeUtil.isVarDeclaration(n))  {  return  false;  }	  if(NodeUtil.isFunctionAnonymous(n)||    NodeUtil.isVarDeclaration(n))    {    return    false;    }    	non-compiled	[CE]  	141	None	replace
488	[BUG]  [BUGGY]  NodeUtil.isFunctionAnonymous(n)||  NodeUtil.isVarDeclaration(n))  {  return  false;  }  [CE]  [FE]                            IllegalStateException      [CONTEXT]      case  Token.LE:  case  Token.GE:  case  Token.IN:  case  Token.INSTANCEOF:  case  Token.NOT:  return  true;  default:      [BUGGY]  NodeUtil.isFunctionAnonymous(n)||  NodeUtil.isVarDeclaration(n))  {  return  false;  }  [BUGGY]      }  }  [CLASS]  NodeUtil  NumbericResultPredicate  BooleanResultPredicate  MayBeStringResultPredicate  VarCollector  MatchNameNode  MatchNodeType  MatchDeclaration  MatchNotFunction  MatchShallowStatement  [METHOD]  isBooleanResultHelper  [RETURN_TYPE]  boolean  Node  n  [VARIABLES]  BooleanResultPredicate  BOOLEAN_RESULT_PREDICATE  Set  BUILTIN_FUNCTIONS_WITHOUT_SIDEEFFECTS  CONSTRUCTORS_WITHOUT_SIDE_EFFECTS  OBJECT_METHODS_WITHOUT_SIDEEFFECTS  REGEXP_METHODS  STRING_REGEXP_METHODS  defines  emptySet  knownConstants  NumbericResultPredicate  NUMBERIC_RESULT_PREDICATE  boolean  MayBeStringResultPredicate  MAY_BE_STRING_PREDICATE  Node  n  String  JSC_PROPERTY_NAME_FN  childValue  name  namespaceName  rawJsString  s  value  Map  vars  int  c  end  nextSkipSlot  nextSlot  start  type  	projects/Closure80/src/com/google/javascript/jscomp/NodeUtil.java	0.4082482904638631	1264	1264	2	replace	NodeUtil.isFunctionAnonymous(n)||  NodeUtil.isVarDeclaration(n))  {  return  false;  }	  if(NodeUtil.isFunctionAnonymous(n)||    NodeUtil.isVarDeclaration(n))    {    return    false;    }    	non-compiled	[CE]  	141	None	replace
489	[BUG]  [BUGGY]  NodeUtil.isVarDeclaration(n)||  NodeUtil.isFunctionAnonymous(n))  {  return  false;  }  [CE]  [FE]                              IllegalStateException      [CONTEXT]      case  Token.LE:  case  Token.GE:  case  Token.IN:  case  Token.INSTANCEOF:  case  Token.NOT:  return  true;  default:      [BUGGY]  NodeUtil.isVarDeclaration(n)||  NodeUtil.isFunctionAnonymous(n))  {  return  false;  }  [BUGGY]      }  }  [CLASS]  NodeUtil  NumbericResultPredicate  BooleanResultPredicate  MayBeStringResultPredicate  VarCollector  MatchNameNode  MatchNodeType  MatchDeclaration  MatchNotFunction  MatchShallowStatement  [METHOD]  isBooleanResultHelper  [RETURN_TYPE]  boolean  Node  n  [VARIABLES]  BooleanResultPredicate  BOOLEAN_RESULT_PREDICATE  Set  BUILTIN_FUNCTIONS_WITHOUT_SIDEEFFECTS  CONSTRUCTORS_WITHOUT_SIDE_EFFECTS  OBJECT_METHODS_WITHOUT_SIDEEFFECTS  REGEXP_METHODS  STRING_REGEXP_METHODS  defines  emptySet  knownConstants  NumbericResultPredicate  NUMBERIC_RESULT_PREDICATE  boolean  MayBeStringResultPredicate  MAY_BE_STRING_PREDICATE  Node  n  String  JSC_PROPERTY_NAME_FN  childValue  name  namespaceName  rawJsString  s  value  Map  vars  int  c  end  nextSkipSlot  nextSlot  start  type  	projects/Closure80/src/com/google/javascript/jscomp/NodeUtil.java	0.4082482904638631	1264	1264	2	replace	NodeUtil.isVarDeclaration(n)||  NodeUtil.isFunctionAnonymous(n))  {  return  false;  }	  if(NodeUtil.isFunctionAnonymous(n)||    NodeUtil.isVarDeclaration(n))    {    return    false;    }    	non-compiled	[CE]  	141	None	replace
490	[BUG]  [BUGGY]  ||(n.getType()!=  Token.FUNCTION  &&  n.getChildCount()  >  1))  {  return  true;  }  [CE]  [FE]                IllegalStateException      [CONTEXT]      case  Token.LE:  case  Token.GE:  case  Token.IN:  case  Token.INSTANCEOF:  case  Token.NOT:  return  true;  default:      [BUGGY]  ||(n.getType()!=  Token.FUNCTION  &&  n.getChildCount()  >  1))  {  return  true;  }  [BUGGY]      }  }  [CLASS]  NodeUtil  NumbericResultPredicate  BooleanResultPredicate  MayBeStringResultPredicate  VarCollector  MatchNameNode  MatchNodeType  MatchDeclaration  MatchNotFunction  MatchShallowStatement  [METHOD]  isBooleanResultHelper  [RETURN_TYPE]  boolean  Node  n  [VARIABLES]  BooleanResultPredicate  BOOLEAN_RESULT_PREDICATE  Set  BUILTIN_FUNCTIONS_WITHOUT_SIDEEFFECTS  CONSTRUCTORS_WITHOUT_SIDE_EFFECTS  OBJECT_METHODS_WITHOUT_SIDEEFFECTS  REGEXP_METHODS  STRING_REGEXP_METHODS  defines  emptySet  knownConstants  NumbericResultPredicate  NUMBERIC_RESULT_PREDICATE  boolean  MayBeStringResultPredicate  MAY_BE_STRING_PREDICATE  Node  n  String  JSC_PROPERTY_NAME_FN  childValue  name  namespaceName  rawJsString  s  value  Map  vars  int  c  end  nextSkipSlot  nextSlot  start  type  	projects/Closure80/src/com/google/javascript/jscomp/NodeUtil.java	0.4082482904638631	1264	1264	2	replace	||(n.getType()!=  Token.FUNCTION  &&  n.getChildCount()  >  1))  {  return  true;  }	  if(n.getType()!=    Token.FUNCTION)    {    return    true;    }    	non-compiled	[CE]  	119	None	replace
491	[BUG]  [BUGGY]  parent.getType()!=  Token.FUNCTION)  {  return  true;  }  [CE]  [FE]                  IllegalStateException      [CONTEXT]      case  Token.LE:  case  Token.GE:  case  Token.IN:  case  Token.INSTANCEOF:  case  Token.NOT:  return  true;  default:      [BUGGY]  parent.getType()!=  Token.FUNCTION)  {  return  true;  }  [BUGGY]      }  }  [CLASS]  NodeUtil  NumbericResultPredicate  BooleanResultPredicate  MayBeStringResultPredicate  VarCollector  MatchNameNode  MatchNodeType  MatchDeclaration  MatchNotFunction  MatchShallowStatement  [METHOD]  isBooleanResultHelper  [RETURN_TYPE]  boolean  Node  n  [VARIABLES]  BooleanResultPredicate  BOOLEAN_RESULT_PREDICATE  Set  BUILTIN_FUNCTIONS_WITHOUT_SIDEEFFECTS  CONSTRUCTORS_WITHOUT_SIDE_EFFECTS  OBJECT_METHODS_WITHOUT_SIDEEFFECTS  REGEXP_METHODS  STRING_REGEXP_METHODS  defines  emptySet  knownConstants  NumbericResultPredicate  NUMBERIC_RESULT_PREDICATE  boolean  MayBeStringResultPredicate  MAY_BE_STRING_PREDICATE  Node  n  String  JSC_PROPERTY_NAME_FN  childValue  name  namespaceName  rawJsString  s  value  Map  vars  int  c  end  nextSkipSlot  nextSlot  start  type  	projects/Closure80/src/com/google/javascript/jscomp/NodeUtil.java	0.4082482904638631	1264	1264	2	replace	parent.getType()!=  Token.FUNCTION)  {  return  true;  }	  if(n.getType()!=    Token.FUNCTION)    {    return    true;    }    	non-compiled	[CE]  	119	None	replace
492	[BUG]  [BUGGY]  if(n.getType()  ==  Token.NAME  &&  n.getType()  ==  Token.GETPROP)  {  return  true;  }  [CE]  [FE]                            IllegalStateException      [CONTEXT]      case  Token.LE:  case  Token.GE:  case  Token.IN:  case  Token.INSTANCEOF:  case  Token.NOT:  return  true;  default:      [BUGGY]  if(n.getType()  ==  Token.NAME  &&  n.getType()  ==  Token.GETPROP)  {  return  true;  }  [BUGGY]      }  }  [CLASS]  NodeUtil  NumbericResultPredicate  BooleanResultPredicate  MayBeStringResultPredicate  VarCollector  MatchNameNode  MatchNodeType  MatchDeclaration  MatchNotFunction  MatchShallowStatement  [METHOD]  isBooleanResultHelper  [RETURN_TYPE]  boolean  Node  n  [VARIABLES]  BooleanResultPredicate  BOOLEAN_RESULT_PREDICATE  Set  BUILTIN_FUNCTIONS_WITHOUT_SIDEEFFECTS  CONSTRUCTORS_WITHOUT_SIDE_EFFECTS  OBJECT_METHODS_WITHOUT_SIDEEFFECTS  REGEXP_METHODS  STRING_REGEXP_METHODS  defines  emptySet  knownConstants  NumbericResultPredicate  NUMBERIC_RESULT_PREDICATE  boolean  MayBeStringResultPredicate  MAY_BE_STRING_PREDICATE  Node  n  String  JSC_PROPERTY_NAME_FN  childValue  name  namespaceName  rawJsString  s  value  Map  vars  int  c  end  nextSkipSlot  nextSlot  start  type  	projects/Closure80/src/com/google/javascript/jscomp/NodeUtil.java	0.4082482904638631	1264	1264	2	replace	if(n.getType()  ==  Token.NAME  &&  n.getType()  ==  Token.GETPROP)  {  return  true;  }	  if(n.getType()    ==    Token.NAME    ||    n.getType()    ==    Token.GETPROP)    {    return    true;    }    	non-compiled	[CE]  	19	None	replace
493	[BUG]  [BUGGY]  ||  n.getType()  ==  Token.GETPROP)  {  return  true;  }  [CE]  [FE]                              IllegalStateException      [CONTEXT]      case  Token.LE:  case  Token.GE:  case  Token.IN:  case  Token.INSTANCEOF:  case  Token.NOT:  return  true;  default:      [BUGGY]  ||  n.getType()  ==  Token.GETPROP)  {  return  true;  }  [BUGGY]      }  }  [CLASS]  NodeUtil  NumbericResultPredicate  BooleanResultPredicate  MayBeStringResultPredicate  VarCollector  MatchNameNode  MatchNodeType  MatchDeclaration  MatchNotFunction  MatchShallowStatement  [METHOD]  isBooleanResultHelper  [RETURN_TYPE]  boolean  Node  n  [VARIABLES]  BooleanResultPredicate  BOOLEAN_RESULT_PREDICATE  Set  BUILTIN_FUNCTIONS_WITHOUT_SIDEEFFECTS  CONSTRUCTORS_WITHOUT_SIDE_EFFECTS  OBJECT_METHODS_WITHOUT_SIDEEFFECTS  REGEXP_METHODS  STRING_REGEXP_METHODS  defines  emptySet  knownConstants  NumbericResultPredicate  NUMBERIC_RESULT_PREDICATE  boolean  MayBeStringResultPredicate  MAY_BE_STRING_PREDICATE  Node  n  String  JSC_PROPERTY_NAME_FN  childValue  name  namespaceName  rawJsString  s  value  Map  vars  int  c  end  nextSkipSlot  nextSlot  start  type  	projects/Closure80/src/com/google/javascript/jscomp/NodeUtil.java	0.4082482904638631	1264	1264	2	replace	||  n.getType()  ==  Token.GETPROP)  {  return  true;  }	  if(n.getType()    ==    Token.NAME    ||    n.getType()    ==    Token.GETPROP)    {    return    true;    }    	non-compiled	[CE]  	19	None	replace
494	[BUG]  [BUGGY]  n.getType()  ==  Token.NAME  ||  n.getType()  ==  Token.GETPROP)  {  return  true;  }  [CE]  [FE]                                IllegalStateException      [CONTEXT]      case  Token.LE:  case  Token.GE:  case  Token.IN:  case  Token.INSTANCEOF:  case  Token.NOT:  return  true;  default:      [BUGGY]  n.getType()  ==  Token.NAME  ||  n.getType()  ==  Token.GETPROP)  {  return  true;  }  [BUGGY]      }  }  [CLASS]  NodeUtil  NumbericResultPredicate  BooleanResultPredicate  MayBeStringResultPredicate  VarCollector  MatchNameNode  MatchNodeType  MatchDeclaration  MatchNotFunction  MatchShallowStatement  [METHOD]  isBooleanResultHelper  [RETURN_TYPE]  boolean  Node  n  [VARIABLES]  BooleanResultPredicate  BOOLEAN_RESULT_PREDICATE  Set  BUILTIN_FUNCTIONS_WITHOUT_SIDEEFFECTS  CONSTRUCTORS_WITHOUT_SIDE_EFFECTS  OBJECT_METHODS_WITHOUT_SIDEEFFECTS  REGEXP_METHODS  STRING_REGEXP_METHODS  defines  emptySet  knownConstants  NumbericResultPredicate  NUMBERIC_RESULT_PREDICATE  boolean  MayBeStringResultPredicate  MAY_BE_STRING_PREDICATE  Node  n  String  JSC_PROPERTY_NAME_FN  childValue  name  namespaceName  rawJsString  s  value  Map  vars  int  c  end  nextSkipSlot  nextSlot  start  type  	projects/Closure80/src/com/google/javascript/jscomp/NodeUtil.java	0.4082482904638631	1264	1264	2	replace	n.getType()  ==  Token.NAME  ||  n.getType()  ==  Token.GETPROP)  {  return  true;  }	  if(n.getType()    ==    Token.NAME    ||    n.getType()    ==    Token.GETPROP)    {    return    true;    }    	non-compiled	[CE]  	19	None	replace
495	[BUG]  [BUGGY]  n.setType(Token.NAME)||  n.getType()  ==  Token.GETPROP)  {  return  true;  }  [CE]  [FE]                                  IllegalStateException      [CONTEXT]      case  Token.LE:  case  Token.GE:  case  Token.IN:  case  Token.INSTANCEOF:  case  Token.NOT:  return  true;  default:      [BUGGY]  n.setType(Token.NAME)||  n.getType()  ==  Token.GETPROP)  {  return  true;  }  [BUGGY]      }  }  [CLASS]  NodeUtil  NumbericResultPredicate  BooleanResultPredicate  MayBeStringResultPredicate  VarCollector  MatchNameNode  MatchNodeType  MatchDeclaration  MatchNotFunction  MatchShallowStatement  [METHOD]  isBooleanResultHelper  [RETURN_TYPE]  boolean  Node  n  [VARIABLES]  BooleanResultPredicate  BOOLEAN_RESULT_PREDICATE  Set  BUILTIN_FUNCTIONS_WITHOUT_SIDEEFFECTS  CONSTRUCTORS_WITHOUT_SIDE_EFFECTS  OBJECT_METHODS_WITHOUT_SIDEEFFECTS  REGEXP_METHODS  STRING_REGEXP_METHODS  defines  emptySet  knownConstants  NumbericResultPredicate  NUMBERIC_RESULT_PREDICATE  boolean  MayBeStringResultPredicate  MAY_BE_STRING_PREDICATE  Node  n  String  JSC_PROPERTY_NAME_FN  childValue  name  namespaceName  rawJsString  s  value  Map  vars  int  c  end  nextSkipSlot  nextSlot  start  type  	projects/Closure80/src/com/google/javascript/jscomp/NodeUtil.java	0.4082482904638631	1264	1264	2	replace	n.setType(Token.NAME)||  n.getType()  ==  Token.GETPROP)  {  return  true;  }	  if(n.getType()    ==    Token.NAME    ||    n.getType()    ==    Token.GETPROP)    {    return    true;    }    	non-compiled	[CE]  	19	None	replace
496	[BUG]  [BUGGY]  return(n.getType()  ==  Token.NAME)?  BooleanResultPredicate.EMPTY  :  BooleanResultPredicate.FUNCTION;  [CE]  [FE]                  IllegalStateException      [CONTEXT]      case  Token.LE:  case  Token.GE:  case  Token.IN:  case  Token.INSTANCEOF:  case  Token.NOT:  return  true;  default:      [BUGGY]  return(n.getType()  ==  Token.NAME)?  BooleanResultPredicate.EMPTY  :  BooleanResultPredicate.FUNCTION;  [BUGGY]      }  }  [CLASS]  NodeUtil  NumbericResultPredicate  BooleanResultPredicate  MayBeStringResultPredicate  VarCollector  MatchNameNode  MatchNodeType  MatchDeclaration  MatchNotFunction  MatchShallowStatement  [METHOD]  isBooleanResultHelper  [RETURN_TYPE]  boolean  Node  n  [VARIABLES]  BooleanResultPredicate  BOOLEAN_RESULT_PREDICATE  Set  BUILTIN_FUNCTIONS_WITHOUT_SIDEEFFECTS  CONSTRUCTORS_WITHOUT_SIDE_EFFECTS  OBJECT_METHODS_WITHOUT_SIDEEFFECTS  REGEXP_METHODS  STRING_REGEXP_METHODS  defines  emptySet  knownConstants  NumbericResultPredicate  NUMBERIC_RESULT_PREDICATE  boolean  MayBeStringResultPredicate  MAY_BE_STRING_PREDICATE  Node  n  String  JSC_PROPERTY_NAME_FN  childValue  name  namespaceName  rawJsString  s  value  Map  vars  int  c  end  nextSkipSlot  nextSlot  start  type  	projects/Closure80/src/com/google/javascript/jscomp/NodeUtil.java	0.4082482904638631	1264	1264	2	replace	return(n.getType()  ==  Token.NAME)?  BooleanResultPredicate.EMPTY  :  BooleanResultPredicate.FUNCTION;	  return(n.getType()    ==    Token.NAME)?    BooleanResultPredicate.EMPTY    :    BooleanResultPredicate.FALSE;    	non-compiled	[CE]  	162	None	replace
497	[BUG]  [BUGGY]  return(n.getType()  ==  Token.NAME)?  BooleanResultPredicate.EMPTY  :  BooleanResultPredicate.FIELD;  [CE]  [FE]                    IllegalStateException      [CONTEXT]      case  Token.LE:  case  Token.GE:  case  Token.IN:  case  Token.INSTANCEOF:  case  Token.NOT:  return  true;  default:      [BUGGY]  return(n.getType()  ==  Token.NAME)?  BooleanResultPredicate.EMPTY  :  BooleanResultPredicate.FIELD;  [BUGGY]      }  }  [CLASS]  NodeUtil  NumbericResultPredicate  BooleanResultPredicate  MayBeStringResultPredicate  VarCollector  MatchNameNode  MatchNodeType  MatchDeclaration  MatchNotFunction  MatchShallowStatement  [METHOD]  isBooleanResultHelper  [RETURN_TYPE]  boolean  Node  n  [VARIABLES]  BooleanResultPredicate  BOOLEAN_RESULT_PREDICATE  Set  BUILTIN_FUNCTIONS_WITHOUT_SIDEEFFECTS  CONSTRUCTORS_WITHOUT_SIDE_EFFECTS  OBJECT_METHODS_WITHOUT_SIDEEFFECTS  REGEXP_METHODS  STRING_REGEXP_METHODS  defines  emptySet  knownConstants  NumbericResultPredicate  NUMBERIC_RESULT_PREDICATE  boolean  MayBeStringResultPredicate  MAY_BE_STRING_PREDICATE  Node  n  String  JSC_PROPERTY_NAME_FN  childValue  name  namespaceName  rawJsString  s  value  Map  vars  int  c  end  nextSkipSlot  nextSlot  start  type  	projects/Closure80/src/com/google/javascript/jscomp/NodeUtil.java	0.4082482904638631	1264	1264	2	replace	return(n.getType()  ==  Token.NAME)?  BooleanResultPredicate.EMPTY  :  BooleanResultPredicate.FIELD;	  return(n.getType()    ==    Token.NAME)?    BooleanResultPredicate.EMPTY    :    BooleanResultPredicate.FALSE;    	non-compiled	[CE]  	162	None	replace
498	[BUG]  [BUGGY]  return(n.getType()  ==  Token.FUNCTION)?  BooleanResultPredicate.EMPTY  :  BooleanResultPredicate.FALSE;  [CE]  [FE]                      IllegalStateException      [CONTEXT]      case  Token.LE:  case  Token.GE:  case  Token.IN:  case  Token.INSTANCEOF:  case  Token.NOT:  return  true;  default:      [BUGGY]  return(n.getType()  ==  Token.FUNCTION)?  BooleanResultPredicate.EMPTY  :  BooleanResultPredicate.FALSE;  [BUGGY]      }  }  [CLASS]  NodeUtil  NumbericResultPredicate  BooleanResultPredicate  MayBeStringResultPredicate  VarCollector  MatchNameNode  MatchNodeType  MatchDeclaration  MatchNotFunction  MatchShallowStatement  [METHOD]  isBooleanResultHelper  [RETURN_TYPE]  boolean  Node  n  [VARIABLES]  BooleanResultPredicate  BOOLEAN_RESULT_PREDICATE  Set  BUILTIN_FUNCTIONS_WITHOUT_SIDEEFFECTS  CONSTRUCTORS_WITHOUT_SIDE_EFFECTS  OBJECT_METHODS_WITHOUT_SIDEEFFECTS  REGEXP_METHODS  STRING_REGEXP_METHODS  defines  emptySet  knownConstants  NumbericResultPredicate  NUMBERIC_RESULT_PREDICATE  boolean  MayBeStringResultPredicate  MAY_BE_STRING_PREDICATE  Node  n  String  JSC_PROPERTY_NAME_FN  childValue  name  namespaceName  rawJsString  s  value  Map  vars  int  c  end  nextSkipSlot  nextSlot  start  type  	projects/Closure80/src/com/google/javascript/jscomp/NodeUtil.java	0.4082482904638631	1264	1264	2	replace	return(n.getType()  ==  Token.FUNCTION)?  BooleanResultPredicate.EMPTY  :  BooleanResultPredicate.FALSE;	  return(n.getType()    ==    Token.NAME)?    BooleanResultPredicate.EMPTY    :    BooleanResultPredicate.FALSE;    	non-compiled	[CE]  	162	None	replace
499	[BUG]  [BUGGY]  return(n.getType()  ==  Token.NAME)?  BooleanResultPredicate.EMPTY  :  BooleanResultPredicate.UNKNOWN;  [CE]  [FE]                        IllegalStateException      [CONTEXT]      case  Token.LE:  case  Token.GE:  case  Token.IN:  case  Token.INSTANCEOF:  case  Token.NOT:  return  true;  default:      [BUGGY]  return(n.getType()  ==  Token.NAME)?  BooleanResultPredicate.EMPTY  :  BooleanResultPredicate.UNKNOWN;  [BUGGY]      }  }  [CLASS]  NodeUtil  NumbericResultPredicate  BooleanResultPredicate  MayBeStringResultPredicate  VarCollector  MatchNameNode  MatchNodeType  MatchDeclaration  MatchNotFunction  MatchShallowStatement  [METHOD]  isBooleanResultHelper  [RETURN_TYPE]  boolean  Node  n  [VARIABLES]  BooleanResultPredicate  BOOLEAN_RESULT_PREDICATE  Set  BUILTIN_FUNCTIONS_WITHOUT_SIDEEFFECTS  CONSTRUCTORS_WITHOUT_SIDE_EFFECTS  OBJECT_METHODS_WITHOUT_SIDEEFFECTS  REGEXP_METHODS  STRING_REGEXP_METHODS  defines  emptySet  knownConstants  NumbericResultPredicate  NUMBERIC_RESULT_PREDICATE  boolean  MayBeStringResultPredicate  MAY_BE_STRING_PREDICATE  Node  n  String  JSC_PROPERTY_NAME_FN  childValue  name  namespaceName  rawJsString  s  value  Map  vars  int  c  end  nextSkipSlot  nextSlot  start  type  	projects/Closure80/src/com/google/javascript/jscomp/NodeUtil.java	0.4082482904638631	1264	1264	2	replace	return(n.getType()  ==  Token.NAME)?  BooleanResultPredicate.EMPTY  :  BooleanResultPredicate.UNKNOWN;	  return(n.getType()    ==    Token.NAME)?    BooleanResultPredicate.EMPTY    :    BooleanResultPredicate.FALSE;    	non-compiled	[CE]  	162	None	replace
500	[BUG]  [BUGGY]  Preconditions.checkState(NodeUtil.isName(n)||  NodeUtil.isFunctionAnonymous(n))  {  return  false;  }  [CE]  [FE]                IllegalStateException      [CONTEXT]      case  Token.LE:  case  Token.GE:  case  Token.IN:  case  Token.INSTANCEOF:  case  Token.NOT:  return  true;  default:      [BUGGY]  Preconditions.checkState(NodeUtil.isName(n)||  NodeUtil.isFunctionAnonymous(n))  {  return  false;  }  [BUGGY]      }  }  [CLASS]  NodeUtil  NumbericResultPredicate  BooleanResultPredicate  MayBeStringResultPredicate  VarCollector  MatchNameNode  MatchNodeType  MatchDeclaration  MatchNotFunction  MatchShallowStatement  [METHOD]  isBooleanResultHelper  [RETURN_TYPE]  boolean  Node  n  [VARIABLES]  BooleanResultPredicate  BOOLEAN_RESULT_PREDICATE  Set  BUILTIN_FUNCTIONS_WITHOUT_SIDEEFFECTS  CONSTRUCTORS_WITHOUT_SIDE_EFFECTS  OBJECT_METHODS_WITHOUT_SIDEEFFECTS  REGEXP_METHODS  STRING_REGEXP_METHODS  defines  emptySet  knownConstants  NumbericResultPredicate  NUMBERIC_RESULT_PREDICATE  boolean  MayBeStringResultPredicate  MAY_BE_STRING_PREDICATE  Node  n  String  JSC_PROPERTY_NAME_FN  childValue  name  namespaceName  rawJsString  s  value  Map  vars  int  c  end  nextSkipSlot  nextSlot  start  type  	projects/Closure80/src/com/google/javascript/jscomp/NodeUtil.java	0.4082482904638631	1264	1264	2	replace	Preconditions.checkState(NodeUtil.isName(n)||  NodeUtil.isFunctionAnonymous(n))  {  return  false;  }	  Preconditions.checkState(NodeUtil.isFunctionAnonymous(n)||    NodeUtil.isFunctionAnonymous(n))    {    return    false;    }    	non-compiled	[CE]  	24	None	replace
501	[BUG]  [BUGGY]  Preconditions.checkState(NodeUtil.isExpressionNode(n)||  NodeUtil.isFunctionAnonymous(n))  {  return  false;  }  [CE]  [FE]                  IllegalStateException      [CONTEXT]      case  Token.LE:  case  Token.GE:  case  Token.IN:  case  Token.INSTANCEOF:  case  Token.NOT:  return  true;  default:      [BUGGY]  Preconditions.checkState(NodeUtil.isExpressionNode(n)||  NodeUtil.isFunctionAnonymous(n))  {  return  false;  }  [BUGGY]      }  }  [CLASS]  NodeUtil  NumbericResultPredicate  BooleanResultPredicate  MayBeStringResultPredicate  VarCollector  MatchNameNode  MatchNodeType  MatchDeclaration  MatchNotFunction  MatchShallowStatement  [METHOD]  isBooleanResultHelper  [RETURN_TYPE]  boolean  Node  n  [VARIABLES]  BooleanResultPredicate  BOOLEAN_RESULT_PREDICATE  Set  BUILTIN_FUNCTIONS_WITHOUT_SIDEEFFECTS  CONSTRUCTORS_WITHOUT_SIDE_EFFECTS  OBJECT_METHODS_WITHOUT_SIDEEFFECTS  REGEXP_METHODS  STRING_REGEXP_METHODS  defines  emptySet  knownConstants  NumbericResultPredicate  NUMBERIC_RESULT_PREDICATE  boolean  MayBeStringResultPredicate  MAY_BE_STRING_PREDICATE  Node  n  String  JSC_PROPERTY_NAME_FN  childValue  name  namespaceName  rawJsString  s  value  Map  vars  int  c  end  nextSkipSlot  nextSlot  start  type  	projects/Closure80/src/com/google/javascript/jscomp/NodeUtil.java	0.4082482904638631	1264	1264	2	replace	Preconditions.checkState(NodeUtil.isExpressionNode(n)||  NodeUtil.isFunctionAnonymous(n))  {  return  false;  }	  Preconditions.checkState(NodeUtil.isFunctionAnonymous(n)||    NodeUtil.isFunctionAnonymous(n))    {    return    false;    }    	non-compiled	[CE]  	24	None	replace
502	[BUG]  [BUGGY]  Preconditions.checkState(NodeUtil.isImmutableValue(n)||  NodeUtil.isFunctionAnonymous(n))  {  return  false;  }  [CE]  [FE]                    IllegalStateException      [CONTEXT]      case  Token.LE:  case  Token.GE:  case  Token.IN:  case  Token.INSTANCEOF:  case  Token.NOT:  return  true;  default:      [BUGGY]  Preconditions.checkState(NodeUtil.isImmutableValue(n)||  NodeUtil.isFunctionAnonymous(n))  {  return  false;  }  [BUGGY]      }  }  [CLASS]  NodeUtil  NumbericResultPredicate  BooleanResultPredicate  MayBeStringResultPredicate  VarCollector  MatchNameNode  MatchNodeType  MatchDeclaration  MatchNotFunction  MatchShallowStatement  [METHOD]  isBooleanResultHelper  [RETURN_TYPE]  boolean  Node  n  [VARIABLES]  BooleanResultPredicate  BOOLEAN_RESULT_PREDICATE  Set  BUILTIN_FUNCTIONS_WITHOUT_SIDEEFFECTS  CONSTRUCTORS_WITHOUT_SIDE_EFFECTS  OBJECT_METHODS_WITHOUT_SIDEEFFECTS  REGEXP_METHODS  STRING_REGEXP_METHODS  defines  emptySet  knownConstants  NumbericResultPredicate  NUMBERIC_RESULT_PREDICATE  boolean  MayBeStringResultPredicate  MAY_BE_STRING_PREDICATE  Node  n  String  JSC_PROPERTY_NAME_FN  childValue  name  namespaceName  rawJsString  s  value  Map  vars  int  c  end  nextSkipSlot  nextSlot  start  type  	projects/Closure80/src/com/google/javascript/jscomp/NodeUtil.java	0.4082482904638631	1264	1264	2	replace	Preconditions.checkState(NodeUtil.isImmutableValue(n)||  NodeUtil.isFunctionAnonymous(n))  {  return  false;  }	  Preconditions.checkState(NodeUtil.isFunctionAnonymous(n)||    NodeUtil.isFunctionAnonymous(n))    {    return    false;    }    	non-compiled	[CE]  	24	None	replace
503	[BUG]  [BUGGY]  Preconditions.checkState(NodeUtil.isFunctionAnonymous(n)&&  NodeUtil.isFunctionAnonymous(n))  {  return  false;  }  [CE]  [FE]                      IllegalStateException      [CONTEXT]      case  Token.LE:  case  Token.GE:  case  Token.IN:  case  Token.INSTANCEOF:  case  Token.NOT:  return  true;  default:      [BUGGY]  Preconditions.checkState(NodeUtil.isFunctionAnonymous(n)&&  NodeUtil.isFunctionAnonymous(n))  {  return  false;  }  [BUGGY]      }  }  [CLASS]  NodeUtil  NumbericResultPredicate  BooleanResultPredicate  MayBeStringResultPredicate  VarCollector  MatchNameNode  MatchNodeType  MatchDeclaration  MatchNotFunction  MatchShallowStatement  [METHOD]  isBooleanResultHelper  [RETURN_TYPE]  boolean  Node  n  [VARIABLES]  BooleanResultPredicate  BOOLEAN_RESULT_PREDICATE  Set  BUILTIN_FUNCTIONS_WITHOUT_SIDEEFFECTS  CONSTRUCTORS_WITHOUT_SIDE_EFFECTS  OBJECT_METHODS_WITHOUT_SIDEEFFECTS  REGEXP_METHODS  STRING_REGEXP_METHODS  defines  emptySet  knownConstants  NumbericResultPredicate  NUMBERIC_RESULT_PREDICATE  boolean  MayBeStringResultPredicate  MAY_BE_STRING_PREDICATE  Node  n  String  JSC_PROPERTY_NAME_FN  childValue  name  namespaceName  rawJsString  s  value  Map  vars  int  c  end  nextSkipSlot  nextSlot  start  type  	projects/Closure80/src/com/google/javascript/jscomp/NodeUtil.java	0.4082482904638631	1264	1264	2	replace	Preconditions.checkState(NodeUtil.isFunctionAnonymous(n)&&  NodeUtil.isFunctionAnonymous(n))  {  return  false;  }	  Preconditions.checkState(NodeUtil.isFunctionAnonymous(n)||    NodeUtil.isFunctionAnonymous(n))    {    return    false;    }    	non-compiled	[CE]  	24	None	replace
504	[BUG]  [BUGGY]  Preconditions.checkState(NodeUtil.isGet(n)||  NodeUtil.isGet(n))  {  return  false;  }  [CE]  [FE]                        IllegalStateException      [CONTEXT]      case  Token.LE:  case  Token.GE:  case  Token.IN:  case  Token.INSTANCEOF:  case  Token.NOT:  return  true;  default:      [BUGGY]  Preconditions.checkState(NodeUtil.isGet(n)||  NodeUtil.isGet(n))  {  return  false;  }  [BUGGY]      }  }  [CLASS]  NodeUtil  NumbericResultPredicate  BooleanResultPredicate  MayBeStringResultPredicate  VarCollector  MatchNameNode  MatchNodeType  MatchDeclaration  MatchNotFunction  MatchShallowStatement  [METHOD]  isBooleanResultHelper  [RETURN_TYPE]  boolean  Node  n  [VARIABLES]  BooleanResultPredicate  BOOLEAN_RESULT_PREDICATE  Set  BUILTIN_FUNCTIONS_WITHOUT_SIDEEFFECTS  CONSTRUCTORS_WITHOUT_SIDE_EFFECTS  OBJECT_METHODS_WITHOUT_SIDEEFFECTS  REGEXP_METHODS  STRING_REGEXP_METHODS  defines  emptySet  knownConstants  NumbericResultPredicate  NUMBERIC_RESULT_PREDICATE  boolean  MayBeStringResultPredicate  MAY_BE_STRING_PREDICATE  Node  n  String  JSC_PROPERTY_NAME_FN  childValue  name  namespaceName  rawJsString  s  value  Map  vars  int  c  end  nextSkipSlot  nextSlot  start  type  	projects/Closure80/src/com/google/javascript/jscomp/NodeUtil.java	0.4082482904638631	1264	1264	2	replace	Preconditions.checkState(NodeUtil.isGet(n)||  NodeUtil.isGet(n))  {  return  false;  }	  Preconditions.checkState(NodeUtil.isFunctionAnonymous(n)||    NodeUtil.isFunctionAnonymous(n))    {    return    false;    }    	non-compiled	[CE]  	24	None	replace
505	[BUG]  [BUGGY]  if(n.getType()  ==  Token.GETPROP  ||  n!=  null)  {  return  false;  }  [CE]  [FE]                        IllegalStateException      [CONTEXT]      case  Token.LE:  case  Token.GE:  case  Token.IN:  case  Token.INSTANCEOF:  case  Token.NOT:  return  true;  default:      [BUGGY]  if(n.getType()  ==  Token.GETPROP  ||  n!=  null)  {  return  false;  }  [BUGGY]      }  }  [CLASS]  NodeUtil  NumbericResultPredicate  BooleanResultPredicate  MayBeStringResultPredicate  VarCollector  MatchNameNode  MatchNodeType  MatchDeclaration  MatchNotFunction  MatchShallowStatement  [METHOD]  isBooleanResultHelper  [RETURN_TYPE]  boolean  Node  n  [VARIABLES]  BooleanResultPredicate  BOOLEAN_RESULT_PREDICATE  Set  BUILTIN_FUNCTIONS_WITHOUT_SIDEEFFECTS  CONSTRUCTORS_WITHOUT_SIDE_EFFECTS  OBJECT_METHODS_WITHOUT_SIDEEFFECTS  REGEXP_METHODS  STRING_REGEXP_METHODS  defines  emptySet  knownConstants  NumbericResultPredicate  NUMBERIC_RESULT_PREDICATE  boolean  MayBeStringResultPredicate  MAY_BE_STRING_PREDICATE  Node  n  String  JSC_PROPERTY_NAME_FN  childValue  name  namespaceName  rawJsString  s  value  Map  vars  int  c  end  nextSkipSlot  nextSlot  start  type  	projects/Closure80/src/com/google/javascript/jscomp/NodeUtil.java	0.4082482904638631	1264	1264	2	replace	if(n.getType()  ==  Token.GETPROP  ||  n!=  null)  {  return  false;  }	  if(n.getType()    ==    Token.GETPROP    &&    n!=    null)    {    return    false;    }    	non-compiled	[CE]  	132	None	replace
506	[BUG]  [BUGGY]  n.getType()  ==  Token.GETPROP  &&  n!=  null)  {  return  false;  }  [CE]  [FE]                          IllegalStateException      [CONTEXT]      case  Token.LE:  case  Token.GE:  case  Token.IN:  case  Token.INSTANCEOF:  case  Token.NOT:  return  true;  default:      [BUGGY]  n.getType()  ==  Token.GETPROP  &&  n!=  null)  {  return  false;  }  [BUGGY]      }  }  [CLASS]  NodeUtil  NumbericResultPredicate  BooleanResultPredicate  MayBeStringResultPredicate  VarCollector  MatchNameNode  MatchNodeType  MatchDeclaration  MatchNotFunction  MatchShallowStatement  [METHOD]  isBooleanResultHelper  [RETURN_TYPE]  boolean  Node  n  [VARIABLES]  BooleanResultPredicate  BOOLEAN_RESULT_PREDICATE  Set  BUILTIN_FUNCTIONS_WITHOUT_SIDEEFFECTS  CONSTRUCTORS_WITHOUT_SIDE_EFFECTS  OBJECT_METHODS_WITHOUT_SIDEEFFECTS  REGEXP_METHODS  STRING_REGEXP_METHODS  defines  emptySet  knownConstants  NumbericResultPredicate  NUMBERIC_RESULT_PREDICATE  boolean  MayBeStringResultPredicate  MAY_BE_STRING_PREDICATE  Node  n  String  JSC_PROPERTY_NAME_FN  childValue  name  namespaceName  rawJsString  s  value  Map  vars  int  c  end  nextSkipSlot  nextSlot  start  type  	projects/Closure80/src/com/google/javascript/jscomp/NodeUtil.java	0.4082482904638631	1264	1264	2	replace	n.getType()  ==  Token.GETPROP  &&  n!=  null)  {  return  false;  }	  if(n.getType()    ==    Token.GETPROP    &&    n!=    null)    {    return    false;    }    	non-compiled	[CE]  	132	None	replace
507	[BUG]  [BUGGY]  &&  n!=  null)  {  return  false;  }  [CE]  [FE]                            IllegalStateException      [CONTEXT]      case  Token.LE:  case  Token.GE:  case  Token.IN:  case  Token.INSTANCEOF:  case  Token.NOT:  return  true;  default:      [BUGGY]  &&  n!=  null)  {  return  false;  }  [BUGGY]      }  }  [CLASS]  NodeUtil  NumbericResultPredicate  BooleanResultPredicate  MayBeStringResultPredicate  VarCollector  MatchNameNode  MatchNodeType  MatchDeclaration  MatchNotFunction  MatchShallowStatement  [METHOD]  isBooleanResultHelper  [RETURN_TYPE]  boolean  Node  n  [VARIABLES]  BooleanResultPredicate  BOOLEAN_RESULT_PREDICATE  Set  BUILTIN_FUNCTIONS_WITHOUT_SIDEEFFECTS  CONSTRUCTORS_WITHOUT_SIDE_EFFECTS  OBJECT_METHODS_WITHOUT_SIDEEFFECTS  REGEXP_METHODS  STRING_REGEXP_METHODS  defines  emptySet  knownConstants  NumbericResultPredicate  NUMBERIC_RESULT_PREDICATE  boolean  MayBeStringResultPredicate  MAY_BE_STRING_PREDICATE  Node  n  String  JSC_PROPERTY_NAME_FN  childValue  name  namespaceName  rawJsString  s  value  Map  vars  int  c  end  nextSkipSlot  nextSlot  start  type  	projects/Closure80/src/com/google/javascript/jscomp/NodeUtil.java	0.4082482904638631	1264	1264	2	replace	&&  n!=  null)  {  return  false;  }	  if(n.getType()    ==    Token.GETPROP    &&    n!=    null)    {    return    false;    }    	non-compiled	[CE]  	132	None	replace
508	[BUG]  [BUGGY]  if(n.getType()  ==  Token.GETPROP  &&  n!=  null)return  false;  }  [CE]  [FE]                              IllegalStateException      [CONTEXT]      case  Token.LE:  case  Token.GE:  case  Token.IN:  case  Token.INSTANCEOF:  case  Token.NOT:  return  true;  default:      [BUGGY]  if(n.getType()  ==  Token.GETPROP  &&  n!=  null)return  false;  }  [BUGGY]      }  }  [CLASS]  NodeUtil  NumbericResultPredicate  BooleanResultPredicate  MayBeStringResultPredicate  VarCollector  MatchNameNode  MatchNodeType  MatchDeclaration  MatchNotFunction  MatchShallowStatement  [METHOD]  isBooleanResultHelper  [RETURN_TYPE]  boolean  Node  n  [VARIABLES]  BooleanResultPredicate  BOOLEAN_RESULT_PREDICATE  Set  BUILTIN_FUNCTIONS_WITHOUT_SIDEEFFECTS  CONSTRUCTORS_WITHOUT_SIDE_EFFECTS  OBJECT_METHODS_WITHOUT_SIDEEFFECTS  REGEXP_METHODS  STRING_REGEXP_METHODS  defines  emptySet  knownConstants  NumbericResultPredicate  NUMBERIC_RESULT_PREDICATE  boolean  MayBeStringResultPredicate  MAY_BE_STRING_PREDICATE  Node  n  String  JSC_PROPERTY_NAME_FN  childValue  name  namespaceName  rawJsString  s  value  Map  vars  int  c  end  nextSkipSlot  nextSlot  start  type  	projects/Closure80/src/com/google/javascript/jscomp/NodeUtil.java	0.4082482904638631	1264	1264	2	replace	if(n.getType()  ==  Token.GETPROP  &&  n!=  null)return  false;  }	  if(n.getType()    ==    Token.GETPROP    &&    n!=    null)    {    return    false;    }    	non-compiled	[CE]  	132	None	replace
509	[BUG]  [BUGGY]  n.getType()  ==  Token.GETPROP  ||  n!=  null)  {  return  false;  }  [CE]  [FE]                                IllegalStateException      [CONTEXT]      case  Token.LE:  case  Token.GE:  case  Token.IN:  case  Token.INSTANCEOF:  case  Token.NOT:  return  true;  default:      [BUGGY]  n.getType()  ==  Token.GETPROP  ||  n!=  null)  {  return  false;  }  [BUGGY]      }  }  [CLASS]  NodeUtil  NumbericResultPredicate  BooleanResultPredicate  MayBeStringResultPredicate  VarCollector  MatchNameNode  MatchNodeType  MatchDeclaration  MatchNotFunction  MatchShallowStatement  [METHOD]  isBooleanResultHelper  [RETURN_TYPE]  boolean  Node  n  [VARIABLES]  BooleanResultPredicate  BOOLEAN_RESULT_PREDICATE  Set  BUILTIN_FUNCTIONS_WITHOUT_SIDEEFFECTS  CONSTRUCTORS_WITHOUT_SIDE_EFFECTS  OBJECT_METHODS_WITHOUT_SIDEEFFECTS  REGEXP_METHODS  STRING_REGEXP_METHODS  defines  emptySet  knownConstants  NumbericResultPredicate  NUMBERIC_RESULT_PREDICATE  boolean  MayBeStringResultPredicate  MAY_BE_STRING_PREDICATE  Node  n  String  JSC_PROPERTY_NAME_FN  childValue  name  namespaceName  rawJsString  s  value  Map  vars  int  c  end  nextSkipSlot  nextSlot  start  type  	projects/Closure80/src/com/google/javascript/jscomp/NodeUtil.java	0.4082482904638631	1264	1264	2	replace	n.getType()  ==  Token.GETPROP  ||  n!=  null)  {  return  false;  }	  if(n.getType()    ==    Token.GETPROP    &&    n!=    null)    {    return    false;    }    	non-compiled	[CE]  	132	None	replace
510	[BUG]  [BUGGY]  Preconditions.checkState(NodeUtil.isFunctionDeclaration(n)||  NodeUtil.isFunctionDeclaration(n))  {  return  false;  }  [CE]  [FE]                  IllegalStateException      [CONTEXT]      case  Token.LE:  case  Token.GE:  case  Token.IN:  case  Token.INSTANCEOF:  case  Token.NOT:  return  true;  default:      [BUGGY]  Preconditions.checkState(NodeUtil.isFunctionDeclaration(n)||  NodeUtil.isFunctionDeclaration(n))  {  return  false;  }  [BUGGY]      }  }  [CLASS]  NodeUtil  NumbericResultPredicate  BooleanResultPredicate  MayBeStringResultPredicate  VarCollector  MatchNameNode  MatchNodeType  MatchDeclaration  MatchNotFunction  MatchShallowStatement  [METHOD]  isBooleanResultHelper  [RETURN_TYPE]  boolean  Node  n  [VARIABLES]  BooleanResultPredicate  BOOLEAN_RESULT_PREDICATE  Set  BUILTIN_FUNCTIONS_WITHOUT_SIDEEFFECTS  CONSTRUCTORS_WITHOUT_SIDE_EFFECTS  OBJECT_METHODS_WITHOUT_SIDEEFFECTS  REGEXP_METHODS  STRING_REGEXP_METHODS  defines  emptySet  knownConstants  NumbericResultPredicate  NUMBERIC_RESULT_PREDICATE  boolean  MayBeStringResultPredicate  MAY_BE_STRING_PREDICATE  Node  n  String  JSC_PROPERTY_NAME_FN  childValue  name  namespaceName  rawJsString  s  value  Map  vars  int  c  end  nextSkipSlot  nextSlot  start  type  	projects/Closure80/src/com/google/javascript/jscomp/NodeUtil.java	0.4082482904638631	1264	1264	2	replace	Preconditions.checkState(NodeUtil.isFunctionDeclaration(n)||  NodeUtil.isFunctionDeclaration(n))  {  return  false;  }	  if(NodeUtil.isFunctionDeclaration(n)&&    NodeUtil.isFunctionDeclaration(n))    {    return    false;    }    	non-compiled	[CE]  	7	None	replace
511	[BUG]  [BUGGY]  NodeUtil.isFunctionDeclaration(n)&&  NodeUtil.isFunctionDeclaration(n))  {  return  false;  }  [CE]  [FE]                    IllegalStateException      [CONTEXT]      case  Token.LE:  case  Token.GE:  case  Token.IN:  case  Token.INSTANCEOF:  case  Token.NOT:  return  true;  default:      [BUGGY]  NodeUtil.isFunctionDeclaration(n)&&  NodeUtil.isFunctionDeclaration(n))  {  return  false;  }  [BUGGY]      }  }  [CLASS]  NodeUtil  NumbericResultPredicate  BooleanResultPredicate  MayBeStringResultPredicate  VarCollector  MatchNameNode  MatchNodeType  MatchDeclaration  MatchNotFunction  MatchShallowStatement  [METHOD]  isBooleanResultHelper  [RETURN_TYPE]  boolean  Node  n  [VARIABLES]  BooleanResultPredicate  BOOLEAN_RESULT_PREDICATE  Set  BUILTIN_FUNCTIONS_WITHOUT_SIDEEFFECTS  CONSTRUCTORS_WITHOUT_SIDE_EFFECTS  OBJECT_METHODS_WITHOUT_SIDEEFFECTS  REGEXP_METHODS  STRING_REGEXP_METHODS  defines  emptySet  knownConstants  NumbericResultPredicate  NUMBERIC_RESULT_PREDICATE  boolean  MayBeStringResultPredicate  MAY_BE_STRING_PREDICATE  Node  n  String  JSC_PROPERTY_NAME_FN  childValue  name  namespaceName  rawJsString  s  value  Map  vars  int  c  end  nextSkipSlot  nextSlot  start  type  	projects/Closure80/src/com/google/javascript/jscomp/NodeUtil.java	0.4082482904638631	1264	1264	2	replace	NodeUtil.isFunctionDeclaration(n)&&  NodeUtil.isFunctionDeclaration(n))  {  return  false;  }	  if(NodeUtil.isFunctionDeclaration(n)&&    NodeUtil.isFunctionDeclaration(n))    {    return    false;    }    	non-compiled	[CE]  	7	None	replace
512	[BUG]  [BUGGY]  return(n.getType()  ==  Token.BLOCK)?  BooleanResultPredicate.FALSE  :  BooleanResultPredicate.FIELD;  [CE]  [FE]                          IllegalStateException      [CONTEXT]      case  Token.LE:  case  Token.GE:  case  Token.IN:  case  Token.INSTANCEOF:  case  Token.NOT:  return  true;  default:      [BUGGY]  return(n.getType()  ==  Token.BLOCK)?  BooleanResultPredicate.FALSE  :  BooleanResultPredicate.FIELD;  [BUGGY]      }  }  [CLASS]  NodeUtil  NumbericResultPredicate  BooleanResultPredicate  MayBeStringResultPredicate  VarCollector  MatchNameNode  MatchNodeType  MatchDeclaration  MatchNotFunction  MatchShallowStatement  [METHOD]  isBooleanResultHelper  [RETURN_TYPE]  boolean  Node  n  [VARIABLES]  BooleanResultPredicate  BOOLEAN_RESULT_PREDICATE  Set  BUILTIN_FUNCTIONS_WITHOUT_SIDEEFFECTS  CONSTRUCTORS_WITHOUT_SIDE_EFFECTS  OBJECT_METHODS_WITHOUT_SIDEEFFECTS  REGEXP_METHODS  STRING_REGEXP_METHODS  defines  emptySet  knownConstants  NumbericResultPredicate  NUMBERIC_RESULT_PREDICATE  boolean  MayBeStringResultPredicate  MAY_BE_STRING_PREDICATE  Node  n  String  JSC_PROPERTY_NAME_FN  childValue  name  namespaceName  rawJsString  s  value  Map  vars  int  c  end  nextSkipSlot  nextSlot  start  type  	projects/Closure80/src/com/google/javascript/jscomp/NodeUtil.java	0.4082482904638631	1264	1264	2	replace	return(n.getType()  ==  Token.BLOCK)?  BooleanResultPredicate.FALSE  :  BooleanResultPredicate.FIELD;	  return(n.getType()    ==    Token.BLOCK)?    BooleanResultPredicate.FALSE    :    BooleanResultPredicate.TRUE;    	non-compiled	[CE]  	57	None	replace
513	[BUG]  [BUGGY]  return(n.getType()  ==  Token.BLOCK)?  BooleanResultPredicate.FALSE  :  BooleanResultPredicate.TOP;  [CE]  [FE]                            IllegalStateException      [CONTEXT]      case  Token.LE:  case  Token.GE:  case  Token.IN:  case  Token.INSTANCEOF:  case  Token.NOT:  return  true;  default:      [BUGGY]  return(n.getType()  ==  Token.BLOCK)?  BooleanResultPredicate.FALSE  :  BooleanResultPredicate.TOP;  [BUGGY]      }  }  [CLASS]  NodeUtil  NumbericResultPredicate  BooleanResultPredicate  MayBeStringResultPredicate  VarCollector  MatchNameNode  MatchNodeType  MatchDeclaration  MatchNotFunction  MatchShallowStatement  [METHOD]  isBooleanResultHelper  [RETURN_TYPE]  boolean  Node  n  [VARIABLES]  BooleanResultPredicate  BOOLEAN_RESULT_PREDICATE  Set  BUILTIN_FUNCTIONS_WITHOUT_SIDEEFFECTS  CONSTRUCTORS_WITHOUT_SIDE_EFFECTS  OBJECT_METHODS_WITHOUT_SIDEEFFECTS  REGEXP_METHODS  STRING_REGEXP_METHODS  defines  emptySet  knownConstants  NumbericResultPredicate  NUMBERIC_RESULT_PREDICATE  boolean  MayBeStringResultPredicate  MAY_BE_STRING_PREDICATE  Node  n  String  JSC_PROPERTY_NAME_FN  childValue  name  namespaceName  rawJsString  s  value  Map  vars  int  c  end  nextSkipSlot  nextSlot  start  type  	projects/Closure80/src/com/google/javascript/jscomp/NodeUtil.java	0.4082482904638631	1264	1264	2	replace	return(n.getType()  ==  Token.BLOCK)?  BooleanResultPredicate.FALSE  :  BooleanResultPredicate.TOP;	  return(n.getType()    ==    Token.BLOCK)?    BooleanResultPredicate.FALSE    :    BooleanResultPredicate.TRUE;    	non-compiled	[CE]  	57	None	replace
514	[BUG]  [BUGGY]  n.setType(Token.FUNCTION  |  Token.NAME);  [CE]  [FE]                            IllegalStateException      [CONTEXT]      case  Token.LE:  case  Token.GE:  case  Token.IN:  case  Token.INSTANCEOF:  case  Token.NOT:  return  true;  default:      [BUGGY]  n.setType(Token.FUNCTION  |  Token.NAME);  [BUGGY]      }  }  [CLASS]  NodeUtil  NumbericResultPredicate  BooleanResultPredicate  MayBeStringResultPredicate  VarCollector  MatchNameNode  MatchNodeType  MatchDeclaration  MatchNotFunction  MatchShallowStatement  [METHOD]  isBooleanResultHelper  [RETURN_TYPE]  boolean  Node  n  [VARIABLES]  BooleanResultPredicate  BOOLEAN_RESULT_PREDICATE  Set  BUILTIN_FUNCTIONS_WITHOUT_SIDEEFFECTS  CONSTRUCTORS_WITHOUT_SIDE_EFFECTS  OBJECT_METHODS_WITHOUT_SIDEEFFECTS  REGEXP_METHODS  STRING_REGEXP_METHODS  defines  emptySet  knownConstants  NumbericResultPredicate  NUMBERIC_RESULT_PREDICATE  boolean  MayBeStringResultPredicate  MAY_BE_STRING_PREDICATE  Node  n  String  JSC_PROPERTY_NAME_FN  childValue  name  namespaceName  rawJsString  s  value  Map  vars  int  c  end  nextSkipSlot  nextSlot  start  type  	projects/Closure80/src/com/google/javascript/jscomp/NodeUtil.java	0.4082482904638631	1264	1264	2	replace	n.setType(Token.FUNCTION  |  Token.NAME);	  n.setType(Token.FUNCTION);    	non-compiled	[CE]  	118	None	replace
515	[BUG]  [BUGGY]  n.setType(Token.FUNCTION  |  Token.EXPR_RESULT);  [CE]  [FE]                              IllegalStateException      [CONTEXT]      case  Token.LE:  case  Token.GE:  case  Token.IN:  case  Token.INSTANCEOF:  case  Token.NOT:  return  true;  default:      [BUGGY]  n.setType(Token.FUNCTION  |  Token.EXPR_RESULT);  [BUGGY]      }  }  [CLASS]  NodeUtil  NumbericResultPredicate  BooleanResultPredicate  MayBeStringResultPredicate  VarCollector  MatchNameNode  MatchNodeType  MatchDeclaration  MatchNotFunction  MatchShallowStatement  [METHOD]  isBooleanResultHelper  [RETURN_TYPE]  boolean  Node  n  [VARIABLES]  BooleanResultPredicate  BOOLEAN_RESULT_PREDICATE  Set  BUILTIN_FUNCTIONS_WITHOUT_SIDEEFFECTS  CONSTRUCTORS_WITHOUT_SIDE_EFFECTS  OBJECT_METHODS_WITHOUT_SIDEEFFECTS  REGEXP_METHODS  STRING_REGEXP_METHODS  defines  emptySet  knownConstants  NumbericResultPredicate  NUMBERIC_RESULT_PREDICATE  boolean  MayBeStringResultPredicate  MAY_BE_STRING_PREDICATE  Node  n  String  JSC_PROPERTY_NAME_FN  childValue  name  namespaceName  rawJsString  s  value  Map  vars  int  c  end  nextSkipSlot  nextSlot  start  type  	projects/Closure80/src/com/google/javascript/jscomp/NodeUtil.java	0.4082482904638631	1264	1264	2	replace	n.setType(Token.FUNCTION  |  Token.EXPR_RESULT);	  n.setType(Token.FUNCTION);    	non-compiled	[CE]  	118	None	replace
516	[BUG]  [BUGGY]  n.setType(Token.FUNCTION  |  Token.VAR);  [CE]  [FE]                                IllegalStateException      [CONTEXT]      case  Token.LE:  case  Token.GE:  case  Token.IN:  case  Token.INSTANCEOF:  case  Token.NOT:  return  true;  default:      [BUGGY]  n.setType(Token.FUNCTION  |  Token.VAR);  [BUGGY]      }  }  [CLASS]  NodeUtil  NumbericResultPredicate  BooleanResultPredicate  MayBeStringResultPredicate  VarCollector  MatchNameNode  MatchNodeType  MatchDeclaration  MatchNotFunction  MatchShallowStatement  [METHOD]  isBooleanResultHelper  [RETURN_TYPE]  boolean  Node  n  [VARIABLES]  BooleanResultPredicate  BOOLEAN_RESULT_PREDICATE  Set  BUILTIN_FUNCTIONS_WITHOUT_SIDEEFFECTS  CONSTRUCTORS_WITHOUT_SIDE_EFFECTS  OBJECT_METHODS_WITHOUT_SIDEEFFECTS  REGEXP_METHODS  STRING_REGEXP_METHODS  defines  emptySet  knownConstants  NumbericResultPredicate  NUMBERIC_RESULT_PREDICATE  boolean  MayBeStringResultPredicate  MAY_BE_STRING_PREDICATE  Node  n  String  JSC_PROPERTY_NAME_FN  childValue  name  namespaceName  rawJsString  s  value  Map  vars  int  c  end  nextSkipSlot  nextSlot  start  type  	projects/Closure80/src/com/google/javascript/jscomp/NodeUtil.java	0.4082482904638631	1264	1264	2	replace	n.setType(Token.FUNCTION  |  Token.VAR);	  n.setType(Token.FUNCTION);    	non-compiled	[CE]  	118	None	replace
517	[BUG]  [BUGGY]  if(n.getType()  ==  Token.NAME  &&  n.getType()  ==  Token.GETPROP)  {  return  false;  }  [CE]  [FE]                    IllegalStateException      [CONTEXT]      case  Token.LE:  case  Token.GE:  case  Token.IN:  case  Token.INSTANCEOF:  case  Token.NOT:  return  true;  default:      [BUGGY]  if(n.getType()  ==  Token.NAME  &&  n.getType()  ==  Token.GETPROP)  {  return  false;  }  [BUGGY]      }  }  [CLASS]  NodeUtil  NumbericResultPredicate  BooleanResultPredicate  MayBeStringResultPredicate  VarCollector  MatchNameNode  MatchNodeType  MatchDeclaration  MatchNotFunction  MatchShallowStatement  [METHOD]  isBooleanResultHelper  [RETURN_TYPE]  boolean  Node  n  [VARIABLES]  BooleanResultPredicate  BOOLEAN_RESULT_PREDICATE  Set  BUILTIN_FUNCTIONS_WITHOUT_SIDEEFFECTS  CONSTRUCTORS_WITHOUT_SIDE_EFFECTS  OBJECT_METHODS_WITHOUT_SIDEEFFECTS  REGEXP_METHODS  STRING_REGEXP_METHODS  defines  emptySet  knownConstants  NumbericResultPredicate  NUMBERIC_RESULT_PREDICATE  boolean  MayBeStringResultPredicate  MAY_BE_STRING_PREDICATE  Node  n  String  JSC_PROPERTY_NAME_FN  childValue  name  namespaceName  rawJsString  s  value  Map  vars  int  c  end  nextSkipSlot  nextSlot  start  type  	projects/Closure80/src/com/google/javascript/jscomp/NodeUtil.java	0.4082482904638631	1264	1264	2	replace	if(n.getType()  ==  Token.NAME  &&  n.getType()  ==  Token.GETPROP)  {  return  false;  }	  if(n.getType()    ==    Token.NAME    ||    n.getType()    ==    Token.GETPROP)    {    return    false;    }    	non-compiled	[CE]  	66	None	replace
518	[BUG]  [BUGGY]  n.getType()  ==  Token.NAME  ||  n.getType()  ==  Token.GETPROP)  {  return  false;  }  [CE]  [FE]                      IllegalStateException      [CONTEXT]      case  Token.LE:  case  Token.GE:  case  Token.IN:  case  Token.INSTANCEOF:  case  Token.NOT:  return  true;  default:      [BUGGY]  n.getType()  ==  Token.NAME  ||  n.getType()  ==  Token.GETPROP)  {  return  false;  }  [BUGGY]      }  }  [CLASS]  NodeUtil  NumbericResultPredicate  BooleanResultPredicate  MayBeStringResultPredicate  VarCollector  MatchNameNode  MatchNodeType  MatchDeclaration  MatchNotFunction  MatchShallowStatement  [METHOD]  isBooleanResultHelper  [RETURN_TYPE]  boolean  Node  n  [VARIABLES]  BooleanResultPredicate  BOOLEAN_RESULT_PREDICATE  Set  BUILTIN_FUNCTIONS_WITHOUT_SIDEEFFECTS  CONSTRUCTORS_WITHOUT_SIDE_EFFECTS  OBJECT_METHODS_WITHOUT_SIDEEFFECTS  REGEXP_METHODS  STRING_REGEXP_METHODS  defines  emptySet  knownConstants  NumbericResultPredicate  NUMBERIC_RESULT_PREDICATE  boolean  MayBeStringResultPredicate  MAY_BE_STRING_PREDICATE  Node  n  String  JSC_PROPERTY_NAME_FN  childValue  name  namespaceName  rawJsString  s  value  Map  vars  int  c  end  nextSkipSlot  nextSlot  start  type  	projects/Closure80/src/com/google/javascript/jscomp/NodeUtil.java	0.4082482904638631	1264	1264	2	replace	n.getType()  ==  Token.NAME  ||  n.getType()  ==  Token.GETPROP)  {  return  false;  }	  if(n.getType()    ==    Token.NAME    ||    n.getType()    ==    Token.GETPROP)    {    return    false;    }    	non-compiled	[CE]  	66	None	replace
519	[BUG]  [BUGGY]  n.setType(Token.NAME)||  n.getType()  ==  Token.GETPROP)  {  return  false;  }  [CE]  [FE]                        IllegalStateException      [CONTEXT]      case  Token.LE:  case  Token.GE:  case  Token.IN:  case  Token.INSTANCEOF:  case  Token.NOT:  return  true;  default:      [BUGGY]  n.setType(Token.NAME)||  n.getType()  ==  Token.GETPROP)  {  return  false;  }  [BUGGY]      }  }  [CLASS]  NodeUtil  NumbericResultPredicate  BooleanResultPredicate  MayBeStringResultPredicate  VarCollector  MatchNameNode  MatchNodeType  MatchDeclaration  MatchNotFunction  MatchShallowStatement  [METHOD]  isBooleanResultHelper  [RETURN_TYPE]  boolean  Node  n  [VARIABLES]  BooleanResultPredicate  BOOLEAN_RESULT_PREDICATE  Set  BUILTIN_FUNCTIONS_WITHOUT_SIDEEFFECTS  CONSTRUCTORS_WITHOUT_SIDE_EFFECTS  OBJECT_METHODS_WITHOUT_SIDEEFFECTS  REGEXP_METHODS  STRING_REGEXP_METHODS  defines  emptySet  knownConstants  NumbericResultPredicate  NUMBERIC_RESULT_PREDICATE  boolean  MayBeStringResultPredicate  MAY_BE_STRING_PREDICATE  Node  n  String  JSC_PROPERTY_NAME_FN  childValue  name  namespaceName  rawJsString  s  value  Map  vars  int  c  end  nextSkipSlot  nextSlot  start  type  	projects/Closure80/src/com/google/javascript/jscomp/NodeUtil.java	0.4082482904638631	1264	1264	2	replace	n.setType(Token.NAME)||  n.getType()  ==  Token.GETPROP)  {  return  false;  }	  if(n.getType()    ==    Token.NAME    ||    n.getType()    ==    Token.GETPROP)    {    return    false;    }    	non-compiled	[CE]  	66	None	replace
520	[BUG]  [BUGGY]  if(n.getType()  ==  Token.NAME  ||  n.getType()  ==  Token.GETPROP)return  false;  }  [CE]  [FE]                          IllegalStateException      [CONTEXT]      case  Token.LE:  case  Token.GE:  case  Token.IN:  case  Token.INSTANCEOF:  case  Token.NOT:  return  true;  default:      [BUGGY]  if(n.getType()  ==  Token.NAME  ||  n.getType()  ==  Token.GETPROP)return  false;  }  [BUGGY]      }  }  [CLASS]  NodeUtil  NumbericResultPredicate  BooleanResultPredicate  MayBeStringResultPredicate  VarCollector  MatchNameNode  MatchNodeType  MatchDeclaration  MatchNotFunction  MatchShallowStatement  [METHOD]  isBooleanResultHelper  [RETURN_TYPE]  boolean  Node  n  [VARIABLES]  BooleanResultPredicate  BOOLEAN_RESULT_PREDICATE  Set  BUILTIN_FUNCTIONS_WITHOUT_SIDEEFFECTS  CONSTRUCTORS_WITHOUT_SIDE_EFFECTS  OBJECT_METHODS_WITHOUT_SIDEEFFECTS  REGEXP_METHODS  STRING_REGEXP_METHODS  defines  emptySet  knownConstants  NumbericResultPredicate  NUMBERIC_RESULT_PREDICATE  boolean  MayBeStringResultPredicate  MAY_BE_STRING_PREDICATE  Node  n  String  JSC_PROPERTY_NAME_FN  childValue  name  namespaceName  rawJsString  s  value  Map  vars  int  c  end  nextSkipSlot  nextSlot  start  type  	projects/Closure80/src/com/google/javascript/jscomp/NodeUtil.java	0.4082482904638631	1264	1264	2	replace	if(n.getType()  ==  Token.NAME  ||  n.getType()  ==  Token.GETPROP)return  false;  }	  if(n.getType()    ==    Token.NAME    ||    n.getType()    ==    Token.GETPROP)    {    return    false;    }    	non-compiled	[CE]  	66	None	replace
521	[BUG]  [BUGGY]  NodeUtil.isName(n)||  NodeUtil.isExpressionNode(n))  {  return  false;  }  [CE]  [FE]                        IllegalStateException      [CONTEXT]      case  Token.LE:  case  Token.GE:  case  Token.IN:  case  Token.INSTANCEOF:  case  Token.NOT:  return  true;  default:      [BUGGY]  NodeUtil.isName(n)||  NodeUtil.isExpressionNode(n))  {  return  false;  }  [BUGGY]      }  }  [CLASS]  NodeUtil  NumbericResultPredicate  BooleanResultPredicate  MayBeStringResultPredicate  VarCollector  MatchNameNode  MatchNodeType  MatchDeclaration  MatchNotFunction  MatchShallowStatement  [METHOD]  isBooleanResultHelper  [RETURN_TYPE]  boolean  Node  n  [VARIABLES]  BooleanResultPredicate  BOOLEAN_RESULT_PREDICATE  Set  BUILTIN_FUNCTIONS_WITHOUT_SIDEEFFECTS  CONSTRUCTORS_WITHOUT_SIDE_EFFECTS  OBJECT_METHODS_WITHOUT_SIDEEFFECTS  REGEXP_METHODS  STRING_REGEXP_METHODS  defines  emptySet  knownConstants  NumbericResultPredicate  NUMBERIC_RESULT_PREDICATE  boolean  MayBeStringResultPredicate  MAY_BE_STRING_PREDICATE  Node  n  String  JSC_PROPERTY_NAME_FN  childValue  name  namespaceName  rawJsString  s  value  Map  vars  int  c  end  nextSkipSlot  nextSlot  start  type  	projects/Closure80/src/com/google/javascript/jscomp/NodeUtil.java	0.4082482904638631	1264	1264	2	replace	NodeUtil.isName(n)||  NodeUtil.isExpressionNode(n))  {  return  false;  }	  NodeUtil.isFunctionAnonymous(n)||    NodeUtil.isExpressionNode(n))    {    return    false;    }    	non-compiled	[CE]  	4	None	replace
522	[BUG]  [BUGGY]  NodeUtil.isFunctionAnonymous(n)||  NodeUtil.isForIn(n))  {  return  false;  }  [CE]  [FE]                          IllegalStateException      [CONTEXT]      case  Token.LE:  case  Token.GE:  case  Token.IN:  case  Token.INSTANCEOF:  case  Token.NOT:  return  true;  default:      [BUGGY]  NodeUtil.isFunctionAnonymous(n)||  NodeUtil.isForIn(n))  {  return  false;  }  [BUGGY]      }  }  [CLASS]  NodeUtil  NumbericResultPredicate  BooleanResultPredicate  MayBeStringResultPredicate  VarCollector  MatchNameNode  MatchNodeType  MatchDeclaration  MatchNotFunction  MatchShallowStatement  [METHOD]  isBooleanResultHelper  [RETURN_TYPE]  boolean  Node  n  [VARIABLES]  BooleanResultPredicate  BOOLEAN_RESULT_PREDICATE  Set  BUILTIN_FUNCTIONS_WITHOUT_SIDEEFFECTS  CONSTRUCTORS_WITHOUT_SIDE_EFFECTS  OBJECT_METHODS_WITHOUT_SIDEEFFECTS  REGEXP_METHODS  STRING_REGEXP_METHODS  defines  emptySet  knownConstants  NumbericResultPredicate  NUMBERIC_RESULT_PREDICATE  boolean  MayBeStringResultPredicate  MAY_BE_STRING_PREDICATE  Node  n  String  JSC_PROPERTY_NAME_FN  childValue  name  namespaceName  rawJsString  s  value  Map  vars  int  c  end  nextSkipSlot  nextSlot  start  type  	projects/Closure80/src/com/google/javascript/jscomp/NodeUtil.java	0.4082482904638631	1264	1264	2	replace	NodeUtil.isFunctionAnonymous(n)||  NodeUtil.isForIn(n))  {  return  false;  }	  NodeUtil.isFunctionAnonymous(n)||    NodeUtil.isExpressionNode(n))    {    return    false;    }    	non-compiled	[CE]  	4	None	replace
523	[BUG]  [BUGGY]  NodeUtil.isFunctionAnonymous(n)||  NodeUtil.isFunctionNode(n))  {  return  false;  }  [CE]  [FE]                            IllegalStateException      [CONTEXT]      case  Token.LE:  case  Token.GE:  case  Token.IN:  case  Token.INSTANCEOF:  case  Token.NOT:  return  true;  default:      [BUGGY]  NodeUtil.isFunctionAnonymous(n)||  NodeUtil.isFunctionNode(n))  {  return  false;  }  [BUGGY]      }  }  [CLASS]  NodeUtil  NumbericResultPredicate  BooleanResultPredicate  MayBeStringResultPredicate  VarCollector  MatchNameNode  MatchNodeType  MatchDeclaration  MatchNotFunction  MatchShallowStatement  [METHOD]  isBooleanResultHelper  [RETURN_TYPE]  boolean  Node  n  [VARIABLES]  BooleanResultPredicate  BOOLEAN_RESULT_PREDICATE  Set  BUILTIN_FUNCTIONS_WITHOUT_SIDEEFFECTS  CONSTRUCTORS_WITHOUT_SIDE_EFFECTS  OBJECT_METHODS_WITHOUT_SIDEEFFECTS  REGEXP_METHODS  STRING_REGEXP_METHODS  defines  emptySet  knownConstants  NumbericResultPredicate  NUMBERIC_RESULT_PREDICATE  boolean  MayBeStringResultPredicate  MAY_BE_STRING_PREDICATE  Node  n  String  JSC_PROPERTY_NAME_FN  childValue  name  namespaceName  rawJsString  s  value  Map  vars  int  c  end  nextSkipSlot  nextSlot  start  type  	projects/Closure80/src/com/google/javascript/jscomp/NodeUtil.java	0.4082482904638631	1264	1264	2	replace	NodeUtil.isFunctionAnonymous(n)||  NodeUtil.isFunctionNode(n))  {  return  false;  }	  NodeUtil.isFunctionAnonymous(n)||    NodeUtil.isExpressionNode(n))    {    return    false;    }    	non-compiled	[CE]  	4	None	replace
524	[BUG]  [BUGGY]  ||  n.getType()  >=  Token.FUNCTION)  {  return  false;  }  [CE]  [FE]                IllegalStateException      [CONTEXT]      case  Token.LE:  case  Token.GE:  case  Token.IN:  case  Token.INSTANCEOF:  case  Token.NOT:  return  true;  default:      [BUGGY]  ||  n.getType()  >=  Token.FUNCTION)  {  return  false;  }  [BUGGY]      }  }  [CLASS]  NodeUtil  NumbericResultPredicate  BooleanResultPredicate  MayBeStringResultPredicate  VarCollector  MatchNameNode  MatchNodeType  MatchDeclaration  MatchNotFunction  MatchShallowStatement  [METHOD]  isBooleanResultHelper  [RETURN_TYPE]  boolean  Node  n  [VARIABLES]  BooleanResultPredicate  BOOLEAN_RESULT_PREDICATE  Set  BUILTIN_FUNCTIONS_WITHOUT_SIDEEFFECTS  CONSTRUCTORS_WITHOUT_SIDE_EFFECTS  OBJECT_METHODS_WITHOUT_SIDEEFFECTS  REGEXP_METHODS  STRING_REGEXP_METHODS  defines  emptySet  knownConstants  NumbericResultPredicate  NUMBERIC_RESULT_PREDICATE  boolean  MayBeStringResultPredicate  MAY_BE_STRING_PREDICATE  Node  n  String  JSC_PROPERTY_NAME_FN  childValue  name  namespaceName  rawJsString  s  value  Map  vars  int  c  end  nextSkipSlot  nextSlot  start  type  	projects/Closure80/src/com/google/javascript/jscomp/NodeUtil.java	0.4082482904638631	1264	1264	2	replace	||  n.getType()  >=  Token.FUNCTION)  {  return  false;  }	  ||    n.getType()    ==    Token.FUNCTION)    {    return    false;    }    	non-compiled	[CE]  	41	None	replace
525	[BUG]  [BUGGY]  |  n.getType()  ==  Token.FUNCTION)  {  return  false;  }  [CE]  [FE]                  IllegalStateException      [CONTEXT]      case  Token.LE:  case  Token.GE:  case  Token.IN:  case  Token.INSTANCEOF:  case  Token.NOT:  return  true;  default:      [BUGGY]  |  n.getType()  ==  Token.FUNCTION)  {  return  false;  }  [BUGGY]      }  }  [CLASS]  NodeUtil  NumbericResultPredicate  BooleanResultPredicate  MayBeStringResultPredicate  VarCollector  MatchNameNode  MatchNodeType  MatchDeclaration  MatchNotFunction  MatchShallowStatement  [METHOD]  isBooleanResultHelper  [RETURN_TYPE]  boolean  Node  n  [VARIABLES]  BooleanResultPredicate  BOOLEAN_RESULT_PREDICATE  Set  BUILTIN_FUNCTIONS_WITHOUT_SIDEEFFECTS  CONSTRUCTORS_WITHOUT_SIDE_EFFECTS  OBJECT_METHODS_WITHOUT_SIDEEFFECTS  REGEXP_METHODS  STRING_REGEXP_METHODS  defines  emptySet  knownConstants  NumbericResultPredicate  NUMBERIC_RESULT_PREDICATE  boolean  MayBeStringResultPredicate  MAY_BE_STRING_PREDICATE  Node  n  String  JSC_PROPERTY_NAME_FN  childValue  name  namespaceName  rawJsString  s  value  Map  vars  int  c  end  nextSkipSlot  nextSlot  start  type  	projects/Closure80/src/com/google/javascript/jscomp/NodeUtil.java	0.4082482904638631	1264	1264	2	replace	|  n.getType()  ==  Token.FUNCTION)  {  return  false;  }	  ||    n.getType()    ==    Token.FUNCTION)    {    return    false;    }    	non-compiled	[CE]  	41	None	replace
526	[BUG]  [BUGGY]  n.getType()  ==  Token.GETPROP  &&!NodeUtil.isFunctionDeclaration(n))  {  return  false;  }  [CE]  [FE]                      IllegalStateException      [CONTEXT]      case  Token.LE:  case  Token.GE:  case  Token.IN:  case  Token.INSTANCEOF:  case  Token.NOT:  return  true;  default:      [BUGGY]  n.getType()  ==  Token.GETPROP  &&!NodeUtil.isFunctionDeclaration(n))  {  return  false;  }  [BUGGY]      }  }  [CLASS]  NodeUtil  NumbericResultPredicate  BooleanResultPredicate  MayBeStringResultPredicate  VarCollector  MatchNameNode  MatchNodeType  MatchDeclaration  MatchNotFunction  MatchShallowStatement  [METHOD]  isBooleanResultHelper  [RETURN_TYPE]  boolean  Node  n  [VARIABLES]  BooleanResultPredicate  BOOLEAN_RESULT_PREDICATE  Set  BUILTIN_FUNCTIONS_WITHOUT_SIDEEFFECTS  CONSTRUCTORS_WITHOUT_SIDE_EFFECTS  OBJECT_METHODS_WITHOUT_SIDEEFFECTS  REGEXP_METHODS  STRING_REGEXP_METHODS  defines  emptySet  knownConstants  NumbericResultPredicate  NUMBERIC_RESULT_PREDICATE  boolean  MayBeStringResultPredicate  MAY_BE_STRING_PREDICATE  Node  n  String  JSC_PROPERTY_NAME_FN  childValue  name  namespaceName  rawJsString  s  value  Map  vars  int  c  end  nextSkipSlot  nextSlot  start  type  	projects/Closure80/src/com/google/javascript/jscomp/NodeUtil.java	0.4082482904638631	1264	1264	2	replace	n.getType()  ==  Token.GETPROP  &&!NodeUtil.isFunctionDeclaration(n))  {  return  false;  }	  if(n.getType()    ==    Token.GETPROP    &&!NodeUtil.isFunctionDeclaration(n))    {    return    false;    }    	non-compiled	[CE]  	60	None	replace
527	[BUG]  [BUGGY]  if(n.getType()  ==  Token.GETPROP  ||!NodeUtil.isFunctionDeclaration(n))  {  return  false;  }  [CE]  [FE]                        IllegalStateException      [CONTEXT]      case  Token.LE:  case  Token.GE:  case  Token.IN:  case  Token.INSTANCEOF:  case  Token.NOT:  return  true;  default:      [BUGGY]  if(n.getType()  ==  Token.GETPROP  ||!NodeUtil.isFunctionDeclaration(n))  {  return  false;  }  [BUGGY]      }  }  [CLASS]  NodeUtil  NumbericResultPredicate  BooleanResultPredicate  MayBeStringResultPredicate  VarCollector  MatchNameNode  MatchNodeType  MatchDeclaration  MatchNotFunction  MatchShallowStatement  [METHOD]  isBooleanResultHelper  [RETURN_TYPE]  boolean  Node  n  [VARIABLES]  BooleanResultPredicate  BOOLEAN_RESULT_PREDICATE  Set  BUILTIN_FUNCTIONS_WITHOUT_SIDEEFFECTS  CONSTRUCTORS_WITHOUT_SIDE_EFFECTS  OBJECT_METHODS_WITHOUT_SIDEEFFECTS  REGEXP_METHODS  STRING_REGEXP_METHODS  defines  emptySet  knownConstants  NumbericResultPredicate  NUMBERIC_RESULT_PREDICATE  boolean  MayBeStringResultPredicate  MAY_BE_STRING_PREDICATE  Node  n  String  JSC_PROPERTY_NAME_FN  childValue  name  namespaceName  rawJsString  s  value  Map  vars  int  c  end  nextSkipSlot  nextSlot  start  type  	projects/Closure80/src/com/google/javascript/jscomp/NodeUtil.java	0.4082482904638631	1264	1264	2	replace	if(n.getType()  ==  Token.GETPROP  ||!NodeUtil.isFunctionDeclaration(n))  {  return  false;  }	  if(n.getType()    ==    Token.GETPROP    &&!NodeUtil.isFunctionDeclaration(n))    {    return    false;    }    	non-compiled	[CE]  	60	None	replace
528	[BUG]  [BUGGY]  parent.getType()  ==  Token.GETPROP  &&!NodeUtil.isFunctionDeclaration(n))  {  return  false;  }  [CE]  [FE]                          IllegalStateException      [CONTEXT]      case  Token.LE:  case  Token.GE:  case  Token.IN:  case  Token.INSTANCEOF:  case  Token.NOT:  return  true;  default:      [BUGGY]  parent.getType()  ==  Token.GETPROP  &&!NodeUtil.isFunctionDeclaration(n))  {  return  false;  }  [BUGGY]      }  }  [CLASS]  NodeUtil  NumbericResultPredicate  BooleanResultPredicate  MayBeStringResultPredicate  VarCollector  MatchNameNode  MatchNodeType  MatchDeclaration  MatchNotFunction  MatchShallowStatement  [METHOD]  isBooleanResultHelper  [RETURN_TYPE]  boolean  Node  n  [VARIABLES]  BooleanResultPredicate  BOOLEAN_RESULT_PREDICATE  Set  BUILTIN_FUNCTIONS_WITHOUT_SIDEEFFECTS  CONSTRUCTORS_WITHOUT_SIDE_EFFECTS  OBJECT_METHODS_WITHOUT_SIDEEFFECTS  REGEXP_METHODS  STRING_REGEXP_METHODS  defines  emptySet  knownConstants  NumbericResultPredicate  NUMBERIC_RESULT_PREDICATE  boolean  MayBeStringResultPredicate  MAY_BE_STRING_PREDICATE  Node  n  String  JSC_PROPERTY_NAME_FN  childValue  name  namespaceName  rawJsString  s  value  Map  vars  int  c  end  nextSkipSlot  nextSlot  start  type  	projects/Closure80/src/com/google/javascript/jscomp/NodeUtil.java	0.4082482904638631	1264	1264	2	replace	parent.getType()  ==  Token.GETPROP  &&!NodeUtil.isFunctionDeclaration(n))  {  return  false;  }	  if(n.getType()    ==    Token.GETPROP    &&!NodeUtil.isFunctionDeclaration(n))    {    return    false;    }    	non-compiled	[CE]  	60	None	replace
529	[BUG]  [BUGGY]  return(n.getType()  ==  Token.STRING)?  BooleanResultPredicate.FALSE  :  BooleanResultPredicate.BLOCK;  [CE]  [FE]                    IllegalStateException      [CONTEXT]      case  Token.LE:  case  Token.GE:  case  Token.IN:  case  Token.INSTANCEOF:  case  Token.NOT:  return  true;  default:      [BUGGY]  return(n.getType()  ==  Token.STRING)?  BooleanResultPredicate.FALSE  :  BooleanResultPredicate.BLOCK;  [BUGGY]      }  }  [CLASS]  NodeUtil  NumbericResultPredicate  BooleanResultPredicate  MayBeStringResultPredicate  VarCollector  MatchNameNode  MatchNodeType  MatchDeclaration  MatchNotFunction  MatchShallowStatement  [METHOD]  isBooleanResultHelper  [RETURN_TYPE]  boolean  Node  n  [VARIABLES]  BooleanResultPredicate  BOOLEAN_RESULT_PREDICATE  Set  BUILTIN_FUNCTIONS_WITHOUT_SIDEEFFECTS  CONSTRUCTORS_WITHOUT_SIDE_EFFECTS  OBJECT_METHODS_WITHOUT_SIDEEFFECTS  REGEXP_METHODS  STRING_REGEXP_METHODS  defines  emptySet  knownConstants  NumbericResultPredicate  NUMBERIC_RESULT_PREDICATE  boolean  MayBeStringResultPredicate  MAY_BE_STRING_PREDICATE  Node  n  String  JSC_PROPERTY_NAME_FN  childValue  name  namespaceName  rawJsString  s  value  Map  vars  int  c  end  nextSkipSlot  nextSlot  start  type  	projects/Closure80/src/com/google/javascript/jscomp/NodeUtil.java	0.4082482904638631	1264	1264	2	replace	return(n.getType()  ==  Token.STRING)?  BooleanResultPredicate.FALSE  :  BooleanResultPredicate.BLOCK;	  return(n.getType()    ==    Token.STRING)?    BooleanResultPredicate.FALSE    :    BooleanResultPredicate.BOOLEAN;    	non-compiled	[CE]  	89	None	replace
530	[BUG]  [BUGGY]  return(n.getType()  ==  Token.STRING)?  BooleanResultPredicate.FALSE  :  BooleanResultPredicate.BOOLEAN_RESULT_PREDICATE;  [CE]  [FE]                      IllegalStateException      [CONTEXT]      case  Token.LE:  case  Token.GE:  case  Token.IN:  case  Token.INSTANCEOF:  case  Token.NOT:  return  true;  default:      [BUGGY]  return(n.getType()  ==  Token.STRING)?  BooleanResultPredicate.FALSE  :  BooleanResultPredicate.BOOLEAN_RESULT_PREDICATE;  [BUGGY]      }  }  [CLASS]  NodeUtil  NumbericResultPredicate  BooleanResultPredicate  MayBeStringResultPredicate  VarCollector  MatchNameNode  MatchNodeType  MatchDeclaration  MatchNotFunction  MatchShallowStatement  [METHOD]  isBooleanResultHelper  [RETURN_TYPE]  boolean  Node  n  [VARIABLES]  BooleanResultPredicate  BOOLEAN_RESULT_PREDICATE  Set  BUILTIN_FUNCTIONS_WITHOUT_SIDEEFFECTS  CONSTRUCTORS_WITHOUT_SIDE_EFFECTS  OBJECT_METHODS_WITHOUT_SIDEEFFECTS  REGEXP_METHODS  STRING_REGEXP_METHODS  defines  emptySet  knownConstants  NumbericResultPredicate  NUMBERIC_RESULT_PREDICATE  boolean  MayBeStringResultPredicate  MAY_BE_STRING_PREDICATE  Node  n  String  JSC_PROPERTY_NAME_FN  childValue  name  namespaceName  rawJsString  s  value  Map  vars  int  c  end  nextSkipSlot  nextSlot  start  type  	projects/Closure80/src/com/google/javascript/jscomp/NodeUtil.java	0.4082482904638631	1264	1264	2	replace	return(n.getType()  ==  Token.STRING)?  BooleanResultPredicate.FALSE  :  BooleanResultPredicate.BOOLEAN_RESULT_PREDICATE;	  return(n.getType()    ==    Token.STRING)?    BooleanResultPredicate.FALSE    :    BooleanResultPredicate.BOOLEAN;    	non-compiled	[CE]  	89	None	replace
531	[BUG]  [BUGGY]  return(n.getType()!=  Token.STRING)?  BooleanResultPredicate.FALSE  :  BooleanResultPredicate.BOOLEAN;  [CE]  [FE]                        IllegalStateException      [CONTEXT]      case  Token.LE:  case  Token.GE:  case  Token.IN:  case  Token.INSTANCEOF:  case  Token.NOT:  return  true;  default:      [BUGGY]  return(n.getType()!=  Token.STRING)?  BooleanResultPredicate.FALSE  :  BooleanResultPredicate.BOOLEAN;  [BUGGY]      }  }  [CLASS]  NodeUtil  NumbericResultPredicate  BooleanResultPredicate  MayBeStringResultPredicate  VarCollector  MatchNameNode  MatchNodeType  MatchDeclaration  MatchNotFunction  MatchShallowStatement  [METHOD]  isBooleanResultHelper  [RETURN_TYPE]  boolean  Node  n  [VARIABLES]  BooleanResultPredicate  BOOLEAN_RESULT_PREDICATE  Set  BUILTIN_FUNCTIONS_WITHOUT_SIDEEFFECTS  CONSTRUCTORS_WITHOUT_SIDE_EFFECTS  OBJECT_METHODS_WITHOUT_SIDEEFFECTS  REGEXP_METHODS  STRING_REGEXP_METHODS  defines  emptySet  knownConstants  NumbericResultPredicate  NUMBERIC_RESULT_PREDICATE  boolean  MayBeStringResultPredicate  MAY_BE_STRING_PREDICATE  Node  n  String  JSC_PROPERTY_NAME_FN  childValue  name  namespaceName  rawJsString  s  value  Map  vars  int  c  end  nextSkipSlot  nextSlot  start  type  	projects/Closure80/src/com/google/javascript/jscomp/NodeUtil.java	0.4082482904638631	1264	1264	2	replace	return(n.getType()!=  Token.STRING)?  BooleanResultPredicate.FALSE  :  BooleanResultPredicate.BOOLEAN;	  return(n.getType()    ==    Token.STRING)?    BooleanResultPredicate.FALSE    :    BooleanResultPredicate.BOOLEAN;    	non-compiled	[CE]  	89	None	replace
532	[BUG]  [BUGGY]  n.getType()  ==  Token.NAME  ||  n.getType()  ==  Token.FUNCTION)  {  return  false;  }  [CE]  [FE]                        IllegalStateException      [CONTEXT]      case  Token.LE:  case  Token.GE:  case  Token.IN:  case  Token.INSTANCEOF:  case  Token.NOT:  return  true;  default:      [BUGGY]  n.getType()  ==  Token.NAME  ||  n.getType()  ==  Token.FUNCTION)  {  return  false;  }  [BUGGY]      }  }  [CLASS]  NodeUtil  NumbericResultPredicate  BooleanResultPredicate  MayBeStringResultPredicate  VarCollector  MatchNameNode  MatchNodeType  MatchDeclaration  MatchNotFunction  MatchShallowStatement  [METHOD]  isBooleanResultHelper  [RETURN_TYPE]  boolean  Node  n  [VARIABLES]  BooleanResultPredicate  BOOLEAN_RESULT_PREDICATE  Set  BUILTIN_FUNCTIONS_WITHOUT_SIDEEFFECTS  CONSTRUCTORS_WITHOUT_SIDE_EFFECTS  OBJECT_METHODS_WITHOUT_SIDEEFFECTS  REGEXP_METHODS  STRING_REGEXP_METHODS  defines  emptySet  knownConstants  NumbericResultPredicate  NUMBERIC_RESULT_PREDICATE  boolean  MayBeStringResultPredicate  MAY_BE_STRING_PREDICATE  Node  n  String  JSC_PROPERTY_NAME_FN  childValue  name  namespaceName  rawJsString  s  value  Map  vars  int  c  end  nextSkipSlot  nextSlot  start  type  	projects/Closure80/src/com/google/javascript/jscomp/NodeUtil.java	0.4082482904638631	1264	1264	2	replace	n.getType()  ==  Token.NAME  ||  n.getType()  ==  Token.FUNCTION)  {  return  false;  }	  if(n.getType()!=    Token.NAME    ||    n.getType()    ==    Token.FUNCTION)    {    return    false;    }    	non-compiled	[CE]  	125	None	replace
533	[BUG]  [BUGGY]  if(n.getType()  ==  Token.NAME  &&  n.getType()  ==  Token.FUNCTION)  {  return  false;  }  [CE]  [FE]                          IllegalStateException      [CONTEXT]      case  Token.LE:  case  Token.GE:  case  Token.IN:  case  Token.INSTANCEOF:  case  Token.NOT:  return  true;  default:      [BUGGY]  if(n.getType()  ==  Token.NAME  &&  n.getType()  ==  Token.FUNCTION)  {  return  false;  }  [BUGGY]      }  }  [CLASS]  NodeUtil  NumbericResultPredicate  BooleanResultPredicate  MayBeStringResultPredicate  VarCollector  MatchNameNode  MatchNodeType  MatchDeclaration  MatchNotFunction  MatchShallowStatement  [METHOD]  isBooleanResultHelper  [RETURN_TYPE]  boolean  Node  n  [VARIABLES]  BooleanResultPredicate  BOOLEAN_RESULT_PREDICATE  Set  BUILTIN_FUNCTIONS_WITHOUT_SIDEEFFECTS  CONSTRUCTORS_WITHOUT_SIDE_EFFECTS  OBJECT_METHODS_WITHOUT_SIDEEFFECTS  REGEXP_METHODS  STRING_REGEXP_METHODS  defines  emptySet  knownConstants  NumbericResultPredicate  NUMBERIC_RESULT_PREDICATE  boolean  MayBeStringResultPredicate  MAY_BE_STRING_PREDICATE  Node  n  String  JSC_PROPERTY_NAME_FN  childValue  name  namespaceName  rawJsString  s  value  Map  vars  int  c  end  nextSkipSlot  nextSlot  start  type  	projects/Closure80/src/com/google/javascript/jscomp/NodeUtil.java	0.4082482904638631	1264	1264	2	replace	if(n.getType()  ==  Token.NAME  &&  n.getType()  ==  Token.FUNCTION)  {  return  false;  }	  if(n.getType()!=    Token.NAME    ||    n.getType()    ==    Token.FUNCTION)    {    return    false;    }    	non-compiled	[CE]  	125	None	replace
534	[BUG]  [BUGGY]  if(n.getType()  ==  Token.NAME  ||  n.getType()  ==  Token.FUNCTION)return  false;  }  [CE]  [FE]                            IllegalStateException      [CONTEXT]      case  Token.LE:  case  Token.GE:  case  Token.IN:  case  Token.INSTANCEOF:  case  Token.NOT:  return  true;  default:      [BUGGY]  if(n.getType()  ==  Token.NAME  ||  n.getType()  ==  Token.FUNCTION)return  false;  }  [BUGGY]      }  }  [CLASS]  NodeUtil  NumbericResultPredicate  BooleanResultPredicate  MayBeStringResultPredicate  VarCollector  MatchNameNode  MatchNodeType  MatchDeclaration  MatchNotFunction  MatchShallowStatement  [METHOD]  isBooleanResultHelper  [RETURN_TYPE]  boolean  Node  n  [VARIABLES]  BooleanResultPredicate  BOOLEAN_RESULT_PREDICATE  Set  BUILTIN_FUNCTIONS_WITHOUT_SIDEEFFECTS  CONSTRUCTORS_WITHOUT_SIDE_EFFECTS  OBJECT_METHODS_WITHOUT_SIDEEFFECTS  REGEXP_METHODS  STRING_REGEXP_METHODS  defines  emptySet  knownConstants  NumbericResultPredicate  NUMBERIC_RESULT_PREDICATE  boolean  MayBeStringResultPredicate  MAY_BE_STRING_PREDICATE  Node  n  String  JSC_PROPERTY_NAME_FN  childValue  name  namespaceName  rawJsString  s  value  Map  vars  int  c  end  nextSkipSlot  nextSlot  start  type  	projects/Closure80/src/com/google/javascript/jscomp/NodeUtil.java	0.4082482904638631	1264	1264	2	replace	if(n.getType()  ==  Token.NAME  ||  n.getType()  ==  Token.FUNCTION)return  false;  }	  if(n.getType()!=    Token.NAME    ||    n.getType()    ==    Token.FUNCTION)    {    return    false;    }    	non-compiled	[CE]  	125	None	replace
535	[BUG]  [BUGGY]  Preconditions.checkState(NodeUtil.isExpressionNode(n)||  NodeUtil.isFunctionAnonymous(n))  {  return  true;  }  [CE]  [FE]                IllegalStateException      [CONTEXT]      case  Token.LE:  case  Token.GE:  case  Token.IN:  case  Token.INSTANCEOF:  case  Token.NOT:  return  true;  default:      [BUGGY]  Preconditions.checkState(NodeUtil.isExpressionNode(n)||  NodeUtil.isFunctionAnonymous(n))  {  return  true;  }  [BUGGY]      }  }  [CLASS]  NodeUtil  NumbericResultPredicate  BooleanResultPredicate  MayBeStringResultPredicate  VarCollector  MatchNameNode  MatchNodeType  MatchDeclaration  MatchNotFunction  MatchShallowStatement  [METHOD]  isBooleanResultHelper  [RETURN_TYPE]  boolean  Node  n  [VARIABLES]  BooleanResultPredicate  BOOLEAN_RESULT_PREDICATE  Set  BUILTIN_FUNCTIONS_WITHOUT_SIDEEFFECTS  CONSTRUCTORS_WITHOUT_SIDE_EFFECTS  OBJECT_METHODS_WITHOUT_SIDEEFFECTS  REGEXP_METHODS  STRING_REGEXP_METHODS  defines  emptySet  knownConstants  NumbericResultPredicate  NUMBERIC_RESULT_PREDICATE  boolean  MayBeStringResultPredicate  MAY_BE_STRING_PREDICATE  Node  n  String  JSC_PROPERTY_NAME_FN  childValue  name  namespaceName  rawJsString  s  value  Map  vars  int  c  end  nextSkipSlot  nextSlot  start  type  	projects/Closure80/src/com/google/javascript/jscomp/NodeUtil.java	0.4082482904638631	1264	1264	2	replace	Preconditions.checkState(NodeUtil.isExpressionNode(n)||  NodeUtil.isFunctionAnonymous(n))  {  return  true;  }	  Preconditions.checkState(NodeUtil.isFunctionAnonymous(n)||    NodeUtil.isFunctionAnonymous(n))    {    return    true;    }    	non-compiled	[CE]  	33	None	replace
536	[BUG]  [BUGGY]  Preconditions.checkState(NodeUtil.isImmutableValue(n)||  NodeUtil.isFunctionAnonymous(n))  {  return  true;  }  [CE]  [FE]                  IllegalStateException      [CONTEXT]      case  Token.LE:  case  Token.GE:  case  Token.IN:  case  Token.INSTANCEOF:  case  Token.NOT:  return  true;  default:      [BUGGY]  Preconditions.checkState(NodeUtil.isImmutableValue(n)||  NodeUtil.isFunctionAnonymous(n))  {  return  true;  }  [BUGGY]      }  }  [CLASS]  NodeUtil  NumbericResultPredicate  BooleanResultPredicate  MayBeStringResultPredicate  VarCollector  MatchNameNode  MatchNodeType  MatchDeclaration  MatchNotFunction  MatchShallowStatement  [METHOD]  isBooleanResultHelper  [RETURN_TYPE]  boolean  Node  n  [VARIABLES]  BooleanResultPredicate  BOOLEAN_RESULT_PREDICATE  Set  BUILTIN_FUNCTIONS_WITHOUT_SIDEEFFECTS  CONSTRUCTORS_WITHOUT_SIDE_EFFECTS  OBJECT_METHODS_WITHOUT_SIDEEFFECTS  REGEXP_METHODS  STRING_REGEXP_METHODS  defines  emptySet  knownConstants  NumbericResultPredicate  NUMBERIC_RESULT_PREDICATE  boolean  MayBeStringResultPredicate  MAY_BE_STRING_PREDICATE  Node  n  String  JSC_PROPERTY_NAME_FN  childValue  name  namespaceName  rawJsString  s  value  Map  vars  int  c  end  nextSkipSlot  nextSlot  start  type  	projects/Closure80/src/com/google/javascript/jscomp/NodeUtil.java	0.4082482904638631	1264	1264	2	replace	Preconditions.checkState(NodeUtil.isImmutableValue(n)||  NodeUtil.isFunctionAnonymous(n))  {  return  true;  }	  Preconditions.checkState(NodeUtil.isFunctionAnonymous(n)||    NodeUtil.isFunctionAnonymous(n))    {    return    true;    }    	non-compiled	[CE]  	33	None	replace
537	[BUG]  [BUGGY]  Preconditions.checkState(NodeUtil.isFunctionAnonymous(n)&&  NodeUtil.isFunctionAnonymous(n))  {  return  true;  }  [CE]  [FE]                    IllegalStateException      [CONTEXT]      case  Token.LE:  case  Token.GE:  case  Token.IN:  case  Token.INSTANCEOF:  case  Token.NOT:  return  true;  default:      [BUGGY]  Preconditions.checkState(NodeUtil.isFunctionAnonymous(n)&&  NodeUtil.isFunctionAnonymous(n))  {  return  true;  }  [BUGGY]      }  }  [CLASS]  NodeUtil  NumbericResultPredicate  BooleanResultPredicate  MayBeStringResultPredicate  VarCollector  MatchNameNode  MatchNodeType  MatchDeclaration  MatchNotFunction  MatchShallowStatement  [METHOD]  isBooleanResultHelper  [RETURN_TYPE]  boolean  Node  n  [VARIABLES]  BooleanResultPredicate  BOOLEAN_RESULT_PREDICATE  Set  BUILTIN_FUNCTIONS_WITHOUT_SIDEEFFECTS  CONSTRUCTORS_WITHOUT_SIDE_EFFECTS  OBJECT_METHODS_WITHOUT_SIDEEFFECTS  REGEXP_METHODS  STRING_REGEXP_METHODS  defines  emptySet  knownConstants  NumbericResultPredicate  NUMBERIC_RESULT_PREDICATE  boolean  MayBeStringResultPredicate  MAY_BE_STRING_PREDICATE  Node  n  String  JSC_PROPERTY_NAME_FN  childValue  name  namespaceName  rawJsString  s  value  Map  vars  int  c  end  nextSkipSlot  nextSlot  start  type  	projects/Closure80/src/com/google/javascript/jscomp/NodeUtil.java	0.4082482904638631	1264	1264	2	replace	Preconditions.checkState(NodeUtil.isFunctionAnonymous(n)&&  NodeUtil.isFunctionAnonymous(n))  {  return  true;  }	  Preconditions.checkState(NodeUtil.isFunctionAnonymous(n)||    NodeUtil.isFunctionAnonymous(n))    {    return    true;    }    	non-compiled	[CE]  	33	None	replace
538	[BUG]  [BUGGY]  Preconditions.checkState(NodeUtil.isGet(n)||  NodeUtil.isGet(n))  {  return  true;  }  [CE]  [FE]                      IllegalStateException      [CONTEXT]      case  Token.LE:  case  Token.GE:  case  Token.IN:  case  Token.INSTANCEOF:  case  Token.NOT:  return  true;  default:      [BUGGY]  Preconditions.checkState(NodeUtil.isGet(n)||  NodeUtil.isGet(n))  {  return  true;  }  [BUGGY]      }  }  [CLASS]  NodeUtil  NumbericResultPredicate  BooleanResultPredicate  MayBeStringResultPredicate  VarCollector  MatchNameNode  MatchNodeType  MatchDeclaration  MatchNotFunction  MatchShallowStatement  [METHOD]  isBooleanResultHelper  [RETURN_TYPE]  boolean  Node  n  [VARIABLES]  BooleanResultPredicate  BOOLEAN_RESULT_PREDICATE  Set  BUILTIN_FUNCTIONS_WITHOUT_SIDEEFFECTS  CONSTRUCTORS_WITHOUT_SIDE_EFFECTS  OBJECT_METHODS_WITHOUT_SIDEEFFECTS  REGEXP_METHODS  STRING_REGEXP_METHODS  defines  emptySet  knownConstants  NumbericResultPredicate  NUMBERIC_RESULT_PREDICATE  boolean  MayBeStringResultPredicate  MAY_BE_STRING_PREDICATE  Node  n  String  JSC_PROPERTY_NAME_FN  childValue  name  namespaceName  rawJsString  s  value  Map  vars  int  c  end  nextSkipSlot  nextSlot  start  type  	projects/Closure80/src/com/google/javascript/jscomp/NodeUtil.java	0.4082482904638631	1264	1264	2	replace	Preconditions.checkState(NodeUtil.isGet(n)||  NodeUtil.isGet(n))  {  return  true;  }	  Preconditions.checkState(NodeUtil.isFunctionAnonymous(n)||    NodeUtil.isFunctionAnonymous(n))    {    return    true;    }    	non-compiled	[CE]  	33	None	replace
539	[BUG]  [BUGGY]  return(n.getType()!=  Token.STRING)?  BooleanResultPredicate.TRUE  :  BooleanResultPredicate.FALSE;  [CE]  [FE]              IllegalStateException      [CONTEXT]      case  Token.LE:  case  Token.GE:  case  Token.IN:  case  Token.INSTANCEOF:  case  Token.NOT:  return  true;  default:      [BUGGY]  return(n.getType()!=  Token.STRING)?  BooleanResultPredicate.TRUE  :  BooleanResultPredicate.FALSE;  [BUGGY]      }  }  [CLASS]  NodeUtil  NumbericResultPredicate  BooleanResultPredicate  MayBeStringResultPredicate  VarCollector  MatchNameNode  MatchNodeType  MatchDeclaration  MatchNotFunction  MatchShallowStatement  [METHOD]  isBooleanResultHelper  [RETURN_TYPE]  boolean  Node  n  [VARIABLES]  BooleanResultPredicate  BOOLEAN_RESULT_PREDICATE  Set  BUILTIN_FUNCTIONS_WITHOUT_SIDEEFFECTS  CONSTRUCTORS_WITHOUT_SIDE_EFFECTS  OBJECT_METHODS_WITHOUT_SIDEEFFECTS  REGEXP_METHODS  STRING_REGEXP_METHODS  defines  emptySet  knownConstants  NumbericResultPredicate  NUMBERIC_RESULT_PREDICATE  boolean  MayBeStringResultPredicate  MAY_BE_STRING_PREDICATE  Node  n  String  JSC_PROPERTY_NAME_FN  childValue  name  namespaceName  rawJsString  s  value  Map  vars  int  c  end  nextSkipSlot  nextSlot  start  type  	projects/Closure80/src/com/google/javascript/jscomp/NodeUtil.java	0.4082482904638631	1264	1264	2	replace	return(n.getType()!=  Token.STRING)?  BooleanResultPredicate.TRUE  :  BooleanResultPredicate.FALSE;	  return(n.getType()    ==    Token.STRING)?    BooleanResultPredicate.TRUE    :    BooleanResultPredicate.FALSE;    	non-compiled	[CE]  	81	None	replace
540	[BUG]  [BUGGY]  return(n.getType()  ==  Token.STRING)?  BooleanResultPredicate.TRUE  :  BooleanResultPredicate.FUNCTION;  [CE]  [FE]                IllegalStateException      [CONTEXT]      case  Token.LE:  case  Token.GE:  case  Token.IN:  case  Token.INSTANCEOF:  case  Token.NOT:  return  true;  default:      [BUGGY]  return(n.getType()  ==  Token.STRING)?  BooleanResultPredicate.TRUE  :  BooleanResultPredicate.FUNCTION;  [BUGGY]      }  }  [CLASS]  NodeUtil  NumbericResultPredicate  BooleanResultPredicate  MayBeStringResultPredicate  VarCollector  MatchNameNode  MatchNodeType  MatchDeclaration  MatchNotFunction  MatchShallowStatement  [METHOD]  isBooleanResultHelper  [RETURN_TYPE]  boolean  Node  n  [VARIABLES]  BooleanResultPredicate  BOOLEAN_RESULT_PREDICATE  Set  BUILTIN_FUNCTIONS_WITHOUT_SIDEEFFECTS  CONSTRUCTORS_WITHOUT_SIDE_EFFECTS  OBJECT_METHODS_WITHOUT_SIDEEFFECTS  REGEXP_METHODS  STRING_REGEXP_METHODS  defines  emptySet  knownConstants  NumbericResultPredicate  NUMBERIC_RESULT_PREDICATE  boolean  MayBeStringResultPredicate  MAY_BE_STRING_PREDICATE  Node  n  String  JSC_PROPERTY_NAME_FN  childValue  name  namespaceName  rawJsString  s  value  Map  vars  int  c  end  nextSkipSlot  nextSlot  start  type  	projects/Closure80/src/com/google/javascript/jscomp/NodeUtil.java	0.4082482904638631	1264	1264	2	replace	return(n.getType()  ==  Token.STRING)?  BooleanResultPredicate.TRUE  :  BooleanResultPredicate.FUNCTION;	  return(n.getType()    ==    Token.STRING)?    BooleanResultPredicate.TRUE    :    BooleanResultPredicate.FALSE;    	non-compiled	[CE]  	81	None	replace
541	[BUG]  [BUGGY]  return(n.getType()  ==  Token.NAME)?  BooleanResultPredicate.BOOLEAN_RESULT_PREDICATE  :  BooleanResultPredicate.UNKNOWN;  [CE]  [FE]                IllegalStateException      [CONTEXT]      case  Token.LE:  case  Token.GE:  case  Token.IN:  case  Token.INSTANCEOF:  case  Token.NOT:  return  true;  default:      [BUGGY]  return(n.getType()  ==  Token.NAME)?  BooleanResultPredicate.BOOLEAN_RESULT_PREDICATE  :  BooleanResultPredicate.UNKNOWN;  [BUGGY]      }  }  [CLASS]  NodeUtil  NumbericResultPredicate  BooleanResultPredicate  MayBeStringResultPredicate  VarCollector  MatchNameNode  MatchNodeType  MatchDeclaration  MatchNotFunction  MatchShallowStatement  [METHOD]  isBooleanResultHelper  [RETURN_TYPE]  boolean  Node  n  [VARIABLES]  BooleanResultPredicate  BOOLEAN_RESULT_PREDICATE  Set  BUILTIN_FUNCTIONS_WITHOUT_SIDEEFFECTS  CONSTRUCTORS_WITHOUT_SIDE_EFFECTS  OBJECT_METHODS_WITHOUT_SIDEEFFECTS  REGEXP_METHODS  STRING_REGEXP_METHODS  defines  emptySet  knownConstants  NumbericResultPredicate  NUMBERIC_RESULT_PREDICATE  boolean  MayBeStringResultPredicate  MAY_BE_STRING_PREDICATE  Node  n  String  JSC_PROPERTY_NAME_FN  childValue  name  namespaceName  rawJsString  s  value  Map  vars  int  c  end  nextSkipSlot  nextSlot  start  type  	projects/Closure80/src/com/google/javascript/jscomp/NodeUtil.java	0.4082482904638631	1264	1264	2	replace	return(n.getType()  ==  Token.NAME)?  BooleanResultPredicate.BOOLEAN_RESULT_PREDICATE  :  BooleanResultPredicate.UNKNOWN;	  return(n.getType()    ==    Token.NAME)?    BooleanResultPredicate.UNKNOWN    :    BooleanResultPredicate.BOOLEAN_RESULT_PREDICATE;    	non-compiled	[CE]  	113	None	replace
542	[BUG]  [BUGGY]  return(n.getType()  ==  Token.NAME)?  BooleanResultPredicate.BLOCK_RESULT_PREDICATE  :  BooleanResultPredicate.BOOLEAN_RESULT_PREDICATE;  [CE]  [FE]                  IllegalStateException      [CONTEXT]      case  Token.LE:  case  Token.GE:  case  Token.IN:  case  Token.INSTANCEOF:  case  Token.NOT:  return  true;  default:      [BUGGY]  return(n.getType()  ==  Token.NAME)?  BooleanResultPredicate.BLOCK_RESULT_PREDICATE  :  BooleanResultPredicate.BOOLEAN_RESULT_PREDICATE;  [BUGGY]      }  }  [CLASS]  NodeUtil  NumbericResultPredicate  BooleanResultPredicate  MayBeStringResultPredicate  VarCollector  MatchNameNode  MatchNodeType  MatchDeclaration  MatchNotFunction  MatchShallowStatement  [METHOD]  isBooleanResultHelper  [RETURN_TYPE]  boolean  Node  n  [VARIABLES]  BooleanResultPredicate  BOOLEAN_RESULT_PREDICATE  Set  BUILTIN_FUNCTIONS_WITHOUT_SIDEEFFECTS  CONSTRUCTORS_WITHOUT_SIDE_EFFECTS  OBJECT_METHODS_WITHOUT_SIDEEFFECTS  REGEXP_METHODS  STRING_REGEXP_METHODS  defines  emptySet  knownConstants  NumbericResultPredicate  NUMBERIC_RESULT_PREDICATE  boolean  MayBeStringResultPredicate  MAY_BE_STRING_PREDICATE  Node  n  String  JSC_PROPERTY_NAME_FN  childValue  name  namespaceName  rawJsString  s  value  Map  vars  int  c  end  nextSkipSlot  nextSlot  start  type  	projects/Closure80/src/com/google/javascript/jscomp/NodeUtil.java	0.4082482904638631	1264	1264	2	replace	return(n.getType()  ==  Token.NAME)?  BooleanResultPredicate.BLOCK_RESULT_PREDICATE  :  BooleanResultPredicate.BOOLEAN_RESULT_PREDICATE;	  return(n.getType()    ==    Token.NAME)?    BooleanResultPredicate.UNKNOWN    :    BooleanResultPredicate.BOOLEAN_RESULT_PREDICATE;    	non-compiled	[CE]  	113	None	replace
543	[BUG]  [BUGGY]  return(n.getType()!=  Token.NAME)?  BooleanResultPredicate.UNKNOWN  :  BooleanResultPredicate.BOOLEAN_RESULT_PREDICATE;  [CE]  [FE]                    IllegalStateException      [CONTEXT]      case  Token.LE:  case  Token.GE:  case  Token.IN:  case  Token.INSTANCEOF:  case  Token.NOT:  return  true;  default:      [BUGGY]  return(n.getType()!=  Token.NAME)?  BooleanResultPredicate.UNKNOWN  :  BooleanResultPredicate.BOOLEAN_RESULT_PREDICATE;  [BUGGY]      }  }  [CLASS]  NodeUtil  NumbericResultPredicate  BooleanResultPredicate  MayBeStringResultPredicate  VarCollector  MatchNameNode  MatchNodeType  MatchDeclaration  MatchNotFunction  MatchShallowStatement  [METHOD]  isBooleanResultHelper  [RETURN_TYPE]  boolean  Node  n  [VARIABLES]  BooleanResultPredicate  BOOLEAN_RESULT_PREDICATE  Set  BUILTIN_FUNCTIONS_WITHOUT_SIDEEFFECTS  CONSTRUCTORS_WITHOUT_SIDE_EFFECTS  OBJECT_METHODS_WITHOUT_SIDEEFFECTS  REGEXP_METHODS  STRING_REGEXP_METHODS  defines  emptySet  knownConstants  NumbericResultPredicate  NUMBERIC_RESULT_PREDICATE  boolean  MayBeStringResultPredicate  MAY_BE_STRING_PREDICATE  Node  n  String  JSC_PROPERTY_NAME_FN  childValue  name  namespaceName  rawJsString  s  value  Map  vars  int  c  end  nextSkipSlot  nextSlot  start  type  	projects/Closure80/src/com/google/javascript/jscomp/NodeUtil.java	0.4082482904638631	1264	1264	2	replace	return(n.getType()!=  Token.NAME)?  BooleanResultPredicate.UNKNOWN  :  BooleanResultPredicate.BOOLEAN_RESULT_PREDICATE;	  return(n.getType()    ==    Token.NAME)?    BooleanResultPredicate.UNKNOWN    :    BooleanResultPredicate.BOOLEAN_RESULT_PREDICATE;    	non-compiled	[CE]  	113	None	replace
544	[BUG]  [BUGGY]  return(n.getType()  ==  Token.NAME)&&  BooleanResultPredicate.UNKNOWN  :  BooleanResultPredicate.BOOLEAN_RESULT_PREDICATE;  [CE]  [FE]                      IllegalStateException      [CONTEXT]      case  Token.LE:  case  Token.GE:  case  Token.IN:  case  Token.INSTANCEOF:  case  Token.NOT:  return  true;  default:      [BUGGY]  return(n.getType()  ==  Token.NAME)&&  BooleanResultPredicate.UNKNOWN  :  BooleanResultPredicate.BOOLEAN_RESULT_PREDICATE;  [BUGGY]      }  }  [CLASS]  NodeUtil  NumbericResultPredicate  BooleanResultPredicate  MayBeStringResultPredicate  VarCollector  MatchNameNode  MatchNodeType  MatchDeclaration  MatchNotFunction  MatchShallowStatement  [METHOD]  isBooleanResultHelper  [RETURN_TYPE]  boolean  Node  n  [VARIABLES]  BooleanResultPredicate  BOOLEAN_RESULT_PREDICATE  Set  BUILTIN_FUNCTIONS_WITHOUT_SIDEEFFECTS  CONSTRUCTORS_WITHOUT_SIDE_EFFECTS  OBJECT_METHODS_WITHOUT_SIDEEFFECTS  REGEXP_METHODS  STRING_REGEXP_METHODS  defines  emptySet  knownConstants  NumbericResultPredicate  NUMBERIC_RESULT_PREDICATE  boolean  MayBeStringResultPredicate  MAY_BE_STRING_PREDICATE  Node  n  String  JSC_PROPERTY_NAME_FN  childValue  name  namespaceName  rawJsString  s  value  Map  vars  int  c  end  nextSkipSlot  nextSlot  start  type  	projects/Closure80/src/com/google/javascript/jscomp/NodeUtil.java	0.4082482904638631	1264	1264	2	replace	return(n.getType()  ==  Token.NAME)&&  BooleanResultPredicate.UNKNOWN  :  BooleanResultPredicate.BOOLEAN_RESULT_PREDICATE;	  return(n.getType()    ==    Token.NAME)?    BooleanResultPredicate.UNKNOWN    :    BooleanResultPredicate.BOOLEAN_RESULT_PREDICATE;    	non-compiled	[CE]  	113	None	replace
545	[BUG]  [BUGGY]  return(n.getType()  ==  Token.NAME)?  BOOLEAN_RESULT_PREDICATE  :  BooleanResultPredicate.UNKNOWN;  [CE]  [FE]                        IllegalStateException      [CONTEXT]      case  Token.LE:  case  Token.GE:  case  Token.IN:  case  Token.INSTANCEOF:  case  Token.NOT:  return  true;  default:      [BUGGY]  return(n.getType()  ==  Token.NAME)?  BOOLEAN_RESULT_PREDICATE  :  BooleanResultPredicate.UNKNOWN;  [BUGGY]      }  }  [CLASS]  NodeUtil  NumbericResultPredicate  BooleanResultPredicate  MayBeStringResultPredicate  VarCollector  MatchNameNode  MatchNodeType  MatchDeclaration  MatchNotFunction  MatchShallowStatement  [METHOD]  isBooleanResultHelper  [RETURN_TYPE]  boolean  Node  n  [VARIABLES]  BooleanResultPredicate  BOOLEAN_RESULT_PREDICATE  Set  BUILTIN_FUNCTIONS_WITHOUT_SIDEEFFECTS  CONSTRUCTORS_WITHOUT_SIDE_EFFECTS  OBJECT_METHODS_WITHOUT_SIDEEFFECTS  REGEXP_METHODS  STRING_REGEXP_METHODS  defines  emptySet  knownConstants  NumbericResultPredicate  NUMBERIC_RESULT_PREDICATE  boolean  MayBeStringResultPredicate  MAY_BE_STRING_PREDICATE  Node  n  String  JSC_PROPERTY_NAME_FN  childValue  name  namespaceName  rawJsString  s  value  Map  vars  int  c  end  nextSkipSlot  nextSlot  start  type  	projects/Closure80/src/com/google/javascript/jscomp/NodeUtil.java	0.4082482904638631	1264	1264	2	replace	return(n.getType()  ==  Token.NAME)?  BOOLEAN_RESULT_PREDICATE  :  BooleanResultPredicate.UNKNOWN;	  return(n.getType()    ==    Token.NAME)?    BooleanResultPredicate.UNKNOWN    :    BooleanResultPredicate.BOOLEAN_RESULT_PREDICATE;    	non-compiled	[CE]  	113	None	replace
546	[BUG]  [BUGGY]  NodeUtil.isExpressionNode(n)||  NodeUtil.isFunctionAnonymous(n))  {  return  false;  }  [CE]  [FE]            IllegalStateException      [CONTEXT]      case  Token.LE:  case  Token.GE:  case  Token.IN:  case  Token.INSTANCEOF:  case  Token.NOT:  return  true;  default:      [BUGGY]  NodeUtil.isExpressionNode(n)||  NodeUtil.isFunctionAnonymous(n))  {  return  false;  }  [BUGGY]      }  }  [CLASS]  NodeUtil  NumbericResultPredicate  BooleanResultPredicate  MayBeStringResultPredicate  VarCollector  MatchNameNode  MatchNodeType  MatchDeclaration  MatchNotFunction  MatchShallowStatement  [METHOD]  isBooleanResultHelper  [RETURN_TYPE]  boolean  Node  n  [VARIABLES]  BooleanResultPredicate  BOOLEAN_RESULT_PREDICATE  Set  BUILTIN_FUNCTIONS_WITHOUT_SIDEEFFECTS  CONSTRUCTORS_WITHOUT_SIDE_EFFECTS  OBJECT_METHODS_WITHOUT_SIDEEFFECTS  REGEXP_METHODS  STRING_REGEXP_METHODS  defines  emptySet  knownConstants  NumbericResultPredicate  NUMBERIC_RESULT_PREDICATE  boolean  MayBeStringResultPredicate  MAY_BE_STRING_PREDICATE  Node  n  String  JSC_PROPERTY_NAME_FN  childValue  name  namespaceName  rawJsString  s  value  Map  vars  int  c  end  nextSkipSlot  nextSlot  start  type  	projects/Closure80/src/com/google/javascript/jscomp/NodeUtil.java	0.4082482904638631	1264	1264	2	replace	NodeUtil.isExpressionNode(n)||  NodeUtil.isFunctionAnonymous(n))  {  return  false;  }	  NodeUtil.isFunctionAnonymous(n)||    NodeUtil.isFunctionAnonymous(n))    {    return    false;    }    	non-compiled	[CE]  	22	None	replace
547	[BUG]  [BUGGY]  NodeUtil.isLocalFunctionAnonymous(n)||  NodeUtil.isFunctionAnonymous(n))  {  return  false;  }  [CE]  [FE]              IllegalStateException      [CONTEXT]      case  Token.LE:  case  Token.GE:  case  Token.IN:  case  Token.INSTANCEOF:  case  Token.NOT:  return  true;  default:      [BUGGY]  NodeUtil.isLocalFunctionAnonymous(n)||  NodeUtil.isFunctionAnonymous(n))  {  return  false;  }  [BUGGY]      }  }  [CLASS]  NodeUtil  NumbericResultPredicate  BooleanResultPredicate  MayBeStringResultPredicate  VarCollector  MatchNameNode  MatchNodeType  MatchDeclaration  MatchNotFunction  MatchShallowStatement  [METHOD]  isBooleanResultHelper  [RETURN_TYPE]  boolean  Node  n  [VARIABLES]  BooleanResultPredicate  BOOLEAN_RESULT_PREDICATE  Set  BUILTIN_FUNCTIONS_WITHOUT_SIDEEFFECTS  CONSTRUCTORS_WITHOUT_SIDE_EFFECTS  OBJECT_METHODS_WITHOUT_SIDEEFFECTS  REGEXP_METHODS  STRING_REGEXP_METHODS  defines  emptySet  knownConstants  NumbericResultPredicate  NUMBERIC_RESULT_PREDICATE  boolean  MayBeStringResultPredicate  MAY_BE_STRING_PREDICATE  Node  n  String  JSC_PROPERTY_NAME_FN  childValue  name  namespaceName  rawJsString  s  value  Map  vars  int  c  end  nextSkipSlot  nextSlot  start  type  	projects/Closure80/src/com/google/javascript/jscomp/NodeUtil.java	0.4082482904638631	1264	1264	2	replace	NodeUtil.isLocalFunctionAnonymous(n)||  NodeUtil.isFunctionAnonymous(n))  {  return  false;  }	  NodeUtil.isFunctionAnonymous(n)||    NodeUtil.isFunctionAnonymous(n))    {    return    false;    }    	non-compiled	[CE]  	22	None	replace
548	[BUG]  [BUGGY]  NodeUtil.isAnonymous(n)||  NodeUtil.isAnonymous(n))  {  return  false;  }  [CE]  [FE]                IllegalStateException      [CONTEXT]      case  Token.LE:  case  Token.GE:  case  Token.IN:  case  Token.INSTANCEOF:  case  Token.NOT:  return  true;  default:      [BUGGY]  NodeUtil.isAnonymous(n)||  NodeUtil.isAnonymous(n))  {  return  false;  }  [BUGGY]      }  }  [CLASS]  NodeUtil  NumbericResultPredicate  BooleanResultPredicate  MayBeStringResultPredicate  VarCollector  MatchNameNode  MatchNodeType  MatchDeclaration  MatchNotFunction  MatchShallowStatement  [METHOD]  isBooleanResultHelper  [RETURN_TYPE]  boolean  Node  n  [VARIABLES]  BooleanResultPredicate  BOOLEAN_RESULT_PREDICATE  Set  BUILTIN_FUNCTIONS_WITHOUT_SIDEEFFECTS  CONSTRUCTORS_WITHOUT_SIDE_EFFECTS  OBJECT_METHODS_WITHOUT_SIDEEFFECTS  REGEXP_METHODS  STRING_REGEXP_METHODS  defines  emptySet  knownConstants  NumbericResultPredicate  NUMBERIC_RESULT_PREDICATE  boolean  MayBeStringResultPredicate  MAY_BE_STRING_PREDICATE  Node  n  String  JSC_PROPERTY_NAME_FN  childValue  name  namespaceName  rawJsString  s  value  Map  vars  int  c  end  nextSkipSlot  nextSlot  start  type  	projects/Closure80/src/com/google/javascript/jscomp/NodeUtil.java	0.4082482904638631	1264	1264	2	replace	NodeUtil.isAnonymous(n)||  NodeUtil.isAnonymous(n))  {  return  false;  }	  NodeUtil.isFunctionAnonymous(n)||    NodeUtil.isFunctionAnonymous(n))    {    return    false;    }    	non-compiled	[CE]  	22	None	replace
549	[BUG]  [BUGGY]  if(NodeUtil.isAssignmentOp(n)&&  NodeUtil.isFunctionAnonymous(n))  {  return  false;  }  [CE]  [FE]            IllegalStateException      [CONTEXT]      case  Token.LE:  case  Token.GE:  case  Token.IN:  case  Token.INSTANCEOF:  case  Token.NOT:  return  true;  default:      [BUGGY]  if(NodeUtil.isAssignmentOp(n)&&  NodeUtil.isFunctionAnonymous(n))  {  return  false;  }  [BUGGY]      }  }  [CLASS]  NodeUtil  NumbericResultPredicate  BooleanResultPredicate  MayBeStringResultPredicate  VarCollector  MatchNameNode  MatchNodeType  MatchDeclaration  MatchNotFunction  MatchShallowStatement  [METHOD]  isBooleanResultHelper  [RETURN_TYPE]  boolean  Node  n  [VARIABLES]  BooleanResultPredicate  BOOLEAN_RESULT_PREDICATE  Set  BUILTIN_FUNCTIONS_WITHOUT_SIDEEFFECTS  CONSTRUCTORS_WITHOUT_SIDE_EFFECTS  OBJECT_METHODS_WITHOUT_SIDEEFFECTS  REGEXP_METHODS  STRING_REGEXP_METHODS  defines  emptySet  knownConstants  NumbericResultPredicate  NUMBERIC_RESULT_PREDICATE  boolean  MayBeStringResultPredicate  MAY_BE_STRING_PREDICATE  Node  n  String  JSC_PROPERTY_NAME_FN  childValue  name  namespaceName  rawJsString  s  value  Map  vars  int  c  end  nextSkipSlot  nextSlot  start  type  	projects/Closure80/src/com/google/javascript/jscomp/NodeUtil.java	0.4082482904638631	1264	1264	2	replace	if(NodeUtil.isAssignmentOp(n)&&  NodeUtil.isFunctionAnonymous(n))  {  return  false;  }	  if(NodeUtil.isAssignmentOp(n)||    NodeUtil.isFunctionAnonymous(n))    {    return    false;    }    	non-compiled	[CE]  	166	None	replace
550	[BUG]  [BUGGY]  NodeUtil.isAssignmentOp(n)&&  NodeUtil.isFunctionAnonymous(n))  {  return  false;  }  [CE]  [FE]              IllegalStateException      [CONTEXT]      case  Token.LE:  case  Token.GE:  case  Token.IN:  case  Token.INSTANCEOF:  case  Token.NOT:  return  true;  default:      [BUGGY]  NodeUtil.isAssignmentOp(n)&&  NodeUtil.isFunctionAnonymous(n))  {  return  false;  }  [BUGGY]      }  }  [CLASS]  NodeUtil  NumbericResultPredicate  BooleanResultPredicate  MayBeStringResultPredicate  VarCollector  MatchNameNode  MatchNodeType  MatchDeclaration  MatchNotFunction  MatchShallowStatement  [METHOD]  isBooleanResultHelper  [RETURN_TYPE]  boolean  Node  n  [VARIABLES]  BooleanResultPredicate  BOOLEAN_RESULT_PREDICATE  Set  BUILTIN_FUNCTIONS_WITHOUT_SIDEEFFECTS  CONSTRUCTORS_WITHOUT_SIDE_EFFECTS  OBJECT_METHODS_WITHOUT_SIDEEFFECTS  REGEXP_METHODS  STRING_REGEXP_METHODS  defines  emptySet  knownConstants  NumbericResultPredicate  NUMBERIC_RESULT_PREDICATE  boolean  MayBeStringResultPredicate  MAY_BE_STRING_PREDICATE  Node  n  String  JSC_PROPERTY_NAME_FN  childValue  name  namespaceName  rawJsString  s  value  Map  vars  int  c  end  nextSkipSlot  nextSlot  start  type  	projects/Closure80/src/com/google/javascript/jscomp/NodeUtil.java	0.4082482904638631	1264	1264	2	replace	NodeUtil.isAssignmentOp(n)&&  NodeUtil.isFunctionAnonymous(n))  {  return  false;  }	  if(NodeUtil.isAssignmentOp(n)||    NodeUtil.isFunctionAnonymous(n))    {    return    false;    }    	non-compiled	[CE]  	166	None	replace
551	[BUG]  [BUGGY]  if(n.getType()  ==  Token.NAME  &&  n.getType()  ==  Token.FUNCTION)  {  return  true;  }  [CE]  [FE]                        IllegalStateException      [CONTEXT]      case  Token.LE:  case  Token.GE:  case  Token.IN:  case  Token.INSTANCEOF:  case  Token.NOT:  return  true;  default:      [BUGGY]  if(n.getType()  ==  Token.NAME  &&  n.getType()  ==  Token.FUNCTION)  {  return  true;  }  [BUGGY]      }  }  [CLASS]  NodeUtil  NumbericResultPredicate  BooleanResultPredicate  MayBeStringResultPredicate  VarCollector  MatchNameNode  MatchNodeType  MatchDeclaration  MatchNotFunction  MatchShallowStatement  [METHOD]  isBooleanResultHelper  [RETURN_TYPE]  boolean  Node  n  [VARIABLES]  BooleanResultPredicate  BOOLEAN_RESULT_PREDICATE  Set  BUILTIN_FUNCTIONS_WITHOUT_SIDEEFFECTS  CONSTRUCTORS_WITHOUT_SIDE_EFFECTS  OBJECT_METHODS_WITHOUT_SIDEEFFECTS  REGEXP_METHODS  STRING_REGEXP_METHODS  defines  emptySet  knownConstants  NumbericResultPredicate  NUMBERIC_RESULT_PREDICATE  boolean  MayBeStringResultPredicate  MAY_BE_STRING_PREDICATE  Node  n  String  JSC_PROPERTY_NAME_FN  childValue  name  namespaceName  rawJsString  s  value  Map  vars  int  c  end  nextSkipSlot  nextSlot  start  type  	projects/Closure80/src/com/google/javascript/jscomp/NodeUtil.java	0.4082482904638631	1264	1264	2	replace	if(n.getType()  ==  Token.NAME  &&  n.getType()  ==  Token.FUNCTION)  {  return  true;  }	  if(n.getType()    ==    Token.NAME    ||    n.getType()    ==    Token.FUNCTION)    {    return    true;    }    	non-compiled	[CE]  	17	None	replace
552	[BUG]  [BUGGY]  n.getType()  ==  Token.NAME  ||  n.getType()  ==  Token.FUNCTION)  {  return  true;  }  [CE]  [FE]                          IllegalStateException      [CONTEXT]      case  Token.LE:  case  Token.GE:  case  Token.IN:  case  Token.INSTANCEOF:  case  Token.NOT:  return  true;  default:      [BUGGY]  n.getType()  ==  Token.NAME  ||  n.getType()  ==  Token.FUNCTION)  {  return  true;  }  [BUGGY]      }  }  [CLASS]  NodeUtil  NumbericResultPredicate  BooleanResultPredicate  MayBeStringResultPredicate  VarCollector  MatchNameNode  MatchNodeType  MatchDeclaration  MatchNotFunction  MatchShallowStatement  [METHOD]  isBooleanResultHelper  [RETURN_TYPE]  boolean  Node  n  [VARIABLES]  BooleanResultPredicate  BOOLEAN_RESULT_PREDICATE  Set  BUILTIN_FUNCTIONS_WITHOUT_SIDEEFFECTS  CONSTRUCTORS_WITHOUT_SIDE_EFFECTS  OBJECT_METHODS_WITHOUT_SIDEEFFECTS  REGEXP_METHODS  STRING_REGEXP_METHODS  defines  emptySet  knownConstants  NumbericResultPredicate  NUMBERIC_RESULT_PREDICATE  boolean  MayBeStringResultPredicate  MAY_BE_STRING_PREDICATE  Node  n  String  JSC_PROPERTY_NAME_FN  childValue  name  namespaceName  rawJsString  s  value  Map  vars  int  c  end  nextSkipSlot  nextSlot  start  type  	projects/Closure80/src/com/google/javascript/jscomp/NodeUtil.java	0.4082482904638631	1264	1264	2	replace	n.getType()  ==  Token.NAME  ||  n.getType()  ==  Token.FUNCTION)  {  return  true;  }	  if(n.getType()    ==    Token.NAME    ||    n.getType()    ==    Token.FUNCTION)    {    return    true;    }    	non-compiled	[CE]  	17	None	replace
553	[BUG]  [BUGGY]  n.setType(Token.NAME)||  n.getType()  ==  Token.FUNCTION)  {  return  true;  }  [CE]  [FE]                            IllegalStateException      [CONTEXT]      case  Token.LE:  case  Token.GE:  case  Token.IN:  case  Token.INSTANCEOF:  case  Token.NOT:  return  true;  default:      [BUGGY]  n.setType(Token.NAME)||  n.getType()  ==  Token.FUNCTION)  {  return  true;  }  [BUGGY]      }  }  [CLASS]  NodeUtil  NumbericResultPredicate  BooleanResultPredicate  MayBeStringResultPredicate  VarCollector  MatchNameNode  MatchNodeType  MatchDeclaration  MatchNotFunction  MatchShallowStatement  [METHOD]  isBooleanResultHelper  [RETURN_TYPE]  boolean  Node  n  [VARIABLES]  BooleanResultPredicate  BOOLEAN_RESULT_PREDICATE  Set  BUILTIN_FUNCTIONS_WITHOUT_SIDEEFFECTS  CONSTRUCTORS_WITHOUT_SIDE_EFFECTS  OBJECT_METHODS_WITHOUT_SIDEEFFECTS  REGEXP_METHODS  STRING_REGEXP_METHODS  defines  emptySet  knownConstants  NumbericResultPredicate  NUMBERIC_RESULT_PREDICATE  boolean  MayBeStringResultPredicate  MAY_BE_STRING_PREDICATE  Node  n  String  JSC_PROPERTY_NAME_FN  childValue  name  namespaceName  rawJsString  s  value  Map  vars  int  c  end  nextSkipSlot  nextSlot  start  type  	projects/Closure80/src/com/google/javascript/jscomp/NodeUtil.java	0.4082482904638631	1264	1264	2	replace	n.setType(Token.NAME)||  n.getType()  ==  Token.FUNCTION)  {  return  true;  }	  if(n.getType()    ==    Token.NAME    ||    n.getType()    ==    Token.FUNCTION)    {    return    true;    }    	non-compiled	[CE]  	17	None	replace
554	[BUG]  [BUGGY]  if(NodeUtil.isFunctionDeclaration(n)&&  NodeUtil.isStatementBlock(n))  {  return  false;  }  [CE]  [FE]                  IllegalStateException      [CONTEXT]      case  Token.LE:  case  Token.GE:  case  Token.IN:  case  Token.INSTANCEOF:  case  Token.NOT:  return  true;  default:      [BUGGY]  if(NodeUtil.isFunctionDeclaration(n)&&  NodeUtil.isStatementBlock(n))  {  return  false;  }  [BUGGY]      }  }  [CLASS]  NodeUtil  NumbericResultPredicate  BooleanResultPredicate  MayBeStringResultPredicate  VarCollector  MatchNameNode  MatchNodeType  MatchDeclaration  MatchNotFunction  MatchShallowStatement  [METHOD]  isBooleanResultHelper  [RETURN_TYPE]  boolean  Node  n  [VARIABLES]  BooleanResultPredicate  BOOLEAN_RESULT_PREDICATE  Set  BUILTIN_FUNCTIONS_WITHOUT_SIDEEFFECTS  CONSTRUCTORS_WITHOUT_SIDE_EFFECTS  OBJECT_METHODS_WITHOUT_SIDEEFFECTS  REGEXP_METHODS  STRING_REGEXP_METHODS  defines  emptySet  knownConstants  NumbericResultPredicate  NUMBERIC_RESULT_PREDICATE  boolean  MayBeStringResultPredicate  MAY_BE_STRING_PREDICATE  Node  n  String  JSC_PROPERTY_NAME_FN  childValue  name  namespaceName  rawJsString  s  value  Map  vars  int  c  end  nextSkipSlot  nextSlot  start  type  	projects/Closure80/src/com/google/javascript/jscomp/NodeUtil.java	0.4082482904638631	1264	1264	2	replace	if(NodeUtil.isFunctionDeclaration(n)&&  NodeUtil.isStatementBlock(n))  {  return  false;  }	  if(NodeUtil.isFunctionDeclaration(n)||    NodeUtil.isStatementBlock(n))    {    return    false;    }    	non-compiled	[CE]  	106	None	replace
555	[BUG]  [BUGGY]  NodeUtil.isFunctionDeclaration(n)&&  NodeUtil.isStatementBlock(n))  {  return  false;  }  [CE]  [FE]                    IllegalStateException      [CONTEXT]      case  Token.LE:  case  Token.GE:  case  Token.IN:  case  Token.INSTANCEOF:  case  Token.NOT:  return  true;  default:      [BUGGY]  NodeUtil.isFunctionDeclaration(n)&&  NodeUtil.isStatementBlock(n))  {  return  false;  }  [BUGGY]      }  }  [CLASS]  NodeUtil  NumbericResultPredicate  BooleanResultPredicate  MayBeStringResultPredicate  VarCollector  MatchNameNode  MatchNodeType  MatchDeclaration  MatchNotFunction  MatchShallowStatement  [METHOD]  isBooleanResultHelper  [RETURN_TYPE]  boolean  Node  n  [VARIABLES]  BooleanResultPredicate  BOOLEAN_RESULT_PREDICATE  Set  BUILTIN_FUNCTIONS_WITHOUT_SIDEEFFECTS  CONSTRUCTORS_WITHOUT_SIDE_EFFECTS  OBJECT_METHODS_WITHOUT_SIDEEFFECTS  REGEXP_METHODS  STRING_REGEXP_METHODS  defines  emptySet  knownConstants  NumbericResultPredicate  NUMBERIC_RESULT_PREDICATE  boolean  MayBeStringResultPredicate  MAY_BE_STRING_PREDICATE  Node  n  String  JSC_PROPERTY_NAME_FN  childValue  name  namespaceName  rawJsString  s  value  Map  vars  int  c  end  nextSkipSlot  nextSlot  start  type  	projects/Closure80/src/com/google/javascript/jscomp/NodeUtil.java	0.4082482904638631	1264	1264	2	replace	NodeUtil.isFunctionDeclaration(n)&&  NodeUtil.isStatementBlock(n))  {  return  false;  }	  if(NodeUtil.isFunctionDeclaration(n)||    NodeUtil.isStatementBlock(n))    {    return    false;    }    	non-compiled	[CE]  	106	None	replace
556	[BUG]  [BUGGY]  NodeUtil.isFunctionDeclaration(n)||  NodeUtil.isStatementBlock(n))  {  return  false;  }  [CE]  [FE]                      IllegalStateException      [CONTEXT]      case  Token.LE:  case  Token.GE:  case  Token.IN:  case  Token.INSTANCEOF:  case  Token.NOT:  return  true;  default:      [BUGGY]  NodeUtil.isFunctionDeclaration(n)||  NodeUtil.isStatementBlock(n))  {  return  false;  }  [BUGGY]      }  }  [CLASS]  NodeUtil  NumbericResultPredicate  BooleanResultPredicate  MayBeStringResultPredicate  VarCollector  MatchNameNode  MatchNodeType  MatchDeclaration  MatchNotFunction  MatchShallowStatement  [METHOD]  isBooleanResultHelper  [RETURN_TYPE]  boolean  Node  n  [VARIABLES]  BooleanResultPredicate  BOOLEAN_RESULT_PREDICATE  Set  BUILTIN_FUNCTIONS_WITHOUT_SIDEEFFECTS  CONSTRUCTORS_WITHOUT_SIDE_EFFECTS  OBJECT_METHODS_WITHOUT_SIDEEFFECTS  REGEXP_METHODS  STRING_REGEXP_METHODS  defines  emptySet  knownConstants  NumbericResultPredicate  NUMBERIC_RESULT_PREDICATE  boolean  MayBeStringResultPredicate  MAY_BE_STRING_PREDICATE  Node  n  String  JSC_PROPERTY_NAME_FN  childValue  name  namespaceName  rawJsString  s  value  Map  vars  int  c  end  nextSkipSlot  nextSlot  start  type  	projects/Closure80/src/com/google/javascript/jscomp/NodeUtil.java	0.4082482904638631	1264	1264	2	replace	NodeUtil.isFunctionDeclaration(n)||  NodeUtil.isStatementBlock(n))  {  return  false;  }	  if(NodeUtil.isFunctionDeclaration(n)||    NodeUtil.isStatementBlock(n))    {    return    false;    }    	non-compiled	[CE]  	106	None	replace
557	[BUG]  [BUGGY]  return(n.getType()  ==  Token.BLOCK)?  BooleanResultPredicate.UNKNOWN  :  BooleanResultPredicate.FALSE;  [CE]  [FE]                    IllegalStateException      [CONTEXT]      case  Token.LE:  case  Token.GE:  case  Token.IN:  case  Token.INSTANCEOF:  case  Token.NOT:  return  true;  default:      [BUGGY]  return(n.getType()  ==  Token.BLOCK)?  BooleanResultPredicate.UNKNOWN  :  BooleanResultPredicate.FALSE;  [BUGGY]      }  }  [CLASS]  NodeUtil  NumbericResultPredicate  BooleanResultPredicate  MayBeStringResultPredicate  VarCollector  MatchNameNode  MatchNodeType  MatchDeclaration  MatchNotFunction  MatchShallowStatement  [METHOD]  isBooleanResultHelper  [RETURN_TYPE]  boolean  Node  n  [VARIABLES]  BooleanResultPredicate  BOOLEAN_RESULT_PREDICATE  Set  BUILTIN_FUNCTIONS_WITHOUT_SIDEEFFECTS  CONSTRUCTORS_WITHOUT_SIDE_EFFECTS  OBJECT_METHODS_WITHOUT_SIDEEFFECTS  REGEXP_METHODS  STRING_REGEXP_METHODS  defines  emptySet  knownConstants  NumbericResultPredicate  NUMBERIC_RESULT_PREDICATE  boolean  MayBeStringResultPredicate  MAY_BE_STRING_PREDICATE  Node  n  String  JSC_PROPERTY_NAME_FN  childValue  name  namespaceName  rawJsString  s  value  Map  vars  int  c  end  nextSkipSlot  nextSlot  start  type  	projects/Closure80/src/com/google/javascript/jscomp/NodeUtil.java	0.4082482904638631	1264	1264	2	replace	return(n.getType()  ==  Token.BLOCK)?  BooleanResultPredicate.UNKNOWN  :  BooleanResultPredicate.FALSE;	  return(n.getType()!=    Token.NAME)?    BooleanResultPredicate.UNKNOWN    :    BooleanResultPredicate.FALSE;    	non-compiled	[CE]  	52	None	replace
558	[BUG]  [BUGGY]  if(NodeUtil.isName(n)&&  NodeUtil.isFunctionBoolean(n))  {  return  false;  }  [CE]  [FE]                    IllegalStateException      [CONTEXT]      case  Token.LE:  case  Token.GE:  case  Token.IN:  case  Token.INSTANCEOF:  case  Token.NOT:  return  true;  default:      [BUGGY]  if(NodeUtil.isName(n)&&  NodeUtil.isFunctionBoolean(n))  {  return  false;  }  [BUGGY]      }  }  [CLASS]  NodeUtil  NumbericResultPredicate  BooleanResultPredicate  MayBeStringResultPredicate  VarCollector  MatchNameNode  MatchNodeType  MatchDeclaration  MatchNotFunction  MatchShallowStatement  [METHOD]  isBooleanResultHelper  [RETURN_TYPE]  boolean  Node  n  [VARIABLES]  BooleanResultPredicate  BOOLEAN_RESULT_PREDICATE  Set  BUILTIN_FUNCTIONS_WITHOUT_SIDEEFFECTS  CONSTRUCTORS_WITHOUT_SIDE_EFFECTS  OBJECT_METHODS_WITHOUT_SIDEEFFECTS  REGEXP_METHODS  STRING_REGEXP_METHODS  defines  emptySet  knownConstants  NumbericResultPredicate  NUMBERIC_RESULT_PREDICATE  boolean  MayBeStringResultPredicate  MAY_BE_STRING_PREDICATE  Node  n  String  JSC_PROPERTY_NAME_FN  childValue  name  namespaceName  rawJsString  s  value  Map  vars  int  c  end  nextSkipSlot  nextSlot  start  type  	projects/Closure80/src/com/google/javascript/jscomp/NodeUtil.java	0.4082482904638631	1264	1264	2	replace	if(NodeUtil.isName(n)&&  NodeUtil.isFunctionBoolean(n))  {  return  false;  }	  if(NodeUtil.isName(n)||    NodeUtil.isFunctionBoolean(n))    {    return    false;    }    	non-compiled	[CE]  	157	None	replace
559	[BUG]  [BUGGY]  if(NodeUtil.isFunction(n)||  NodeUtil.isFunctionBoolean(n))  {  return  false;  }  [CE]  [FE]                      IllegalStateException      [CONTEXT]      case  Token.LE:  case  Token.GE:  case  Token.IN:  case  Token.INSTANCEOF:  case  Token.NOT:  return  true;  default:      [BUGGY]  if(NodeUtil.isFunction(n)||  NodeUtil.isFunctionBoolean(n))  {  return  false;  }  [BUGGY]      }  }  [CLASS]  NodeUtil  NumbericResultPredicate  BooleanResultPredicate  MayBeStringResultPredicate  VarCollector  MatchNameNode  MatchNodeType  MatchDeclaration  MatchNotFunction  MatchShallowStatement  [METHOD]  isBooleanResultHelper  [RETURN_TYPE]  boolean  Node  n  [VARIABLES]  BooleanResultPredicate  BOOLEAN_RESULT_PREDICATE  Set  BUILTIN_FUNCTIONS_WITHOUT_SIDEEFFECTS  CONSTRUCTORS_WITHOUT_SIDE_EFFECTS  OBJECT_METHODS_WITHOUT_SIDEEFFECTS  REGEXP_METHODS  STRING_REGEXP_METHODS  defines  emptySet  knownConstants  NumbericResultPredicate  NUMBERIC_RESULT_PREDICATE  boolean  MayBeStringResultPredicate  MAY_BE_STRING_PREDICATE  Node  n  String  JSC_PROPERTY_NAME_FN  childValue  name  namespaceName  rawJsString  s  value  Map  vars  int  c  end  nextSkipSlot  nextSlot  start  type  	projects/Closure80/src/com/google/javascript/jscomp/NodeUtil.java	0.4082482904638631	1264	1264	2	replace	if(NodeUtil.isFunction(n)||  NodeUtil.isFunctionBoolean(n))  {  return  false;  }	  if(NodeUtil.isName(n)||    NodeUtil.isFunctionBoolean(n))    {    return    false;    }    	non-compiled	[CE]  	157	None	replace
560	[BUG]  [BUGGY]  if(NodeUtil.isName(n)||  NodeUtil.isFunctionBoolean(n))  {  return  true;  }  [CE]  [FE]                        IllegalStateException      [CONTEXT]      case  Token.LE:  case  Token.GE:  case  Token.IN:  case  Token.INSTANCEOF:  case  Token.NOT:  return  true;  default:      [BUGGY]  if(NodeUtil.isName(n)||  NodeUtil.isFunctionBoolean(n))  {  return  true;  }  [BUGGY]      }  }  [CLASS]  NodeUtil  NumbericResultPredicate  BooleanResultPredicate  MayBeStringResultPredicate  VarCollector  MatchNameNode  MatchNodeType  MatchDeclaration  MatchNotFunction  MatchShallowStatement  [METHOD]  isBooleanResultHelper  [RETURN_TYPE]  boolean  Node  n  [VARIABLES]  BooleanResultPredicate  BOOLEAN_RESULT_PREDICATE  Set  BUILTIN_FUNCTIONS_WITHOUT_SIDEEFFECTS  CONSTRUCTORS_WITHOUT_SIDE_EFFECTS  OBJECT_METHODS_WITHOUT_SIDEEFFECTS  REGEXP_METHODS  STRING_REGEXP_METHODS  defines  emptySet  knownConstants  NumbericResultPredicate  NUMBERIC_RESULT_PREDICATE  boolean  MayBeStringResultPredicate  MAY_BE_STRING_PREDICATE  Node  n  String  JSC_PROPERTY_NAME_FN  childValue  name  namespaceName  rawJsString  s  value  Map  vars  int  c  end  nextSkipSlot  nextSlot  start  type  	projects/Closure80/src/com/google/javascript/jscomp/NodeUtil.java	0.4082482904638631	1264	1264	2	replace	if(NodeUtil.isName(n)||  NodeUtil.isFunctionBoolean(n))  {  return  true;  }	  if(NodeUtil.isName(n)||    NodeUtil.isFunctionBoolean(n))    {    return    false;    }    	non-compiled	[CE]  	157	None	replace
561	[BUG]  [BUGGY]  NodeUtil.isStatementBlock(n)||  NodeUtil.isStatementBlock(n))  {  return  false;  }  [CE]  [FE]                        IllegalStateException      [CONTEXT]      case  Token.LE:  case  Token.GE:  case  Token.IN:  case  Token.INSTANCEOF:  case  Token.NOT:  return  true;  default:      [BUGGY]  NodeUtil.isStatementBlock(n)||  NodeUtil.isStatementBlock(n))  {  return  false;  }  [BUGGY]      }  }  [CLASS]  NodeUtil  NumbericResultPredicate  BooleanResultPredicate  MayBeStringResultPredicate  VarCollector  MatchNameNode  MatchNodeType  MatchDeclaration  MatchNotFunction  MatchShallowStatement  [METHOD]  isBooleanResultHelper  [RETURN_TYPE]  boolean  Node  n  [VARIABLES]  BooleanResultPredicate  BOOLEAN_RESULT_PREDICATE  Set  BUILTIN_FUNCTIONS_WITHOUT_SIDEEFFECTS  CONSTRUCTORS_WITHOUT_SIDE_EFFECTS  OBJECT_METHODS_WITHOUT_SIDEEFFECTS  REGEXP_METHODS  STRING_REGEXP_METHODS  defines  emptySet  knownConstants  NumbericResultPredicate  NUMBERIC_RESULT_PREDICATE  boolean  MayBeStringResultPredicate  MAY_BE_STRING_PREDICATE  Node  n  String  JSC_PROPERTY_NAME_FN  childValue  name  namespaceName  rawJsString  s  value  Map  vars  int  c  end  nextSkipSlot  nextSlot  start  type  	projects/Closure80/src/com/google/javascript/jscomp/NodeUtil.java	0.4082482904638631	1264	1264	2	replace	NodeUtil.isStatementBlock(n)||  NodeUtil.isStatementBlock(n))  {  return  false;  }	  NodeUtil.isFunctionAnonymous(n)||    NodeUtil.isStatementBlock(n))    {    return    false;    }    	non-compiled	[CE]  	14	None	replace
562	[BUG]  [BUGGY]  NodeUtil.isName(n)||  NodeUtil.isStatementBlock(n))  {  return  false;  }  [CE]  [FE]                          IllegalStateException      [CONTEXT]      case  Token.LE:  case  Token.GE:  case  Token.IN:  case  Token.INSTANCEOF:  case  Token.NOT:  return  true;  default:      [BUGGY]  NodeUtil.isName(n)||  NodeUtil.isStatementBlock(n))  {  return  false;  }  [BUGGY]      }  }  [CLASS]  NodeUtil  NumbericResultPredicate  BooleanResultPredicate  MayBeStringResultPredicate  VarCollector  MatchNameNode  MatchNodeType  MatchDeclaration  MatchNotFunction  MatchShallowStatement  [METHOD]  isBooleanResultHelper  [RETURN_TYPE]  boolean  Node  n  [VARIABLES]  BooleanResultPredicate  BOOLEAN_RESULT_PREDICATE  Set  BUILTIN_FUNCTIONS_WITHOUT_SIDEEFFECTS  CONSTRUCTORS_WITHOUT_SIDE_EFFECTS  OBJECT_METHODS_WITHOUT_SIDEEFFECTS  REGEXP_METHODS  STRING_REGEXP_METHODS  defines  emptySet  knownConstants  NumbericResultPredicate  NUMBERIC_RESULT_PREDICATE  boolean  MayBeStringResultPredicate  MAY_BE_STRING_PREDICATE  Node  n  String  JSC_PROPERTY_NAME_FN  childValue  name  namespaceName  rawJsString  s  value  Map  vars  int  c  end  nextSkipSlot  nextSlot  start  type  	projects/Closure80/src/com/google/javascript/jscomp/NodeUtil.java	0.4082482904638631	1264	1264	2	replace	NodeUtil.isName(n)||  NodeUtil.isStatementBlock(n))  {  return  false;  }	  NodeUtil.isFunctionAnonymous(n)||    NodeUtil.isStatementBlock(n))    {    return    false;    }    	non-compiled	[CE]  	14	None	replace
563	[BUG]  [BUGGY]  NodeUtil.isStatementAnonymous(n)||  NodeUtil.isStatementBlock(n))  {  return  false;  }  [CE]  [FE]                            IllegalStateException      [CONTEXT]      case  Token.LE:  case  Token.GE:  case  Token.IN:  case  Token.INSTANCEOF:  case  Token.NOT:  return  true;  default:      [BUGGY]  NodeUtil.isStatementAnonymous(n)||  NodeUtil.isStatementBlock(n))  {  return  false;  }  [BUGGY]      }  }  [CLASS]  NodeUtil  NumbericResultPredicate  BooleanResultPredicate  MayBeStringResultPredicate  VarCollector  MatchNameNode  MatchNodeType  MatchDeclaration  MatchNotFunction  MatchShallowStatement  [METHOD]  isBooleanResultHelper  [RETURN_TYPE]  boolean  Node  n  [VARIABLES]  BooleanResultPredicate  BOOLEAN_RESULT_PREDICATE  Set  BUILTIN_FUNCTIONS_WITHOUT_SIDEEFFECTS  CONSTRUCTORS_WITHOUT_SIDE_EFFECTS  OBJECT_METHODS_WITHOUT_SIDEEFFECTS  REGEXP_METHODS  STRING_REGEXP_METHODS  defines  emptySet  knownConstants  NumbericResultPredicate  NUMBERIC_RESULT_PREDICATE  boolean  MayBeStringResultPredicate  MAY_BE_STRING_PREDICATE  Node  n  String  JSC_PROPERTY_NAME_FN  childValue  name  namespaceName  rawJsString  s  value  Map  vars  int  c  end  nextSkipSlot  nextSlot  start  type  	projects/Closure80/src/com/google/javascript/jscomp/NodeUtil.java	0.4082482904638631	1264	1264	2	replace	NodeUtil.isStatementAnonymous(n)||  NodeUtil.isStatementBlock(n))  {  return  false;  }	  NodeUtil.isFunctionAnonymous(n)||    NodeUtil.isStatementBlock(n))    {    return    false;    }    	non-compiled	[CE]  	14	None	replace
564	[BUG]  [BUGGY]  NodeUtil.isFunctionAnonymous(n)||  NodeUtil.isStatementBlock(n))  {  return  true;  }  [CE]  [FE]                              IllegalStateException      [CONTEXT]      case  Token.LE:  case  Token.GE:  case  Token.IN:  case  Token.INSTANCEOF:  case  Token.NOT:  return  true;  default:      [BUGGY]  NodeUtil.isFunctionAnonymous(n)||  NodeUtil.isStatementBlock(n))  {  return  true;  }  [BUGGY]      }  }  [CLASS]  NodeUtil  NumbericResultPredicate  BooleanResultPredicate  MayBeStringResultPredicate  VarCollector  MatchNameNode  MatchNodeType  MatchDeclaration  MatchNotFunction  MatchShallowStatement  [METHOD]  isBooleanResultHelper  [RETURN_TYPE]  boolean  Node  n  [VARIABLES]  BooleanResultPredicate  BOOLEAN_RESULT_PREDICATE  Set  BUILTIN_FUNCTIONS_WITHOUT_SIDEEFFECTS  CONSTRUCTORS_WITHOUT_SIDE_EFFECTS  OBJECT_METHODS_WITHOUT_SIDEEFFECTS  REGEXP_METHODS  STRING_REGEXP_METHODS  defines  emptySet  knownConstants  NumbericResultPredicate  NUMBERIC_RESULT_PREDICATE  boolean  MayBeStringResultPredicate  MAY_BE_STRING_PREDICATE  Node  n  String  JSC_PROPERTY_NAME_FN  childValue  name  namespaceName  rawJsString  s  value  Map  vars  int  c  end  nextSkipSlot  nextSlot  start  type  	projects/Closure80/src/com/google/javascript/jscomp/NodeUtil.java	0.4082482904638631	1264	1264	2	replace	NodeUtil.isFunctionAnonymous(n)||  NodeUtil.isStatementBlock(n))  {  return  true;  }	  NodeUtil.isFunctionAnonymous(n)||    NodeUtil.isStatementBlock(n))    {    return    false;    }    	non-compiled	[CE]  	14	None	replace
565	[BUG]  [BUGGY]  return(n.getType()  ==  Token.BLOCK)?  BooleanResultPredicate.FALSE  :  BooleanResultPredicate.BLOCK;  [CE]  [FE]                      IllegalStateException      [CONTEXT]      case  Token.LE:  case  Token.GE:  case  Token.IN:  case  Token.INSTANCEOF:  case  Token.NOT:  return  true;  default:      [BUGGY]  return(n.getType()  ==  Token.BLOCK)?  BooleanResultPredicate.FALSE  :  BooleanResultPredicate.BLOCK;  [BUGGY]      }  }  [CLASS]  NodeUtil  NumbericResultPredicate  BooleanResultPredicate  MayBeStringResultPredicate  VarCollector  MatchNameNode  MatchNodeType  MatchDeclaration  MatchNotFunction  MatchShallowStatement  [METHOD]  isBooleanResultHelper  [RETURN_TYPE]  boolean  Node  n  [VARIABLES]  BooleanResultPredicate  BOOLEAN_RESULT_PREDICATE  Set  BUILTIN_FUNCTIONS_WITHOUT_SIDEEFFECTS  CONSTRUCTORS_WITHOUT_SIDE_EFFECTS  OBJECT_METHODS_WITHOUT_SIDEEFFECTS  REGEXP_METHODS  STRING_REGEXP_METHODS  defines  emptySet  knownConstants  NumbericResultPredicate  NUMBERIC_RESULT_PREDICATE  boolean  MayBeStringResultPredicate  MAY_BE_STRING_PREDICATE  Node  n  String  JSC_PROPERTY_NAME_FN  childValue  name  namespaceName  rawJsString  s  value  Map  vars  int  c  end  nextSkipSlot  nextSlot  start  type  	projects/Closure80/src/com/google/javascript/jscomp/NodeUtil.java	0.4082482904638631	1264	1264	2	replace	return(n.getType()  ==  Token.BLOCK)?  BooleanResultPredicate.FALSE  :  BooleanResultPredicate.BLOCK;	  return(n.getType()    ==    Token.NAME)?    BooleanResultPredicate.FALSE    :    BooleanResultPredicate.BLOCK;    	non-compiled	[CE]  	47	None	replace
566	[BUG]  [BUGGY]  return(n.getType()  ==  Token.NAME)?  BooleanResultPredicate.BLOCK  :  BooleanResultPredicate.FALSE;  [CE]  [FE]                        IllegalStateException      [CONTEXT]      case  Token.LE:  case  Token.GE:  case  Token.IN:  case  Token.INSTANCEOF:  case  Token.NOT:  return  true;  default:      [BUGGY]  return(n.getType()  ==  Token.NAME)?  BooleanResultPredicate.BLOCK  :  BooleanResultPredicate.FALSE;  [BUGGY]      }  }  [CLASS]  NodeUtil  NumbericResultPredicate  BooleanResultPredicate  MayBeStringResultPredicate  VarCollector  MatchNameNode  MatchNodeType  MatchDeclaration  MatchNotFunction  MatchShallowStatement  [METHOD]  isBooleanResultHelper  [RETURN_TYPE]  boolean  Node  n  [VARIABLES]  BooleanResultPredicate  BOOLEAN_RESULT_PREDICATE  Set  BUILTIN_FUNCTIONS_WITHOUT_SIDEEFFECTS  CONSTRUCTORS_WITHOUT_SIDE_EFFECTS  OBJECT_METHODS_WITHOUT_SIDEEFFECTS  REGEXP_METHODS  STRING_REGEXP_METHODS  defines  emptySet  knownConstants  NumbericResultPredicate  NUMBERIC_RESULT_PREDICATE  boolean  MayBeStringResultPredicate  MAY_BE_STRING_PREDICATE  Node  n  String  JSC_PROPERTY_NAME_FN  childValue  name  namespaceName  rawJsString  s  value  Map  vars  int  c  end  nextSkipSlot  nextSlot  start  type  	projects/Closure80/src/com/google/javascript/jscomp/NodeUtil.java	0.4082482904638631	1264	1264	2	replace	return(n.getType()  ==  Token.NAME)?  BooleanResultPredicate.BLOCK  :  BooleanResultPredicate.FALSE;	  return(n.getType()    ==    Token.NAME)?    BooleanResultPredicate.FALSE    :    BooleanResultPredicate.BLOCK;    	non-compiled	[CE]  	47	None	replace
567	[BUG]  [BUGGY]  return(n.getType()!=  Token.NAME)?  BooleanResultPredicate.FALSE  :  BooleanResultPredicate.BLOCK;  [CE]  [FE]                          IllegalStateException      [CONTEXT]      case  Token.LE:  case  Token.GE:  case  Token.IN:  case  Token.INSTANCEOF:  case  Token.NOT:  return  true;  default:      [BUGGY]  return(n.getType()!=  Token.NAME)?  BooleanResultPredicate.FALSE  :  BooleanResultPredicate.BLOCK;  [BUGGY]      }  }  [CLASS]  NodeUtil  NumbericResultPredicate  BooleanResultPredicate  MayBeStringResultPredicate  VarCollector  MatchNameNode  MatchNodeType  MatchDeclaration  MatchNotFunction  MatchShallowStatement  [METHOD]  isBooleanResultHelper  [RETURN_TYPE]  boolean  Node  n  [VARIABLES]  BooleanResultPredicate  BOOLEAN_RESULT_PREDICATE  Set  BUILTIN_FUNCTIONS_WITHOUT_SIDEEFFECTS  CONSTRUCTORS_WITHOUT_SIDE_EFFECTS  OBJECT_METHODS_WITHOUT_SIDEEFFECTS  REGEXP_METHODS  STRING_REGEXP_METHODS  defines  emptySet  knownConstants  NumbericResultPredicate  NUMBERIC_RESULT_PREDICATE  boolean  MayBeStringResultPredicate  MAY_BE_STRING_PREDICATE  Node  n  String  JSC_PROPERTY_NAME_FN  childValue  name  namespaceName  rawJsString  s  value  Map  vars  int  c  end  nextSkipSlot  nextSlot  start  type  	projects/Closure80/src/com/google/javascript/jscomp/NodeUtil.java	0.4082482904638631	1264	1264	2	replace	return(n.getType()!=  Token.NAME)?  BooleanResultPredicate.FALSE  :  BooleanResultPredicate.BLOCK;	  return(n.getType()    ==    Token.NAME)?    BooleanResultPredicate.FALSE    :    BooleanResultPredicate.BLOCK;    	non-compiled	[CE]  	47	None	replace
568	[BUG]  [BUGGY]  return(n.getType()  ==  Token.THIS)?  BooleanResultPredicate.TRUE  :  BooleanResultPredicate.FALSE;  [CE]  [FE]                IllegalStateException      [CONTEXT]      case  Token.LE:  case  Token.GE:  case  Token.IN:  case  Token.INSTANCEOF:  case  Token.NOT:  return  true;  default:      [BUGGY]  return(n.getType()  ==  Token.THIS)?  BooleanResultPredicate.TRUE  :  BooleanResultPredicate.FALSE;  [BUGGY]      }  }  [CLASS]  NodeUtil  NumbericResultPredicate  BooleanResultPredicate  MayBeStringResultPredicate  VarCollector  MatchNameNode  MatchNodeType  MatchDeclaration  MatchNotFunction  MatchShallowStatement  [METHOD]  isBooleanResultHelper  [RETURN_TYPE]  boolean  Node  n  [VARIABLES]  BooleanResultPredicate  BOOLEAN_RESULT_PREDICATE  Set  BUILTIN_FUNCTIONS_WITHOUT_SIDEEFFECTS  CONSTRUCTORS_WITHOUT_SIDE_EFFECTS  OBJECT_METHODS_WITHOUT_SIDEEFFECTS  REGEXP_METHODS  STRING_REGEXP_METHODS  defines  emptySet  knownConstants  NumbericResultPredicate  NUMBERIC_RESULT_PREDICATE  boolean  MayBeStringResultPredicate  MAY_BE_STRING_PREDICATE  Node  n  String  JSC_PROPERTY_NAME_FN  childValue  name  namespaceName  rawJsString  s  value  Map  vars  int  c  end  nextSkipSlot  nextSlot  start  type  	projects/Closure80/src/com/google/javascript/jscomp/NodeUtil.java	0.4082482904638631	1264	1264	2	replace	return(n.getType()  ==  Token.THIS)?  BooleanResultPredicate.TRUE  :  BooleanResultPredicate.FALSE;	  return(n.getType()    ==    Token.FALSE)?    BooleanResultPredicate.TRUE    :    BooleanResultPredicate.FALSE;    	non-compiled	[CE]  	82	None	replace
569	[BUG]  [BUGGY]  return(n.getType()  ==  Token.FIELD)?  BooleanResultPredicate.TRUE  :  BooleanResultPredicate.FALSE;  [CE]  [FE]                  IllegalStateException      [CONTEXT]      case  Token.LE:  case  Token.GE:  case  Token.IN:  case  Token.INSTANCEOF:  case  Token.NOT:  return  true;  default:      [BUGGY]  return(n.getType()  ==  Token.FIELD)?  BooleanResultPredicate.TRUE  :  BooleanResultPredicate.FALSE;  [BUGGY]      }  }  [CLASS]  NodeUtil  NumbericResultPredicate  BooleanResultPredicate  MayBeStringResultPredicate  VarCollector  MatchNameNode  MatchNodeType  MatchDeclaration  MatchNotFunction  MatchShallowStatement  [METHOD]  isBooleanResultHelper  [RETURN_TYPE]  boolean  Node  n  [VARIABLES]  BooleanResultPredicate  BOOLEAN_RESULT_PREDICATE  Set  BUILTIN_FUNCTIONS_WITHOUT_SIDEEFFECTS  CONSTRUCTORS_WITHOUT_SIDE_EFFECTS  OBJECT_METHODS_WITHOUT_SIDEEFFECTS  REGEXP_METHODS  STRING_REGEXP_METHODS  defines  emptySet  knownConstants  NumbericResultPredicate  NUMBERIC_RESULT_PREDICATE  boolean  MayBeStringResultPredicate  MAY_BE_STRING_PREDICATE  Node  n  String  JSC_PROPERTY_NAME_FN  childValue  name  namespaceName  rawJsString  s  value  Map  vars  int  c  end  nextSkipSlot  nextSlot  start  type  	projects/Closure80/src/com/google/javascript/jscomp/NodeUtil.java	0.4082482904638631	1264	1264	2	replace	return(n.getType()  ==  Token.FIELD)?  BooleanResultPredicate.TRUE  :  BooleanResultPredicate.FALSE;	  return(n.getType()    ==    Token.FALSE)?    BooleanResultPredicate.TRUE    :    BooleanResultPredicate.FALSE;    	non-compiled	[CE]  	82	None	replace
570	[BUG]  [BUGGY]  return(n.getType()  ==  Token.FUNCTION)?  BooleanResultPredicate.FUNCTION  :  BooleanResultPredicate.BOOLEAN;  [CE]  [FE]                    IllegalStateException      [CONTEXT]      case  Token.LE:  case  Token.GE:  case  Token.IN:  case  Token.INSTANCEOF:  case  Token.NOT:  return  true;  default:      [BUGGY]  return(n.getType()  ==  Token.FUNCTION)?  BooleanResultPredicate.FUNCTION  :  BooleanResultPredicate.BOOLEAN;  [BUGGY]      }  }  [CLASS]  NodeUtil  NumbericResultPredicate  BooleanResultPredicate  MayBeStringResultPredicate  VarCollector  MatchNameNode  MatchNodeType  MatchDeclaration  MatchNotFunction  MatchShallowStatement  [METHOD]  isBooleanResultHelper  [RETURN_TYPE]  boolean  Node  n  [VARIABLES]  BooleanResultPredicate  BOOLEAN_RESULT_PREDICATE  Set  BUILTIN_FUNCTIONS_WITHOUT_SIDEEFFECTS  CONSTRUCTORS_WITHOUT_SIDE_EFFECTS  OBJECT_METHODS_WITHOUT_SIDEEFFECTS  REGEXP_METHODS  STRING_REGEXP_METHODS  defines  emptySet  knownConstants  NumbericResultPredicate  NUMBERIC_RESULT_PREDICATE  boolean  MayBeStringResultPredicate  MAY_BE_STRING_PREDICATE  Node  n  String  JSC_PROPERTY_NAME_FN  childValue  name  namespaceName  rawJsString  s  value  Map  vars  int  c  end  nextSkipSlot  nextSlot  start  type  	projects/Closure80/src/com/google/javascript/jscomp/NodeUtil.java	0.4082482904638631	1264	1264	2	replace	return(n.getType()  ==  Token.FUNCTION)?  BooleanResultPredicate.FUNCTION  :  BooleanResultPredicate.BOOLEAN;	  return(n.getType()    ==    Token.NAME)?    BooleanResultPredicate.FUNCTION    :    BooleanResultPredicate.BOOLEAN;    	non-compiled	[CE]  	151	None	replace
571	[BUG]  [BUGGY]  return(n.getType()  ==  Token.NAME)?  BooleanResultPredicate.FUNCTION  :  BooleanResultPredicate.BLOCK;  [CE]  [FE]                      IllegalStateException      [CONTEXT]      case  Token.LE:  case  Token.GE:  case  Token.IN:  case  Token.INSTANCEOF:  case  Token.NOT:  return  true;  default:      [BUGGY]  return(n.getType()  ==  Token.NAME)?  BooleanResultPredicate.FUNCTION  :  BooleanResultPredicate.BLOCK;  [BUGGY]      }  }  [CLASS]  NodeUtil  NumbericResultPredicate  BooleanResultPredicate  MayBeStringResultPredicate  VarCollector  MatchNameNode  MatchNodeType  MatchDeclaration  MatchNotFunction  MatchShallowStatement  [METHOD]  isBooleanResultHelper  [RETURN_TYPE]  boolean  Node  n  [VARIABLES]  BooleanResultPredicate  BOOLEAN_RESULT_PREDICATE  Set  BUILTIN_FUNCTIONS_WITHOUT_SIDEEFFECTS  CONSTRUCTORS_WITHOUT_SIDE_EFFECTS  OBJECT_METHODS_WITHOUT_SIDEEFFECTS  REGEXP_METHODS  STRING_REGEXP_METHODS  defines  emptySet  knownConstants  NumbericResultPredicate  NUMBERIC_RESULT_PREDICATE  boolean  MayBeStringResultPredicate  MAY_BE_STRING_PREDICATE  Node  n  String  JSC_PROPERTY_NAME_FN  childValue  name  namespaceName  rawJsString  s  value  Map  vars  int  c  end  nextSkipSlot  nextSlot  start  type  	projects/Closure80/src/com/google/javascript/jscomp/NodeUtil.java	0.4082482904638631	1264	1264	2	replace	return(n.getType()  ==  Token.NAME)?  BooleanResultPredicate.FUNCTION  :  BooleanResultPredicate.BLOCK;	  return(n.getType()    ==    Token.NAME)?    BooleanResultPredicate.FUNCTION    :    BooleanResultPredicate.BOOLEAN;    	non-compiled	[CE]  	151	None	replace
572	[BUG]  [BUGGY]  return(n.getType()  ==  Token.NAME)?  BooleanResultPredicate.FUNCTION  :  BooleanResultPredicate.BOTTOM;  [CE]  [FE]                        IllegalStateException      [CONTEXT]      case  Token.LE:  case  Token.GE:  case  Token.IN:  case  Token.INSTANCEOF:  case  Token.NOT:  return  true;  default:      [BUGGY]  return(n.getType()  ==  Token.NAME)?  BooleanResultPredicate.FUNCTION  :  BooleanResultPredicate.BOTTOM;  [BUGGY]      }  }  [CLASS]  NodeUtil  NumbericResultPredicate  BooleanResultPredicate  MayBeStringResultPredicate  VarCollector  MatchNameNode  MatchNodeType  MatchDeclaration  MatchNotFunction  MatchShallowStatement  [METHOD]  isBooleanResultHelper  [RETURN_TYPE]  boolean  Node  n  [VARIABLES]  BooleanResultPredicate  BOOLEAN_RESULT_PREDICATE  Set  BUILTIN_FUNCTIONS_WITHOUT_SIDEEFFECTS  CONSTRUCTORS_WITHOUT_SIDE_EFFECTS  OBJECT_METHODS_WITHOUT_SIDEEFFECTS  REGEXP_METHODS  STRING_REGEXP_METHODS  defines  emptySet  knownConstants  NumbericResultPredicate  NUMBERIC_RESULT_PREDICATE  boolean  MayBeStringResultPredicate  MAY_BE_STRING_PREDICATE  Node  n  String  JSC_PROPERTY_NAME_FN  childValue  name  namespaceName  rawJsString  s  value  Map  vars  int  c  end  nextSkipSlot  nextSlot  start  type  	projects/Closure80/src/com/google/javascript/jscomp/NodeUtil.java	0.4082482904638631	1264	1264	2	replace	return(n.getType()  ==  Token.NAME)?  BooleanResultPredicate.FUNCTION  :  BooleanResultPredicate.BOTTOM;	  return(n.getType()    ==    Token.NAME)?    BooleanResultPredicate.FUNCTION    :    BooleanResultPredicate.BOOLEAN;    	non-compiled	[CE]  	151	None	replace
573	[BUG]  [BUGGY]  return(n.getType()  ==  Token.NAME)?  BooleanResultPredicate.FUNCTION  :  BooleanResultPredicate.FALSE;  [CE]  [FE]                          IllegalStateException      [CONTEXT]      case  Token.LE:  case  Token.GE:  case  Token.IN:  case  Token.INSTANCEOF:  case  Token.NOT:  return  true;  default:      [BUGGY]  return(n.getType()  ==  Token.NAME)?  BooleanResultPredicate.FUNCTION  :  BooleanResultPredicate.FALSE;  [BUGGY]      }  }  [CLASS]  NodeUtil  NumbericResultPredicate  BooleanResultPredicate  MayBeStringResultPredicate  VarCollector  MatchNameNode  MatchNodeType  MatchDeclaration  MatchNotFunction  MatchShallowStatement  [METHOD]  isBooleanResultHelper  [RETURN_TYPE]  boolean  Node  n  [VARIABLES]  BooleanResultPredicate  BOOLEAN_RESULT_PREDICATE  Set  BUILTIN_FUNCTIONS_WITHOUT_SIDEEFFECTS  CONSTRUCTORS_WITHOUT_SIDE_EFFECTS  OBJECT_METHODS_WITHOUT_SIDEEFFECTS  REGEXP_METHODS  STRING_REGEXP_METHODS  defines  emptySet  knownConstants  NumbericResultPredicate  NUMBERIC_RESULT_PREDICATE  boolean  MayBeStringResultPredicate  MAY_BE_STRING_PREDICATE  Node  n  String  JSC_PROPERTY_NAME_FN  childValue  name  namespaceName  rawJsString  s  value  Map  vars  int  c  end  nextSkipSlot  nextSlot  start  type  	projects/Closure80/src/com/google/javascript/jscomp/NodeUtil.java	0.4082482904638631	1264	1264	2	replace	return(n.getType()  ==  Token.NAME)?  BooleanResultPredicate.FUNCTION  :  BooleanResultPredicate.FALSE;	  return(n.getType()    ==    Token.NAME)?    BooleanResultPredicate.FUNCTION    :    BooleanResultPredicate.BOOLEAN;    	non-compiled	[CE]  	151	None	replace
574	[BUG]  [BUGGY]  return(n.getType()  ==  Token.NAME)?  BooleanResultPredicate.FUNCTION  :  BooleanResultPredicate.BOLEAN;  [CE]  [FE]                            IllegalStateException      [CONTEXT]      case  Token.LE:  case  Token.GE:  case  Token.IN:  case  Token.INSTANCEOF:  case  Token.NOT:  return  true;  default:      [BUGGY]  return(n.getType()  ==  Token.NAME)?  BooleanResultPredicate.FUNCTION  :  BooleanResultPredicate.BOLEAN;  [BUGGY]      }  }  [CLASS]  NodeUtil  NumbericResultPredicate  BooleanResultPredicate  MayBeStringResultPredicate  VarCollector  MatchNameNode  MatchNodeType  MatchDeclaration  MatchNotFunction  MatchShallowStatement  [METHOD]  isBooleanResultHelper  [RETURN_TYPE]  boolean  Node  n  [VARIABLES]  BooleanResultPredicate  BOOLEAN_RESULT_PREDICATE  Set  BUILTIN_FUNCTIONS_WITHOUT_SIDEEFFECTS  CONSTRUCTORS_WITHOUT_SIDE_EFFECTS  OBJECT_METHODS_WITHOUT_SIDEEFFECTS  REGEXP_METHODS  STRING_REGEXP_METHODS  defines  emptySet  knownConstants  NumbericResultPredicate  NUMBERIC_RESULT_PREDICATE  boolean  MayBeStringResultPredicate  MAY_BE_STRING_PREDICATE  Node  n  String  JSC_PROPERTY_NAME_FN  childValue  name  namespaceName  rawJsString  s  value  Map  vars  int  c  end  nextSkipSlot  nextSlot  start  type  	projects/Closure80/src/com/google/javascript/jscomp/NodeUtil.java	0.4082482904638631	1264	1264	2	replace	return(n.getType()  ==  Token.NAME)?  BooleanResultPredicate.FUNCTION  :  BooleanResultPredicate.BOLEAN;	  return(n.getType()    ==    Token.NAME)?    BooleanResultPredicate.FUNCTION    :    BooleanResultPredicate.BOOLEAN;    	non-compiled	[CE]  	151	None	replace
575	[BUG]  [BUGGY]  return(n.getType()  ==  Token.NAME)?  BooleanResultPredicate.FUNCTION  :  BooleanResultPredicate.BOOLEAN_RESULT_PREDICATE;  [CE]  [FE]                              IllegalStateException      [CONTEXT]      case  Token.LE:  case  Token.GE:  case  Token.IN:  case  Token.INSTANCEOF:  case  Token.NOT:  return  true;  default:      [BUGGY]  return(n.getType()  ==  Token.NAME)?  BooleanResultPredicate.FUNCTION  :  BooleanResultPredicate.BOOLEAN_RESULT_PREDICATE;  [BUGGY]      }  }  [CLASS]  NodeUtil  NumbericResultPredicate  BooleanResultPredicate  MayBeStringResultPredicate  VarCollector  MatchNameNode  MatchNodeType  MatchDeclaration  MatchNotFunction  MatchShallowStatement  [METHOD]  isBooleanResultHelper  [RETURN_TYPE]  boolean  Node  n  [VARIABLES]  BooleanResultPredicate  BOOLEAN_RESULT_PREDICATE  Set  BUILTIN_FUNCTIONS_WITHOUT_SIDEEFFECTS  CONSTRUCTORS_WITHOUT_SIDE_EFFECTS  OBJECT_METHODS_WITHOUT_SIDEEFFECTS  REGEXP_METHODS  STRING_REGEXP_METHODS  defines  emptySet  knownConstants  NumbericResultPredicate  NUMBERIC_RESULT_PREDICATE  boolean  MayBeStringResultPredicate  MAY_BE_STRING_PREDICATE  Node  n  String  JSC_PROPERTY_NAME_FN  childValue  name  namespaceName  rawJsString  s  value  Map  vars  int  c  end  nextSkipSlot  nextSlot  start  type  	projects/Closure80/src/com/google/javascript/jscomp/NodeUtil.java	0.4082482904638631	1264	1264	2	replace	return(n.getType()  ==  Token.NAME)?  BooleanResultPredicate.FUNCTION  :  BooleanResultPredicate.BOOLEAN_RESULT_PREDICATE;	  return(n.getType()    ==    Token.NAME)?    BooleanResultPredicate.FUNCTION    :    BooleanResultPredicate.BOOLEAN;    	non-compiled	[CE]  	151	None	replace
576	[BUG]  [BUGGY]  n.setType(Token.FUNCTION  ||  n.getType()  ==  Token.GETPROP)  {  return  true;  }  [CE]  [FE]                                IllegalStateException      [CONTEXT]      case  Token.LE:  case  Token.GE:  case  Token.IN:  case  Token.INSTANCEOF:  case  Token.NOT:  return  true;  default:      [BUGGY]  n.setType(Token.FUNCTION  ||  n.getType()  ==  Token.GETPROP)  {  return  true;  }  [BUGGY]      }  }  [CLASS]  NodeUtil  NumbericResultPredicate  BooleanResultPredicate  MayBeStringResultPredicate  VarCollector  MatchNameNode  MatchNodeType  MatchDeclaration  MatchNotFunction  MatchShallowStatement  [METHOD]  isBooleanResultHelper  [RETURN_TYPE]  boolean  Node  n  [VARIABLES]  BooleanResultPredicate  BOOLEAN_RESULT_PREDICATE  Set  BUILTIN_FUNCTIONS_WITHOUT_SIDEEFFECTS  CONSTRUCTORS_WITHOUT_SIDE_EFFECTS  OBJECT_METHODS_WITHOUT_SIDEEFFECTS  REGEXP_METHODS  STRING_REGEXP_METHODS  defines  emptySet  knownConstants  NumbericResultPredicate  NUMBERIC_RESULT_PREDICATE  boolean  MayBeStringResultPredicate  MAY_BE_STRING_PREDICATE  Node  n  String  JSC_PROPERTY_NAME_FN  childValue  name  namespaceName  rawJsString  s  value  Map  vars  int  c  end  nextSkipSlot  nextSlot  start  type  	projects/Closure80/src/com/google/javascript/jscomp/NodeUtil.java	0.4082482904638631	1264	1264	2	replace	n.setType(Token.FUNCTION  ||  n.getType()  ==  Token.GETPROP)  {  return  true;  }	  if(n.getType()    ==    Token.FUNCTION    ||    n.getType()    ==    Token.GETPROP)    {    return    true;    }    	non-compiled	[CE]  	31	None	replace
577	[BUG]  [BUGGY]  n.getType()  ==  Token.FUNCTION  ||  n.getType()  ==  Token.GETPROP)  {  return  true;  }  [CE]  [FE]                                  IllegalStateException      [CONTEXT]      case  Token.LE:  case  Token.GE:  case  Token.IN:  case  Token.INSTANCEOF:  case  Token.NOT:  return  true;  default:      [BUGGY]  n.getType()  ==  Token.FUNCTION  ||  n.getType()  ==  Token.GETPROP)  {  return  true;  }  [BUGGY]      }  }  [CLASS]  NodeUtil  NumbericResultPredicate  BooleanResultPredicate  MayBeStringResultPredicate  VarCollector  MatchNameNode  MatchNodeType  MatchDeclaration  MatchNotFunction  MatchShallowStatement  [METHOD]  isBooleanResultHelper  [RETURN_TYPE]  boolean  Node  n  [VARIABLES]  BooleanResultPredicate  BOOLEAN_RESULT_PREDICATE  Set  BUILTIN_FUNCTIONS_WITHOUT_SIDEEFFECTS  CONSTRUCTORS_WITHOUT_SIDE_EFFECTS  OBJECT_METHODS_WITHOUT_SIDEEFFECTS  REGEXP_METHODS  STRING_REGEXP_METHODS  defines  emptySet  knownConstants  NumbericResultPredicate  NUMBERIC_RESULT_PREDICATE  boolean  MayBeStringResultPredicate  MAY_BE_STRING_PREDICATE  Node  n  String  JSC_PROPERTY_NAME_FN  childValue  name  namespaceName  rawJsString  s  value  Map  vars  int  c  end  nextSkipSlot  nextSlot  start  type  	projects/Closure80/src/com/google/javascript/jscomp/NodeUtil.java	0.4082482904638631	1264	1264	2	replace	n.getType()  ==  Token.FUNCTION  ||  n.getType()  ==  Token.GETPROP)  {  return  true;  }	  if(n.getType()    ==    Token.FUNCTION    ||    n.getType()    ==    Token.GETPROP)    {    return    true;    }    	non-compiled	[CE]  	31	None	replace
578	[BUG]  [BUGGY]  if(n.getType()  ==  Token.FUNCTION  &&  n.getType()  ==  Token.GETPROP)  {  return  true;  }  [CE]  [FE]                                    IllegalStateException      [CONTEXT]      case  Token.LE:  case  Token.GE:  case  Token.IN:  case  Token.INSTANCEOF:  case  Token.NOT:  return  true;  default:      [BUGGY]  if(n.getType()  ==  Token.FUNCTION  &&  n.getType()  ==  Token.GETPROP)  {  return  true;  }  [BUGGY]      }  }  [CLASS]  NodeUtil  NumbericResultPredicate  BooleanResultPredicate  MayBeStringResultPredicate  VarCollector  MatchNameNode  MatchNodeType  MatchDeclaration  MatchNotFunction  MatchShallowStatement  [METHOD]  isBooleanResultHelper  [RETURN_TYPE]  boolean  Node  n  [VARIABLES]  BooleanResultPredicate  BOOLEAN_RESULT_PREDICATE  Set  BUILTIN_FUNCTIONS_WITHOUT_SIDEEFFECTS  CONSTRUCTORS_WITHOUT_SIDE_EFFECTS  OBJECT_METHODS_WITHOUT_SIDEEFFECTS  REGEXP_METHODS  STRING_REGEXP_METHODS  defines  emptySet  knownConstants  NumbericResultPredicate  NUMBERIC_RESULT_PREDICATE  boolean  MayBeStringResultPredicate  MAY_BE_STRING_PREDICATE  Node  n  String  JSC_PROPERTY_NAME_FN  childValue  name  namespaceName  rawJsString  s  value  Map  vars  int  c  end  nextSkipSlot  nextSlot  start  type  	projects/Closure80/src/com/google/javascript/jscomp/NodeUtil.java	0.4082482904638631	1264	1264	2	replace	if(n.getType()  ==  Token.FUNCTION  &&  n.getType()  ==  Token.GETPROP)  {  return  true;  }	  if(n.getType()    ==    Token.FUNCTION    ||    n.getType()    ==    Token.GETPROP)    {    return    true;    }    	non-compiled	[CE]  	31	None	replace
579	[BUG]  [BUGGY]  n.getType()  ==  Token.GETPROP  ||  n.getType()  ==  Token.FUNCTION)  {  return  true;  }  [CE]  [FE]                                      IllegalStateException      [CONTEXT]      case  Token.LE:  case  Token.GE:  case  Token.IN:  case  Token.INSTANCEOF:  case  Token.NOT:  return  true;  default:      [BUGGY]  n.getType()  ==  Token.GETPROP  ||  n.getType()  ==  Token.FUNCTION)  {  return  true;  }  [BUGGY]      }  }  [CLASS]  NodeUtil  NumbericResultPredicate  BooleanResultPredicate  MayBeStringResultPredicate  VarCollector  MatchNameNode  MatchNodeType  MatchDeclaration  MatchNotFunction  MatchShallowStatement  [METHOD]  isBooleanResultHelper  [RETURN_TYPE]  boolean  Node  n  [VARIABLES]  BooleanResultPredicate  BOOLEAN_RESULT_PREDICATE  Set  BUILTIN_FUNCTIONS_WITHOUT_SIDEEFFECTS  CONSTRUCTORS_WITHOUT_SIDE_EFFECTS  OBJECT_METHODS_WITHOUT_SIDEEFFECTS  REGEXP_METHODS  STRING_REGEXP_METHODS  defines  emptySet  knownConstants  NumbericResultPredicate  NUMBERIC_RESULT_PREDICATE  boolean  MayBeStringResultPredicate  MAY_BE_STRING_PREDICATE  Node  n  String  JSC_PROPERTY_NAME_FN  childValue  name  namespaceName  rawJsString  s  value  Map  vars  int  c  end  nextSkipSlot  nextSlot  start  type  	projects/Closure80/src/com/google/javascript/jscomp/NodeUtil.java	0.4082482904638631	1264	1264	2	replace	n.getType()  ==  Token.GETPROP  ||  n.getType()  ==  Token.FUNCTION)  {  return  true;  }	  if(n.getType()    ==    Token.FUNCTION    ||    n.getType()    ==    Token.GETPROP)    {    return    true;    }    	non-compiled	[CE]  	31	None	replace
580	[BUG]  [BUGGY]  return(n.getType()  ==  Token.BLOCK)?  BooleanResultPredicate.BOOLEAN  :  BooleanResultPredicate.BOOLEAN;  [CE]  [FE]              IllegalStateException      [CONTEXT]      case  Token.LE:  case  Token.GE:  case  Token.IN:  case  Token.INSTANCEOF:  case  Token.NOT:  return  true;  default:      [BUGGY]  return(n.getType()  ==  Token.BLOCK)?  BooleanResultPredicate.BOOLEAN  :  BooleanResultPredicate.BOOLEAN;  [BUGGY]      }  }  [CLASS]  NodeUtil  NumbericResultPredicate  BooleanResultPredicate  MayBeStringResultPredicate  VarCollector  MatchNameNode  MatchNodeType  MatchDeclaration  MatchNotFunction  MatchShallowStatement  [METHOD]  isBooleanResultHelper  [RETURN_TYPE]  boolean  Node  n  [VARIABLES]  BooleanResultPredicate  BOOLEAN_RESULT_PREDICATE  Set  BUILTIN_FUNCTIONS_WITHOUT_SIDEEFFECTS  CONSTRUCTORS_WITHOUT_SIDE_EFFECTS  OBJECT_METHODS_WITHOUT_SIDEEFFECTS  REGEXP_METHODS  STRING_REGEXP_METHODS  defines  emptySet  knownConstants  NumbericResultPredicate  NUMBERIC_RESULT_PREDICATE  boolean  MayBeStringResultPredicate  MAY_BE_STRING_PREDICATE  Node  n  String  JSC_PROPERTY_NAME_FN  childValue  name  namespaceName  rawJsString  s  value  Map  vars  int  c  end  nextSkipSlot  nextSlot  start  type  	projects/Closure80/src/com/google/javascript/jscomp/NodeUtil.java	0.4082482904638631	1264	1264	2	replace	return(n.getType()  ==  Token.BLOCK)?  BooleanResultPredicate.BOOLEAN  :  BooleanResultPredicate.BOOLEAN;	  return(n.getType()    ==    Token.NAME)?    BooleanResultPredicate.BOOLEAN    :    BooleanResultPredicate.BOOLEAN;    	non-compiled	[CE]  	165	None	replace
581	[BUG]  [BUGGY]  return(n.getType()  ==  Token.FUNCTION)?  BooleanResultPredicate.BOOLEAN  :  BooleanResultPredicate.BOOLEAN;  [CE]  [FE]                IllegalStateException      [CONTEXT]      case  Token.LE:  case  Token.GE:  case  Token.IN:  case  Token.INSTANCEOF:  case  Token.NOT:  return  true;  default:      [BUGGY]  return(n.getType()  ==  Token.FUNCTION)?  BooleanResultPredicate.BOOLEAN  :  BooleanResultPredicate.BOOLEAN;  [BUGGY]      }  }  [CLASS]  NodeUtil  NumbericResultPredicate  BooleanResultPredicate  MayBeStringResultPredicate  VarCollector  MatchNameNode  MatchNodeType  MatchDeclaration  MatchNotFunction  MatchShallowStatement  [METHOD]  isBooleanResultHelper  [RETURN_TYPE]  boolean  Node  n  [VARIABLES]  BooleanResultPredicate  BOOLEAN_RESULT_PREDICATE  Set  BUILTIN_FUNCTIONS_WITHOUT_SIDEEFFECTS  CONSTRUCTORS_WITHOUT_SIDE_EFFECTS  OBJECT_METHODS_WITHOUT_SIDEEFFECTS  REGEXP_METHODS  STRING_REGEXP_METHODS  defines  emptySet  knownConstants  NumbericResultPredicate  NUMBERIC_RESULT_PREDICATE  boolean  MayBeStringResultPredicate  MAY_BE_STRING_PREDICATE  Node  n  String  JSC_PROPERTY_NAME_FN  childValue  name  namespaceName  rawJsString  s  value  Map  vars  int  c  end  nextSkipSlot  nextSlot  start  type  	projects/Closure80/src/com/google/javascript/jscomp/NodeUtil.java	0.4082482904638631	1264	1264	2	replace	return(n.getType()  ==  Token.FUNCTION)?  BooleanResultPredicate.BOOLEAN  :  BooleanResultPredicate.BOOLEAN;	  return(n.getType()    ==    Token.NAME)?    BooleanResultPredicate.BOOLEAN    :    BooleanResultPredicate.BOOLEAN;    	non-compiled	[CE]  	165	None	replace
582	[BUG]  [BUGGY]  return(n.getType()!=  Token.NAME)?  BooleanResultPredicate.BOOLEAN  :  BooleanResultPredicate.BOOLEAN;  [CE]  [FE]                  IllegalStateException      [CONTEXT]      case  Token.LE:  case  Token.GE:  case  Token.IN:  case  Token.INSTANCEOF:  case  Token.NOT:  return  true;  default:      [BUGGY]  return(n.getType()!=  Token.NAME)?  BooleanResultPredicate.BOOLEAN  :  BooleanResultPredicate.BOOLEAN;  [BUGGY]      }  }  [CLASS]  NodeUtil  NumbericResultPredicate  BooleanResultPredicate  MayBeStringResultPredicate  VarCollector  MatchNameNode  MatchNodeType  MatchDeclaration  MatchNotFunction  MatchShallowStatement  [METHOD]  isBooleanResultHelper  [RETURN_TYPE]  boolean  Node  n  [VARIABLES]  BooleanResultPredicate  BOOLEAN_RESULT_PREDICATE  Set  BUILTIN_FUNCTIONS_WITHOUT_SIDEEFFECTS  CONSTRUCTORS_WITHOUT_SIDE_EFFECTS  OBJECT_METHODS_WITHOUT_SIDEEFFECTS  REGEXP_METHODS  STRING_REGEXP_METHODS  defines  emptySet  knownConstants  NumbericResultPredicate  NUMBERIC_RESULT_PREDICATE  boolean  MayBeStringResultPredicate  MAY_BE_STRING_PREDICATE  Node  n  String  JSC_PROPERTY_NAME_FN  childValue  name  namespaceName  rawJsString  s  value  Map  vars  int  c  end  nextSkipSlot  nextSlot  start  type  	projects/Closure80/src/com/google/javascript/jscomp/NodeUtil.java	0.4082482904638631	1264	1264	2	replace	return(n.getType()!=  Token.NAME)?  BooleanResultPredicate.BOOLEAN  :  BooleanResultPredicate.BOOLEAN;	  return(n.getType()    ==    Token.NAME)?    BooleanResultPredicate.BOOLEAN    :    BooleanResultPredicate.BOOLEAN;    	non-compiled	[CE]  	165	None	replace
583	[BUG]  [BUGGY]  return(n.getType()  ==  Token.NAME)?  BooleanResultPredicate.BOOLEAN  :  BooleanResultPredicate.BOTTOM;  [CE]  [FE]                    IllegalStateException      [CONTEXT]      case  Token.LE:  case  Token.GE:  case  Token.IN:  case  Token.INSTANCEOF:  case  Token.NOT:  return  true;  default:      [BUGGY]  return(n.getType()  ==  Token.NAME)?  BooleanResultPredicate.BOOLEAN  :  BooleanResultPredicate.BOTTOM;  [BUGGY]      }  }  [CLASS]  NodeUtil  NumbericResultPredicate  BooleanResultPredicate  MayBeStringResultPredicate  VarCollector  MatchNameNode  MatchNodeType  MatchDeclaration  MatchNotFunction  MatchShallowStatement  [METHOD]  isBooleanResultHelper  [RETURN_TYPE]  boolean  Node  n  [VARIABLES]  BooleanResultPredicate  BOOLEAN_RESULT_PREDICATE  Set  BUILTIN_FUNCTIONS_WITHOUT_SIDEEFFECTS  CONSTRUCTORS_WITHOUT_SIDE_EFFECTS  OBJECT_METHODS_WITHOUT_SIDEEFFECTS  REGEXP_METHODS  STRING_REGEXP_METHODS  defines  emptySet  knownConstants  NumbericResultPredicate  NUMBERIC_RESULT_PREDICATE  boolean  MayBeStringResultPredicate  MAY_BE_STRING_PREDICATE  Node  n  String  JSC_PROPERTY_NAME_FN  childValue  name  namespaceName  rawJsString  s  value  Map  vars  int  c  end  nextSkipSlot  nextSlot  start  type  	projects/Closure80/src/com/google/javascript/jscomp/NodeUtil.java	0.4082482904638631	1264	1264	2	replace	return(n.getType()  ==  Token.NAME)?  BooleanResultPredicate.BOOLEAN  :  BooleanResultPredicate.BOTTOM;	  return(n.getType()    ==    Token.NAME)?    BooleanResultPredicate.BOOLEAN    :    BooleanResultPredicate.BOOLEAN;    	non-compiled	[CE]  	165	None	replace
584	[BUG]  [BUGGY]  ||  n.getType()  ==  Token.GETPROP  &&  n.getString().equals( "prototype "))  {  return  false;  }  [CE]  [FE]                      IllegalStateException      [CONTEXT]      case  Token.LE:  case  Token.GE:  case  Token.IN:  case  Token.INSTANCEOF:  case  Token.NOT:  return  true;  default:      [BUGGY]  ||  n.getType()  ==  Token.GETPROP  &&  n.getString().equals( "prototype "))  {  return  false;  }  [BUGGY]      }  }  [CLASS]  NodeUtil  NumbericResultPredicate  BooleanResultPredicate  MayBeStringResultPredicate  VarCollector  MatchNameNode  MatchNodeType  MatchDeclaration  MatchNotFunction  MatchShallowStatement  [METHOD]  isBooleanResultHelper  [RETURN_TYPE]  boolean  Node  n  [VARIABLES]  BooleanResultPredicate  BOOLEAN_RESULT_PREDICATE  Set  BUILTIN_FUNCTIONS_WITHOUT_SIDEEFFECTS  CONSTRUCTORS_WITHOUT_SIDE_EFFECTS  OBJECT_METHODS_WITHOUT_SIDEEFFECTS  REGEXP_METHODS  STRING_REGEXP_METHODS  defines  emptySet  knownConstants  NumbericResultPredicate  NUMBERIC_RESULT_PREDICATE  boolean  MayBeStringResultPredicate  MAY_BE_STRING_PREDICATE  Node  n  String  JSC_PROPERTY_NAME_FN  childValue  name  namespaceName  rawJsString  s  value  Map  vars  int  c  end  nextSkipSlot  nextSlot  start  type  	projects/Closure80/src/com/google/javascript/jscomp/NodeUtil.java	0.4082482904638631	1264	1264	2	replace	||  n.getType()  ==  Token.GETPROP  &&  n.getString().equals( "prototype "))  {  return  false;  }	  if(n.getType()    ==    Token.GETPROP    &&    n.getString().equals(   "prototype   "))    {    return    false;    }    	non-compiled	[CE]  	131	None	replace
585	[BUG]  [BUGGY]  n.getType()  ==  Token.GETPROP  &&  n.getString().equals( "prototype "))  {  return  false;  }  [CE]  [FE]                        IllegalStateException      [CONTEXT]      case  Token.LE:  case  Token.GE:  case  Token.IN:  case  Token.INSTANCEOF:  case  Token.NOT:  return  true;  default:      [BUGGY]  n.getType()  ==  Token.GETPROP  &&  n.getString().equals( "prototype "))  {  return  false;  }  [BUGGY]      }  }  [CLASS]  NodeUtil  NumbericResultPredicate  BooleanResultPredicate  MayBeStringResultPredicate  VarCollector  MatchNameNode  MatchNodeType  MatchDeclaration  MatchNotFunction  MatchShallowStatement  [METHOD]  isBooleanResultHelper  [RETURN_TYPE]  boolean  Node  n  [VARIABLES]  BooleanResultPredicate  BOOLEAN_RESULT_PREDICATE  Set  BUILTIN_FUNCTIONS_WITHOUT_SIDEEFFECTS  CONSTRUCTORS_WITHOUT_SIDE_EFFECTS  OBJECT_METHODS_WITHOUT_SIDEEFFECTS  REGEXP_METHODS  STRING_REGEXP_METHODS  defines  emptySet  knownConstants  NumbericResultPredicate  NUMBERIC_RESULT_PREDICATE  boolean  MayBeStringResultPredicate  MAY_BE_STRING_PREDICATE  Node  n  String  JSC_PROPERTY_NAME_FN  childValue  name  namespaceName  rawJsString  s  value  Map  vars  int  c  end  nextSkipSlot  nextSlot  start  type  	projects/Closure80/src/com/google/javascript/jscomp/NodeUtil.java	0.4082482904638631	1264	1264	2	replace	n.getType()  ==  Token.GETPROP  &&  n.getString().equals( "prototype "))  {  return  false;  }	  if(n.getType()    ==    Token.GETPROP    &&    n.getString().equals(   "prototype   "))    {    return    false;    }    	non-compiled	[CE]  	131	None	replace
586	[BUG]  [BUGGY]  if(n.getType()!=  Token.GETPROP  &&  n.getString().equals( "prototype "))  {  return  false;  }  [CE]  [FE]                          IllegalStateException      [CONTEXT]      case  Token.LE:  case  Token.GE:  case  Token.IN:  case  Token.INSTANCEOF:  case  Token.NOT:  return  true;  default:      [BUGGY]  if(n.getType()!=  Token.GETPROP  &&  n.getString().equals( "prototype "))  {  return  false;  }  [BUGGY]      }  }  [CLASS]  NodeUtil  NumbericResultPredicate  BooleanResultPredicate  MayBeStringResultPredicate  VarCollector  MatchNameNode  MatchNodeType  MatchDeclaration  MatchNotFunction  MatchShallowStatement  [METHOD]  isBooleanResultHelper  [RETURN_TYPE]  boolean  Node  n  [VARIABLES]  BooleanResultPredicate  BOOLEAN_RESULT_PREDICATE  Set  BUILTIN_FUNCTIONS_WITHOUT_SIDEEFFECTS  CONSTRUCTORS_WITHOUT_SIDE_EFFECTS  OBJECT_METHODS_WITHOUT_SIDEEFFECTS  REGEXP_METHODS  STRING_REGEXP_METHODS  defines  emptySet  knownConstants  NumbericResultPredicate  NUMBERIC_RESULT_PREDICATE  boolean  MayBeStringResultPredicate  MAY_BE_STRING_PREDICATE  Node  n  String  JSC_PROPERTY_NAME_FN  childValue  name  namespaceName  rawJsString  s  value  Map  vars  int  c  end  nextSkipSlot  nextSlot  start  type  	projects/Closure80/src/com/google/javascript/jscomp/NodeUtil.java	0.4082482904638631	1264	1264	2	replace	if(n.getType()!=  Token.GETPROP  &&  n.getString().equals( "prototype "))  {  return  false;  }	  if(n.getType()    ==    Token.GETPROP    &&    n.getString().equals(   "prototype   "))    {    return    false;    }    	non-compiled	[CE]  	131	None	replace
587	[BUG]  [BUGGY]  ||(n.getType()  ==  Token.GETPROP  &&  n.getString().equals( "prototype ")))  {  return  false;  }  [CE]  [FE]                            IllegalStateException      [CONTEXT]      case  Token.LE:  case  Token.GE:  case  Token.IN:  case  Token.INSTANCEOF:  case  Token.NOT:  return  true;  default:      [BUGGY]  ||(n.getType()  ==  Token.GETPROP  &&  n.getString().equals( "prototype ")))  {  return  false;  }  [BUGGY]      }  }  [CLASS]  NodeUtil  NumbericResultPredicate  BooleanResultPredicate  MayBeStringResultPredicate  VarCollector  MatchNameNode  MatchNodeType  MatchDeclaration  MatchNotFunction  MatchShallowStatement  [METHOD]  isBooleanResultHelper  [RETURN_TYPE]  boolean  Node  n  [VARIABLES]  BooleanResultPredicate  BOOLEAN_RESULT_PREDICATE  Set  BUILTIN_FUNCTIONS_WITHOUT_SIDEEFFECTS  CONSTRUCTORS_WITHOUT_SIDE_EFFECTS  OBJECT_METHODS_WITHOUT_SIDEEFFECTS  REGEXP_METHODS  STRING_REGEXP_METHODS  defines  emptySet  knownConstants  NumbericResultPredicate  NUMBERIC_RESULT_PREDICATE  boolean  MayBeStringResultPredicate  MAY_BE_STRING_PREDICATE  Node  n  String  JSC_PROPERTY_NAME_FN  childValue  name  namespaceName  rawJsString  s  value  Map  vars  int  c  end  nextSkipSlot  nextSlot  start  type  	projects/Closure80/src/com/google/javascript/jscomp/NodeUtil.java	0.4082482904638631	1264	1264	2	replace	||(n.getType()  ==  Token.GETPROP  &&  n.getString().equals( "prototype ")))  {  return  false;  }	  if(n.getType()    ==    Token.GETPROP    &&    n.getString().equals(   "prototype   "))    {    return    false;    }    	non-compiled	[CE]  	131	None	replace
588	[BUG]  [BUGGY]  if(n.getType()  ==  Token.GETPROP  ||  n.getString().equals( "prototype   "))  {  return  false;  }  [CE]  [FE]                              IllegalStateException      [CONTEXT]      case  Token.LE:  case  Token.GE:  case  Token.IN:  case  Token.INSTANCEOF:  case  Token.NOT:  return  true;  default:      [BUGGY]  if(n.getType()  ==  Token.GETPROP  ||  n.getString().equals( "prototype   "))  {  return  false;  }  [BUGGY]      }  }  [CLASS]  NodeUtil  NumbericResultPredicate  BooleanResultPredicate  MayBeStringResultPredicate  VarCollector  MatchNameNode  MatchNodeType  MatchDeclaration  MatchNotFunction  MatchShallowStatement  [METHOD]  isBooleanResultHelper  [RETURN_TYPE]  boolean  Node  n  [VARIABLES]  BooleanResultPredicate  BOOLEAN_RESULT_PREDICATE  Set  BUILTIN_FUNCTIONS_WITHOUT_SIDEEFFECTS  CONSTRUCTORS_WITHOUT_SIDE_EFFECTS  OBJECT_METHODS_WITHOUT_SIDEEFFECTS  REGEXP_METHODS  STRING_REGEXP_METHODS  defines  emptySet  knownConstants  NumbericResultPredicate  NUMBERIC_RESULT_PREDICATE  boolean  MayBeStringResultPredicate  MAY_BE_STRING_PREDICATE  Node  n  String  JSC_PROPERTY_NAME_FN  childValue  name  namespaceName  rawJsString  s  value  Map  vars  int  c  end  nextSkipSlot  nextSlot  start  type  	projects/Closure80/src/com/google/javascript/jscomp/NodeUtil.java	0.4082482904638631	1264	1264	2	replace	if(n.getType()  ==  Token.GETPROP  ||  n.getString().equals( "prototype   "))  {  return  false;  }	  if(n.getType()    ==    Token.GETPROP    &&    n.getString().equals(   "prototype   "))    {    return    false;    }    	non-compiled	[CE]  	131	None	replace
589	[BUG]  [BUGGY]  return(n.getType()  ==  Token.FUNCTION)?  BooleanResultPredicate.FALSE  :  BooleanResultPredicate.BOLEAN;  [CE]  [FE]                    IllegalStateException      [CONTEXT]      case  Token.LE:  case  Token.GE:  case  Token.IN:  case  Token.INSTANCEOF:  case  Token.NOT:  return  true;  default:      [BUGGY]  return(n.getType()  ==  Token.FUNCTION)?  BooleanResultPredicate.FALSE  :  BooleanResultPredicate.BOLEAN;  [BUGGY]      }  }  [CLASS]  NodeUtil  NumbericResultPredicate  BooleanResultPredicate  MayBeStringResultPredicate  VarCollector  MatchNameNode  MatchNodeType  MatchDeclaration  MatchNotFunction  MatchShallowStatement  [METHOD]  isBooleanResultHelper  [RETURN_TYPE]  boolean  Node  n  [VARIABLES]  BooleanResultPredicate  BOOLEAN_RESULT_PREDICATE  Set  BUILTIN_FUNCTIONS_WITHOUT_SIDEEFFECTS  CONSTRUCTORS_WITHOUT_SIDE_EFFECTS  OBJECT_METHODS_WITHOUT_SIDEEFFECTS  REGEXP_METHODS  STRING_REGEXP_METHODS  defines  emptySet  knownConstants  NumbericResultPredicate  NUMBERIC_RESULT_PREDICATE  boolean  MayBeStringResultPredicate  MAY_BE_STRING_PREDICATE  Node  n  String  JSC_PROPERTY_NAME_FN  childValue  name  namespaceName  rawJsString  s  value  Map  vars  int  c  end  nextSkipSlot  nextSlot  start  type  	projects/Closure80/src/com/google/javascript/jscomp/NodeUtil.java	0.4082482904638631	1264	1264	2	replace	return(n.getType()  ==  Token.FUNCTION)?  BooleanResultPredicate.FALSE  :  BooleanResultPredicate.BOLEAN;	  return(n.getType()    ==    Token.FUNCTION)?    BooleanResultPredicate.FALSE    :    BooleanResultPredicate.BOOLEAN;    	non-compiled	[CE]  	46	None	replace
590	[BUG]  [BUGGY]  return(n.getType()!=  Token.FUNCTION)?  BooleanResultPredicate.FALSE  :  BooleanResultPredicate.BOOLEAN;  [CE]  [FE]                      IllegalStateException      [CONTEXT]      case  Token.LE:  case  Token.GE:  case  Token.IN:  case  Token.INSTANCEOF:  case  Token.NOT:  return  true;  default:      [BUGGY]  return(n.getType()!=  Token.FUNCTION)?  BooleanResultPredicate.FALSE  :  BooleanResultPredicate.BOOLEAN;  [BUGGY]      }  }  [CLASS]  NodeUtil  NumbericResultPredicate  BooleanResultPredicate  MayBeStringResultPredicate  VarCollector  MatchNameNode  MatchNodeType  MatchDeclaration  MatchNotFunction  MatchShallowStatement  [METHOD]  isBooleanResultHelper  [RETURN_TYPE]  boolean  Node  n  [VARIABLES]  BooleanResultPredicate  BOOLEAN_RESULT_PREDICATE  Set  BUILTIN_FUNCTIONS_WITHOUT_SIDEEFFECTS  CONSTRUCTORS_WITHOUT_SIDE_EFFECTS  OBJECT_METHODS_WITHOUT_SIDEEFFECTS  REGEXP_METHODS  STRING_REGEXP_METHODS  defines  emptySet  knownConstants  NumbericResultPredicate  NUMBERIC_RESULT_PREDICATE  boolean  MayBeStringResultPredicate  MAY_BE_STRING_PREDICATE  Node  n  String  JSC_PROPERTY_NAME_FN  childValue  name  namespaceName  rawJsString  s  value  Map  vars  int  c  end  nextSkipSlot  nextSlot  start  type  	projects/Closure80/src/com/google/javascript/jscomp/NodeUtil.java	0.4082482904638631	1264	1264	2	replace	return(n.getType()!=  Token.FUNCTION)?  BooleanResultPredicate.FALSE  :  BooleanResultPredicate.BOOLEAN;	  return(n.getType()    ==    Token.FUNCTION)?    BooleanResultPredicate.FALSE    :    BooleanResultPredicate.BOOLEAN;    	non-compiled	[CE]  	46	None	replace
591	[BUG]  [BUGGY]  if(n.getType()  ==  Token.GETPROP  &&  n.getType()  ==  Token.VAR)  {  return  false;  }  [CE]  [FE]                    IllegalStateException      [CONTEXT]      case  Token.LE:  case  Token.GE:  case  Token.IN:  case  Token.INSTANCEOF:  case  Token.NOT:  return  true;  default:      [BUGGY]  if(n.getType()  ==  Token.GETPROP  &&  n.getType()  ==  Token.VAR)  {  return  false;  }  [BUGGY]      }  }  [CLASS]  NodeUtil  NumbericResultPredicate  BooleanResultPredicate  MayBeStringResultPredicate  VarCollector  MatchNameNode  MatchNodeType  MatchDeclaration  MatchNotFunction  MatchShallowStatement  [METHOD]  isBooleanResultHelper  [RETURN_TYPE]  boolean  Node  n  [VARIABLES]  BooleanResultPredicate  BOOLEAN_RESULT_PREDICATE  Set  BUILTIN_FUNCTIONS_WITHOUT_SIDEEFFECTS  CONSTRUCTORS_WITHOUT_SIDE_EFFECTS  OBJECT_METHODS_WITHOUT_SIDEEFFECTS  REGEXP_METHODS  STRING_REGEXP_METHODS  defines  emptySet  knownConstants  NumbericResultPredicate  NUMBERIC_RESULT_PREDICATE  boolean  MayBeStringResultPredicate  MAY_BE_STRING_PREDICATE  Node  n  String  JSC_PROPERTY_NAME_FN  childValue  name  namespaceName  rawJsString  s  value  Map  vars  int  c  end  nextSkipSlot  nextSlot  start  type  	projects/Closure80/src/com/google/javascript/jscomp/NodeUtil.java	0.4082482904638631	1264	1264	2	replace	if(n.getType()  ==  Token.GETPROP  &&  n.getType()  ==  Token.VAR)  {  return  false;  }	  if(n.getType()    ==    Token.GETPROP    ||    n.getType()    ==    Token.VAR)    {    return    false;    }    	non-compiled	[CE]  	130	None	replace
592	[BUG]  [BUGGY]  n.getType()  ==  Token.GETPROP  &&  n.getType()  ==  Token.VAR)  {  return  false;  }  [CE]  [FE]                      IllegalStateException      [CONTEXT]      case  Token.LE:  case  Token.GE:  case  Token.IN:  case  Token.INSTANCEOF:  case  Token.NOT:  return  true;  default:      [BUGGY]  n.getType()  ==  Token.GETPROP  &&  n.getType()  ==  Token.VAR)  {  return  false;  }  [BUGGY]      }  }  [CLASS]  NodeUtil  NumbericResultPredicate  BooleanResultPredicate  MayBeStringResultPredicate  VarCollector  MatchNameNode  MatchNodeType  MatchDeclaration  MatchNotFunction  MatchShallowStatement  [METHOD]  isBooleanResultHelper  [RETURN_TYPE]  boolean  Node  n  [VARIABLES]  BooleanResultPredicate  BOOLEAN_RESULT_PREDICATE  Set  BUILTIN_FUNCTIONS_WITHOUT_SIDEEFFECTS  CONSTRUCTORS_WITHOUT_SIDE_EFFECTS  OBJECT_METHODS_WITHOUT_SIDEEFFECTS  REGEXP_METHODS  STRING_REGEXP_METHODS  defines  emptySet  knownConstants  NumbericResultPredicate  NUMBERIC_RESULT_PREDICATE  boolean  MayBeStringResultPredicate  MAY_BE_STRING_PREDICATE  Node  n  String  JSC_PROPERTY_NAME_FN  childValue  name  namespaceName  rawJsString  s  value  Map  vars  int  c  end  nextSkipSlot  nextSlot  start  type  	projects/Closure80/src/com/google/javascript/jscomp/NodeUtil.java	0.4082482904638631	1264	1264	2	replace	n.getType()  ==  Token.GETPROP  &&  n.getType()  ==  Token.VAR)  {  return  false;  }	  if(n.getType()    ==    Token.GETPROP    ||    n.getType()    ==    Token.VAR)    {    return    false;    }    	non-compiled	[CE]  	130	None	replace
593	[BUG]  [BUGGY]  n.setType(Token.GETPROP)||  n.getType()  ==  Token.VAR)  {  return  false;  }  [CE]  [FE]                        IllegalStateException      [CONTEXT]      case  Token.LE:  case  Token.GE:  case  Token.IN:  case  Token.INSTANCEOF:  case  Token.NOT:  return  true;  default:      [BUGGY]  n.setType(Token.GETPROP)||  n.getType()  ==  Token.VAR)  {  return  false;  }  [BUGGY]      }  }  [CLASS]  NodeUtil  NumbericResultPredicate  BooleanResultPredicate  MayBeStringResultPredicate  VarCollector  MatchNameNode  MatchNodeType  MatchDeclaration  MatchNotFunction  MatchShallowStatement  [METHOD]  isBooleanResultHelper  [RETURN_TYPE]  boolean  Node  n  [VARIABLES]  BooleanResultPredicate  BOOLEAN_RESULT_PREDICATE  Set  BUILTIN_FUNCTIONS_WITHOUT_SIDEEFFECTS  CONSTRUCTORS_WITHOUT_SIDE_EFFECTS  OBJECT_METHODS_WITHOUT_SIDEEFFECTS  REGEXP_METHODS  STRING_REGEXP_METHODS  defines  emptySet  knownConstants  NumbericResultPredicate  NUMBERIC_RESULT_PREDICATE  boolean  MayBeStringResultPredicate  MAY_BE_STRING_PREDICATE  Node  n  String  JSC_PROPERTY_NAME_FN  childValue  name  namespaceName  rawJsString  s  value  Map  vars  int  c  end  nextSkipSlot  nextSlot  start  type  	projects/Closure80/src/com/google/javascript/jscomp/NodeUtil.java	0.4082482904638631	1264	1264	2	replace	n.setType(Token.GETPROP)||  n.getType()  ==  Token.VAR)  {  return  false;  }	  if(n.getType()    ==    Token.GETPROP    ||    n.getType()    ==    Token.VAR)    {    return    false;    }    	non-compiled	[CE]  	130	None	replace
594	[BUG]  [BUGGY]  n.getType()  ==  Token.GETPROP  ||  n.getType()  ==  Token.VAR)  {  return  false;  }  [CE]  [FE]                          IllegalStateException      [CONTEXT]      case  Token.LE:  case  Token.GE:  case  Token.IN:  case  Token.INSTANCEOF:  case  Token.NOT:  return  true;  default:      [BUGGY]  n.getType()  ==  Token.GETPROP  ||  n.getType()  ==  Token.VAR)  {  return  false;  }  [BUGGY]      }  }  [CLASS]  NodeUtil  NumbericResultPredicate  BooleanResultPredicate  MayBeStringResultPredicate  VarCollector  MatchNameNode  MatchNodeType  MatchDeclaration  MatchNotFunction  MatchShallowStatement  [METHOD]  isBooleanResultHelper  [RETURN_TYPE]  boolean  Node  n  [VARIABLES]  BooleanResultPredicate  BOOLEAN_RESULT_PREDICATE  Set  BUILTIN_FUNCTIONS_WITHOUT_SIDEEFFECTS  CONSTRUCTORS_WITHOUT_SIDE_EFFECTS  OBJECT_METHODS_WITHOUT_SIDEEFFECTS  REGEXP_METHODS  STRING_REGEXP_METHODS  defines  emptySet  knownConstants  NumbericResultPredicate  NUMBERIC_RESULT_PREDICATE  boolean  MayBeStringResultPredicate  MAY_BE_STRING_PREDICATE  Node  n  String  JSC_PROPERTY_NAME_FN  childValue  name  namespaceName  rawJsString  s  value  Map  vars  int  c  end  nextSkipSlot  nextSlot  start  type  	projects/Closure80/src/com/google/javascript/jscomp/NodeUtil.java	0.4082482904638631	1264	1264	2	replace	n.getType()  ==  Token.GETPROP  ||  n.getType()  ==  Token.VAR)  {  return  false;  }	  if(n.getType()    ==    Token.GETPROP    ||    n.getType()    ==    Token.VAR)    {    return    false;    }    	non-compiled	[CE]  	130	None	replace
595	[BUG]  [BUGGY]  if(n.getType()  ==  Token.GETPROP  ||  n.getType()!=  Token.VAR)  {  return  false;  }  [CE]  [FE]                            IllegalStateException      [CONTEXT]      case  Token.LE:  case  Token.GE:  case  Token.IN:  case  Token.INSTANCEOF:  case  Token.NOT:  return  true;  default:      [BUGGY]  if(n.getType()  ==  Token.GETPROP  ||  n.getType()!=  Token.VAR)  {  return  false;  }  [BUGGY]      }  }  [CLASS]  NodeUtil  NumbericResultPredicate  BooleanResultPredicate  MayBeStringResultPredicate  VarCollector  MatchNameNode  MatchNodeType  MatchDeclaration  MatchNotFunction  MatchShallowStatement  [METHOD]  isBooleanResultHelper  [RETURN_TYPE]  boolean  Node  n  [VARIABLES]  BooleanResultPredicate  BOOLEAN_RESULT_PREDICATE  Set  BUILTIN_FUNCTIONS_WITHOUT_SIDEEFFECTS  CONSTRUCTORS_WITHOUT_SIDE_EFFECTS  OBJECT_METHODS_WITHOUT_SIDEEFFECTS  REGEXP_METHODS  STRING_REGEXP_METHODS  defines  emptySet  knownConstants  NumbericResultPredicate  NUMBERIC_RESULT_PREDICATE  boolean  MayBeStringResultPredicate  MAY_BE_STRING_PREDICATE  Node  n  String  JSC_PROPERTY_NAME_FN  childValue  name  namespaceName  rawJsString  s  value  Map  vars  int  c  end  nextSkipSlot  nextSlot  start  type  	projects/Closure80/src/com/google/javascript/jscomp/NodeUtil.java	0.4082482904638631	1264	1264	2	replace	if(n.getType()  ==  Token.GETPROP  ||  n.getType()!=  Token.VAR)  {  return  false;  }	  if(n.getType()    ==    Token.GETPROP    ||    n.getType()    ==    Token.VAR)    {    return    false;    }    	non-compiled	[CE]  	130	None	replace
596	[BUG]  [BUGGY]  if(n.getType()  ==  Token.NAME  &&  n.getType()!=  Token.GETPROP)  {  return  false;  }  [CE]  [FE]                    IllegalStateException      [CONTEXT]      case  Token.LE:  case  Token.GE:  case  Token.IN:  case  Token.INSTANCEOF:  case  Token.NOT:  return  true;  default:      [BUGGY]  if(n.getType()  ==  Token.NAME  &&  n.getType()!=  Token.GETPROP)  {  return  false;  }  [BUGGY]      }  }  [CLASS]  NodeUtil  NumbericResultPredicate  BooleanResultPredicate  MayBeStringResultPredicate  VarCollector  MatchNameNode  MatchNodeType  MatchDeclaration  MatchNotFunction  MatchShallowStatement  [METHOD]  isBooleanResultHelper  [RETURN_TYPE]  boolean  Node  n  [VARIABLES]  BooleanResultPredicate  BOOLEAN_RESULT_PREDICATE  Set  BUILTIN_FUNCTIONS_WITHOUT_SIDEEFFECTS  CONSTRUCTORS_WITHOUT_SIDE_EFFECTS  OBJECT_METHODS_WITHOUT_SIDEEFFECTS  REGEXP_METHODS  STRING_REGEXP_METHODS  defines  emptySet  knownConstants  NumbericResultPredicate  NUMBERIC_RESULT_PREDICATE  boolean  MayBeStringResultPredicate  MAY_BE_STRING_PREDICATE  Node  n  String  JSC_PROPERTY_NAME_FN  childValue  name  namespaceName  rawJsString  s  value  Map  vars  int  c  end  nextSkipSlot  nextSlot  start  type  	projects/Closure80/src/com/google/javascript/jscomp/NodeUtil.java	0.4082482904638631	1264	1264	2	replace	if(n.getType()  ==  Token.NAME  &&  n.getType()!=  Token.GETPROP)  {  return  false;  }	  if(n.getType()    ==    Token.NAME    ||    n.getType()!=    Token.GETPROP)    {    return    false;    }    	non-compiled	[CE]  	123	None	replace
597	[BUG]  [BUGGY]  if(n.getType()!=  Token.NAME  &&  n.getType()!=  Token.GETPROP)  {  return  false;  }  [CE]  [FE]                      IllegalStateException      [CONTEXT]      case  Token.LE:  case  Token.GE:  case  Token.IN:  case  Token.INSTANCEOF:  case  Token.NOT:  return  true;  default:      [BUGGY]  if(n.getType()!=  Token.NAME  &&  n.getType()!=  Token.GETPROP)  {  return  false;  }  [BUGGY]      }  }  [CLASS]  NodeUtil  NumbericResultPredicate  BooleanResultPredicate  MayBeStringResultPredicate  VarCollector  MatchNameNode  MatchNodeType  MatchDeclaration  MatchNotFunction  MatchShallowStatement  [METHOD]  isBooleanResultHelper  [RETURN_TYPE]  boolean  Node  n  [VARIABLES]  BooleanResultPredicate  BOOLEAN_RESULT_PREDICATE  Set  BUILTIN_FUNCTIONS_WITHOUT_SIDEEFFECTS  CONSTRUCTORS_WITHOUT_SIDE_EFFECTS  OBJECT_METHODS_WITHOUT_SIDEEFFECTS  REGEXP_METHODS  STRING_REGEXP_METHODS  defines  emptySet  knownConstants  NumbericResultPredicate  NUMBERIC_RESULT_PREDICATE  boolean  MayBeStringResultPredicate  MAY_BE_STRING_PREDICATE  Node  n  String  JSC_PROPERTY_NAME_FN  childValue  name  namespaceName  rawJsString  s  value  Map  vars  int  c  end  nextSkipSlot  nextSlot  start  type  	projects/Closure80/src/com/google/javascript/jscomp/NodeUtil.java	0.4082482904638631	1264	1264	2	replace	if(n.getType()!=  Token.NAME  &&  n.getType()!=  Token.GETPROP)  {  return  false;  }	  if(n.getType()    ==    Token.NAME    ||    n.getType()!=    Token.GETPROP)    {    return    false;    }    	non-compiled	[CE]  	123	None	replace
598	[BUG]  [BUGGY]  if(n.getType()!=  Token.NAME  ||  n.getType()!=  Token.GETPROP)  {  return  false;  }  [CE]  [FE]                        IllegalStateException      [CONTEXT]      case  Token.LE:  case  Token.GE:  case  Token.IN:  case  Token.INSTANCEOF:  case  Token.NOT:  return  true;  default:      [BUGGY]  if(n.getType()!=  Token.NAME  ||  n.getType()!=  Token.GETPROP)  {  return  false;  }  [BUGGY]      }  }  [CLASS]  NodeUtil  NumbericResultPredicate  BooleanResultPredicate  MayBeStringResultPredicate  VarCollector  MatchNameNode  MatchNodeType  MatchDeclaration  MatchNotFunction  MatchShallowStatement  [METHOD]  isBooleanResultHelper  [RETURN_TYPE]  boolean  Node  n  [VARIABLES]  BooleanResultPredicate  BOOLEAN_RESULT_PREDICATE  Set  BUILTIN_FUNCTIONS_WITHOUT_SIDEEFFECTS  CONSTRUCTORS_WITHOUT_SIDE_EFFECTS  OBJECT_METHODS_WITHOUT_SIDEEFFECTS  REGEXP_METHODS  STRING_REGEXP_METHODS  defines  emptySet  knownConstants  NumbericResultPredicate  NUMBERIC_RESULT_PREDICATE  boolean  MayBeStringResultPredicate  MAY_BE_STRING_PREDICATE  Node  n  String  JSC_PROPERTY_NAME_FN  childValue  name  namespaceName  rawJsString  s  value  Map  vars  int  c  end  nextSkipSlot  nextSlot  start  type  	projects/Closure80/src/com/google/javascript/jscomp/NodeUtil.java	0.4082482904638631	1264	1264	2	replace	if(n.getType()!=  Token.NAME  ||  n.getType()!=  Token.GETPROP)  {  return  false;  }	  if(n.getType()    ==    Token.NAME    ||    n.getType()!=    Token.GETPROP)    {    return    false;    }    	non-compiled	[CE]  	123	None	replace
599	[BUG]  [BUGGY]  n.getType()  ==  Token.NAME  ||  n.getType()!=  Token.GETPROP)  {  return  false;  }  [CE]  [FE]                          IllegalStateException      [CONTEXT]      case  Token.LE:  case  Token.GE:  case  Token.IN:  case  Token.INSTANCEOF:  case  Token.NOT:  return  true;  default:      [BUGGY]  n.getType()  ==  Token.NAME  ||  n.getType()!=  Token.GETPROP)  {  return  false;  }  [BUGGY]      }  }  [CLASS]  NodeUtil  NumbericResultPredicate  BooleanResultPredicate  MayBeStringResultPredicate  VarCollector  MatchNameNode  MatchNodeType  MatchDeclaration  MatchNotFunction  MatchShallowStatement  [METHOD]  isBooleanResultHelper  [RETURN_TYPE]  boolean  Node  n  [VARIABLES]  BooleanResultPredicate  BOOLEAN_RESULT_PREDICATE  Set  BUILTIN_FUNCTIONS_WITHOUT_SIDEEFFECTS  CONSTRUCTORS_WITHOUT_SIDE_EFFECTS  OBJECT_METHODS_WITHOUT_SIDEEFFECTS  REGEXP_METHODS  STRING_REGEXP_METHODS  defines  emptySet  knownConstants  NumbericResultPredicate  NUMBERIC_RESULT_PREDICATE  boolean  MayBeStringResultPredicate  MAY_BE_STRING_PREDICATE  Node  n  String  JSC_PROPERTY_NAME_FN  childValue  name  namespaceName  rawJsString  s  value  Map  vars  int  c  end  nextSkipSlot  nextSlot  start  type  	projects/Closure80/src/com/google/javascript/jscomp/NodeUtil.java	0.4082482904638631	1264	1264	2	replace	n.getType()  ==  Token.NAME  ||  n.getType()!=  Token.GETPROP)  {  return  false;  }	  if(n.getType()    ==    Token.NAME    ||    n.getType()!=    Token.GETPROP)    {    return    false;    }    	non-compiled	[CE]  	123	None	replace
600	[BUG]  [BUGGY]  if(NodeUtil.isFunctionAnonymous(n)&&  NodeUtil.isFunctionDeclaration(n))  {  return  false;  }  [CE]  [FE]                    IllegalStateException      [CONTEXT]      case  Token.LE:  case  Token.GE:  case  Token.IN:  case  Token.INSTANCEOF:  case  Token.NOT:  return  true;  default:      [BUGGY]  if(NodeUtil.isFunctionAnonymous(n)&&  NodeUtil.isFunctionDeclaration(n))  {  return  false;  }  [BUGGY]      }  }  [CLASS]  NodeUtil  NumbericResultPredicate  BooleanResultPredicate  MayBeStringResultPredicate  VarCollector  MatchNameNode  MatchNodeType  MatchDeclaration  MatchNotFunction  MatchShallowStatement  [METHOD]  isBooleanResultHelper  [RETURN_TYPE]  boolean  Node  n  [VARIABLES]  BooleanResultPredicate  BOOLEAN_RESULT_PREDICATE  Set  BUILTIN_FUNCTIONS_WITHOUT_SIDEEFFECTS  CONSTRUCTORS_WITHOUT_SIDE_EFFECTS  OBJECT_METHODS_WITHOUT_SIDEEFFECTS  REGEXP_METHODS  STRING_REGEXP_METHODS  defines  emptySet  knownConstants  NumbericResultPredicate  NUMBERIC_RESULT_PREDICATE  boolean  MayBeStringResultPredicate  MAY_BE_STRING_PREDICATE  Node  n  String  JSC_PROPERTY_NAME_FN  childValue  name  namespaceName  rawJsString  s  value  Map  vars  int  c  end  nextSkipSlot  nextSlot  start  type  	projects/Closure80/src/com/google/javascript/jscomp/NodeUtil.java	0.4082482904638631	1264	1264	2	replace	if(NodeUtil.isFunctionAnonymous(n)&&  NodeUtil.isFunctionDeclaration(n))  {  return  false;  }	  if(NodeUtil.isFunctionAnonymous(n)||    NodeUtil.isFunctionDeclaration(n))    {    return    false;    }    	non-compiled	[CE]  	139	None	replace
601	[BUG]  [BUGGY]  Preconditions.checkState(NodeUtil.isFunctionAnonymous(n)||  NodeUtil.isFunctionDeclaration(n))  {  return  false;  }  [CE]  [FE]                      IllegalStateException      [CONTEXT]      case  Token.LE:  case  Token.GE:  case  Token.IN:  case  Token.INSTANCEOF:  case  Token.NOT:  return  true;  default:      [BUGGY]  Preconditions.checkState(NodeUtil.isFunctionAnonymous(n)||  NodeUtil.isFunctionDeclaration(n))  {  return  false;  }  [BUGGY]      }  }  [CLASS]  NodeUtil  NumbericResultPredicate  BooleanResultPredicate  MayBeStringResultPredicate  VarCollector  MatchNameNode  MatchNodeType  MatchDeclaration  MatchNotFunction  MatchShallowStatement  [METHOD]  isBooleanResultHelper  [RETURN_TYPE]  boolean  Node  n  [VARIABLES]  BooleanResultPredicate  BOOLEAN_RESULT_PREDICATE  Set  BUILTIN_FUNCTIONS_WITHOUT_SIDEEFFECTS  CONSTRUCTORS_WITHOUT_SIDE_EFFECTS  OBJECT_METHODS_WITHOUT_SIDEEFFECTS  REGEXP_METHODS  STRING_REGEXP_METHODS  defines  emptySet  knownConstants  NumbericResultPredicate  NUMBERIC_RESULT_PREDICATE  boolean  MayBeStringResultPredicate  MAY_BE_STRING_PREDICATE  Node  n  String  JSC_PROPERTY_NAME_FN  childValue  name  namespaceName  rawJsString  s  value  Map  vars  int  c  end  nextSkipSlot  nextSlot  start  type  	projects/Closure80/src/com/google/javascript/jscomp/NodeUtil.java	0.4082482904638631	1264	1264	2	replace	Preconditions.checkState(NodeUtil.isFunctionAnonymous(n)||  NodeUtil.isFunctionDeclaration(n))  {  return  false;  }	  if(NodeUtil.isFunctionAnonymous(n)||    NodeUtil.isFunctionDeclaration(n))    {    return    false;    }    	non-compiled	[CE]  	139	None	replace
602	[BUG]  [BUGGY]  NodeUtil.isFunctionAnonymous(n)&&  NodeUtil.isFunctionDeclaration(n))  {  return  false;  }  [CE]  [FE]                        IllegalStateException      [CONTEXT]      case  Token.LE:  case  Token.GE:  case  Token.IN:  case  Token.INSTANCEOF:  case  Token.NOT:  return  true;  default:      [BUGGY]  NodeUtil.isFunctionAnonymous(n)&&  NodeUtil.isFunctionDeclaration(n))  {  return  false;  }  [BUGGY]      }  }  [CLASS]  NodeUtil  NumbericResultPredicate  BooleanResultPredicate  MayBeStringResultPredicate  VarCollector  MatchNameNode  MatchNodeType  MatchDeclaration  MatchNotFunction  MatchShallowStatement  [METHOD]  isBooleanResultHelper  [RETURN_TYPE]  boolean  Node  n  [VARIABLES]  BooleanResultPredicate  BOOLEAN_RESULT_PREDICATE  Set  BUILTIN_FUNCTIONS_WITHOUT_SIDEEFFECTS  CONSTRUCTORS_WITHOUT_SIDE_EFFECTS  OBJECT_METHODS_WITHOUT_SIDEEFFECTS  REGEXP_METHODS  STRING_REGEXP_METHODS  defines  emptySet  knownConstants  NumbericResultPredicate  NUMBERIC_RESULT_PREDICATE  boolean  MayBeStringResultPredicate  MAY_BE_STRING_PREDICATE  Node  n  String  JSC_PROPERTY_NAME_FN  childValue  name  namespaceName  rawJsString  s  value  Map  vars  int  c  end  nextSkipSlot  nextSlot  start  type  	projects/Closure80/src/com/google/javascript/jscomp/NodeUtil.java	0.4082482904638631	1264	1264	2	replace	NodeUtil.isFunctionAnonymous(n)&&  NodeUtil.isFunctionDeclaration(n))  {  return  false;  }	  if(NodeUtil.isFunctionAnonymous(n)||    NodeUtil.isFunctionDeclaration(n))    {    return    false;    }    	non-compiled	[CE]  	139	None	replace
603	[BUG]  [BUGGY]  NodeUtil.isFunctionAnonymous(n)||  NodeUtil.isFunctionDeclaration(n))  {  return  false;  }  [CE]  [FE]                          IllegalStateException      [CONTEXT]      case  Token.LE:  case  Token.GE:  case  Token.IN:  case  Token.INSTANCEOF:  case  Token.NOT:  return  true;  default:      [BUGGY]  NodeUtil.isFunctionAnonymous(n)||  NodeUtil.isFunctionDeclaration(n))  {  return  false;  }  [BUGGY]      }  }  [CLASS]  NodeUtil  NumbericResultPredicate  BooleanResultPredicate  MayBeStringResultPredicate  VarCollector  MatchNameNode  MatchNodeType  MatchDeclaration  MatchNotFunction  MatchShallowStatement  [METHOD]  isBooleanResultHelper  [RETURN_TYPE]  boolean  Node  n  [VARIABLES]  BooleanResultPredicate  BOOLEAN_RESULT_PREDICATE  Set  BUILTIN_FUNCTIONS_WITHOUT_SIDEEFFECTS  CONSTRUCTORS_WITHOUT_SIDE_EFFECTS  OBJECT_METHODS_WITHOUT_SIDEEFFECTS  REGEXP_METHODS  STRING_REGEXP_METHODS  defines  emptySet  knownConstants  NumbericResultPredicate  NUMBERIC_RESULT_PREDICATE  boolean  MayBeStringResultPredicate  MAY_BE_STRING_PREDICATE  Node  n  String  JSC_PROPERTY_NAME_FN  childValue  name  namespaceName  rawJsString  s  value  Map  vars  int  c  end  nextSkipSlot  nextSlot  start  type  	projects/Closure80/src/com/google/javascript/jscomp/NodeUtil.java	0.4082482904638631	1264	1264	2	replace	NodeUtil.isFunctionAnonymous(n)||  NodeUtil.isFunctionDeclaration(n))  {  return  false;  }	  if(NodeUtil.isFunctionAnonymous(n)||    NodeUtil.isFunctionDeclaration(n))    {    return    false;    }    	non-compiled	[CE]  	139	None	replace
604	[BUG]  [BUGGY]  if(n.getType()  ==  Token.NAME  &&  n.getType()!=  Token.FUNCTION)  {  return  true;  }  [CE]  [FE]                                IllegalStateException      [CONTEXT]      case  Token.LE:  case  Token.GE:  case  Token.IN:  case  Token.INSTANCEOF:  case  Token.NOT:  return  true;  default:      [BUGGY]  if(n.getType()  ==  Token.NAME  &&  n.getType()!=  Token.FUNCTION)  {  return  true;  }  [BUGGY]      }  }  [CLASS]  NodeUtil  NumbericResultPredicate  BooleanResultPredicate  MayBeStringResultPredicate  VarCollector  MatchNameNode  MatchNodeType  MatchDeclaration  MatchNotFunction  MatchShallowStatement  [METHOD]  isBooleanResultHelper  [RETURN_TYPE]  boolean  Node  n  [VARIABLES]  BooleanResultPredicate  BOOLEAN_RESULT_PREDICATE  Set  BUILTIN_FUNCTIONS_WITHOUT_SIDEEFFECTS  CONSTRUCTORS_WITHOUT_SIDE_EFFECTS  OBJECT_METHODS_WITHOUT_SIDEEFFECTS  REGEXP_METHODS  STRING_REGEXP_METHODS  defines  emptySet  knownConstants  NumbericResultPredicate  NUMBERIC_RESULT_PREDICATE  boolean  MayBeStringResultPredicate  MAY_BE_STRING_PREDICATE  Node  n  String  JSC_PROPERTY_NAME_FN  childValue  name  namespaceName  rawJsString  s  value  Map  vars  int  c  end  nextSkipSlot  nextSlot  start  type  	projects/Closure80/src/com/google/javascript/jscomp/NodeUtil.java	0.4082482904638631	1264	1264	2	replace	if(n.getType()  ==  Token.NAME  &&  n.getType()!=  Token.FUNCTION)  {  return  true;  }	  if(n.getType()    ==    Token.NAME    ||    n.getType()!=    Token.FUNCTION)    {    return    true;    }    	non-compiled	[CE]  	21	None	replace
605	[BUG]  [BUGGY]  n.setType(Token.NAME)||  n.getType()!=  Token.FUNCTION)  {  return  true;  }  [CE]  [FE]                                  IllegalStateException      [CONTEXT]      case  Token.LE:  case  Token.GE:  case  Token.IN:  case  Token.INSTANCEOF:  case  Token.NOT:  return  true;  default:      [BUGGY]  n.setType(Token.NAME)||  n.getType()!=  Token.FUNCTION)  {  return  true;  }  [BUGGY]      }  }  [CLASS]  NodeUtil  NumbericResultPredicate  BooleanResultPredicate  MayBeStringResultPredicate  VarCollector  MatchNameNode  MatchNodeType  MatchDeclaration  MatchNotFunction  MatchShallowStatement  [METHOD]  isBooleanResultHelper  [RETURN_TYPE]  boolean  Node  n  [VARIABLES]  BooleanResultPredicate  BOOLEAN_RESULT_PREDICATE  Set  BUILTIN_FUNCTIONS_WITHOUT_SIDEEFFECTS  CONSTRUCTORS_WITHOUT_SIDE_EFFECTS  OBJECT_METHODS_WITHOUT_SIDEEFFECTS  REGEXP_METHODS  STRING_REGEXP_METHODS  defines  emptySet  knownConstants  NumbericResultPredicate  NUMBERIC_RESULT_PREDICATE  boolean  MayBeStringResultPredicate  MAY_BE_STRING_PREDICATE  Node  n  String  JSC_PROPERTY_NAME_FN  childValue  name  namespaceName  rawJsString  s  value  Map  vars  int  c  end  nextSkipSlot  nextSlot  start  type  	projects/Closure80/src/com/google/javascript/jscomp/NodeUtil.java	0.4082482904638631	1264	1264	2	replace	n.setType(Token.NAME)||  n.getType()!=  Token.FUNCTION)  {  return  true;  }	  if(n.getType()    ==    Token.NAME    ||    n.getType()!=    Token.FUNCTION)    {    return    true;    }    	non-compiled	[CE]  	21	None	replace
606	[BUG]  [BUGGY]  n.getType()  ==  Token.NAME  ||  n.getType()!=  Token.FUNCTION)  {  return  true;  }  [CE]  [FE]                                    IllegalStateException      [CONTEXT]      case  Token.LE:  case  Token.GE:  case  Token.IN:  case  Token.INSTANCEOF:  case  Token.NOT:  return  true;  default:      [BUGGY]  n.getType()  ==  Token.NAME  ||  n.getType()!=  Token.FUNCTION)  {  return  true;  }  [BUGGY]      }  }  [CLASS]  NodeUtil  NumbericResultPredicate  BooleanResultPredicate  MayBeStringResultPredicate  VarCollector  MatchNameNode  MatchNodeType  MatchDeclaration  MatchNotFunction  MatchShallowStatement  [METHOD]  isBooleanResultHelper  [RETURN_TYPE]  boolean  Node  n  [VARIABLES]  BooleanResultPredicate  BOOLEAN_RESULT_PREDICATE  Set  BUILTIN_FUNCTIONS_WITHOUT_SIDEEFFECTS  CONSTRUCTORS_WITHOUT_SIDE_EFFECTS  OBJECT_METHODS_WITHOUT_SIDEEFFECTS  REGEXP_METHODS  STRING_REGEXP_METHODS  defines  emptySet  knownConstants  NumbericResultPredicate  NUMBERIC_RESULT_PREDICATE  boolean  MayBeStringResultPredicate  MAY_BE_STRING_PREDICATE  Node  n  String  JSC_PROPERTY_NAME_FN  childValue  name  namespaceName  rawJsString  s  value  Map  vars  int  c  end  nextSkipSlot  nextSlot  start  type  	projects/Closure80/src/com/google/javascript/jscomp/NodeUtil.java	0.4082482904638631	1264	1264	2	replace	n.getType()  ==  Token.NAME  ||  n.getType()!=  Token.FUNCTION)  {  return  true;  }	  if(n.getType()    ==    Token.NAME    ||    n.getType()!=    Token.FUNCTION)    {    return    true;    }    	non-compiled	[CE]  	21	None	replace
607	[BUG]  [BUGGY]  if(n.getType()!=  Token.NAME  &&  n.getType()!=  Token.FUNCTION)  {  return  true;  }  [CE]  [FE]                                      IllegalStateException      [CONTEXT]      case  Token.LE:  case  Token.GE:  case  Token.IN:  case  Token.INSTANCEOF:  case  Token.NOT:  return  true;  default:      [BUGGY]  if(n.getType()!=  Token.NAME  &&  n.getType()!=  Token.FUNCTION)  {  return  true;  }  [BUGGY]      }  }  [CLASS]  NodeUtil  NumbericResultPredicate  BooleanResultPredicate  MayBeStringResultPredicate  VarCollector  MatchNameNode  MatchNodeType  MatchDeclaration  MatchNotFunction  MatchShallowStatement  [METHOD]  isBooleanResultHelper  [RETURN_TYPE]  boolean  Node  n  [VARIABLES]  BooleanResultPredicate  BOOLEAN_RESULT_PREDICATE  Set  BUILTIN_FUNCTIONS_WITHOUT_SIDEEFFECTS  CONSTRUCTORS_WITHOUT_SIDE_EFFECTS  OBJECT_METHODS_WITHOUT_SIDEEFFECTS  REGEXP_METHODS  STRING_REGEXP_METHODS  defines  emptySet  knownConstants  NumbericResultPredicate  NUMBERIC_RESULT_PREDICATE  boolean  MayBeStringResultPredicate  MAY_BE_STRING_PREDICATE  Node  n  String  JSC_PROPERTY_NAME_FN  childValue  name  namespaceName  rawJsString  s  value  Map  vars  int  c  end  nextSkipSlot  nextSlot  start  type  	projects/Closure80/src/com/google/javascript/jscomp/NodeUtil.java	0.4082482904638631	1264	1264	2	replace	if(n.getType()!=  Token.NAME  &&  n.getType()!=  Token.FUNCTION)  {  return  true;  }	  if(n.getType()    ==    Token.NAME    ||    n.getType()!=    Token.FUNCTION)    {    return    true;    }    	non-compiled	[CE]  	21	None	replace
608	[BUG]  [BUGGY]  NodeUtil.isLocalFunctionAnonymous(n)&&  NodeUtil.isFunctionAnonymous(n))  {  return  true;  }  [CE]  [FE]              IllegalStateException      [CONTEXT]      case  Token.LE:  case  Token.GE:  case  Token.IN:  case  Token.INSTANCEOF:  case  Token.NOT:  return  true;  default:      [BUGGY]  NodeUtil.isLocalFunctionAnonymous(n)&&  NodeUtil.isFunctionAnonymous(n))  {  return  true;  }  [BUGGY]      }  }  [CLASS]  NodeUtil  NumbericResultPredicate  BooleanResultPredicate  MayBeStringResultPredicate  VarCollector  MatchNameNode  MatchNodeType  MatchDeclaration  MatchNotFunction  MatchShallowStatement  [METHOD]  isBooleanResultHelper  [RETURN_TYPE]  boolean  Node  n  [VARIABLES]  BooleanResultPredicate  BOOLEAN_RESULT_PREDICATE  Set  BUILTIN_FUNCTIONS_WITHOUT_SIDEEFFECTS  CONSTRUCTORS_WITHOUT_SIDE_EFFECTS  OBJECT_METHODS_WITHOUT_SIDEEFFECTS  REGEXP_METHODS  STRING_REGEXP_METHODS  defines  emptySet  knownConstants  NumbericResultPredicate  NUMBERIC_RESULT_PREDICATE  boolean  MayBeStringResultPredicate  MAY_BE_STRING_PREDICATE  Node  n  String  JSC_PROPERTY_NAME_FN  childValue  name  namespaceName  rawJsString  s  value  Map  vars  int  c  end  nextSkipSlot  nextSlot  start  type  	projects/Closure80/src/com/google/javascript/jscomp/NodeUtil.java	0.4082482904638631	1264	1264	2	replace	NodeUtil.isLocalFunctionAnonymous(n)&&  NodeUtil.isFunctionAnonymous(n))  {  return  true;  }	  NodeUtil.isFunctionAnonymous(n)&&    NodeUtil.isFunctionAnonymous(n))    {    return    true;    }    	non-compiled	[CE]  	110	None	replace
609	[BUG]  [BUGGY]  n.setString(JSC_PROPERTY_NAME_FN,  JSC_PROPERTY_NAME_FN,  name);  [CE]  [FE]                                IllegalStateException      [CONTEXT]      case  Token.LE:  case  Token.GE:  case  Token.IN:  case  Token.INSTANCEOF:  case  Token.NOT:  return  true;  default:      [BUGGY]  n.setString(JSC_PROPERTY_NAME_FN,  JSC_PROPERTY_NAME_FN,  name);  [BUGGY]      }  }  [CLASS]  NodeUtil  NumbericResultPredicate  BooleanResultPredicate  MayBeStringResultPredicate  VarCollector  MatchNameNode  MatchNodeType  MatchDeclaration  MatchNotFunction  MatchShallowStatement  [METHOD]  isBooleanResultHelper  [RETURN_TYPE]  boolean  Node  n  [VARIABLES]  BooleanResultPredicate  BOOLEAN_RESULT_PREDICATE  Set  BUILTIN_FUNCTIONS_WITHOUT_SIDEEFFECTS  CONSTRUCTORS_WITHOUT_SIDE_EFFECTS  OBJECT_METHODS_WITHOUT_SIDEEFFECTS  REGEXP_METHODS  STRING_REGEXP_METHODS  defines  emptySet  knownConstants  NumbericResultPredicate  NUMBERIC_RESULT_PREDICATE  boolean  MayBeStringResultPredicate  MAY_BE_STRING_PREDICATE  Node  n  String  JSC_PROPERTY_NAME_FN  childValue  name  namespaceName  rawJsString  s  value  Map  vars  int  c  end  nextSkipSlot  nextSlot  start  type  	projects/Closure80/src/com/google/javascript/jscomp/NodeUtil.java	0.4082482904638631	1264	1264	2	replace	n.setString(JSC_PROPERTY_NAME_FN,  JSC_PROPERTY_NAME_FN,  name);	  n.setString(JSC_PROPERTY_NAME_FN,    JSC_PROPERTY_NAME_FN);    	non-compiled	[CE]  	71	None	replace
610	[BUG]  [BUGGY]  n.setString(JSC_PROPERTY_NAME_FN,  JSC_PROPERTY_NAME_FN,  namespaceName);  [CE]  [FE]                                  IllegalStateException      [CONTEXT]      case  Token.LE:  case  Token.GE:  case  Token.IN:  case  Token.INSTANCEOF:  case  Token.NOT:  return  true;  default:      [BUGGY]  n.setString(JSC_PROPERTY_NAME_FN,  JSC_PROPERTY_NAME_FN,  namespaceName);  [BUGGY]      }  }  [CLASS]  NodeUtil  NumbericResultPredicate  BooleanResultPredicate  MayBeStringResultPredicate  VarCollector  MatchNameNode  MatchNodeType  MatchDeclaration  MatchNotFunction  MatchShallowStatement  [METHOD]  isBooleanResultHelper  [RETURN_TYPE]  boolean  Node  n  [VARIABLES]  BooleanResultPredicate  BOOLEAN_RESULT_PREDICATE  Set  BUILTIN_FUNCTIONS_WITHOUT_SIDEEFFECTS  CONSTRUCTORS_WITHOUT_SIDE_EFFECTS  OBJECT_METHODS_WITHOUT_SIDEEFFECTS  REGEXP_METHODS  STRING_REGEXP_METHODS  defines  emptySet  knownConstants  NumbericResultPredicate  NUMBERIC_RESULT_PREDICATE  boolean  MayBeStringResultPredicate  MAY_BE_STRING_PREDICATE  Node  n  String  JSC_PROPERTY_NAME_FN  childValue  name  namespaceName  rawJsString  s  value  Map  vars  int  c  end  nextSkipSlot  nextSlot  start  type  	projects/Closure80/src/com/google/javascript/jscomp/NodeUtil.java	0.4082482904638631	1264	1264	2	replace	n.setString(JSC_PROPERTY_NAME_FN,  JSC_PROPERTY_NAME_FN,  namespaceName);	  n.setString(JSC_PROPERTY_NAME_FN,    JSC_PROPERTY_NAME_FN);    	non-compiled	[CE]  	71	None	replace
611	[BUG]  [BUGGY]  n.setString(JSC_PROPERTY_NAME_FN,  JSC_PROPERTY_NAME);  [CE]  [FE]                                    IllegalStateException      [CONTEXT]      case  Token.LE:  case  Token.GE:  case  Token.IN:  case  Token.INSTANCEOF:  case  Token.NOT:  return  true;  default:      [BUGGY]  n.setString(JSC_PROPERTY_NAME_FN,  JSC_PROPERTY_NAME);  [BUGGY]      }  }  [CLASS]  NodeUtil  NumbericResultPredicate  BooleanResultPredicate  MayBeStringResultPredicate  VarCollector  MatchNameNode  MatchNodeType  MatchDeclaration  MatchNotFunction  MatchShallowStatement  [METHOD]  isBooleanResultHelper  [RETURN_TYPE]  boolean  Node  n  [VARIABLES]  BooleanResultPredicate  BOOLEAN_RESULT_PREDICATE  Set  BUILTIN_FUNCTIONS_WITHOUT_SIDEEFFECTS  CONSTRUCTORS_WITHOUT_SIDE_EFFECTS  OBJECT_METHODS_WITHOUT_SIDEEFFECTS  REGEXP_METHODS  STRING_REGEXP_METHODS  defines  emptySet  knownConstants  NumbericResultPredicate  NUMBERIC_RESULT_PREDICATE  boolean  MayBeStringResultPredicate  MAY_BE_STRING_PREDICATE  Node  n  String  JSC_PROPERTY_NAME_FN  childValue  name  namespaceName  rawJsString  s  value  Map  vars  int  c  end  nextSkipSlot  nextSlot  start  type  	projects/Closure80/src/com/google/javascript/jscomp/NodeUtil.java	0.4082482904638631	1264	1264	2	replace	n.setString(JSC_PROPERTY_NAME_FN,  JSC_PROPERTY_NAME);	  n.setString(JSC_PROPERTY_NAME_FN,    JSC_PROPERTY_NAME_FN);    	non-compiled	[CE]  	71	None	replace
612	[BUG]  [BUGGY]  n.setString(jsString,  JSC_PROPERTY_NAME_FN);  [CE]  [FE]                                      IllegalStateException      [CONTEXT]      case  Token.LE:  case  Token.GE:  case  Token.IN:  case  Token.INSTANCEOF:  case  Token.NOT:  return  true;  default:      [BUGGY]  n.setString(jsString,  JSC_PROPERTY_NAME_FN);  [BUGGY]      }  }  [CLASS]  NodeUtil  NumbericResultPredicate  BooleanResultPredicate  MayBeStringResultPredicate  VarCollector  MatchNameNode  MatchNodeType  MatchDeclaration  MatchNotFunction  MatchShallowStatement  [METHOD]  isBooleanResultHelper  [RETURN_TYPE]  boolean  Node  n  [VARIABLES]  BooleanResultPredicate  BOOLEAN_RESULT_PREDICATE  Set  BUILTIN_FUNCTIONS_WITHOUT_SIDEEFFECTS  CONSTRUCTORS_WITHOUT_SIDE_EFFECTS  OBJECT_METHODS_WITHOUT_SIDEEFFECTS  REGEXP_METHODS  STRING_REGEXP_METHODS  defines  emptySet  knownConstants  NumbericResultPredicate  NUMBERIC_RESULT_PREDICATE  boolean  MayBeStringResultPredicate  MAY_BE_STRING_PREDICATE  Node  n  String  JSC_PROPERTY_NAME_FN  childValue  name  namespaceName  rawJsString  s  value  Map  vars  int  c  end  nextSkipSlot  nextSlot  start  type  	projects/Closure80/src/com/google/javascript/jscomp/NodeUtil.java	0.4082482904638631	1264	1264	2	replace	n.setString(jsString,  JSC_PROPERTY_NAME_FN);	  n.setString(JSC_PROPERTY_NAME_FN,    JSC_PROPERTY_NAME_FN);    	non-compiled	[CE]  	71	None	replace
613	[BUG]  [BUGGY]  n.setString(JSC_PROPERTY_NAME_FN,  JSC_PROPERTY_NAME_NAME);  [CE]  [FE]                                        IllegalStateException      [CONTEXT]      case  Token.LE:  case  Token.GE:  case  Token.IN:  case  Token.INSTANCEOF:  case  Token.NOT:  return  true;  default:      [BUGGY]  n.setString(JSC_PROPERTY_NAME_FN,  JSC_PROPERTY_NAME_NAME);  [BUGGY]      }  }  [CLASS]  NodeUtil  NumbericResultPredicate  BooleanResultPredicate  MayBeStringResultPredicate  VarCollector  MatchNameNode  MatchNodeType  MatchDeclaration  MatchNotFunction  MatchShallowStatement  [METHOD]  isBooleanResultHelper  [RETURN_TYPE]  boolean  Node  n  [VARIABLES]  BooleanResultPredicate  BOOLEAN_RESULT_PREDICATE  Set  BUILTIN_FUNCTIONS_WITHOUT_SIDEEFFECTS  CONSTRUCTORS_WITHOUT_SIDE_EFFECTS  OBJECT_METHODS_WITHOUT_SIDEEFFECTS  REGEXP_METHODS  STRING_REGEXP_METHODS  defines  emptySet  knownConstants  NumbericResultPredicate  NUMBERIC_RESULT_PREDICATE  boolean  MayBeStringResultPredicate  MAY_BE_STRING_PREDICATE  Node  n  String  JSC_PROPERTY_NAME_FN  childValue  name  namespaceName  rawJsString  s  value  Map  vars  int  c  end  nextSkipSlot  nextSlot  start  type  	projects/Closure80/src/com/google/javascript/jscomp/NodeUtil.java	0.4082482904638631	1264	1264	2	replace	n.setString(JSC_PROPERTY_NAME_FN,  JSC_PROPERTY_NAME_NAME);	  n.setString(JSC_PROPERTY_NAME_FN,    JSC_PROPERTY_NAME_FN);    	non-compiled	[CE]  	71	None	replace
614	[BUG]  [BUGGY]  ||  NodeUtil.isStatementBlock(n))  {  return  true;  }  [CE]  [FE]                          IllegalStateException      [CONTEXT]      case  Token.LE:  case  Token.GE:  case  Token.IN:  case  Token.INSTANCEOF:  case  Token.NOT:  return  true;  default:      [BUGGY]  ||  NodeUtil.isStatementBlock(n))  {  return  true;  }  [BUGGY]      }  }  [CLASS]  NodeUtil  NumbericResultPredicate  BooleanResultPredicate  MayBeStringResultPredicate  VarCollector  MatchNameNode  MatchNodeType  MatchDeclaration  MatchNotFunction  MatchShallowStatement  [METHOD]  isBooleanResultHelper  [RETURN_TYPE]  boolean  Node  n  [VARIABLES]  BooleanResultPredicate  BOOLEAN_RESULT_PREDICATE  Set  BUILTIN_FUNCTIONS_WITHOUT_SIDEEFFECTS  CONSTRUCTORS_WITHOUT_SIDE_EFFECTS  OBJECT_METHODS_WITHOUT_SIDEEFFECTS  REGEXP_METHODS  STRING_REGEXP_METHODS  defines  emptySet  knownConstants  NumbericResultPredicate  NUMBERIC_RESULT_PREDICATE  boolean  MayBeStringResultPredicate  MAY_BE_STRING_PREDICATE  Node  n  String  JSC_PROPERTY_NAME_FN  childValue  name  namespaceName  rawJsString  s  value  Map  vars  int  c  end  nextSkipSlot  nextSlot  start  type  	projects/Closure80/src/com/google/javascript/jscomp/NodeUtil.java	0.4082482904638631	1264	1264	2	replace	||  NodeUtil.isStatementBlock(n))  {  return  true;  }	  ||    NodeUtil.isStatementBlock(n))    {    return    false;    }    	non-compiled	[CE]  	15	None	replace
615	[BUG]  [BUGGY]  ||  NodeUtil.isStatementBlock(n)||  n.getType()  ==  Token.FUNCTION)  {  return  false;  }  [CE]  [FE]                            IllegalStateException      [CONTEXT]      case  Token.LE:  case  Token.GE:  case  Token.IN:  case  Token.INSTANCEOF:  case  Token.NOT:  return  true;  default:      [BUGGY]  ||  NodeUtil.isStatementBlock(n)||  n.getType()  ==  Token.FUNCTION)  {  return  false;  }  [BUGGY]      }  }  [CLASS]  NodeUtil  NumbericResultPredicate  BooleanResultPredicate  MayBeStringResultPredicate  VarCollector  MatchNameNode  MatchNodeType  MatchDeclaration  MatchNotFunction  MatchShallowStatement  [METHOD]  isBooleanResultHelper  [RETURN_TYPE]  boolean  Node  n  [VARIABLES]  BooleanResultPredicate  BOOLEAN_RESULT_PREDICATE  Set  BUILTIN_FUNCTIONS_WITHOUT_SIDEEFFECTS  CONSTRUCTORS_WITHOUT_SIDE_EFFECTS  OBJECT_METHODS_WITHOUT_SIDEEFFECTS  REGEXP_METHODS  STRING_REGEXP_METHODS  defines  emptySet  knownConstants  NumbericResultPredicate  NUMBERIC_RESULT_PREDICATE  boolean  MayBeStringResultPredicate  MAY_BE_STRING_PREDICATE  Node  n  String  JSC_PROPERTY_NAME_FN  childValue  name  namespaceName  rawJsString  s  value  Map  vars  int  c  end  nextSkipSlot  nextSlot  start  type  	projects/Closure80/src/com/google/javascript/jscomp/NodeUtil.java	0.4082482904638631	1264	1264	2	replace	||  NodeUtil.isStatementBlock(n)||  n.getType()  ==  Token.FUNCTION)  {  return  false;  }	  ||    NodeUtil.isStatementBlock(n))    {    return    false;    }    	non-compiled	[CE]  	15	None	replace
616	[BUG]  [BUGGY]  ||  NodeUtil.isStatementBlock(n)||  n.getType()  ==  Token.STRING)  {  return  false;  }  [CE]  [FE]                              IllegalStateException      [CONTEXT]      case  Token.LE:  case  Token.GE:  case  Token.IN:  case  Token.INSTANCEOF:  case  Token.NOT:  return  true;  default:      [BUGGY]  ||  NodeUtil.isStatementBlock(n)||  n.getType()  ==  Token.STRING)  {  return  false;  }  [BUGGY]      }  }  [CLASS]  NodeUtil  NumbericResultPredicate  BooleanResultPredicate  MayBeStringResultPredicate  VarCollector  MatchNameNode  MatchNodeType  MatchDeclaration  MatchNotFunction  MatchShallowStatement  [METHOD]  isBooleanResultHelper  [RETURN_TYPE]  boolean  Node  n  [VARIABLES]  BooleanResultPredicate  BOOLEAN_RESULT_PREDICATE  Set  BUILTIN_FUNCTIONS_WITHOUT_SIDEEFFECTS  CONSTRUCTORS_WITHOUT_SIDE_EFFECTS  OBJECT_METHODS_WITHOUT_SIDEEFFECTS  REGEXP_METHODS  STRING_REGEXP_METHODS  defines  emptySet  knownConstants  NumbericResultPredicate  NUMBERIC_RESULT_PREDICATE  boolean  MayBeStringResultPredicate  MAY_BE_STRING_PREDICATE  Node  n  String  JSC_PROPERTY_NAME_FN  childValue  name  namespaceName  rawJsString  s  value  Map  vars  int  c  end  nextSkipSlot  nextSlot  start  type  	projects/Closure80/src/com/google/javascript/jscomp/NodeUtil.java	0.4082482904638631	1264	1264	2	replace	||  NodeUtil.isStatementBlock(n)||  n.getType()  ==  Token.STRING)  {  return  false;  }	  ||    NodeUtil.isStatementBlock(n))    {    return    false;    }    	non-compiled	[CE]  	15	None	replace
617	[BUG]  [BUGGY]  ||  NodeUtil.isStatementBlock(n)||  n.getType()!=  Token.FUNCTION)  {  return  false;  }  [CE]  [FE]                                IllegalStateException      [CONTEXT]      case  Token.LE:  case  Token.GE:  case  Token.IN:  case  Token.INSTANCEOF:  case  Token.NOT:  return  true;  default:      [BUGGY]  ||  NodeUtil.isStatementBlock(n)||  n.getType()!=  Token.FUNCTION)  {  return  false;  }  [BUGGY]      }  }  [CLASS]  NodeUtil  NumbericResultPredicate  BooleanResultPredicate  MayBeStringResultPredicate  VarCollector  MatchNameNode  MatchNodeType  MatchDeclaration  MatchNotFunction  MatchShallowStatement  [METHOD]  isBooleanResultHelper  [RETURN_TYPE]  boolean  Node  n  [VARIABLES]  BooleanResultPredicate  BOOLEAN_RESULT_PREDICATE  Set  BUILTIN_FUNCTIONS_WITHOUT_SIDEEFFECTS  CONSTRUCTORS_WITHOUT_SIDE_EFFECTS  OBJECT_METHODS_WITHOUT_SIDEEFFECTS  REGEXP_METHODS  STRING_REGEXP_METHODS  defines  emptySet  knownConstants  NumbericResultPredicate  NUMBERIC_RESULT_PREDICATE  boolean  MayBeStringResultPredicate  MAY_BE_STRING_PREDICATE  Node  n  String  JSC_PROPERTY_NAME_FN  childValue  name  namespaceName  rawJsString  s  value  Map  vars  int  c  end  nextSkipSlot  nextSlot  start  type  	projects/Closure80/src/com/google/javascript/jscomp/NodeUtil.java	0.4082482904638631	1264	1264	2	replace	||  NodeUtil.isStatementBlock(n)||  n.getType()!=  Token.FUNCTION)  {  return  false;  }	  ||    NodeUtil.isStatementBlock(n))    {    return    false;    }    	non-compiled	[CE]  	15	None	replace
618	[BUG]  [BUGGY]  n.setType(Token.NAME)||  n.getType()  ==  Token.FUNCTION)  {  return  false;  }  [CE]  [FE]                          IllegalStateException      [CONTEXT]      case  Token.LE:  case  Token.GE:  case  Token.IN:  case  Token.INSTANCEOF:  case  Token.NOT:  return  true;  default:      [BUGGY]  n.setType(Token.NAME)||  n.getType()  ==  Token.FUNCTION)  {  return  false;  }  [BUGGY]      }  }  [CLASS]  NodeUtil  NumbericResultPredicate  BooleanResultPredicate  MayBeStringResultPredicate  VarCollector  MatchNameNode  MatchNodeType  MatchDeclaration  MatchNotFunction  MatchShallowStatement  [METHOD]  isBooleanResultHelper  [RETURN_TYPE]  boolean  Node  n  [VARIABLES]  BooleanResultPredicate  BOOLEAN_RESULT_PREDICATE  Set  BUILTIN_FUNCTIONS_WITHOUT_SIDEEFFECTS  CONSTRUCTORS_WITHOUT_SIDE_EFFECTS  OBJECT_METHODS_WITHOUT_SIDEEFFECTS  REGEXP_METHODS  STRING_REGEXP_METHODS  defines  emptySet  knownConstants  NumbericResultPredicate  NUMBERIC_RESULT_PREDICATE  boolean  MayBeStringResultPredicate  MAY_BE_STRING_PREDICATE  Node  n  String  JSC_PROPERTY_NAME_FN  childValue  name  namespaceName  rawJsString  s  value  Map  vars  int  c  end  nextSkipSlot  nextSlot  start  type  	projects/Closure80/src/com/google/javascript/jscomp/NodeUtil.java	0.4082482904638631	1264	1264	2	replace	n.setType(Token.NAME)||  n.getType()  ==  Token.FUNCTION)  {  return  false;  }	  if(n.getType()    ==    Token.NAME    ||    n.getType()    ==    Token.FUNCTION)    {    return    false;    }    	non-compiled	[CE]  	18	None	replace
619	[BUG]  [BUGGY]  if(n.getType()  ==  Token.NAME  &&  n.getType()!=  Token.FUNCTION)  {  return  false;  }  [CE]  [FE]                  IllegalStateException      [CONTEXT]      case  Token.LE:  case  Token.GE:  case  Token.IN:  case  Token.INSTANCEOF:  case  Token.NOT:  return  true;  default:      [BUGGY]  if(n.getType()  ==  Token.NAME  &&  n.getType()!=  Token.FUNCTION)  {  return  false;  }  [BUGGY]      }  }  [CLASS]  NodeUtil  NumbericResultPredicate  BooleanResultPredicate  MayBeStringResultPredicate  VarCollector  MatchNameNode  MatchNodeType  MatchDeclaration  MatchNotFunction  MatchShallowStatement  [METHOD]  isBooleanResultHelper  [RETURN_TYPE]  boolean  Node  n  [VARIABLES]  BooleanResultPredicate  BOOLEAN_RESULT_PREDICATE  Set  BUILTIN_FUNCTIONS_WITHOUT_SIDEEFFECTS  CONSTRUCTORS_WITHOUT_SIDE_EFFECTS  OBJECT_METHODS_WITHOUT_SIDEEFFECTS  REGEXP_METHODS  STRING_REGEXP_METHODS  defines  emptySet  knownConstants  NumbericResultPredicate  NUMBERIC_RESULT_PREDICATE  boolean  MayBeStringResultPredicate  MAY_BE_STRING_PREDICATE  Node  n  String  JSC_PROPERTY_NAME_FN  childValue  name  namespaceName  rawJsString  s  value  Map  vars  int  c  end  nextSkipSlot  nextSlot  start  type  	projects/Closure80/src/com/google/javascript/jscomp/NodeUtil.java	0.4082482904638631	1264	1264	2	replace	if(n.getType()  ==  Token.NAME  &&  n.getType()!=  Token.FUNCTION)  {  return  false;  }	  if(n.getType()    ==    Token.NAME    ||    n.getType()!=    Token.FUNCTION)    {    return    false;    }    	non-compiled	[CE]  	65	None	replace
620	[BUG]  [BUGGY]  if(n.getType()!=  Token.NAME  &&  n.getType()!=  Token.FUNCTION)  {  return  false;  }  [CE]  [FE]                    IllegalStateException      [CONTEXT]      case  Token.LE:  case  Token.GE:  case  Token.IN:  case  Token.INSTANCEOF:  case  Token.NOT:  return  true;  default:      [BUGGY]  if(n.getType()!=  Token.NAME  &&  n.getType()!=  Token.FUNCTION)  {  return  false;  }  [BUGGY]      }  }  [CLASS]  NodeUtil  NumbericResultPredicate  BooleanResultPredicate  MayBeStringResultPredicate  VarCollector  MatchNameNode  MatchNodeType  MatchDeclaration  MatchNotFunction  MatchShallowStatement  [METHOD]  isBooleanResultHelper  [RETURN_TYPE]  boolean  Node  n  [VARIABLES]  BooleanResultPredicate  BOOLEAN_RESULT_PREDICATE  Set  BUILTIN_FUNCTIONS_WITHOUT_SIDEEFFECTS  CONSTRUCTORS_WITHOUT_SIDE_EFFECTS  OBJECT_METHODS_WITHOUT_SIDEEFFECTS  REGEXP_METHODS  STRING_REGEXP_METHODS  defines  emptySet  knownConstants  NumbericResultPredicate  NUMBERIC_RESULT_PREDICATE  boolean  MayBeStringResultPredicate  MAY_BE_STRING_PREDICATE  Node  n  String  JSC_PROPERTY_NAME_FN  childValue  name  namespaceName  rawJsString  s  value  Map  vars  int  c  end  nextSkipSlot  nextSlot  start  type  	projects/Closure80/src/com/google/javascript/jscomp/NodeUtil.java	0.4082482904638631	1264	1264	2	replace	if(n.getType()!=  Token.NAME  &&  n.getType()!=  Token.FUNCTION)  {  return  false;  }	  if(n.getType()    ==    Token.NAME    ||    n.getType()!=    Token.FUNCTION)    {    return    false;    }    	non-compiled	[CE]  	65	None	replace
621	[BUG]  [BUGGY]  n.setType(Token.NAME)||  n.getType()!=  Token.FUNCTION)  {  return  false;  }  [CE]  [FE]                      IllegalStateException      [CONTEXT]      case  Token.LE:  case  Token.GE:  case  Token.IN:  case  Token.INSTANCEOF:  case  Token.NOT:  return  true;  default:      [BUGGY]  n.setType(Token.NAME)||  n.getType()!=  Token.FUNCTION)  {  return  false;  }  [BUGGY]      }  }  [CLASS]  NodeUtil  NumbericResultPredicate  BooleanResultPredicate  MayBeStringResultPredicate  VarCollector  MatchNameNode  MatchNodeType  MatchDeclaration  MatchNotFunction  MatchShallowStatement  [METHOD]  isBooleanResultHelper  [RETURN_TYPE]  boolean  Node  n  [VARIABLES]  BooleanResultPredicate  BOOLEAN_RESULT_PREDICATE  Set  BUILTIN_FUNCTIONS_WITHOUT_SIDEEFFECTS  CONSTRUCTORS_WITHOUT_SIDE_EFFECTS  OBJECT_METHODS_WITHOUT_SIDEEFFECTS  REGEXP_METHODS  STRING_REGEXP_METHODS  defines  emptySet  knownConstants  NumbericResultPredicate  NUMBERIC_RESULT_PREDICATE  boolean  MayBeStringResultPredicate  MAY_BE_STRING_PREDICATE  Node  n  String  JSC_PROPERTY_NAME_FN  childValue  name  namespaceName  rawJsString  s  value  Map  vars  int  c  end  nextSkipSlot  nextSlot  start  type  	projects/Closure80/src/com/google/javascript/jscomp/NodeUtil.java	0.4082482904638631	1264	1264	2	replace	n.setType(Token.NAME)||  n.getType()!=  Token.FUNCTION)  {  return  false;  }	  if(n.getType()    ==    Token.NAME    ||    n.getType()!=    Token.FUNCTION)    {    return    false;    }    	non-compiled	[CE]  	65	None	replace
622	[BUG]  [BUGGY]  return(n.getType()  ==  Token.NAME)|  BooleanResultPredicate.UNKNOWN  :  BooleanResultPredicate.FALSE;  [CE]  [FE]                    IllegalStateException      [CONTEXT]      case  Token.LE:  case  Token.GE:  case  Token.IN:  case  Token.INSTANCEOF:  case  Token.NOT:  return  true;  default:      [BUGGY]  return(n.getType()  ==  Token.NAME)|  BooleanResultPredicate.UNKNOWN  :  BooleanResultPredicate.FALSE;  [BUGGY]      }  }  [CLASS]  NodeUtil  NumbericResultPredicate  BooleanResultPredicate  MayBeStringResultPredicate  VarCollector  MatchNameNode  MatchNodeType  MatchDeclaration  MatchNotFunction  MatchShallowStatement  [METHOD]  isBooleanResultHelper  [RETURN_TYPE]  boolean  Node  n  [VARIABLES]  BooleanResultPredicate  BOOLEAN_RESULT_PREDICATE  Set  BUILTIN_FUNCTIONS_WITHOUT_SIDEEFFECTS  CONSTRUCTORS_WITHOUT_SIDE_EFFECTS  OBJECT_METHODS_WITHOUT_SIDEEFFECTS  REGEXP_METHODS  STRING_REGEXP_METHODS  defines  emptySet  knownConstants  NumbericResultPredicate  NUMBERIC_RESULT_PREDICATE  boolean  MayBeStringResultPredicate  MAY_BE_STRING_PREDICATE  Node  n  String  JSC_PROPERTY_NAME_FN  childValue  name  namespaceName  rawJsString  s  value  Map  vars  int  c  end  nextSkipSlot  nextSlot  start  type  	projects/Closure80/src/com/google/javascript/jscomp/NodeUtil.java	0.4082482904638631	1264	1264	2	replace	return(n.getType()  ==  Token.NAME)|  BooleanResultPredicate.UNKNOWN  :  BooleanResultPredicate.FALSE;	  return(n.getType()    ==    Token.NAME)&    BooleanResultPredicate.UNKNOWN    :    BooleanResultPredicate.FALSE;    	non-compiled	[CE]  	92	None	replace
623	[BUG]  [BUGGY]  return(n.getType()!=  Token.NAME)&  BooleanResultPredicate.UNKNOWN  :  BooleanResultPredicate.FALSE;  [CE]  [FE]                      IllegalStateException      [CONTEXT]      case  Token.LE:  case  Token.GE:  case  Token.IN:  case  Token.INSTANCEOF:  case  Token.NOT:  return  true;  default:      [BUGGY]  return(n.getType()!=  Token.NAME)&  BooleanResultPredicate.UNKNOWN  :  BooleanResultPredicate.FALSE;  [BUGGY]      }  }  [CLASS]  NodeUtil  NumbericResultPredicate  BooleanResultPredicate  MayBeStringResultPredicate  VarCollector  MatchNameNode  MatchNodeType  MatchDeclaration  MatchNotFunction  MatchShallowStatement  [METHOD]  isBooleanResultHelper  [RETURN_TYPE]  boolean  Node  n  [VARIABLES]  BooleanResultPredicate  BOOLEAN_RESULT_PREDICATE  Set  BUILTIN_FUNCTIONS_WITHOUT_SIDEEFFECTS  CONSTRUCTORS_WITHOUT_SIDE_EFFECTS  OBJECT_METHODS_WITHOUT_SIDEEFFECTS  REGEXP_METHODS  STRING_REGEXP_METHODS  defines  emptySet  knownConstants  NumbericResultPredicate  NUMBERIC_RESULT_PREDICATE  boolean  MayBeStringResultPredicate  MAY_BE_STRING_PREDICATE  Node  n  String  JSC_PROPERTY_NAME_FN  childValue  name  namespaceName  rawJsString  s  value  Map  vars  int  c  end  nextSkipSlot  nextSlot  start  type  	projects/Closure80/src/com/google/javascript/jscomp/NodeUtil.java	0.4082482904638631	1264	1264	2	replace	return(n.getType()!=  Token.NAME)&  BooleanResultPredicate.UNKNOWN  :  BooleanResultPredicate.FALSE;	  return(n.getType()    ==    Token.NAME)&    BooleanResultPredicate.UNKNOWN    :    BooleanResultPredicate.FALSE;    	non-compiled	[CE]  	92	None	replace
624	[BUG]  [BUGGY]  return(n.getType()  ==  Token.FUNCTION)&  BooleanResultPredicate.UNKNOWN  :  BooleanResultPredicate.FALSE;  [CE]  [FE]                        IllegalStateException      [CONTEXT]      case  Token.LE:  case  Token.GE:  case  Token.IN:  case  Token.INSTANCEOF:  case  Token.NOT:  return  true;  default:      [BUGGY]  return(n.getType()  ==  Token.FUNCTION)&  BooleanResultPredicate.UNKNOWN  :  BooleanResultPredicate.FALSE;  [BUGGY]      }  }  [CLASS]  NodeUtil  NumbericResultPredicate  BooleanResultPredicate  MayBeStringResultPredicate  VarCollector  MatchNameNode  MatchNodeType  MatchDeclaration  MatchNotFunction  MatchShallowStatement  [METHOD]  isBooleanResultHelper  [RETURN_TYPE]  boolean  Node  n  [VARIABLES]  BooleanResultPredicate  BOOLEAN_RESULT_PREDICATE  Set  BUILTIN_FUNCTIONS_WITHOUT_SIDEEFFECTS  CONSTRUCTORS_WITHOUT_SIDE_EFFECTS  OBJECT_METHODS_WITHOUT_SIDEEFFECTS  REGEXP_METHODS  STRING_REGEXP_METHODS  defines  emptySet  knownConstants  NumbericResultPredicate  NUMBERIC_RESULT_PREDICATE  boolean  MayBeStringResultPredicate  MAY_BE_STRING_PREDICATE  Node  n  String  JSC_PROPERTY_NAME_FN  childValue  name  namespaceName  rawJsString  s  value  Map  vars  int  c  end  nextSkipSlot  nextSlot  start  type  	projects/Closure80/src/com/google/javascript/jscomp/NodeUtil.java	0.4082482904638631	1264	1264	2	replace	return(n.getType()  ==  Token.FUNCTION)&  BooleanResultPredicate.UNKNOWN  :  BooleanResultPredicate.FALSE;	  return(n.getType()    ==    Token.NAME)&    BooleanResultPredicate.UNKNOWN    :    BooleanResultPredicate.FALSE;    	non-compiled	[CE]  	92	None	replace
625	[BUG]  [BUGGY]  return(n.getType()  ==  Token.NAME)&  BooleanResultPredicate.UNKNOWN?  BooleanResultPredicate.FALSE  :  BooleanResultPredicate.EMPTY;  [CE]  [FE]                          IllegalStateException      [CONTEXT]      case  Token.LE:  case  Token.GE:  case  Token.IN:  case  Token.INSTANCEOF:  case  Token.NOT:  return  true;  default:      [BUGGY]  return(n.getType()  ==  Token.NAME)&  BooleanResultPredicate.UNKNOWN?  BooleanResultPredicate.FALSE  :  BooleanResultPredicate.EMPTY;  [BUGGY]      }  }  [CLASS]  NodeUtil  NumbericResultPredicate  BooleanResultPredicate  MayBeStringResultPredicate  VarCollector  MatchNameNode  MatchNodeType  MatchDeclaration  MatchNotFunction  MatchShallowStatement  [METHOD]  isBooleanResultHelper  [RETURN_TYPE]  boolean  Node  n  [VARIABLES]  BooleanResultPredicate  BOOLEAN_RESULT_PREDICATE  Set  BUILTIN_FUNCTIONS_WITHOUT_SIDEEFFECTS  CONSTRUCTORS_WITHOUT_SIDE_EFFECTS  OBJECT_METHODS_WITHOUT_SIDEEFFECTS  REGEXP_METHODS  STRING_REGEXP_METHODS  defines  emptySet  knownConstants  NumbericResultPredicate  NUMBERIC_RESULT_PREDICATE  boolean  MayBeStringResultPredicate  MAY_BE_STRING_PREDICATE  Node  n  String  JSC_PROPERTY_NAME_FN  childValue  name  namespaceName  rawJsString  s  value  Map  vars  int  c  end  nextSkipSlot  nextSlot  start  type  	projects/Closure80/src/com/google/javascript/jscomp/NodeUtil.java	0.4082482904638631	1264	1264	2	replace	return(n.getType()  ==  Token.NAME)&  BooleanResultPredicate.UNKNOWN?  BooleanResultPredicate.FALSE  :  BooleanResultPredicate.EMPTY;	  return(n.getType()    ==    Token.NAME)&    BooleanResultPredicate.UNKNOWN    :    BooleanResultPredicate.FALSE;    	non-compiled	[CE]  	92	None	replace
626	[BUG]  [BUGGY]  return(n.getType()  ==  Token.NAME)&  BooleanResultPredicate.UNKNOWN?  BooleanResultPredicate.FALSE  :  BooleanResultPredicate.FUNCTION;  [CE]  [FE]                            IllegalStateException      [CONTEXT]      case  Token.LE:  case  Token.GE:  case  Token.IN:  case  Token.INSTANCEOF:  case  Token.NOT:  return  true;  default:      [BUGGY]  return(n.getType()  ==  Token.NAME)&  BooleanResultPredicate.UNKNOWN?  BooleanResultPredicate.FALSE  :  BooleanResultPredicate.FUNCTION;  [BUGGY]      }  }  [CLASS]  NodeUtil  NumbericResultPredicate  BooleanResultPredicate  MayBeStringResultPredicate  VarCollector  MatchNameNode  MatchNodeType  MatchDeclaration  MatchNotFunction  MatchShallowStatement  [METHOD]  isBooleanResultHelper  [RETURN_TYPE]  boolean  Node  n  [VARIABLES]  BooleanResultPredicate  BOOLEAN_RESULT_PREDICATE  Set  BUILTIN_FUNCTIONS_WITHOUT_SIDEEFFECTS  CONSTRUCTORS_WITHOUT_SIDE_EFFECTS  OBJECT_METHODS_WITHOUT_SIDEEFFECTS  REGEXP_METHODS  STRING_REGEXP_METHODS  defines  emptySet  knownConstants  NumbericResultPredicate  NUMBERIC_RESULT_PREDICATE  boolean  MayBeStringResultPredicate  MAY_BE_STRING_PREDICATE  Node  n  String  JSC_PROPERTY_NAME_FN  childValue  name  namespaceName  rawJsString  s  value  Map  vars  int  c  end  nextSkipSlot  nextSlot  start  type  	projects/Closure80/src/com/google/javascript/jscomp/NodeUtil.java	0.4082482904638631	1264	1264	2	replace	return(n.getType()  ==  Token.NAME)&  BooleanResultPredicate.UNKNOWN?  BooleanResultPredicate.FALSE  :  BooleanResultPredicate.FUNCTION;	  return(n.getType()    ==    Token.NAME)&    BooleanResultPredicate.UNKNOWN    :    BooleanResultPredicate.FALSE;    	non-compiled	[CE]  	92	None	replace
627	[BUG]  [BUGGY]  Preconditions.checkState(NodeUtil.isFunctionDeclaration(n)||  NodeUtil.isStatementBlock(n))  {  return  false;  }  [CE]  [FE]                  IllegalStateException      [CONTEXT]      case  Token.LE:  case  Token.GE:  case  Token.IN:  case  Token.INSTANCEOF:  case  Token.NOT:  return  true;  default:      [BUGGY]  Preconditions.checkState(NodeUtil.isFunctionDeclaration(n)||  NodeUtil.isStatementBlock(n))  {  return  false;  }  [BUGGY]      }  }  [CLASS]  NodeUtil  NumbericResultPredicate  BooleanResultPredicate  MayBeStringResultPredicate  VarCollector  MatchNameNode  MatchNodeType  MatchDeclaration  MatchNotFunction  MatchShallowStatement  [METHOD]  isBooleanResultHelper  [RETURN_TYPE]  boolean  Node  n  [VARIABLES]  BooleanResultPredicate  BOOLEAN_RESULT_PREDICATE  Set  BUILTIN_FUNCTIONS_WITHOUT_SIDEEFFECTS  CONSTRUCTORS_WITHOUT_SIDE_EFFECTS  OBJECT_METHODS_WITHOUT_SIDEEFFECTS  REGEXP_METHODS  STRING_REGEXP_METHODS  defines  emptySet  knownConstants  NumbericResultPredicate  NUMBERIC_RESULT_PREDICATE  boolean  MayBeStringResultPredicate  MAY_BE_STRING_PREDICATE  Node  n  String  JSC_PROPERTY_NAME_FN  childValue  name  namespaceName  rawJsString  s  value  Map  vars  int  c  end  nextSkipSlot  nextSlot  start  type  	projects/Closure80/src/com/google/javascript/jscomp/NodeUtil.java	0.4082482904638631	1264	1264	2	replace	Preconditions.checkState(NodeUtil.isFunctionDeclaration(n)||  NodeUtil.isStatementBlock(n))  {  return  false;  }	  if(NodeUtil.isFunctionDeclaration(n)||    NodeUtil.isStatementBlock(n))    {    return    false;    }    	non-compiled	[CE]  	106	None	replace
628	[BUG]  [BUGGY]  NodeUtil.isFunctionAnonymous(n)&&  NodeUtil.mayHaveSideEffects(n))  {  return  true;  }  [CE]  [FE]              IllegalStateException      [CONTEXT]      case  Token.LE:  case  Token.GE:  case  Token.IN:  case  Token.INSTANCEOF:  case  Token.NOT:  return  true;  default:      [BUGGY]  NodeUtil.isFunctionAnonymous(n)&&  NodeUtil.mayHaveSideEffects(n))  {  return  true;  }  [BUGGY]      }  }  [CLASS]  NodeUtil  NumbericResultPredicate  BooleanResultPredicate  MayBeStringResultPredicate  VarCollector  MatchNameNode  MatchNodeType  MatchDeclaration  MatchNotFunction  MatchShallowStatement  [METHOD]  isBooleanResultHelper  [RETURN_TYPE]  boolean  Node  n  [VARIABLES]  BooleanResultPredicate  BOOLEAN_RESULT_PREDICATE  Set  BUILTIN_FUNCTIONS_WITHOUT_SIDEEFFECTS  CONSTRUCTORS_WITHOUT_SIDE_EFFECTS  OBJECT_METHODS_WITHOUT_SIDEEFFECTS  REGEXP_METHODS  STRING_REGEXP_METHODS  defines  emptySet  knownConstants  NumbericResultPredicate  NUMBERIC_RESULT_PREDICATE  boolean  MayBeStringResultPredicate  MAY_BE_STRING_PREDICATE  Node  n  String  JSC_PROPERTY_NAME_FN  childValue  name  namespaceName  rawJsString  s  value  Map  vars  int  c  end  nextSkipSlot  nextSlot  start  type  	projects/Closure80/src/com/google/javascript/jscomp/NodeUtil.java	0.4082482904638631	1264	1264	2	replace	NodeUtil.isFunctionAnonymous(n)&&  NodeUtil.mayHaveSideEffects(n))  {  return  true;  }	  NodeUtil.isFunctionAnonymous(n)&&    NodeUtil.isFunctionAnonymous(n))    {    return    true;    }    	non-compiled	[CE]  	110	None	replace
629	[BUG]  [BUGGY]  NodeUtil.isLhs(n)&&  NodeUtil.isFunctionAnonymous(n))  {  return  true;  }  [CE]  [FE]                IllegalStateException      [CONTEXT]      case  Token.LE:  case  Token.GE:  case  Token.IN:  case  Token.INSTANCEOF:  case  Token.NOT:  return  true;  default:      [BUGGY]  NodeUtil.isLhs(n)&&  NodeUtil.isFunctionAnonymous(n))  {  return  true;  }  [BUGGY]      }  }  [CLASS]  NodeUtil  NumbericResultPredicate  BooleanResultPredicate  MayBeStringResultPredicate  VarCollector  MatchNameNode  MatchNodeType  MatchDeclaration  MatchNotFunction  MatchShallowStatement  [METHOD]  isBooleanResultHelper  [RETURN_TYPE]  boolean  Node  n  [VARIABLES]  BooleanResultPredicate  BOOLEAN_RESULT_PREDICATE  Set  BUILTIN_FUNCTIONS_WITHOUT_SIDEEFFECTS  CONSTRUCTORS_WITHOUT_SIDE_EFFECTS  OBJECT_METHODS_WITHOUT_SIDEEFFECTS  REGEXP_METHODS  STRING_REGEXP_METHODS  defines  emptySet  knownConstants  NumbericResultPredicate  NUMBERIC_RESULT_PREDICATE  boolean  MayBeStringResultPredicate  MAY_BE_STRING_PREDICATE  Node  n  String  JSC_PROPERTY_NAME_FN  childValue  name  namespaceName  rawJsString  s  value  Map  vars  int  c  end  nextSkipSlot  nextSlot  start  type  	projects/Closure80/src/com/google/javascript/jscomp/NodeUtil.java	0.4082482904638631	1264	1264	2	replace	NodeUtil.isLhs(n)&&  NodeUtil.isFunctionAnonymous(n))  {  return  true;  }	  NodeUtil.isFunctionAnonymous(n)&&    NodeUtil.isFunctionAnonymous(n))    {    return    true;    }    	non-compiled	[CE]  	110	None	replace
630	[BUG]  [BUGGY]  n  =  n.getFirstChild();  [CE]  [FE]            IllegalStateException      [CONTEXT]      case  Token.LE:  case  Token.GE:  case  Token.IN:  case  Token.INSTANCEOF:  case  Token.NOT:  return  true;  default:      [BUGGY]  n  =  n.getFirstChild();  [BUGGY]      }  }  [CLASS]  NodeUtil  NumbericResultPredicate  BooleanResultPredicate  MayBeStringResultPredicate  VarCollector  MatchNameNode  MatchNodeType  MatchDeclaration  MatchNotFunction  MatchShallowStatement  [METHOD]  isBooleanResultHelper  [RETURN_TYPE]  boolean  Node  n  [VARIABLES]  BooleanResultPredicate  BOOLEAN_RESULT_PREDICATE  Set  BUILTIN_FUNCTIONS_WITHOUT_SIDEEFFECTS  CONSTRUCTORS_WITHOUT_SIDE_EFFECTS  OBJECT_METHODS_WITHOUT_SIDEEFFECTS  REGEXP_METHODS  STRING_REGEXP_METHODS  defines  emptySet  knownConstants  NumbericResultPredicate  NUMBERIC_RESULT_PREDICATE  boolean  MayBeStringResultPredicate  MAY_BE_STRING_PREDICATE  Node  n  String  JSC_PROPERTY_NAME_FN  childValue  name  namespaceName  rawJsString  s  value  Map  vars  int  c  end  nextSkipSlot  nextSlot  start  type  	projects/Closure80/src/com/google/javascript/jscomp/NodeUtil.java	0.4082482904638631	1264	1264	2	replace	n  =  n.getFirstChild();	  if(n.getType()    ==    Token.FUNCTION    ||    n.getType()    ==    Token.STRING)    {    return    false;    }    	non-compiled	[CE]  	102	None	replace
631	[BUG]  [BUGGY]  n.getType()  ==  Token.FUNCTION  ||  n.getType()!=  Token.STRING)  {  return  false;  }  [CE]  [FE]              IllegalStateException      [CONTEXT]      case  Token.LE:  case  Token.GE:  case  Token.IN:  case  Token.INSTANCEOF:  case  Token.NOT:  return  true;  default:      [BUGGY]  n.getType()  ==  Token.FUNCTION  ||  n.getType()!=  Token.STRING)  {  return  false;  }  [BUGGY]      }  }  [CLASS]  NodeUtil  NumbericResultPredicate  BooleanResultPredicate  MayBeStringResultPredicate  VarCollector  MatchNameNode  MatchNodeType  MatchDeclaration  MatchNotFunction  MatchShallowStatement  [METHOD]  isBooleanResultHelper  [RETURN_TYPE]  boolean  Node  n  [VARIABLES]  BooleanResultPredicate  BOOLEAN_RESULT_PREDICATE  Set  BUILTIN_FUNCTIONS_WITHOUT_SIDEEFFECTS  CONSTRUCTORS_WITHOUT_SIDE_EFFECTS  OBJECT_METHODS_WITHOUT_SIDEEFFECTS  REGEXP_METHODS  STRING_REGEXP_METHODS  defines  emptySet  knownConstants  NumbericResultPredicate  NUMBERIC_RESULT_PREDICATE  boolean  MayBeStringResultPredicate  MAY_BE_STRING_PREDICATE  Node  n  String  JSC_PROPERTY_NAME_FN  childValue  name  namespaceName  rawJsString  s  value  Map  vars  int  c  end  nextSkipSlot  nextSlot  start  type  	projects/Closure80/src/com/google/javascript/jscomp/NodeUtil.java	0.4082482904638631	1264	1264	2	replace	n.getType()  ==  Token.FUNCTION  ||  n.getType()!=  Token.STRING)  {  return  false;  }	  if(n.getType()    ==    Token.FUNCTION    ||    n.getType()    ==    Token.STRING)    {    return    false;    }    	non-compiled	[CE]  	102	None	replace
632	[BUG]  [BUGGY]  return(n  >=  null)?  BooleanResultPredicate.FALSE  :  BooleanResultPredicate.TRUE;  [CE]  [FE]                      IllegalStateException      [CONTEXT]      case  Token.LE:  case  Token.GE:  case  Token.IN:  case  Token.INSTANCEOF:  case  Token.NOT:  return  true;  default:      [BUGGY]  return(n  >=  null)?  BooleanResultPredicate.FALSE  :  BooleanResultPredicate.TRUE;  [BUGGY]      }  }  [CLASS]  NodeUtil  NumbericResultPredicate  BooleanResultPredicate  MayBeStringResultPredicate  VarCollector  MatchNameNode  MatchNodeType  MatchDeclaration  MatchNotFunction  MatchShallowStatement  [METHOD]  isBooleanResultHelper  [RETURN_TYPE]  boolean  Node  n  [VARIABLES]  BooleanResultPredicate  BOOLEAN_RESULT_PREDICATE  Set  BUILTIN_FUNCTIONS_WITHOUT_SIDEEFFECTS  CONSTRUCTORS_WITHOUT_SIDE_EFFECTS  OBJECT_METHODS_WITHOUT_SIDEEFFECTS  REGEXP_METHODS  STRING_REGEXP_METHODS  defines  emptySet  knownConstants  NumbericResultPredicate  NUMBERIC_RESULT_PREDICATE  boolean  MayBeStringResultPredicate  MAY_BE_STRING_PREDICATE  Node  n  String  JSC_PROPERTY_NAME_FN  childValue  name  namespaceName  rawJsString  s  value  Map  vars  int  c  end  nextSkipSlot  nextSlot  start  type  	projects/Closure80/src/com/google/javascript/jscomp/NodeUtil.java	0.4082482904638631	1264	1264	2	replace	return(n  >=  null)?  BooleanResultPredicate.FALSE  :  BooleanResultPredicate.TRUE;	  return(n!=    null)?    BooleanResultPredicate.FALSE    :    BooleanResultPredicate.TRUE;    	non-compiled	[CE]  	94	None	replace
633	[BUG]  [BUGGY]  while(n.getType()!=  Token.FUNCTION)  {  return  true;  }  [CE]  [FE]                IllegalStateException      [CONTEXT]      case  Token.LE:  case  Token.GE:  case  Token.IN:  case  Token.INSTANCEOF:  case  Token.NOT:  return  true;  default:      [BUGGY]  while(n.getType()!=  Token.FUNCTION)  {  return  true;  }  [BUGGY]      }  }  [CLASS]  NodeUtil  NumbericResultPredicate  BooleanResultPredicate  MayBeStringResultPredicate  VarCollector  MatchNameNode  MatchNodeType  MatchDeclaration  MatchNotFunction  MatchShallowStatement  [METHOD]  isBooleanResultHelper  [RETURN_TYPE]  boolean  Node  n  [VARIABLES]  BooleanResultPredicate  BOOLEAN_RESULT_PREDICATE  Set  BUILTIN_FUNCTIONS_WITHOUT_SIDEEFFECTS  CONSTRUCTORS_WITHOUT_SIDE_EFFECTS  OBJECT_METHODS_WITHOUT_SIDEEFFECTS  REGEXP_METHODS  STRING_REGEXP_METHODS  defines  emptySet  knownConstants  NumbericResultPredicate  NUMBERIC_RESULT_PREDICATE  boolean  MayBeStringResultPredicate  MAY_BE_STRING_PREDICATE  Node  n  String  JSC_PROPERTY_NAME_FN  childValue  name  namespaceName  rawJsString  s  value  Map  vars  int  c  end  nextSkipSlot  nextSlot  start  type  	projects/Closure80/src/com/google/javascript/jscomp/NodeUtil.java	0.4082482904638631	1264	1264	2	replace	while(n.getType()!=  Token.FUNCTION)  {  return  true;  }	  if(n.getType()!=    Token.FUNCTION)    {    return    true;    }    	non-compiled	[CE]  	119	None	replace
634	[BUG]  [BUGGY]  n.setType(Token.FUNCTION);  return  true;  [CE]  [FE]                  IllegalStateException      [CONTEXT]      case  Token.LE:  case  Token.GE:  case  Token.IN:  case  Token.INSTANCEOF:  case  Token.NOT:  return  true;  default:      [BUGGY]  n.setType(Token.FUNCTION);  return  true;  [BUGGY]      }  }  [CLASS]  NodeUtil  NumbericResultPredicate  BooleanResultPredicate  MayBeStringResultPredicate  VarCollector  MatchNameNode  MatchNodeType  MatchDeclaration  MatchNotFunction  MatchShallowStatement  [METHOD]  isBooleanResultHelper  [RETURN_TYPE]  boolean  Node  n  [VARIABLES]  BooleanResultPredicate  BOOLEAN_RESULT_PREDICATE  Set  BUILTIN_FUNCTIONS_WITHOUT_SIDEEFFECTS  CONSTRUCTORS_WITHOUT_SIDE_EFFECTS  OBJECT_METHODS_WITHOUT_SIDEEFFECTS  REGEXP_METHODS  STRING_REGEXP_METHODS  defines  emptySet  knownConstants  NumbericResultPredicate  NUMBERIC_RESULT_PREDICATE  boolean  MayBeStringResultPredicate  MAY_BE_STRING_PREDICATE  Node  n  String  JSC_PROPERTY_NAME_FN  childValue  name  namespaceName  rawJsString  s  value  Map  vars  int  c  end  nextSkipSlot  nextSlot  start  type  	projects/Closure80/src/com/google/javascript/jscomp/NodeUtil.java	0.4082482904638631	1264	1264	2	replace	n.setType(Token.FUNCTION);  return  true;	  if(n.getType()!=    Token.FUNCTION)    {    return    true;    }    	non-compiled	[CE]  	119	None	replace
635	[BUG]  [BUGGY]  return(n.getType()  ==  Token.NAME)?  BooleanResultPredicate.EMPTY  :  BooleanResultPredicate.TRUE;  [CE]  [FE]                  IllegalStateException      [CONTEXT]      case  Token.LE:  case  Token.GE:  case  Token.IN:  case  Token.INSTANCEOF:  case  Token.NOT:  return  true;  default:      [BUGGY]  return(n.getType()  ==  Token.NAME)?  BooleanResultPredicate.EMPTY  :  BooleanResultPredicate.TRUE;  [BUGGY]      }  }  [CLASS]  NodeUtil  NumbericResultPredicate  BooleanResultPredicate  MayBeStringResultPredicate  VarCollector  MatchNameNode  MatchNodeType  MatchDeclaration  MatchNotFunction  MatchShallowStatement  [METHOD]  isBooleanResultHelper  [RETURN_TYPE]  boolean  Node  n  [VARIABLES]  BooleanResultPredicate  BOOLEAN_RESULT_PREDICATE  Set  BUILTIN_FUNCTIONS_WITHOUT_SIDEEFFECTS  CONSTRUCTORS_WITHOUT_SIDE_EFFECTS  OBJECT_METHODS_WITHOUT_SIDEEFFECTS  REGEXP_METHODS  STRING_REGEXP_METHODS  defines  emptySet  knownConstants  NumbericResultPredicate  NUMBERIC_RESULT_PREDICATE  boolean  MayBeStringResultPredicate  MAY_BE_STRING_PREDICATE  Node  n  String  JSC_PROPERTY_NAME_FN  childValue  name  namespaceName  rawJsString  s  value  Map  vars  int  c  end  nextSkipSlot  nextSlot  start  type  	projects/Closure80/src/com/google/javascript/jscomp/NodeUtil.java	0.4082482904638631	1264	1264	2	replace	return(n.getType()  ==  Token.NAME)?  BooleanResultPredicate.EMPTY  :  BooleanResultPredicate.TRUE;	  return(n.getType()    ==    Token.NAME)?    BooleanResultPredicate.EMPTY    :    BooleanResultPredicate.FALSE;    	non-compiled	[CE]  	162	None	replace
636	[BUG]  [BUGGY]  return(n.getType()  ==  Token.NAME)&&  BooleanResultPredicate.UNKNOWN  :  BooleanResultPredicate.BOOLEAN;  [CE]  [FE]                  IllegalStateException      [CONTEXT]      case  Token.LE:  case  Token.GE:  case  Token.IN:  case  Token.INSTANCEOF:  case  Token.NOT:  return  true;  default:      [BUGGY]  return(n.getType()  ==  Token.NAME)&&  BooleanResultPredicate.UNKNOWN  :  BooleanResultPredicate.BOOLEAN;  [BUGGY]      }  }  [CLASS]  NodeUtil  NumbericResultPredicate  BooleanResultPredicate  MayBeStringResultPredicate  VarCollector  MatchNameNode  MatchNodeType  MatchDeclaration  MatchNotFunction  MatchShallowStatement  [METHOD]  isBooleanResultHelper  [RETURN_TYPE]  boolean  Node  n  [VARIABLES]  BooleanResultPredicate  BOOLEAN_RESULT_PREDICATE  Set  BUILTIN_FUNCTIONS_WITHOUT_SIDEEFFECTS  CONSTRUCTORS_WITHOUT_SIDE_EFFECTS  OBJECT_METHODS_WITHOUT_SIDEEFFECTS  REGEXP_METHODS  STRING_REGEXP_METHODS  defines  emptySet  knownConstants  NumbericResultPredicate  NUMBERIC_RESULT_PREDICATE  boolean  MayBeStringResultPredicate  MAY_BE_STRING_PREDICATE  Node  n  String  JSC_PROPERTY_NAME_FN  childValue  name  namespaceName  rawJsString  s  value  Map  vars  int  c  end  nextSkipSlot  nextSlot  start  type  	projects/Closure80/src/com/google/javascript/jscomp/NodeUtil.java	0.4082482904638631	1264	1264	2	replace	return(n.getType()  ==  Token.NAME)&&  BooleanResultPredicate.UNKNOWN  :  BooleanResultPredicate.BOOLEAN;	  return(n.getType()    ==    Token.NAME)&&    BooleanResultPredicate.UNKNOWN    :    BooleanResultPredicate.UNKNOWN;    	non-compiled	[CE]  	38	None	replace
637	[BUG]  [BUGGY]  return(n.getType()  ==  Token.NAME)&  BooleanResultPredicate.UNKNOWN  :  BooleanResultPredicate.FIELD;  [CE]  [FE]                    IllegalStateException      [CONTEXT]      case  Token.LE:  case  Token.GE:  case  Token.IN:  case  Token.INSTANCEOF:  case  Token.NOT:  return  true;  default:      [BUGGY]  return(n.getType()  ==  Token.NAME)&  BooleanResultPredicate.UNKNOWN  :  BooleanResultPredicate.FIELD;  [BUGGY]      }  }  [CLASS]  NodeUtil  NumbericResultPredicate  BooleanResultPredicate  MayBeStringResultPredicate  VarCollector  MatchNameNode  MatchNodeType  MatchDeclaration  MatchNotFunction  MatchShallowStatement  [METHOD]  isBooleanResultHelper  [RETURN_TYPE]  boolean  Node  n  [VARIABLES]  BooleanResultPredicate  BOOLEAN_RESULT_PREDICATE  Set  BUILTIN_FUNCTIONS_WITHOUT_SIDEEFFECTS  CONSTRUCTORS_WITHOUT_SIDE_EFFECTS  OBJECT_METHODS_WITHOUT_SIDEEFFECTS  REGEXP_METHODS  STRING_REGEXP_METHODS  defines  emptySet  knownConstants  NumbericResultPredicate  NUMBERIC_RESULT_PREDICATE  boolean  MayBeStringResultPredicate  MAY_BE_STRING_PREDICATE  Node  n  String  JSC_PROPERTY_NAME_FN  childValue  name  namespaceName  rawJsString  s  value  Map  vars  int  c  end  nextSkipSlot  nextSlot  start  type  	projects/Closure80/src/com/google/javascript/jscomp/NodeUtil.java	0.4082482904638631	1264	1264	2	replace	return(n.getType()  ==  Token.NAME)&  BooleanResultPredicate.UNKNOWN  :  BooleanResultPredicate.FIELD;	  return(n.getType()    ==    Token.NAME)&    BooleanResultPredicate.UNKNOWN    :    BooleanResultPredicate.FALSE;    	non-compiled	[CE]  	92	None	replace
638	[BUG]  [BUGGY]  return(n.getType()  ==  Token.NAME)&  BooleanResultPredicate.UNKNOWN  :  BooleanResultPredicate.FUNCTION;  [CE]  [FE]                      IllegalStateException      [CONTEXT]      case  Token.LE:  case  Token.GE:  case  Token.IN:  case  Token.INSTANCEOF:  case  Token.NOT:  return  true;  default:      [BUGGY]  return(n.getType()  ==  Token.NAME)&  BooleanResultPredicate.UNKNOWN  :  BooleanResultPredicate.FUNCTION;  [BUGGY]      }  }  [CLASS]  NodeUtil  NumbericResultPredicate  BooleanResultPredicate  MayBeStringResultPredicate  VarCollector  MatchNameNode  MatchNodeType  MatchDeclaration  MatchNotFunction  MatchShallowStatement  [METHOD]  isBooleanResultHelper  [RETURN_TYPE]  boolean  Node  n  [VARIABLES]  BooleanResultPredicate  BOOLEAN_RESULT_PREDICATE  Set  BUILTIN_FUNCTIONS_WITHOUT_SIDEEFFECTS  CONSTRUCTORS_WITHOUT_SIDE_EFFECTS  OBJECT_METHODS_WITHOUT_SIDEEFFECTS  REGEXP_METHODS  STRING_REGEXP_METHODS  defines  emptySet  knownConstants  NumbericResultPredicate  NUMBERIC_RESULT_PREDICATE  boolean  MayBeStringResultPredicate  MAY_BE_STRING_PREDICATE  Node  n  String  JSC_PROPERTY_NAME_FN  childValue  name  namespaceName  rawJsString  s  value  Map  vars  int  c  end  nextSkipSlot  nextSlot  start  type  	projects/Closure80/src/com/google/javascript/jscomp/NodeUtil.java	0.4082482904638631	1264	1264	2	replace	return(n.getType()  ==  Token.NAME)&  BooleanResultPredicate.UNKNOWN  :  BooleanResultPredicate.FUNCTION;	  return(n.getType()    ==    Token.NAME)&    BooleanResultPredicate.UNKNOWN    :    BooleanResultPredicate.FALSE;    	non-compiled	[CE]  	92	None	replace
639	[BUG]  [BUGGY]  return(n.getType()  ==  Token.NAME)&  BooleanResultPredicate.UNKNOWN  ||  BooleanResultPredicate.FALSE;  [CE]  [FE]                        IllegalStateException      [CONTEXT]      case  Token.LE:  case  Token.GE:  case  Token.IN:  case  Token.INSTANCEOF:  case  Token.NOT:  return  true;  default:      [BUGGY]  return(n.getType()  ==  Token.NAME)&  BooleanResultPredicate.UNKNOWN  ||  BooleanResultPredicate.FALSE;  [BUGGY]      }  }  [CLASS]  NodeUtil  NumbericResultPredicate  BooleanResultPredicate  MayBeStringResultPredicate  VarCollector  MatchNameNode  MatchNodeType  MatchDeclaration  MatchNotFunction  MatchShallowStatement  [METHOD]  isBooleanResultHelper  [RETURN_TYPE]  boolean  Node  n  [VARIABLES]  BooleanResultPredicate  BOOLEAN_RESULT_PREDICATE  Set  BUILTIN_FUNCTIONS_WITHOUT_SIDEEFFECTS  CONSTRUCTORS_WITHOUT_SIDE_EFFECTS  OBJECT_METHODS_WITHOUT_SIDEEFFECTS  REGEXP_METHODS  STRING_REGEXP_METHODS  defines  emptySet  knownConstants  NumbericResultPredicate  NUMBERIC_RESULT_PREDICATE  boolean  MayBeStringResultPredicate  MAY_BE_STRING_PREDICATE  Node  n  String  JSC_PROPERTY_NAME_FN  childValue  name  namespaceName  rawJsString  s  value  Map  vars  int  c  end  nextSkipSlot  nextSlot  start  type  	projects/Closure80/src/com/google/javascript/jscomp/NodeUtil.java	0.4082482904638631	1264	1264	2	replace	return(n.getType()  ==  Token.NAME)&  BooleanResultPredicate.UNKNOWN  ||  BooleanResultPredicate.FALSE;	  return(n.getType()    ==    Token.NAME)&    BooleanResultPredicate.UNKNOWN    :    BooleanResultPredicate.FALSE;    	non-compiled	[CE]  	92	None	replace
640	[BUG]  [BUGGY]  ||  NodeUtil.isLhs(n))  {  return  false;  }  [CE]  [FE]                      IllegalStateException      [CONTEXT]      case  Token.LE:  case  Token.GE:  case  Token.IN:  case  Token.INSTANCEOF:  case  Token.NOT:  return  true;  default:      [BUGGY]  ||  NodeUtil.isLhs(n))  {  return  false;  }  [BUGGY]      }  }  [CLASS]  NodeUtil  NumbericResultPredicate  BooleanResultPredicate  MayBeStringResultPredicate  VarCollector  MatchNameNode  MatchNodeType  MatchDeclaration  MatchNotFunction  MatchShallowStatement  [METHOD]  isBooleanResultHelper  [RETURN_TYPE]  boolean  Node  n  [VARIABLES]  BooleanResultPredicate  BOOLEAN_RESULT_PREDICATE  Set  BUILTIN_FUNCTIONS_WITHOUT_SIDEEFFECTS  CONSTRUCTORS_WITHOUT_SIDE_EFFECTS  OBJECT_METHODS_WITHOUT_SIDEEFFECTS  REGEXP_METHODS  STRING_REGEXP_METHODS  defines  emptySet  knownConstants  NumbericResultPredicate  NUMBERIC_RESULT_PREDICATE  boolean  MayBeStringResultPredicate  MAY_BE_STRING_PREDICATE  Node  n  String  JSC_PROPERTY_NAME_FN  childValue  name  namespaceName  rawJsString  s  value  Map  vars  int  c  end  nextSkipSlot  nextSlot  start  type  	projects/Closure80/src/com/google/javascript/jscomp/NodeUtil.java	0.4082482904638631	1264	1264	2	replace	||  NodeUtil.isLhs(n))  {  return  false;  }	  ||    NodeUtil.isFunctionBoolean(n))    {    return    false;    }    	non-compiled	[CE]  	79	None	replace
641	[BUG]  [BUGGY]  ||  NodeUtil.isBoolean(n))  {  return  true;  }  [CE]  [FE]                        IllegalStateException      [CONTEXT]      case  Token.LE:  case  Token.GE:  case  Token.IN:  case  Token.INSTANCEOF:  case  Token.NOT:  return  true;  default:      [BUGGY]  ||  NodeUtil.isBoolean(n))  {  return  true;  }  [BUGGY]      }  }  [CLASS]  NodeUtil  NumbericResultPredicate  BooleanResultPredicate  MayBeStringResultPredicate  VarCollector  MatchNameNode  MatchNodeType  MatchDeclaration  MatchNotFunction  MatchShallowStatement  [METHOD]  isBooleanResultHelper  [RETURN_TYPE]  boolean  Node  n  [VARIABLES]  BooleanResultPredicate  BOOLEAN_RESULT_PREDICATE  Set  BUILTIN_FUNCTIONS_WITHOUT_SIDEEFFECTS  CONSTRUCTORS_WITHOUT_SIDE_EFFECTS  OBJECT_METHODS_WITHOUT_SIDEEFFECTS  REGEXP_METHODS  STRING_REGEXP_METHODS  defines  emptySet  knownConstants  NumbericResultPredicate  NUMBERIC_RESULT_PREDICATE  boolean  MayBeStringResultPredicate  MAY_BE_STRING_PREDICATE  Node  n  String  JSC_PROPERTY_NAME_FN  childValue  name  namespaceName  rawJsString  s  value  Map  vars  int  c  end  nextSkipSlot  nextSlot  start  type  	projects/Closure80/src/com/google/javascript/jscomp/NodeUtil.java	0.4082482904638631	1264	1264	2	replace	||  NodeUtil.isBoolean(n))  {  return  true;  }	  ||    NodeUtil.isFunctionBoolean(n))    {    return    false;    }    	non-compiled	[CE]  	79	None	replace
642	[BUG]  [BUGGY]  NodeUtil.isFunctionAnonymous(n)||  NodeUtil.mayHaveSideEffects(n))  {  return  false;  }  [CE]  [FE]                    IllegalStateException      [CONTEXT]      case  Token.LE:  case  Token.GE:  case  Token.IN:  case  Token.INSTANCEOF:  case  Token.NOT:  return  true;  default:      [BUGGY]  NodeUtil.isFunctionAnonymous(n)||  NodeUtil.mayHaveSideEffects(n))  {  return  false;  }  [BUGGY]      }  }  [CLASS]  NodeUtil  NumbericResultPredicate  BooleanResultPredicate  MayBeStringResultPredicate  VarCollector  MatchNameNode  MatchNodeType  MatchDeclaration  MatchNotFunction  MatchShallowStatement  [METHOD]  isBooleanResultHelper  [RETURN_TYPE]  boolean  Node  n  [VARIABLES]  BooleanResultPredicate  BOOLEAN_RESULT_PREDICATE  Set  BUILTIN_FUNCTIONS_WITHOUT_SIDEEFFECTS  CONSTRUCTORS_WITHOUT_SIDE_EFFECTS  OBJECT_METHODS_WITHOUT_SIDEEFFECTS  REGEXP_METHODS  STRING_REGEXP_METHODS  defines  emptySet  knownConstants  NumbericResultPredicate  NUMBERIC_RESULT_PREDICATE  boolean  MayBeStringResultPredicate  MAY_BE_STRING_PREDICATE  Node  n  String  JSC_PROPERTY_NAME_FN  childValue  name  namespaceName  rawJsString  s  value  Map  vars  int  c  end  nextSkipSlot  nextSlot  start  type  	projects/Closure80/src/com/google/javascript/jscomp/NodeUtil.java	0.4082482904638631	1264	1264	2	replace	NodeUtil.isFunctionAnonymous(n)||  NodeUtil.mayHaveSideEffects(n))  {  return  false;  }	  NodeUtil.isFunctionAnonymous(n)||    NodeUtil.isFunctionBoolean(n))    {    return    false;    }    	non-compiled	[CE]  	78	None	replace
643	[BUG]  [BUGGY]  NodeUtil.isLhs(n)||  NodeUtil.isFunctionBoolean(n))  {  return  false;  }  [CE]  [FE]                      IllegalStateException      [CONTEXT]      case  Token.LE:  case  Token.GE:  case  Token.IN:  case  Token.INSTANCEOF:  case  Token.NOT:  return  true;  default:      [BUGGY]  NodeUtil.isLhs(n)||  NodeUtil.isFunctionBoolean(n))  {  return  false;  }  [BUGGY]      }  }  [CLASS]  NodeUtil  NumbericResultPredicate  BooleanResultPredicate  MayBeStringResultPredicate  VarCollector  MatchNameNode  MatchNodeType  MatchDeclaration  MatchNotFunction  MatchShallowStatement  [METHOD]  isBooleanResultHelper  [RETURN_TYPE]  boolean  Node  n  [VARIABLES]  BooleanResultPredicate  BOOLEAN_RESULT_PREDICATE  Set  BUILTIN_FUNCTIONS_WITHOUT_SIDEEFFECTS  CONSTRUCTORS_WITHOUT_SIDE_EFFECTS  OBJECT_METHODS_WITHOUT_SIDEEFFECTS  REGEXP_METHODS  STRING_REGEXP_METHODS  defines  emptySet  knownConstants  NumbericResultPredicate  NUMBERIC_RESULT_PREDICATE  boolean  MayBeStringResultPredicate  MAY_BE_STRING_PREDICATE  Node  n  String  JSC_PROPERTY_NAME_FN  childValue  name  namespaceName  rawJsString  s  value  Map  vars  int  c  end  nextSkipSlot  nextSlot  start  type  	projects/Closure80/src/com/google/javascript/jscomp/NodeUtil.java	0.4082482904638631	1264	1264	2	replace	NodeUtil.isLhs(n)||  NodeUtil.isFunctionBoolean(n))  {  return  false;  }	  NodeUtil.isFunctionAnonymous(n)||    NodeUtil.isFunctionBoolean(n))    {    return    false;    }    	non-compiled	[CE]  	78	None	replace
644	[BUG]  [BUGGY]  return(n!=  null)?  BooleanResultPredicate.FALSE  :  BooleanResultPredicate.BOOLEAN;  [CE]  [FE]                            IllegalStateException      [CONTEXT]      case  Token.LE:  case  Token.GE:  case  Token.IN:  case  Token.INSTANCEOF:  case  Token.NOT:  return  true;  default:      [BUGGY]  return(n!=  null)?  BooleanResultPredicate.FALSE  :  BooleanResultPredicate.BOOLEAN;  [BUGGY]      }  }  [CLASS]  NodeUtil  NumbericResultPredicate  BooleanResultPredicate  MayBeStringResultPredicate  VarCollector  MatchNameNode  MatchNodeType  MatchDeclaration  MatchNotFunction  MatchShallowStatement  [METHOD]  isBooleanResultHelper  [RETURN_TYPE]  boolean  Node  n  [VARIABLES]  BooleanResultPredicate  BOOLEAN_RESULT_PREDICATE  Set  BUILTIN_FUNCTIONS_WITHOUT_SIDEEFFECTS  CONSTRUCTORS_WITHOUT_SIDE_EFFECTS  OBJECT_METHODS_WITHOUT_SIDEEFFECTS  REGEXP_METHODS  STRING_REGEXP_METHODS  defines  emptySet  knownConstants  NumbericResultPredicate  NUMBERIC_RESULT_PREDICATE  boolean  MayBeStringResultPredicate  MAY_BE_STRING_PREDICATE  Node  n  String  JSC_PROPERTY_NAME_FN  childValue  name  namespaceName  rawJsString  s  value  Map  vars  int  c  end  nextSkipSlot  nextSlot  start  type  	projects/Closure80/src/com/google/javascript/jscomp/NodeUtil.java	0.4082482904638631	1264	1264	2	replace	return(n!=  null)?  BooleanResultPredicate.FALSE  :  BooleanResultPredicate.BOOLEAN;	  return(n.getType()!=    Token.NAME)?    BooleanResultPredicate.FALSE    :    BooleanResultPredicate.BOOLEAN;    	non-compiled	[CE]  	50	None	replace
645	[BUG]  [BUGGY]  return(n  ==  null)?  BooleanResultPredicate.FALSE  :  BooleanResultPredicate.BOOLEAN;  [CE]  [FE]                              IllegalStateException      [CONTEXT]      case  Token.LE:  case  Token.GE:  case  Token.IN:  case  Token.INSTANCEOF:  case  Token.NOT:  return  true;  default:      [BUGGY]  return(n  ==  null)?  BooleanResultPredicate.FALSE  :  BooleanResultPredicate.BOOLEAN;  [BUGGY]      }  }  [CLASS]  NodeUtil  NumbericResultPredicate  BooleanResultPredicate  MayBeStringResultPredicate  VarCollector  MatchNameNode  MatchNodeType  MatchDeclaration  MatchNotFunction  MatchShallowStatement  [METHOD]  isBooleanResultHelper  [RETURN_TYPE]  boolean  Node  n  [VARIABLES]  BooleanResultPredicate  BOOLEAN_RESULT_PREDICATE  Set  BUILTIN_FUNCTIONS_WITHOUT_SIDEEFFECTS  CONSTRUCTORS_WITHOUT_SIDE_EFFECTS  OBJECT_METHODS_WITHOUT_SIDEEFFECTS  REGEXP_METHODS  STRING_REGEXP_METHODS  defines  emptySet  knownConstants  NumbericResultPredicate  NUMBERIC_RESULT_PREDICATE  boolean  MayBeStringResultPredicate  MAY_BE_STRING_PREDICATE  Node  n  String  JSC_PROPERTY_NAME_FN  childValue  name  namespaceName  rawJsString  s  value  Map  vars  int  c  end  nextSkipSlot  nextSlot  start  type  	projects/Closure80/src/com/google/javascript/jscomp/NodeUtil.java	0.4082482904638631	1264	1264	2	replace	return(n  ==  null)?  BooleanResultPredicate.FALSE  :  BooleanResultPredicate.BOOLEAN;	  return(n.getType()!=    Token.NAME)?    BooleanResultPredicate.FALSE    :    BooleanResultPredicate.BOOLEAN;    	non-compiled	[CE]  	50	None	replace
646	[BUG]  [BUGGY]  while(n.getType()!=  Token.NAME)  {  return  false;  }  [CE]  [FE]                      IllegalStateException      [CONTEXT]      case  Token.LE:  case  Token.GE:  case  Token.IN:  case  Token.INSTANCEOF:  case  Token.NOT:  return  true;  default:      [BUGGY]  while(n.getType()!=  Token.NAME)  {  return  false;  }  [BUGGY]      }  }  [CLASS]  NodeUtil  NumbericResultPredicate  BooleanResultPredicate  MayBeStringResultPredicate  VarCollector  MatchNameNode  MatchNodeType  MatchDeclaration  MatchNotFunction  MatchShallowStatement  [METHOD]  isBooleanResultHelper  [RETURN_TYPE]  boolean  Node  n  [VARIABLES]  BooleanResultPredicate  BOOLEAN_RESULT_PREDICATE  Set  BUILTIN_FUNCTIONS_WITHOUT_SIDEEFFECTS  CONSTRUCTORS_WITHOUT_SIDE_EFFECTS  OBJECT_METHODS_WITHOUT_SIDEEFFECTS  REGEXP_METHODS  STRING_REGEXP_METHODS  defines  emptySet  knownConstants  NumbericResultPredicate  NUMBERIC_RESULT_PREDICATE  boolean  MayBeStringResultPredicate  MAY_BE_STRING_PREDICATE  Node  n  String  JSC_PROPERTY_NAME_FN  childValue  name  namespaceName  rawJsString  s  value  Map  vars  int  c  end  nextSkipSlot  nextSlot  start  type  	projects/Closure80/src/com/google/javascript/jscomp/NodeUtil.java	0.4082482904638631	1264	1264	2	replace	while(n.getType()!=  Token.NAME)  {  return  false;  }	  if(n.getType()!=    Token.NAME)    {    return    false;    }    	non-compiled	[CE]  	16	None	replace
647	[BUG]  [BUGGY]  n.setType(Token.NAME)  {  return  false;  }  [CE]  [FE]                        IllegalStateException      [CONTEXT]      case  Token.LE:  case  Token.GE:  case  Token.IN:  case  Token.INSTANCEOF:  case  Token.NOT:  return  true;  default:      [BUGGY]  n.setType(Token.NAME)  {  return  false;  }  [BUGGY]      }  }  [CLASS]  NodeUtil  NumbericResultPredicate  BooleanResultPredicate  MayBeStringResultPredicate  VarCollector  MatchNameNode  MatchNodeType  MatchDeclaration  MatchNotFunction  MatchShallowStatement  [METHOD]  isBooleanResultHelper  [RETURN_TYPE]  boolean  Node  n  [VARIABLES]  BooleanResultPredicate  BOOLEAN_RESULT_PREDICATE  Set  BUILTIN_FUNCTIONS_WITHOUT_SIDEEFFECTS  CONSTRUCTORS_WITHOUT_SIDE_EFFECTS  OBJECT_METHODS_WITHOUT_SIDEEFFECTS  REGEXP_METHODS  STRING_REGEXP_METHODS  defines  emptySet  knownConstants  NumbericResultPredicate  NUMBERIC_RESULT_PREDICATE  boolean  MayBeStringResultPredicate  MAY_BE_STRING_PREDICATE  Node  n  String  JSC_PROPERTY_NAME_FN  childValue  name  namespaceName  rawJsString  s  value  Map  vars  int  c  end  nextSkipSlot  nextSlot  start  type  	projects/Closure80/src/com/google/javascript/jscomp/NodeUtil.java	0.4082482904638631	1264	1264	2	replace	n.setType(Token.NAME)  {  return  false;  }	  if(n.getType()!=    Token.NAME)    {    return    false;    }    	non-compiled	[CE]  	16	None	replace
648	[BUG]  [BUGGY]  n.setString(JSC_PROPERTY_NAME_FN  + "n ");  [CE]  [FE]                            IllegalStateException      [CONTEXT]      case  Token.LE:  case  Token.GE:  case  Token.IN:  case  Token.INSTANCEOF:  case  Token.NOT:  return  true;  default:      [BUGGY]  n.setString(JSC_PROPERTY_NAME_FN  + "n ");  [BUGGY]      }  }  [CLASS]  NodeUtil  NumbericResultPredicate  BooleanResultPredicate  MayBeStringResultPredicate  VarCollector  MatchNameNode  MatchNodeType  MatchDeclaration  MatchNotFunction  MatchShallowStatement  [METHOD]  isBooleanResultHelper  [RETURN_TYPE]  boolean  Node  n  [VARIABLES]  BooleanResultPredicate  BOOLEAN_RESULT_PREDICATE  Set  BUILTIN_FUNCTIONS_WITHOUT_SIDEEFFECTS  CONSTRUCTORS_WITHOUT_SIDE_EFFECTS  OBJECT_METHODS_WITHOUT_SIDEEFFECTS  REGEXP_METHODS  STRING_REGEXP_METHODS  defines  emptySet  knownConstants  NumbericResultPredicate  NUMBERIC_RESULT_PREDICATE  boolean  MayBeStringResultPredicate  MAY_BE_STRING_PREDICATE  Node  n  String  JSC_PROPERTY_NAME_FN  childValue  name  namespaceName  rawJsString  s  value  Map  vars  int  c  end  nextSkipSlot  nextSlot  start  type  	projects/Closure80/src/com/google/javascript/jscomp/NodeUtil.java	0.4082482904638631	1264	1264	2	replace	n.setString(JSC_PROPERTY_NAME_FN  + "n ");	  n.setString(JSC_PROPERTY_NAME_FN);    	non-compiled	[CE]  	69	None	replace
649	[BUG]  [BUGGY]  n.addChildToBack(JSC_PROPERTY_NAME_FN);  [CE]  [FE]                              IllegalStateException      [CONTEXT]      case  Token.LE:  case  Token.GE:  case  Token.IN:  case  Token.INSTANCEOF:  case  Token.NOT:  return  true;  default:      [BUGGY]  n.addChildToBack(JSC_PROPERTY_NAME_FN);  [BUGGY]      }  }  [CLASS]  NodeUtil  NumbericResultPredicate  BooleanResultPredicate  MayBeStringResultPredicate  VarCollector  MatchNameNode  MatchNodeType  MatchDeclaration  MatchNotFunction  MatchShallowStatement  [METHOD]  isBooleanResultHelper  [RETURN_TYPE]  boolean  Node  n  [VARIABLES]  BooleanResultPredicate  BOOLEAN_RESULT_PREDICATE  Set  BUILTIN_FUNCTIONS_WITHOUT_SIDEEFFECTS  CONSTRUCTORS_WITHOUT_SIDE_EFFECTS  OBJECT_METHODS_WITHOUT_SIDEEFFECTS  REGEXP_METHODS  STRING_REGEXP_METHODS  defines  emptySet  knownConstants  NumbericResultPredicate  NUMBERIC_RESULT_PREDICATE  boolean  MayBeStringResultPredicate  MAY_BE_STRING_PREDICATE  Node  n  String  JSC_PROPERTY_NAME_FN  childValue  name  namespaceName  rawJsString  s  value  Map  vars  int  c  end  nextSkipSlot  nextSlot  start  type  	projects/Closure80/src/com/google/javascript/jscomp/NodeUtil.java	0.4082482904638631	1264	1264	2	replace	n.addChildToBack(JSC_PROPERTY_NAME_FN);	  n.setString(JSC_PROPERTY_NAME_FN);    	non-compiled	[CE]  	69	None	replace
650	[BUG]  [BUGGY]  n.setString(JSC_PROPERTY_NAME_FN  + "- ");  [CE]  [FE]                                IllegalStateException      [CONTEXT]      case  Token.LE:  case  Token.GE:  case  Token.IN:  case  Token.INSTANCEOF:  case  Token.NOT:  return  true;  default:      [BUGGY]  n.setString(JSC_PROPERTY_NAME_FN  + "- ");  [BUGGY]      }  }  [CLASS]  NodeUtil  NumbericResultPredicate  BooleanResultPredicate  MayBeStringResultPredicate  VarCollector  MatchNameNode  MatchNodeType  MatchDeclaration  MatchNotFunction  MatchShallowStatement  [METHOD]  isBooleanResultHelper  [RETURN_TYPE]  boolean  Node  n  [VARIABLES]  BooleanResultPredicate  BOOLEAN_RESULT_PREDICATE  Set  BUILTIN_FUNCTIONS_WITHOUT_SIDEEFFECTS  CONSTRUCTORS_WITHOUT_SIDE_EFFECTS  OBJECT_METHODS_WITHOUT_SIDEEFFECTS  REGEXP_METHODS  STRING_REGEXP_METHODS  defines  emptySet  knownConstants  NumbericResultPredicate  NUMBERIC_RESULT_PREDICATE  boolean  MayBeStringResultPredicate  MAY_BE_STRING_PREDICATE  Node  n  String  JSC_PROPERTY_NAME_FN  childValue  name  namespaceName  rawJsString  s  value  Map  vars  int  c  end  nextSkipSlot  nextSlot  start  type  	projects/Closure80/src/com/google/javascript/jscomp/NodeUtil.java	0.4082482904638631	1264	1264	2	replace	n.setString(JSC_PROPERTY_NAME_FN  + "- ");	  n.setString(JSC_PROPERTY_NAME_FN);    	non-compiled	[CE]  	69	None	replace
651	[BUG]  [BUGGY]  return(n.getType()  ==  Token.NAME)&  BooleanResultPredicate.BOOLEAN  :  BooleanResultPredicate.BOOLEAN;  [CE]  [FE]              IllegalStateException      [CONTEXT]      case  Token.LE:  case  Token.GE:  case  Token.IN:  case  Token.INSTANCEOF:  case  Token.NOT:  return  true;  default:      [BUGGY]  return(n.getType()  ==  Token.NAME)&  BooleanResultPredicate.BOOLEAN  :  BooleanResultPredicate.BOOLEAN;  [BUGGY]      }  }  [CLASS]  NodeUtil  NumbericResultPredicate  BooleanResultPredicate  MayBeStringResultPredicate  VarCollector  MatchNameNode  MatchNodeType  MatchDeclaration  MatchNotFunction  MatchShallowStatement  [METHOD]  isBooleanResultHelper  [RETURN_TYPE]  boolean  Node  n  [VARIABLES]  BooleanResultPredicate  BOOLEAN_RESULT_PREDICATE  Set  BUILTIN_FUNCTIONS_WITHOUT_SIDEEFFECTS  CONSTRUCTORS_WITHOUT_SIDE_EFFECTS  OBJECT_METHODS_WITHOUT_SIDEEFFECTS  REGEXP_METHODS  STRING_REGEXP_METHODS  defines  emptySet  knownConstants  NumbericResultPredicate  NUMBERIC_RESULT_PREDICATE  boolean  MayBeStringResultPredicate  MAY_BE_STRING_PREDICATE  Node  n  String  JSC_PROPERTY_NAME_FN  childValue  name  namespaceName  rawJsString  s  value  Map  vars  int  c  end  nextSkipSlot  nextSlot  start  type  	projects/Closure80/src/com/google/javascript/jscomp/NodeUtil.java	0.4082482904638631	1264	1264	2	replace	return(n.getType()  ==  Token.NAME)&  BooleanResultPredicate.BOOLEAN  :  BooleanResultPredicate.BOOLEAN;	  return(n.getType()    ==    Token.NAME)?    BooleanResultPredicate.BOOLEAN    :    BooleanResultPredicate.BOOLEAN;    	non-compiled	[CE]  	165	None	replace
652	[BUG]  [BUGGY]  return(n!=  null)?  BooleanResultPredicate.BOOLEAN  :  BooleanResultPredicate.BOOLEAN;  [CE]  [FE]                IllegalStateException      [CONTEXT]      case  Token.LE:  case  Token.GE:  case  Token.IN:  case  Token.INSTANCEOF:  case  Token.NOT:  return  true;  default:      [BUGGY]  return(n!=  null)?  BooleanResultPredicate.BOOLEAN  :  BooleanResultPredicate.BOOLEAN;  [BUGGY]      }  }  [CLASS]  NodeUtil  NumbericResultPredicate  BooleanResultPredicate  MayBeStringResultPredicate  VarCollector  MatchNameNode  MatchNodeType  MatchDeclaration  MatchNotFunction  MatchShallowStatement  [METHOD]  isBooleanResultHelper  [RETURN_TYPE]  boolean  Node  n  [VARIABLES]  BooleanResultPredicate  BOOLEAN_RESULT_PREDICATE  Set  BUILTIN_FUNCTIONS_WITHOUT_SIDEEFFECTS  CONSTRUCTORS_WITHOUT_SIDE_EFFECTS  OBJECT_METHODS_WITHOUT_SIDEEFFECTS  REGEXP_METHODS  STRING_REGEXP_METHODS  defines  emptySet  knownConstants  NumbericResultPredicate  NUMBERIC_RESULT_PREDICATE  boolean  MayBeStringResultPredicate  MAY_BE_STRING_PREDICATE  Node  n  String  JSC_PROPERTY_NAME_FN  childValue  name  namespaceName  rawJsString  s  value  Map  vars  int  c  end  nextSkipSlot  nextSlot  start  type  	projects/Closure80/src/com/google/javascript/jscomp/NodeUtil.java	0.4082482904638631	1264	1264	2	replace	return(n!=  null)?  BooleanResultPredicate.BOOLEAN  :  BooleanResultPredicate.BOOLEAN;	  return(n.getType()    ==    Token.NAME)?    BooleanResultPredicate.BOOLEAN    :    BooleanResultPredicate.BOOLEAN;    	non-compiled	[CE]  	165	None	replace
653	[BUG]  [BUGGY]  NodeUtil.isFunctionAnonymous(n)||  NodeUtil.isGetProp(n))  {  return  true;  }  [CE]  [FE]                    IllegalStateException      [CONTEXT]      case  Token.LE:  case  Token.GE:  case  Token.IN:  case  Token.INSTANCEOF:  case  Token.NOT:  return  true;  default:      [BUGGY]  NodeUtil.isFunctionAnonymous(n)||  NodeUtil.isGetProp(n))  {  return  true;  }  [BUGGY]      }  }  [CLASS]  NodeUtil  NumbericResultPredicate  BooleanResultPredicate  MayBeStringResultPredicate  VarCollector  MatchNameNode  MatchNodeType  MatchDeclaration  MatchNotFunction  MatchShallowStatement  [METHOD]  isBooleanResultHelper  [RETURN_TYPE]  boolean  Node  n  [VARIABLES]  BooleanResultPredicate  BOOLEAN_RESULT_PREDICATE  Set  BUILTIN_FUNCTIONS_WITHOUT_SIDEEFFECTS  CONSTRUCTORS_WITHOUT_SIDE_EFFECTS  OBJECT_METHODS_WITHOUT_SIDEEFFECTS  REGEXP_METHODS  STRING_REGEXP_METHODS  defines  emptySet  knownConstants  NumbericResultPredicate  NUMBERIC_RESULT_PREDICATE  boolean  MayBeStringResultPredicate  MAY_BE_STRING_PREDICATE  Node  n  String  JSC_PROPERTY_NAME_FN  childValue  name  namespaceName  rawJsString  s  value  Map  vars  int  c  end  nextSkipSlot  nextSlot  start  type  	projects/Closure80/src/com/google/javascript/jscomp/NodeUtil.java	0.4082482904638631	1264	1264	2	replace	NodeUtil.isFunctionAnonymous(n)||  NodeUtil.isGetProp(n))  {  return  true;  }	  if(NodeUtil.isFunctionAnonymous(n)||    NodeUtil.isGetProp(n))    {    return    true;    }    	non-compiled	[CE]  	161	None	replace
654	[BUG]  [BUGGY]  NodeUtil.mayHaveSideEffects(n)&&  NodeUtil.isGetProp(n))  {  return  true;  }  [CE]  [FE]                      IllegalStateException      [CONTEXT]      case  Token.LE:  case  Token.GE:  case  Token.IN:  case  Token.INSTANCEOF:  case  Token.NOT:  return  true;  default:      [BUGGY]  NodeUtil.mayHaveSideEffects(n)&&  NodeUtil.isGetProp(n))  {  return  true;  }  [BUGGY]      }  }  [CLASS]  NodeUtil  NumbericResultPredicate  BooleanResultPredicate  MayBeStringResultPredicate  VarCollector  MatchNameNode  MatchNodeType  MatchDeclaration  MatchNotFunction  MatchShallowStatement  [METHOD]  isBooleanResultHelper  [RETURN_TYPE]  boolean  Node  n  [VARIABLES]  BooleanResultPredicate  BOOLEAN_RESULT_PREDICATE  Set  BUILTIN_FUNCTIONS_WITHOUT_SIDEEFFECTS  CONSTRUCTORS_WITHOUT_SIDE_EFFECTS  OBJECT_METHODS_WITHOUT_SIDEEFFECTS  REGEXP_METHODS  STRING_REGEXP_METHODS  defines  emptySet  knownConstants  NumbericResultPredicate  NUMBERIC_RESULT_PREDICATE  boolean  MayBeStringResultPredicate  MAY_BE_STRING_PREDICATE  Node  n  String  JSC_PROPERTY_NAME_FN  childValue  name  namespaceName  rawJsString  s  value  Map  vars  int  c  end  nextSkipSlot  nextSlot  start  type  	projects/Closure80/src/com/google/javascript/jscomp/NodeUtil.java	0.4082482904638631	1264	1264	2	replace	NodeUtil.mayHaveSideEffects(n)&&  NodeUtil.isGetProp(n))  {  return  true;  }	  if(NodeUtil.isFunctionAnonymous(n)||    NodeUtil.isGetProp(n))    {    return    true;    }    	non-compiled	[CE]  	161	None	replace
655	[BUG]  [BUGGY]  if(n.getType()  ==  Token.CALL)  {  return  true;  }  [CE]  [FE]                IllegalStateException      [CONTEXT]      case  Token.LE:  case  Token.GE:  case  Token.IN:  case  Token.INSTANCEOF:  case  Token.NOT:  return  true;  default:      [BUGGY]  if(n.getType()  ==  Token.CALL)  {  return  true;  }  [BUGGY]      }  }  [CLASS]  NodeUtil  NumbericResultPredicate  BooleanResultPredicate  MayBeStringResultPredicate  VarCollector  MatchNameNode  MatchNodeType  MatchDeclaration  MatchNotFunction  MatchShallowStatement  [METHOD]  isBooleanResultHelper  [RETURN_TYPE]  boolean  Node  n  [VARIABLES]  BooleanResultPredicate  BOOLEAN_RESULT_PREDICATE  Set  BUILTIN_FUNCTIONS_WITHOUT_SIDEEFFECTS  CONSTRUCTORS_WITHOUT_SIDE_EFFECTS  OBJECT_METHODS_WITHOUT_SIDEEFFECTS  REGEXP_METHODS  STRING_REGEXP_METHODS  defines  emptySet  knownConstants  NumbericResultPredicate  NUMBERIC_RESULT_PREDICATE  boolean  MayBeStringResultPredicate  MAY_BE_STRING_PREDICATE  Node  n  String  JSC_PROPERTY_NAME_FN  childValue  name  namespaceName  rawJsString  s  value  Map  vars  int  c  end  nextSkipSlot  nextSlot  start  type  	projects/Closure80/src/com/google/javascript/jscomp/NodeUtil.java	0.4082482904638631	1264	1264	2	replace	if(n.getType()  ==  Token.CALL)  {  return  true;  }	  if(n.getType()    ==    Token.CALL)    {    return    false;    }    	non-compiled	[CE]  	136	None	replace
656	[BUG]  [BUGGY]  if(n.getType()!=  Token.CALL)  {  return  true;  }  [CE]  [FE]                  IllegalStateException      [CONTEXT]      case  Token.LE:  case  Token.GE:  case  Token.IN:  case  Token.INSTANCEOF:  case  Token.NOT:  return  true;  default:      [BUGGY]  if(n.getType()!=  Token.CALL)  {  return  true;  }  [BUGGY]      }  }  [CLASS]  NodeUtil  NumbericResultPredicate  BooleanResultPredicate  MayBeStringResultPredicate  VarCollector  MatchNameNode  MatchNodeType  MatchDeclaration  MatchNotFunction  MatchShallowStatement  [METHOD]  isBooleanResultHelper  [RETURN_TYPE]  boolean  Node  n  [VARIABLES]  BooleanResultPredicate  BOOLEAN_RESULT_PREDICATE  Set  BUILTIN_FUNCTIONS_WITHOUT_SIDEEFFECTS  CONSTRUCTORS_WITHOUT_SIDE_EFFECTS  OBJECT_METHODS_WITHOUT_SIDEEFFECTS  REGEXP_METHODS  STRING_REGEXP_METHODS  defines  emptySet  knownConstants  NumbericResultPredicate  NUMBERIC_RESULT_PREDICATE  boolean  MayBeStringResultPredicate  MAY_BE_STRING_PREDICATE  Node  n  String  JSC_PROPERTY_NAME_FN  childValue  name  namespaceName  rawJsString  s  value  Map  vars  int  c  end  nextSkipSlot  nextSlot  start  type  	projects/Closure80/src/com/google/javascript/jscomp/NodeUtil.java	0.4082482904638631	1264	1264	2	replace	if(n.getType()!=  Token.CALL)  {  return  true;  }	  if(n.getType()    ==    Token.CALL)    {    return    false;    }    	non-compiled	[CE]  	136	None	replace
657	[BUG]  [BUGGY]  if(n.getType()  ==  Token.CALL  ||  n.getType()!=  Token.GETPROP)  {  return  false;  }  [CE]  [FE]                    IllegalStateException      [CONTEXT]      case  Token.LE:  case  Token.GE:  case  Token.IN:  case  Token.INSTANCEOF:  case  Token.NOT:  return  true;  default:      [BUGGY]  if(n.getType()  ==  Token.CALL  ||  n.getType()!=  Token.GETPROP)  {  return  false;  }  [BUGGY]      }  }  [CLASS]  NodeUtil  NumbericResultPredicate  BooleanResultPredicate  MayBeStringResultPredicate  VarCollector  MatchNameNode  MatchNodeType  MatchDeclaration  MatchNotFunction  MatchShallowStatement  [METHOD]  isBooleanResultHelper  [RETURN_TYPE]  boolean  Node  n  [VARIABLES]  BooleanResultPredicate  BOOLEAN_RESULT_PREDICATE  Set  BUILTIN_FUNCTIONS_WITHOUT_SIDEEFFECTS  CONSTRUCTORS_WITHOUT_SIDE_EFFECTS  OBJECT_METHODS_WITHOUT_SIDEEFFECTS  REGEXP_METHODS  STRING_REGEXP_METHODS  defines  emptySet  knownConstants  NumbericResultPredicate  NUMBERIC_RESULT_PREDICATE  boolean  MayBeStringResultPredicate  MAY_BE_STRING_PREDICATE  Node  n  String  JSC_PROPERTY_NAME_FN  childValue  name  namespaceName  rawJsString  s  value  Map  vars  int  c  end  nextSkipSlot  nextSlot  start  type  	projects/Closure80/src/com/google/javascript/jscomp/NodeUtil.java	0.4082482904638631	1264	1264	2	replace	if(n.getType()  ==  Token.CALL  ||  n.getType()!=  Token.GETPROP)  {  return  false;  }	  if(n.getType()    ==    Token.CALL)    {    return    false;    }    	non-compiled	[CE]  	136	None	replace
658	[BUG]  [BUGGY]  if(n.getType()  ==  Token.CALL  ||  n.getType()!=  Token.FUNCTION)  {  return  false;  }  [CE]  [FE]                      IllegalStateException      [CONTEXT]      case  Token.LE:  case  Token.GE:  case  Token.IN:  case  Token.INSTANCEOF:  case  Token.NOT:  return  true;  default:      [BUGGY]  if(n.getType()  ==  Token.CALL  ||  n.getType()!=  Token.FUNCTION)  {  return  false;  }  [BUGGY]      }  }  [CLASS]  NodeUtil  NumbericResultPredicate  BooleanResultPredicate  MayBeStringResultPredicate  VarCollector  MatchNameNode  MatchNodeType  MatchDeclaration  MatchNotFunction  MatchShallowStatement  [METHOD]  isBooleanResultHelper  [RETURN_TYPE]  boolean  Node  n  [VARIABLES]  BooleanResultPredicate  BOOLEAN_RESULT_PREDICATE  Set  BUILTIN_FUNCTIONS_WITHOUT_SIDEEFFECTS  CONSTRUCTORS_WITHOUT_SIDE_EFFECTS  OBJECT_METHODS_WITHOUT_SIDEEFFECTS  REGEXP_METHODS  STRING_REGEXP_METHODS  defines  emptySet  knownConstants  NumbericResultPredicate  NUMBERIC_RESULT_PREDICATE  boolean  MayBeStringResultPredicate  MAY_BE_STRING_PREDICATE  Node  n  String  JSC_PROPERTY_NAME_FN  childValue  name  namespaceName  rawJsString  s  value  Map  vars  int  c  end  nextSkipSlot  nextSlot  start  type  	projects/Closure80/src/com/google/javascript/jscomp/NodeUtil.java	0.4082482904638631	1264	1264	2	replace	if(n.getType()  ==  Token.CALL  ||  n.getType()!=  Token.FUNCTION)  {  return  false;  }	  if(n.getType()    ==    Token.CALL)    {    return    false;    }    	non-compiled	[CE]  	136	None	replace
659	[BUG]  [BUGGY]  if(n.getType()  ==  Token.CALL  ||  n.getType()!=  Token.NAME)  {  return  false;  }  [CE]  [FE]                        IllegalStateException      [CONTEXT]      case  Token.LE:  case  Token.GE:  case  Token.IN:  case  Token.INSTANCEOF:  case  Token.NOT:  return  true;  default:      [BUGGY]  if(n.getType()  ==  Token.CALL  ||  n.getType()!=  Token.NAME)  {  return  false;  }  [BUGGY]      }  }  [CLASS]  NodeUtil  NumbericResultPredicate  BooleanResultPredicate  MayBeStringResultPredicate  VarCollector  MatchNameNode  MatchNodeType  MatchDeclaration  MatchNotFunction  MatchShallowStatement  [METHOD]  isBooleanResultHelper  [RETURN_TYPE]  boolean  Node  n  [VARIABLES]  BooleanResultPredicate  BOOLEAN_RESULT_PREDICATE  Set  BUILTIN_FUNCTIONS_WITHOUT_SIDEEFFECTS  CONSTRUCTORS_WITHOUT_SIDE_EFFECTS  OBJECT_METHODS_WITHOUT_SIDEEFFECTS  REGEXP_METHODS  STRING_REGEXP_METHODS  defines  emptySet  knownConstants  NumbericResultPredicate  NUMBERIC_RESULT_PREDICATE  boolean  MayBeStringResultPredicate  MAY_BE_STRING_PREDICATE  Node  n  String  JSC_PROPERTY_NAME_FN  childValue  name  namespaceName  rawJsString  s  value  Map  vars  int  c  end  nextSkipSlot  nextSlot  start  type  	projects/Closure80/src/com/google/javascript/jscomp/NodeUtil.java	0.4082482904638631	1264	1264	2	replace	if(n.getType()  ==  Token.CALL  ||  n.getType()!=  Token.NAME)  {  return  false;  }	  if(n.getType()    ==    Token.CALL)    {    return    false;    }    	non-compiled	[CE]  	136	None	replace
660	[BUG]  [BUGGY]  if(n.getType()!=  Token.CALL  ||  n.getType()  ==  Token.GETPROP)  {  return  false;  }  [CE]  [FE]                          IllegalStateException      [CONTEXT]      case  Token.LE:  case  Token.GE:  case  Token.IN:  case  Token.INSTANCEOF:  case  Token.NOT:  return  true;  default:      [BUGGY]  if(n.getType()!=  Token.CALL  ||  n.getType()  ==  Token.GETPROP)  {  return  false;  }  [BUGGY]      }  }  [CLASS]  NodeUtil  NumbericResultPredicate  BooleanResultPredicate  MayBeStringResultPredicate  VarCollector  MatchNameNode  MatchNodeType  MatchDeclaration  MatchNotFunction  MatchShallowStatement  [METHOD]  isBooleanResultHelper  [RETURN_TYPE]  boolean  Node  n  [VARIABLES]  BooleanResultPredicate  BOOLEAN_RESULT_PREDICATE  Set  BUILTIN_FUNCTIONS_WITHOUT_SIDEEFFECTS  CONSTRUCTORS_WITHOUT_SIDE_EFFECTS  OBJECT_METHODS_WITHOUT_SIDEEFFECTS  REGEXP_METHODS  STRING_REGEXP_METHODS  defines  emptySet  knownConstants  NumbericResultPredicate  NUMBERIC_RESULT_PREDICATE  boolean  MayBeStringResultPredicate  MAY_BE_STRING_PREDICATE  Node  n  String  JSC_PROPERTY_NAME_FN  childValue  name  namespaceName  rawJsString  s  value  Map  vars  int  c  end  nextSkipSlot  nextSlot  start  type  	projects/Closure80/src/com/google/javascript/jscomp/NodeUtil.java	0.4082482904638631	1264	1264	2	replace	if(n.getType()!=  Token.CALL  ||  n.getType()  ==  Token.GETPROP)  {  return  false;  }	  if(n.getType()    ==    Token.CALL)    {    return    false;    }    	non-compiled	[CE]  	136	None	replace
661	[BUG]  [BUGGY]  Preconditions.checkState(NodeUtil.isGetProp(n)||  NodeUtil.isFunctionAnonymous(n))  {  return  false;  }  [CE]  [FE]                IllegalStateException      [CONTEXT]      case  Token.LE:  case  Token.GE:  case  Token.IN:  case  Token.INSTANCEOF:  case  Token.NOT:  return  true;  default:      [BUGGY]  Preconditions.checkState(NodeUtil.isGetProp(n)||  NodeUtil.isFunctionAnonymous(n))  {  return  false;  }  [BUGGY]      }  }  [CLASS]  NodeUtil  NumbericResultPredicate  BooleanResultPredicate  MayBeStringResultPredicate  VarCollector  MatchNameNode  MatchNodeType  MatchDeclaration  MatchNotFunction  MatchShallowStatement  [METHOD]  isBooleanResultHelper  [RETURN_TYPE]  boolean  Node  n  [VARIABLES]  BooleanResultPredicate  BOOLEAN_RESULT_PREDICATE  Set  BUILTIN_FUNCTIONS_WITHOUT_SIDEEFFECTS  CONSTRUCTORS_WITHOUT_SIDE_EFFECTS  OBJECT_METHODS_WITHOUT_SIDEEFFECTS  REGEXP_METHODS  STRING_REGEXP_METHODS  defines  emptySet  knownConstants  NumbericResultPredicate  NUMBERIC_RESULT_PREDICATE  boolean  MayBeStringResultPredicate  MAY_BE_STRING_PREDICATE  Node  n  String  JSC_PROPERTY_NAME_FN  childValue  name  namespaceName  rawJsString  s  value  Map  vars  int  c  end  nextSkipSlot  nextSlot  start  type  	projects/Closure80/src/com/google/javascript/jscomp/NodeUtil.java	0.4082482904638631	1264	1264	2	replace	Preconditions.checkState(NodeUtil.isGetProp(n)||  NodeUtil.isFunctionAnonymous(n))  {  return  false;  }	  Preconditions.checkState(NodeUtil.isFunctionAnonymous(n)||    NodeUtil.isFunctionAnonymous(n))    {    return    false;    }    	non-compiled	[CE]  	24	None	replace
662	[BUG]  [BUGGY]  return(n.getType()  ==  Token.BLOCK)?  BooleanResultPredicate.UNKNOWN  :  BooleanResultPredicate.BOOLEAN;  [CE]  [FE]                    IllegalStateException      [CONTEXT]      case  Token.LE:  case  Token.GE:  case  Token.IN:  case  Token.INSTANCEOF:  case  Token.NOT:  return  true;  default:      [BUGGY]  return(n.getType()  ==  Token.BLOCK)?  BooleanResultPredicate.UNKNOWN  :  BooleanResultPredicate.BOOLEAN;  [BUGGY]      }  }  [CLASS]  NodeUtil  NumbericResultPredicate  BooleanResultPredicate  MayBeStringResultPredicate  VarCollector  MatchNameNode  MatchNodeType  MatchDeclaration  MatchNotFunction  MatchShallowStatement  [METHOD]  isBooleanResultHelper  [RETURN_TYPE]  boolean  Node  n  [VARIABLES]  BooleanResultPredicate  BOOLEAN_RESULT_PREDICATE  Set  BUILTIN_FUNCTIONS_WITHOUT_SIDEEFFECTS  CONSTRUCTORS_WITHOUT_SIDE_EFFECTS  OBJECT_METHODS_WITHOUT_SIDEEFFECTS  REGEXP_METHODS  STRING_REGEXP_METHODS  defines  emptySet  knownConstants  NumbericResultPredicate  NUMBERIC_RESULT_PREDICATE  boolean  MayBeStringResultPredicate  MAY_BE_STRING_PREDICATE  Node  n  String  JSC_PROPERTY_NAME_FN  childValue  name  namespaceName  rawJsString  s  value  Map  vars  int  c  end  nextSkipSlot  nextSlot  start  type  	projects/Closure80/src/com/google/javascript/jscomp/NodeUtil.java	0.4082482904638631	1264	1264	2	replace	return(n.getType()  ==  Token.BLOCK)?  BooleanResultPredicate.UNKNOWN  :  BooleanResultPredicate.BOOLEAN;	  return(n.getType()    ==    Token.BLOCK)?    BooleanResultPredicate.UNKNOWN    :    BooleanResultPredicate.UNKNOWN;    	non-compiled	[CE]  	39	None	replace
663	[BUG]  [BUGGY]  return(n.getType()  ==  Token.BLOCK)?  BooleanResultPredicate.UNKNOWN  :  BooleanResultPredicate.UNKNOWN  +  1;  [CE]  [FE]                      IllegalStateException      [CONTEXT]      case  Token.LE:  case  Token.GE:  case  Token.IN:  case  Token.INSTANCEOF:  case  Token.NOT:  return  true;  default:      [BUGGY]  return(n.getType()  ==  Token.BLOCK)?  BooleanResultPredicate.UNKNOWN  :  BooleanResultPredicate.UNKNOWN  +  1;  [BUGGY]      }  }  [CLASS]  NodeUtil  NumbericResultPredicate  BooleanResultPredicate  MayBeStringResultPredicate  VarCollector  MatchNameNode  MatchNodeType  MatchDeclaration  MatchNotFunction  MatchShallowStatement  [METHOD]  isBooleanResultHelper  [RETURN_TYPE]  boolean  Node  n  [VARIABLES]  BooleanResultPredicate  BOOLEAN_RESULT_PREDICATE  Set  BUILTIN_FUNCTIONS_WITHOUT_SIDEEFFECTS  CONSTRUCTORS_WITHOUT_SIDE_EFFECTS  OBJECT_METHODS_WITHOUT_SIDEEFFECTS  REGEXP_METHODS  STRING_REGEXP_METHODS  defines  emptySet  knownConstants  NumbericResultPredicate  NUMBERIC_RESULT_PREDICATE  boolean  MayBeStringResultPredicate  MAY_BE_STRING_PREDICATE  Node  n  String  JSC_PROPERTY_NAME_FN  childValue  name  namespaceName  rawJsString  s  value  Map  vars  int  c  end  nextSkipSlot  nextSlot  start  type  	projects/Closure80/src/com/google/javascript/jscomp/NodeUtil.java	0.4082482904638631	1264	1264	2	replace	return(n.getType()  ==  Token.BLOCK)?  BooleanResultPredicate.UNKNOWN  :  BooleanResultPredicate.UNKNOWN  +  1;	  return(n.getType()    ==    Token.BLOCK)?    BooleanResultPredicate.UNKNOWN    :    BooleanResultPredicate.UNKNOWN;    	non-compiled	[CE]  	39	None	replace
664	[BUG]  [BUGGY]  return(n!=  null)?  BooleanResultPredicate.UNKNOWN  :  BooleanResultPredicate.UNKNOWN;  [CE]  [FE]                        IllegalStateException      [CONTEXT]      case  Token.LE:  case  Token.GE:  case  Token.IN:  case  Token.INSTANCEOF:  case  Token.NOT:  return  true;  default:      [BUGGY]  return(n!=  null)?  BooleanResultPredicate.UNKNOWN  :  BooleanResultPredicate.UNKNOWN;  [BUGGY]      }  }  [CLASS]  NodeUtil  NumbericResultPredicate  BooleanResultPredicate  MayBeStringResultPredicate  VarCollector  MatchNameNode  MatchNodeType  MatchDeclaration  MatchNotFunction  MatchShallowStatement  [METHOD]  isBooleanResultHelper  [RETURN_TYPE]  boolean  Node  n  [VARIABLES]  BooleanResultPredicate  BOOLEAN_RESULT_PREDICATE  Set  BUILTIN_FUNCTIONS_WITHOUT_SIDEEFFECTS  CONSTRUCTORS_WITHOUT_SIDE_EFFECTS  OBJECT_METHODS_WITHOUT_SIDEEFFECTS  REGEXP_METHODS  STRING_REGEXP_METHODS  defines  emptySet  knownConstants  NumbericResultPredicate  NUMBERIC_RESULT_PREDICATE  boolean  MayBeStringResultPredicate  MAY_BE_STRING_PREDICATE  Node  n  String  JSC_PROPERTY_NAME_FN  childValue  name  namespaceName  rawJsString  s  value  Map  vars  int  c  end  nextSkipSlot  nextSlot  start  type  	projects/Closure80/src/com/google/javascript/jscomp/NodeUtil.java	0.4082482904638631	1264	1264	2	replace	return(n!=  null)?  BooleanResultPredicate.UNKNOWN  :  BooleanResultPredicate.UNKNOWN;	  return(n.getType()    ==    Token.BLOCK)?    BooleanResultPredicate.UNKNOWN    :    BooleanResultPredicate.UNKNOWN;    	non-compiled	[CE]  	39	None	replace
665	[BUG]  [BUGGY]  return(n.getType()  ==  Token.STRING)&  BooleanResultPredicate.FALSE  :  BooleanResultPredicate.BOOLEAN;  [CE]  [FE]                    IllegalStateException      [CONTEXT]      case  Token.LE:  case  Token.GE:  case  Token.IN:  case  Token.INSTANCEOF:  case  Token.NOT:  return  true;  default:      [BUGGY]  return(n.getType()  ==  Token.STRING)&  BooleanResultPredicate.FALSE  :  BooleanResultPredicate.BOOLEAN;  [BUGGY]      }  }  [CLASS]  NodeUtil  NumbericResultPredicate  BooleanResultPredicate  MayBeStringResultPredicate  VarCollector  MatchNameNode  MatchNodeType  MatchDeclaration  MatchNotFunction  MatchShallowStatement  [METHOD]  isBooleanResultHelper  [RETURN_TYPE]  boolean  Node  n  [VARIABLES]  BooleanResultPredicate  BOOLEAN_RESULT_PREDICATE  Set  BUILTIN_FUNCTIONS_WITHOUT_SIDEEFFECTS  CONSTRUCTORS_WITHOUT_SIDE_EFFECTS  OBJECT_METHODS_WITHOUT_SIDEEFFECTS  REGEXP_METHODS  STRING_REGEXP_METHODS  defines  emptySet  knownConstants  NumbericResultPredicate  NUMBERIC_RESULT_PREDICATE  boolean  MayBeStringResultPredicate  MAY_BE_STRING_PREDICATE  Node  n  String  JSC_PROPERTY_NAME_FN  childValue  name  namespaceName  rawJsString  s  value  Map  vars  int  c  end  nextSkipSlot  nextSlot  start  type  	projects/Closure80/src/com/google/javascript/jscomp/NodeUtil.java	0.4082482904638631	1264	1264	2	replace	return(n.getType()  ==  Token.STRING)&  BooleanResultPredicate.FALSE  :  BooleanResultPredicate.BOOLEAN;	  return(n.getType()    ==    Token.STRING)?    BooleanResultPredicate.FALSE    :    BooleanResultPredicate.BOOLEAN;    	non-compiled	[CE]  	89	None	replace
666	[BUG]  [BUGGY]  n.setType(Token.NAME  ||  n.getType()!=  Token.GETPROP)  {  return  true;  }  [CE]  [FE]                      IllegalStateException      [CONTEXT]      case  Token.LE:  case  Token.GE:  case  Token.IN:  case  Token.INSTANCEOF:  case  Token.NOT:  return  true;  default:      [BUGGY]  n.setType(Token.NAME  ||  n.getType()!=  Token.GETPROP)  {  return  true;  }  [BUGGY]      }  }  [CLASS]  NodeUtil  NumbericResultPredicate  BooleanResultPredicate  MayBeStringResultPredicate  VarCollector  MatchNameNode  MatchNodeType  MatchDeclaration  MatchNotFunction  MatchShallowStatement  [METHOD]  isBooleanResultHelper  [RETURN_TYPE]  boolean  Node  n  [VARIABLES]  BooleanResultPredicate  BOOLEAN_RESULT_PREDICATE  Set  BUILTIN_FUNCTIONS_WITHOUT_SIDEEFFECTS  CONSTRUCTORS_WITHOUT_SIDE_EFFECTS  OBJECT_METHODS_WITHOUT_SIDEEFFECTS  REGEXP_METHODS  STRING_REGEXP_METHODS  defines  emptySet  knownConstants  NumbericResultPredicate  NUMBERIC_RESULT_PREDICATE  boolean  MayBeStringResultPredicate  MAY_BE_STRING_PREDICATE  Node  n  String  JSC_PROPERTY_NAME_FN  childValue  name  namespaceName  rawJsString  s  value  Map  vars  int  c  end  nextSkipSlot  nextSlot  start  type  	projects/Closure80/src/com/google/javascript/jscomp/NodeUtil.java	0.4082482904638631	1264	1264	2	replace	n.setType(Token.NAME  ||  n.getType()!=  Token.GETPROP)  {  return  true;  }	  if(n.getType()    ==    Token.NAME    ||    n.getType()!=    Token.GETPROP)    {    return    true;    }    	non-compiled	[CE]  	127	None	replace
667	[BUG]  [BUGGY]  if(n.getType()!=  Token.NAME  ||  n.getType()!=  Token.GETPROP)  {  return  true;  }  [CE]  [FE]                        IllegalStateException      [CONTEXT]      case  Token.LE:  case  Token.GE:  case  Token.IN:  case  Token.INSTANCEOF:  case  Token.NOT:  return  true;  default:      [BUGGY]  if(n.getType()!=  Token.NAME  ||  n.getType()!=  Token.GETPROP)  {  return  true;  }  [BUGGY]      }  }  [CLASS]  NodeUtil  NumbericResultPredicate  BooleanResultPredicate  MayBeStringResultPredicate  VarCollector  MatchNameNode  MatchNodeType  MatchDeclaration  MatchNotFunction  MatchShallowStatement  [METHOD]  isBooleanResultHelper  [RETURN_TYPE]  boolean  Node  n  [VARIABLES]  BooleanResultPredicate  BOOLEAN_RESULT_PREDICATE  Set  BUILTIN_FUNCTIONS_WITHOUT_SIDEEFFECTS  CONSTRUCTORS_WITHOUT_SIDE_EFFECTS  OBJECT_METHODS_WITHOUT_SIDEEFFECTS  REGEXP_METHODS  STRING_REGEXP_METHODS  defines  emptySet  knownConstants  NumbericResultPredicate  NUMBERIC_RESULT_PREDICATE  boolean  MayBeStringResultPredicate  MAY_BE_STRING_PREDICATE  Node  n  String  JSC_PROPERTY_NAME_FN  childValue  name  namespaceName  rawJsString  s  value  Map  vars  int  c  end  nextSkipSlot  nextSlot  start  type  	projects/Closure80/src/com/google/javascript/jscomp/NodeUtil.java	0.4082482904638631	1264	1264	2	replace	if(n.getType()!=  Token.NAME  ||  n.getType()!=  Token.GETPROP)  {  return  true;  }	  if(n.getType()    ==    Token.NAME    ||    n.getType()!=    Token.GETPROP)    {    return    true;    }    	non-compiled	[CE]  	127	None	replace
668	[BUG]  [BUGGY]  n.setType(Token.NAME)||  n.getType()!=  Token.GETPROP)  {  return  true;  }  [CE]  [FE]                          IllegalStateException      [CONTEXT]      case  Token.LE:  case  Token.GE:  case  Token.IN:  case  Token.INSTANCEOF:  case  Token.NOT:  return  true;  default:      [BUGGY]  n.setType(Token.NAME)||  n.getType()!=  Token.GETPROP)  {  return  true;  }  [BUGGY]      }  }  [CLASS]  NodeUtil  NumbericResultPredicate  BooleanResultPredicate  MayBeStringResultPredicate  VarCollector  MatchNameNode  MatchNodeType  MatchDeclaration  MatchNotFunction  MatchShallowStatement  [METHOD]  isBooleanResultHelper  [RETURN_TYPE]  boolean  Node  n  [VARIABLES]  BooleanResultPredicate  BOOLEAN_RESULT_PREDICATE  Set  BUILTIN_FUNCTIONS_WITHOUT_SIDEEFFECTS  CONSTRUCTORS_WITHOUT_SIDE_EFFECTS  OBJECT_METHODS_WITHOUT_SIDEEFFECTS  REGEXP_METHODS  STRING_REGEXP_METHODS  defines  emptySet  knownConstants  NumbericResultPredicate  NUMBERIC_RESULT_PREDICATE  boolean  MayBeStringResultPredicate  MAY_BE_STRING_PREDICATE  Node  n  String  JSC_PROPERTY_NAME_FN  childValue  name  namespaceName  rawJsString  s  value  Map  vars  int  c  end  nextSkipSlot  nextSlot  start  type  	projects/Closure80/src/com/google/javascript/jscomp/NodeUtil.java	0.4082482904638631	1264	1264	2	replace	n.setType(Token.NAME)||  n.getType()!=  Token.GETPROP)  {  return  true;  }	  if(n.getType()    ==    Token.NAME    ||    n.getType()!=    Token.GETPROP)    {    return    true;    }    	non-compiled	[CE]  	127	None	replace
669	[BUG]  [BUGGY]  For(Node  c  =  n.getFirstChild();  c!=  null;  c  =  c.getNext())  {  Node  n  =  c.getNext();  if(n.getType()  ==  Token.VAR)  {  return  false;  }  [CE]  [FE]                                IllegalStateException      [CONTEXT]      case  Token.LE:  case  Token.GE:  case  Token.IN:  case  Token.INSTANCEOF:  case  Token.NOT:  return  true;  default:      [BUGGY]  For(Node  c  =  n.getFirstChild();  c!=  null;  c  =  c.getNext())  {  Node  n  =  c.getNext();  if(n.getType()  ==  Token.VAR)  {  return  false;  }  [BUGGY]      }  }  [CLASS]  NodeUtil  NumbericResultPredicate  BooleanResultPredicate  MayBeStringResultPredicate  VarCollector  MatchNameNode  MatchNodeType  MatchDeclaration  MatchNotFunction  MatchShallowStatement  [METHOD]  isBooleanResultHelper  [RETURN_TYPE]  boolean  Node  n  [VARIABLES]  BooleanResultPredicate  BOOLEAN_RESULT_PREDICATE  Set  BUILTIN_FUNCTIONS_WITHOUT_SIDEEFFECTS  CONSTRUCTORS_WITHOUT_SIDE_EFFECTS  OBJECT_METHODS_WITHOUT_SIDEEFFECTS  REGEXP_METHODS  STRING_REGEXP_METHODS  defines  emptySet  knownConstants  NumbericResultPredicate  NUMBERIC_RESULT_PREDICATE  boolean  MayBeStringResultPredicate  MAY_BE_STRING_PREDICATE  Node  n  String  JSC_PROPERTY_NAME_FN  childValue  name  namespaceName  rawJsString  s  value  Map  vars  int  c  end  nextSkipSlot  nextSlot  start  type  	projects/Closure80/src/com/google/javascript/jscomp/NodeUtil.java	0.4082482904638631	1264	1264	2	replace	For(Node  c  =  n.getFirstChild();  c!=  null;  c  =  c.getNext())  {  Node  n  =  c.getNext();  if(n.getType()  ==  Token.VAR)  {  return  false;  }	  for(Node    c    =    n.getFirstChild();    c!=    null;    c    =    c.getNext())    {    Node    n    =    c.getNext();    if(n.getType()    ==    Token.VAR)    {    return    false;    }    	non-compiled	[CE]  	147	None	replace
670	[BUG]  [BUGGY]  Node  c  =  n.getFirstChild();  c!=  null;  c  =  c.getNext())  {  Node  n  =  c.getNext();  if(n.getType()  ==  Token.VAR)  {  return  [CE]  [FE]                                  IllegalStateException      [CONTEXT]      case  Token.LE:  case  Token.GE:  case  Token.IN:  case  Token.INSTANCEOF:  case  Token.NOT:  return  true;  default:      [BUGGY]  Node  c  =  n.getFirstChild();  c!=  null;  c  =  c.getNext())  {  Node  n  =  c.getNext();  if(n.getType()  ==  Token.VAR)  {  return  [BUGGY]      }  }  [CLASS]  NodeUtil  NumbericResultPredicate  BooleanResultPredicate  MayBeStringResultPredicate  VarCollector  MatchNameNode  MatchNodeType  MatchDeclaration  MatchNotFunction  MatchShallowStatement  [METHOD]  isBooleanResultHelper  [RETURN_TYPE]  boolean  Node  n  [VARIABLES]  BooleanResultPredicate  BOOLEAN_RESULT_PREDICATE  Set  BUILTIN_FUNCTIONS_WITHOUT_SIDEEFFECTS  CONSTRUCTORS_WITHOUT_SIDE_EFFECTS  OBJECT_METHODS_WITHOUT_SIDEEFFECTS  REGEXP_METHODS  STRING_REGEXP_METHODS  defines  emptySet  knownConstants  NumbericResultPredicate  NUMBERIC_RESULT_PREDICATE  boolean  MayBeStringResultPredicate  MAY_BE_STRING_PREDICATE  Node  n  String  JSC_PROPERTY_NAME_FN  childValue  name  namespaceName  rawJsString  s  value  Map  vars  int  c  end  nextSkipSlot  nextSlot  start  type  	projects/Closure80/src/com/google/javascript/jscomp/NodeUtil.java	0.4082482904638631	1264	1264	2	replace	Node  c  =  n.getFirstChild();  c!=  null;  c  =  c.getNext())  {  Node  n  =  c.getNext();  if(n.getType()  ==  Token.VAR)  {  return	  for(Node    c    =    n.getFirstChild();    c!=    null;    c    =    c.getNext())    {    Node    n    =    c.getNext();    if(n.getType()    ==    Token.VAR)    {    return    false;    }    	non-compiled	[CE]  	147	None	replace
671	[BUG]  [BUGGY]  &&  NodeUtil.isFunctionAnonymous(n)&&  NodeUtil.isFunctionBoolean(n))  {  return  true;  }  [CE]  [FE]                IllegalStateException      [CONTEXT]      case  Token.LE:  case  Token.GE:  case  Token.IN:  case  Token.INSTANCEOF:  case  Token.NOT:  return  true;  default:      [BUGGY]  &&  NodeUtil.isFunctionAnonymous(n)&&  NodeUtil.isFunctionBoolean(n))  {  return  true;  }  [BUGGY]      }  }  [CLASS]  NodeUtil  NumbericResultPredicate  BooleanResultPredicate  MayBeStringResultPredicate  VarCollector  MatchNameNode  MatchNodeType  MatchDeclaration  MatchNotFunction  MatchShallowStatement  [METHOD]  isBooleanResultHelper  [RETURN_TYPE]  boolean  Node  n  [VARIABLES]  BooleanResultPredicate  BOOLEAN_RESULT_PREDICATE  Set  BUILTIN_FUNCTIONS_WITHOUT_SIDEEFFECTS  CONSTRUCTORS_WITHOUT_SIDE_EFFECTS  OBJECT_METHODS_WITHOUT_SIDEEFFECTS  REGEXP_METHODS  STRING_REGEXP_METHODS  defines  emptySet  knownConstants  NumbericResultPredicate  NUMBERIC_RESULT_PREDICATE  boolean  MayBeStringResultPredicate  MAY_BE_STRING_PREDICATE  Node  n  String  JSC_PROPERTY_NAME_FN  childValue  name  namespaceName  rawJsString  s  value  Map  vars  int  c  end  nextSkipSlot  nextSlot  start  type  	projects/Closure80/src/com/google/javascript/jscomp/NodeUtil.java	0.4082482904638631	1264	1264	2	replace	&&  NodeUtil.isFunctionAnonymous(n)&&  NodeUtil.isFunctionBoolean(n))  {  return  true;  }	  &&    NodeUtil.isFunctionAnonymous(n)||    NodeUtil.isFunctionBoolean(n))    {    return    false;    }    	non-compiled	[CE]  	87	None	replace
672	[BUG]  [BUGGY]  &&  NodeUtil.isFunctionAnonymous(n)&&  NodeUtil.mayHaveSideEffects(n))  {  return  false;  }  [CE]  [FE]                  IllegalStateException      [CONTEXT]      case  Token.LE:  case  Token.GE:  case  Token.IN:  case  Token.INSTANCEOF:  case  Token.NOT:  return  true;  default:      [BUGGY]  &&  NodeUtil.isFunctionAnonymous(n)&&  NodeUtil.mayHaveSideEffects(n))  {  return  false;  }  [BUGGY]      }  }  [CLASS]  NodeUtil  NumbericResultPredicate  BooleanResultPredicate  MayBeStringResultPredicate  VarCollector  MatchNameNode  MatchNodeType  MatchDeclaration  MatchNotFunction  MatchShallowStatement  [METHOD]  isBooleanResultHelper  [RETURN_TYPE]  boolean  Node  n  [VARIABLES]  BooleanResultPredicate  BOOLEAN_RESULT_PREDICATE  Set  BUILTIN_FUNCTIONS_WITHOUT_SIDEEFFECTS  CONSTRUCTORS_WITHOUT_SIDE_EFFECTS  OBJECT_METHODS_WITHOUT_SIDEEFFECTS  REGEXP_METHODS  STRING_REGEXP_METHODS  defines  emptySet  knownConstants  NumbericResultPredicate  NUMBERIC_RESULT_PREDICATE  boolean  MayBeStringResultPredicate  MAY_BE_STRING_PREDICATE  Node  n  String  JSC_PROPERTY_NAME_FN  childValue  name  namespaceName  rawJsString  s  value  Map  vars  int  c  end  nextSkipSlot  nextSlot  start  type  	projects/Closure80/src/com/google/javascript/jscomp/NodeUtil.java	0.4082482904638631	1264	1264	2	replace	&&  NodeUtil.isFunctionAnonymous(n)&&  NodeUtil.mayHaveSideEffects(n))  {  return  false;  }	  &&    NodeUtil.isFunctionAnonymous(n)||    NodeUtil.isFunctionBoolean(n))    {    return    false;    }    	non-compiled	[CE]  	87	None	replace
673	[BUG]  [BUGGY]  &&  NodeUtil.isLhs(n)||  NodeUtil.isFunctionBoolean(n))  {  return  false;  }  [CE]  [FE]                    IllegalStateException      [CONTEXT]      case  Token.LE:  case  Token.GE:  case  Token.IN:  case  Token.INSTANCEOF:  case  Token.NOT:  return  true;  default:      [BUGGY]  &&  NodeUtil.isLhs(n)||  NodeUtil.isFunctionBoolean(n))  {  return  false;  }  [BUGGY]      }  }  [CLASS]  NodeUtil  NumbericResultPredicate  BooleanResultPredicate  MayBeStringResultPredicate  VarCollector  MatchNameNode  MatchNodeType  MatchDeclaration  MatchNotFunction  MatchShallowStatement  [METHOD]  isBooleanResultHelper  [RETURN_TYPE]  boolean  Node  n  [VARIABLES]  BooleanResultPredicate  BOOLEAN_RESULT_PREDICATE  Set  BUILTIN_FUNCTIONS_WITHOUT_SIDEEFFECTS  CONSTRUCTORS_WITHOUT_SIDE_EFFECTS  OBJECT_METHODS_WITHOUT_SIDEEFFECTS  REGEXP_METHODS  STRING_REGEXP_METHODS  defines  emptySet  knownConstants  NumbericResultPredicate  NUMBERIC_RESULT_PREDICATE  boolean  MayBeStringResultPredicate  MAY_BE_STRING_PREDICATE  Node  n  String  JSC_PROPERTY_NAME_FN  childValue  name  namespaceName  rawJsString  s  value  Map  vars  int  c  end  nextSkipSlot  nextSlot  start  type  	projects/Closure80/src/com/google/javascript/jscomp/NodeUtil.java	0.4082482904638631	1264	1264	2	replace	&&  NodeUtil.isLhs(n)||  NodeUtil.isFunctionBoolean(n))  {  return  false;  }	  &&    NodeUtil.isFunctionAnonymous(n)||    NodeUtil.isFunctionBoolean(n))    {    return    false;    }    	non-compiled	[CE]  	87	None	replace
674	[BUG]  [BUGGY]  For(Node  c  =  n.getFirstChild();  c!=  null;  c  =  c.getNext())  {  Node  n  =  c.getNext();  if(n.getType()  ==  Token.FUNCTION)  {  return  false;  }  [CE]  [FE]                            IllegalStateException      [CONTEXT]      case  Token.LE:  case  Token.GE:  case  Token.IN:  case  Token.INSTANCEOF:  case  Token.NOT:  return  true;  default:      [BUGGY]  For(Node  c  =  n.getFirstChild();  c!=  null;  c  =  c.getNext())  {  Node  n  =  c.getNext();  if(n.getType()  ==  Token.FUNCTION)  {  return  false;  }  [BUGGY]      }  }  [CLASS]  NodeUtil  NumbericResultPredicate  BooleanResultPredicate  MayBeStringResultPredicate  VarCollector  MatchNameNode  MatchNodeType  MatchDeclaration  MatchNotFunction  MatchShallowStatement  [METHOD]  isBooleanResultHelper  [RETURN_TYPE]  boolean  Node  n  [VARIABLES]  BooleanResultPredicate  BOOLEAN_RESULT_PREDICATE  Set  BUILTIN_FUNCTIONS_WITHOUT_SIDEEFFECTS  CONSTRUCTORS_WITHOUT_SIDE_EFFECTS  OBJECT_METHODS_WITHOUT_SIDEEFFECTS  REGEXP_METHODS  STRING_REGEXP_METHODS  defines  emptySet  knownConstants  NumbericResultPredicate  NUMBERIC_RESULT_PREDICATE  boolean  MayBeStringResultPredicate  MAY_BE_STRING_PREDICATE  Node  n  String  JSC_PROPERTY_NAME_FN  childValue  name  namespaceName  rawJsString  s  value  Map  vars  int  c  end  nextSkipSlot  nextSlot  start  type  	projects/Closure80/src/com/google/javascript/jscomp/NodeUtil.java	0.4082482904638631	1264	1264	2	replace	For(Node  c  =  n.getFirstChild();  c!=  null;  c  =  c.getNext())  {  Node  n  =  c.getNext();  if(n.getType()  ==  Token.FUNCTION)  {  return  false;  }	  for(Node    c    =    n.getFirstChild();    c!=    null;    c    =    c.getNext())    {    Node    n    =    c.getNext();    if(n.getType()    ==    Token.FUNCTION)    {    return    false;    }    	non-compiled	[CE]  	145	None	replace
675	[BUG]  [BUGGY]  Node  c  =  n.getFirstChild();  c!=  null;  c  =  c.getNext())  {  Node  n  =  c.getNext();  if(n.getType()  ==  Token.FUNCTION)  {  return  [CE]  [FE]                              IllegalStateException      [CONTEXT]      case  Token.LE:  case  Token.GE:  case  Token.IN:  case  Token.INSTANCEOF:  case  Token.NOT:  return  true;  default:      [BUGGY]  Node  c  =  n.getFirstChild();  c!=  null;  c  =  c.getNext())  {  Node  n  =  c.getNext();  if(n.getType()  ==  Token.FUNCTION)  {  return  [BUGGY]      }  }  [CLASS]  NodeUtil  NumbericResultPredicate  BooleanResultPredicate  MayBeStringResultPredicate  VarCollector  MatchNameNode  MatchNodeType  MatchDeclaration  MatchNotFunction  MatchShallowStatement  [METHOD]  isBooleanResultHelper  [RETURN_TYPE]  boolean  Node  n  [VARIABLES]  BooleanResultPredicate  BOOLEAN_RESULT_PREDICATE  Set  BUILTIN_FUNCTIONS_WITHOUT_SIDEEFFECTS  CONSTRUCTORS_WITHOUT_SIDE_EFFECTS  OBJECT_METHODS_WITHOUT_SIDEEFFECTS  REGEXP_METHODS  STRING_REGEXP_METHODS  defines  emptySet  knownConstants  NumbericResultPredicate  NUMBERIC_RESULT_PREDICATE  boolean  MayBeStringResultPredicate  MAY_BE_STRING_PREDICATE  Node  n  String  JSC_PROPERTY_NAME_FN  childValue  name  namespaceName  rawJsString  s  value  Map  vars  int  c  end  nextSkipSlot  nextSlot  start  type  	projects/Closure80/src/com/google/javascript/jscomp/NodeUtil.java	0.4082482904638631	1264	1264	2	replace	Node  c  =  n.getFirstChild();  c!=  null;  c  =  c.getNext())  {  Node  n  =  c.getNext();  if(n.getType()  ==  Token.FUNCTION)  {  return	  for(Node    c    =    n.getFirstChild();    c!=    null;    c    =    c.getNext())    {    Node    n    =    c.getNext();    if(n.getType()    ==    Token.FUNCTION)    {    return    false;    }    	non-compiled	[CE]  	145	None	replace
676	[BUG]  [BUGGY]  ||  NodeUtil.isStatementBlock(n)&&!NodeUtil.mayHaveSideEffects(n))  {  return  false;  }  [CE]  [FE]                          IllegalStateException      [CONTEXT]      case  Token.LE:  case  Token.GE:  case  Token.IN:  case  Token.INSTANCEOF:  case  Token.NOT:  return  true;  default:      [BUGGY]  ||  NodeUtil.isStatementBlock(n)&&!NodeUtil.mayHaveSideEffects(n))  {  return  false;  }  [BUGGY]      }  }  [CLASS]  NodeUtil  NumbericResultPredicate  BooleanResultPredicate  MayBeStringResultPredicate  VarCollector  MatchNameNode  MatchNodeType  MatchDeclaration  MatchNotFunction  MatchShallowStatement  [METHOD]  isBooleanResultHelper  [RETURN_TYPE]  boolean  Node  n  [VARIABLES]  BooleanResultPredicate  BOOLEAN_RESULT_PREDICATE  Set  BUILTIN_FUNCTIONS_WITHOUT_SIDEEFFECTS  CONSTRUCTORS_WITHOUT_SIDE_EFFECTS  OBJECT_METHODS_WITHOUT_SIDEEFFECTS  REGEXP_METHODS  STRING_REGEXP_METHODS  defines  emptySet  knownConstants  NumbericResultPredicate  NUMBERIC_RESULT_PREDICATE  boolean  MayBeStringResultPredicate  MAY_BE_STRING_PREDICATE  Node  n  String  JSC_PROPERTY_NAME_FN  childValue  name  namespaceName  rawJsString  s  value  Map  vars  int  c  end  nextSkipSlot  nextSlot  start  type  	projects/Closure80/src/com/google/javascript/jscomp/NodeUtil.java	0.4082482904638631	1264	1264	2	replace	||  NodeUtil.isStatementBlock(n)&&!NodeUtil.mayHaveSideEffects(n))  {  return  false;  }	  ||    NodeUtil.isStatementBlock(n))    {    return    false;    }    	non-compiled	[CE]  	15	None	replace
677	[BUG]  [BUGGY]  &&  NodeUtil.isStatementBlock(n))  {  return  false;  }  [CE]  [FE]                            IllegalStateException      [CONTEXT]      case  Token.LE:  case  Token.GE:  case  Token.IN:  case  Token.INSTANCEOF:  case  Token.NOT:  return  true;  default:      [BUGGY]  &&  NodeUtil.isStatementBlock(n))  {  return  false;  }  [BUGGY]      }  }  [CLASS]  NodeUtil  NumbericResultPredicate  BooleanResultPredicate  MayBeStringResultPredicate  VarCollector  MatchNameNode  MatchNodeType  MatchDeclaration  MatchNotFunction  MatchShallowStatement  [METHOD]  isBooleanResultHelper  [RETURN_TYPE]  boolean  Node  n  [VARIABLES]  BooleanResultPredicate  BOOLEAN_RESULT_PREDICATE  Set  BUILTIN_FUNCTIONS_WITHOUT_SIDEEFFECTS  CONSTRUCTORS_WITHOUT_SIDE_EFFECTS  OBJECT_METHODS_WITHOUT_SIDEEFFECTS  REGEXP_METHODS  STRING_REGEXP_METHODS  defines  emptySet  knownConstants  NumbericResultPredicate  NUMBERIC_RESULT_PREDICATE  boolean  MayBeStringResultPredicate  MAY_BE_STRING_PREDICATE  Node  n  String  JSC_PROPERTY_NAME_FN  childValue  name  namespaceName  rawJsString  s  value  Map  vars  int  c  end  nextSkipSlot  nextSlot  start  type  	projects/Closure80/src/com/google/javascript/jscomp/NodeUtil.java	0.4082482904638631	1264	1264	2	replace	&&  NodeUtil.isStatementBlock(n))  {  return  false;  }	  ||    NodeUtil.isStatementBlock(n))    {    return    false;    }    	non-compiled	[CE]  	15	None	replace
678	[BUG]  [BUGGY]  ||  NodeUtil.isGet(n))  {  return  false;  }  [CE]  [FE]                              IllegalStateException      [CONTEXT]      case  Token.LE:  case  Token.GE:  case  Token.IN:  case  Token.INSTANCEOF:  case  Token.NOT:  return  true;  default:      [BUGGY]  ||  NodeUtil.isGet(n))  {  return  false;  }  [BUGGY]      }  }  [CLASS]  NodeUtil  NumbericResultPredicate  BooleanResultPredicate  MayBeStringResultPredicate  VarCollector  MatchNameNode  MatchNodeType  MatchDeclaration  MatchNotFunction  MatchShallowStatement  [METHOD]  isBooleanResultHelper  [RETURN_TYPE]  boolean  Node  n  [VARIABLES]  BooleanResultPredicate  BOOLEAN_RESULT_PREDICATE  Set  BUILTIN_FUNCTIONS_WITHOUT_SIDEEFFECTS  CONSTRUCTORS_WITHOUT_SIDE_EFFECTS  OBJECT_METHODS_WITHOUT_SIDEEFFECTS  REGEXP_METHODS  STRING_REGEXP_METHODS  defines  emptySet  knownConstants  NumbericResultPredicate  NUMBERIC_RESULT_PREDICATE  boolean  MayBeStringResultPredicate  MAY_BE_STRING_PREDICATE  Node  n  String  JSC_PROPERTY_NAME_FN  childValue  name  namespaceName  rawJsString  s  value  Map  vars  int  c  end  nextSkipSlot  nextSlot  start  type  	projects/Closure80/src/com/google/javascript/jscomp/NodeUtil.java	0.4082482904638631	1264	1264	2	replace	||  NodeUtil.isGet(n))  {  return  false;  }	  ||    NodeUtil.isStatementBlock(n))    {    return    false;    }    	non-compiled	[CE]  	15	None	replace
679	[BUG]  [BUGGY]  ||  NodeUtil.isStatementBlock(n)&&  NodeUtil.mayHaveSideEffects(n))  {  return  false;  }  [CE]  [FE]                                IllegalStateException      [CONTEXT]      case  Token.LE:  case  Token.GE:  case  Token.IN:  case  Token.INSTANCEOF:  case  Token.NOT:  return  true;  default:      [BUGGY]  ||  NodeUtil.isStatementBlock(n)&&  NodeUtil.mayHaveSideEffects(n))  {  return  false;  }  [BUGGY]      }  }  [CLASS]  NodeUtil  NumbericResultPredicate  BooleanResultPredicate  MayBeStringResultPredicate  VarCollector  MatchNameNode  MatchNodeType  MatchDeclaration  MatchNotFunction  MatchShallowStatement  [METHOD]  isBooleanResultHelper  [RETURN_TYPE]  boolean  Node  n  [VARIABLES]  BooleanResultPredicate  BOOLEAN_RESULT_PREDICATE  Set  BUILTIN_FUNCTIONS_WITHOUT_SIDEEFFECTS  CONSTRUCTORS_WITHOUT_SIDE_EFFECTS  OBJECT_METHODS_WITHOUT_SIDEEFFECTS  REGEXP_METHODS  STRING_REGEXP_METHODS  defines  emptySet  knownConstants  NumbericResultPredicate  NUMBERIC_RESULT_PREDICATE  boolean  MayBeStringResultPredicate  MAY_BE_STRING_PREDICATE  Node  n  String  JSC_PROPERTY_NAME_FN  childValue  name  namespaceName  rawJsString  s  value  Map  vars  int  c  end  nextSkipSlot  nextSlot  start  type  	projects/Closure80/src/com/google/javascript/jscomp/NodeUtil.java	0.4082482904638631	1264	1264	2	replace	||  NodeUtil.isStatementBlock(n)&&  NodeUtil.mayHaveSideEffects(n))  {  return  false;  }	  ||    NodeUtil.isStatementBlock(n))    {    return    false;    }    	non-compiled	[CE]  	15	None	replace
680	[BUG]  [BUGGY]  return(n.getType()  ==  Token.NAME)&&  BooleanResultPredicate.FALSE  <=  BooleanResultPredicate.TRUE;  [CE]  [FE]                        IllegalStateException      [CONTEXT]      case  Token.LE:  case  Token.GE:  case  Token.IN:  case  Token.INSTANCEOF:  case  Token.NOT:  return  true;  default:      [BUGGY]  return(n.getType()  ==  Token.NAME)&&  BooleanResultPredicate.FALSE  <=  BooleanResultPredicate.TRUE;  [BUGGY]      }  }  [CLASS]  NodeUtil  NumbericResultPredicate  BooleanResultPredicate  MayBeStringResultPredicate  VarCollector  MatchNameNode  MatchNodeType  MatchDeclaration  MatchNotFunction  MatchShallowStatement  [METHOD]  isBooleanResultHelper  [RETURN_TYPE]  boolean  Node  n  [VARIABLES]  BooleanResultPredicate  BOOLEAN_RESULT_PREDICATE  Set  BUILTIN_FUNCTIONS_WITHOUT_SIDEEFFECTS  CONSTRUCTORS_WITHOUT_SIDE_EFFECTS  OBJECT_METHODS_WITHOUT_SIDEEFFECTS  REGEXP_METHODS  STRING_REGEXP_METHODS  defines  emptySet  knownConstants  NumbericResultPredicate  NUMBERIC_RESULT_PREDICATE  boolean  MayBeStringResultPredicate  MAY_BE_STRING_PREDICATE  Node  n  String  JSC_PROPERTY_NAME_FN  childValue  name  namespaceName  rawJsString  s  value  Map  vars  int  c  end  nextSkipSlot  nextSlot  start  type  	projects/Closure80/src/com/google/javascript/jscomp/NodeUtil.java	0.4082482904638631	1264	1264	2	replace	return(n.getType()  ==  Token.NAME)&&  BooleanResultPredicate.FALSE  <=  BooleanResultPredicate.TRUE;	  return(n.getType()    ==    Token.NAME)&&    BooleanResultPredicate.FALSE    :    BooleanResultPredicate.TRUE;    	non-compiled	[CE]  	143	None	replace
681	[BUG]  [BUGGY]  return(n.getType()  ==  Token.NAME)&&  BooleanResultPredicate.FIELD  :  BooleanResultPredicate.TRUE;  [CE]  [FE]                          IllegalStateException      [CONTEXT]      case  Token.LE:  case  Token.GE:  case  Token.IN:  case  Token.INSTANCEOF:  case  Token.NOT:  return  true;  default:      [BUGGY]  return(n.getType()  ==  Token.NAME)&&  BooleanResultPredicate.FIELD  :  BooleanResultPredicate.TRUE;  [BUGGY]      }  }  [CLASS]  NodeUtil  NumbericResultPredicate  BooleanResultPredicate  MayBeStringResultPredicate  VarCollector  MatchNameNode  MatchNodeType  MatchDeclaration  MatchNotFunction  MatchShallowStatement  [METHOD]  isBooleanResultHelper  [RETURN_TYPE]  boolean  Node  n  [VARIABLES]  BooleanResultPredicate  BOOLEAN_RESULT_PREDICATE  Set  BUILTIN_FUNCTIONS_WITHOUT_SIDEEFFECTS  CONSTRUCTORS_WITHOUT_SIDE_EFFECTS  OBJECT_METHODS_WITHOUT_SIDEEFFECTS  REGEXP_METHODS  STRING_REGEXP_METHODS  defines  emptySet  knownConstants  NumbericResultPredicate  NUMBERIC_RESULT_PREDICATE  boolean  MayBeStringResultPredicate  MAY_BE_STRING_PREDICATE  Node  n  String  JSC_PROPERTY_NAME_FN  childValue  name  namespaceName  rawJsString  s  value  Map  vars  int  c  end  nextSkipSlot  nextSlot  start  type  	projects/Closure80/src/com/google/javascript/jscomp/NodeUtil.java	0.4082482904638631	1264	1264	2	replace	return(n.getType()  ==  Token.NAME)&&  BooleanResultPredicate.FIELD  :  BooleanResultPredicate.TRUE;	  return(n.getType()    ==    Token.NAME)&&    BooleanResultPredicate.FALSE    :    BooleanResultPredicate.TRUE;    	non-compiled	[CE]  	143	None	replace
682	[BUG]  [BUGGY]  return(n.getType()  ==  Token.NAME)&&  BooleanResultPredicate.FALSE  /  BooleanResultPredicate.TRUE;  [CE]  [FE]                            IllegalStateException      [CONTEXT]      case  Token.LE:  case  Token.GE:  case  Token.IN:  case  Token.INSTANCEOF:  case  Token.NOT:  return  true;  default:      [BUGGY]  return(n.getType()  ==  Token.NAME)&&  BooleanResultPredicate.FALSE  /  BooleanResultPredicate.TRUE;  [BUGGY]      }  }  [CLASS]  NodeUtil  NumbericResultPredicate  BooleanResultPredicate  MayBeStringResultPredicate  VarCollector  MatchNameNode  MatchNodeType  MatchDeclaration  MatchNotFunction  MatchShallowStatement  [METHOD]  isBooleanResultHelper  [RETURN_TYPE]  boolean  Node  n  [VARIABLES]  BooleanResultPredicate  BOOLEAN_RESULT_PREDICATE  Set  BUILTIN_FUNCTIONS_WITHOUT_SIDEEFFECTS  CONSTRUCTORS_WITHOUT_SIDE_EFFECTS  OBJECT_METHODS_WITHOUT_SIDEEFFECTS  REGEXP_METHODS  STRING_REGEXP_METHODS  defines  emptySet  knownConstants  NumbericResultPredicate  NUMBERIC_RESULT_PREDICATE  boolean  MayBeStringResultPredicate  MAY_BE_STRING_PREDICATE  Node  n  String  JSC_PROPERTY_NAME_FN  childValue  name  namespaceName  rawJsString  s  value  Map  vars  int  c  end  nextSkipSlot  nextSlot  start  type  	projects/Closure80/src/com/google/javascript/jscomp/NodeUtil.java	0.4082482904638631	1264	1264	2	replace	return(n.getType()  ==  Token.NAME)&&  BooleanResultPredicate.FALSE  /  BooleanResultPredicate.TRUE;	  return(n.getType()    ==    Token.NAME)&&    BooleanResultPredicate.FALSE    :    BooleanResultPredicate.TRUE;    	non-compiled	[CE]  	143	None	replace
683	[BUG]  [BUGGY]  n.setType(Token.FUNCTION)||  n.getType()  ==  Token.GETPROP)  {  return  false;  }  [CE]  [FE]                        IllegalStateException      [CONTEXT]      case  Token.LE:  case  Token.GE:  case  Token.IN:  case  Token.INSTANCEOF:  case  Token.NOT:  return  true;  default:      [BUGGY]  n.setType(Token.FUNCTION)||  n.getType()  ==  Token.GETPROP)  {  return  false;  }  [BUGGY]      }  }  [CLASS]  NodeUtil  NumbericResultPredicate  BooleanResultPredicate  MayBeStringResultPredicate  VarCollector  MatchNameNode  MatchNodeType  MatchDeclaration  MatchNotFunction  MatchShallowStatement  [METHOD]  isBooleanResultHelper  [RETURN_TYPE]  boolean  Node  n  [VARIABLES]  BooleanResultPredicate  BOOLEAN_RESULT_PREDICATE  Set  BUILTIN_FUNCTIONS_WITHOUT_SIDEEFFECTS  CONSTRUCTORS_WITHOUT_SIDE_EFFECTS  OBJECT_METHODS_WITHOUT_SIDEEFFECTS  REGEXP_METHODS  STRING_REGEXP_METHODS  defines  emptySet  knownConstants  NumbericResultPredicate  NUMBERIC_RESULT_PREDICATE  boolean  MayBeStringResultPredicate  MAY_BE_STRING_PREDICATE  Node  n  String  JSC_PROPERTY_NAME_FN  childValue  name  namespaceName  rawJsString  s  value  Map  vars  int  c  end  nextSkipSlot  nextSlot  start  type  	projects/Closure80/src/com/google/javascript/jscomp/NodeUtil.java	0.4082482904638631	1264	1264	2	replace	n.setType(Token.FUNCTION)||  n.getType()  ==  Token.GETPROP)  {  return  false;  }	  if(n.getType()    ==    Token.FUNCTION    ||    n.getType()    ==    Token.GETPROP)    {    return    false;    }    	non-compiled	[CE]  	45	None	replace
684	[BUG]  [BUGGY]  NodeUtil.mayHaveSideEffects(n)&&  NodeUtil.isFunctionDeclaration(n))  {  return  true;  }  [CE]  [FE]              IllegalStateException      [CONTEXT]      case  Token.LE:  case  Token.GE:  case  Token.IN:  case  Token.INSTANCEOF:  case  Token.NOT:  return  true;  default:      [BUGGY]  NodeUtil.mayHaveSideEffects(n)&&  NodeUtil.isFunctionDeclaration(n))  {  return  true;  }  [BUGGY]      }  }  [CLASS]  NodeUtil  NumbericResultPredicate  BooleanResultPredicate  MayBeStringResultPredicate  VarCollector  MatchNameNode  MatchNodeType  MatchDeclaration  MatchNotFunction  MatchShallowStatement  [METHOD]  isBooleanResultHelper  [RETURN_TYPE]  boolean  Node  n  [VARIABLES]  BooleanResultPredicate  BOOLEAN_RESULT_PREDICATE  Set  BUILTIN_FUNCTIONS_WITHOUT_SIDEEFFECTS  CONSTRUCTORS_WITHOUT_SIDE_EFFECTS  OBJECT_METHODS_WITHOUT_SIDEEFFECTS  REGEXP_METHODS  STRING_REGEXP_METHODS  defines  emptySet  knownConstants  NumbericResultPredicate  NUMBERIC_RESULT_PREDICATE  boolean  MayBeStringResultPredicate  MAY_BE_STRING_PREDICATE  Node  n  String  JSC_PROPERTY_NAME_FN  childValue  name  namespaceName  rawJsString  s  value  Map  vars  int  c  end  nextSkipSlot  nextSlot  start  type  	projects/Closure80/src/com/google/javascript/jscomp/NodeUtil.java	0.4082482904638631	1264	1264	2	replace	NodeUtil.mayHaveSideEffects(n)&&  NodeUtil.isFunctionDeclaration(n))  {  return  true;  }	  if(NodeUtil.isFunctionDeclaration(n)||    NodeUtil.isFunctionDeclaration(n))    {    return    true;    }    	non-compiled	[CE]  	104	None	replace
685	[BUG]  [BUGGY]  n.setType(Token.NAME  ||  n.getType()  ==  Token.FUNCTION)  {  return  false;  }  [CE]  [FE]                        IllegalStateException      [CONTEXT]      case  Token.LE:  case  Token.GE:  case  Token.IN:  case  Token.INSTANCEOF:  case  Token.NOT:  return  true;  default:      [BUGGY]  n.setType(Token.NAME  ||  n.getType()  ==  Token.FUNCTION)  {  return  false;  }  [BUGGY]      }  }  [CLASS]  NodeUtil  NumbericResultPredicate  BooleanResultPredicate  MayBeStringResultPredicate  VarCollector  MatchNameNode  MatchNodeType  MatchDeclaration  MatchNotFunction  MatchShallowStatement  [METHOD]  isBooleanResultHelper  [RETURN_TYPE]  boolean  Node  n  [VARIABLES]  BooleanResultPredicate  BOOLEAN_RESULT_PREDICATE  Set  BUILTIN_FUNCTIONS_WITHOUT_SIDEEFFECTS  CONSTRUCTORS_WITHOUT_SIDE_EFFECTS  OBJECT_METHODS_WITHOUT_SIDEEFFECTS  REGEXP_METHODS  STRING_REGEXP_METHODS  defines  emptySet  knownConstants  NumbericResultPredicate  NUMBERIC_RESULT_PREDICATE  boolean  MayBeStringResultPredicate  MAY_BE_STRING_PREDICATE  Node  n  String  JSC_PROPERTY_NAME_FN  childValue  name  namespaceName  rawJsString  s  value  Map  vars  int  c  end  nextSkipSlot  nextSlot  start  type  	projects/Closure80/src/com/google/javascript/jscomp/NodeUtil.java	0.4082482904638631	1264	1264	2	replace	n.setType(Token.NAME  ||  n.getType()  ==  Token.FUNCTION)  {  return  false;  }	  if(n.getType()!=    Token.NAME    ||    n.getType()    ==    Token.FUNCTION)    {    return    false;    }    	non-compiled	[CE]  	125	None	replace
686	[BUG]  [BUGGY]  return(n.getType()  ==  Token.NAME)&&  BooleanResultPredicate.FUNCTION  :  BooleanResultPredicate.BOOLEAN;  [CE]  [FE]                      IllegalStateException      [CONTEXT]      case  Token.LE:  case  Token.GE:  case  Token.IN:  case  Token.INSTANCEOF:  case  Token.NOT:  return  true;  default:      [BUGGY]  return(n.getType()  ==  Token.NAME)&&  BooleanResultPredicate.FUNCTION  :  BooleanResultPredicate.BOOLEAN;  [BUGGY]      }  }  [CLASS]  NodeUtil  NumbericResultPredicate  BooleanResultPredicate  MayBeStringResultPredicate  VarCollector  MatchNameNode  MatchNodeType  MatchDeclaration  MatchNotFunction  MatchShallowStatement  [METHOD]  isBooleanResultHelper  [RETURN_TYPE]  boolean  Node  n  [VARIABLES]  BooleanResultPredicate  BOOLEAN_RESULT_PREDICATE  Set  BUILTIN_FUNCTIONS_WITHOUT_SIDEEFFECTS  CONSTRUCTORS_WITHOUT_SIDE_EFFECTS  OBJECT_METHODS_WITHOUT_SIDEEFFECTS  REGEXP_METHODS  STRING_REGEXP_METHODS  defines  emptySet  knownConstants  NumbericResultPredicate  NUMBERIC_RESULT_PREDICATE  boolean  MayBeStringResultPredicate  MAY_BE_STRING_PREDICATE  Node  n  String  JSC_PROPERTY_NAME_FN  childValue  name  namespaceName  rawJsString  s  value  Map  vars  int  c  end  nextSkipSlot  nextSlot  start  type  	projects/Closure80/src/com/google/javascript/jscomp/NodeUtil.java	0.4082482904638631	1264	1264	2	replace	return(n.getType()  ==  Token.NAME)&&  BooleanResultPredicate.FUNCTION  :  BooleanResultPredicate.BOOLEAN;	  return(n.getType()    ==    Token.NAME)&&    BooleanResultPredicate.FALSE    :    BooleanResultPredicate.BOOLEAN;    	non-compiled	[CE]  	152	None	replace
687	[BUG]  [BUGGY]  return(n.getType()  ==  Token.NAME)&&  BooleanResultPredicate.FIELD  :  BooleanResultPredicate.BOOLEAN;  [CE]  [FE]                        IllegalStateException      [CONTEXT]      case  Token.LE:  case  Token.GE:  case  Token.IN:  case  Token.INSTANCEOF:  case  Token.NOT:  return  true;  default:      [BUGGY]  return(n.getType()  ==  Token.NAME)&&  BooleanResultPredicate.FIELD  :  BooleanResultPredicate.BOOLEAN;  [BUGGY]      }  }  [CLASS]  NodeUtil  NumbericResultPredicate  BooleanResultPredicate  MayBeStringResultPredicate  VarCollector  MatchNameNode  MatchNodeType  MatchDeclaration  MatchNotFunction  MatchShallowStatement  [METHOD]  isBooleanResultHelper  [RETURN_TYPE]  boolean  Node  n  [VARIABLES]  BooleanResultPredicate  BOOLEAN_RESULT_PREDICATE  Set  BUILTIN_FUNCTIONS_WITHOUT_SIDEEFFECTS  CONSTRUCTORS_WITHOUT_SIDE_EFFECTS  OBJECT_METHODS_WITHOUT_SIDEEFFECTS  REGEXP_METHODS  STRING_REGEXP_METHODS  defines  emptySet  knownConstants  NumbericResultPredicate  NUMBERIC_RESULT_PREDICATE  boolean  MayBeStringResultPredicate  MAY_BE_STRING_PREDICATE  Node  n  String  JSC_PROPERTY_NAME_FN  childValue  name  namespaceName  rawJsString  s  value  Map  vars  int  c  end  nextSkipSlot  nextSlot  start  type  	projects/Closure80/src/com/google/javascript/jscomp/NodeUtil.java	0.4082482904638631	1264	1264	2	replace	return(n.getType()  ==  Token.NAME)&&  BooleanResultPredicate.FIELD  :  BooleanResultPredicate.BOOLEAN;	  return(n.getType()    ==    Token.NAME)&&    BooleanResultPredicate.FALSE    :    BooleanResultPredicate.BOOLEAN;    	non-compiled	[CE]  	152	None	replace
688	[BUG]  [BUGGY]  return(n.getType()  ==  Token.NAME)&&  BooleanResultPredicate.FALSE  <=  BooleanResultPredicate.BOOLEAN;  [CE]  [FE]                          IllegalStateException      [CONTEXT]      case  Token.LE:  case  Token.GE:  case  Token.IN:  case  Token.INSTANCEOF:  case  Token.NOT:  return  true;  default:      [BUGGY]  return(n.getType()  ==  Token.NAME)&&  BooleanResultPredicate.FALSE  <=  BooleanResultPredicate.BOOLEAN;  [BUGGY]      }  }  [CLASS]  NodeUtil  NumbericResultPredicate  BooleanResultPredicate  MayBeStringResultPredicate  VarCollector  MatchNameNode  MatchNodeType  MatchDeclaration  MatchNotFunction  MatchShallowStatement  [METHOD]  isBooleanResultHelper  [RETURN_TYPE]  boolean  Node  n  [VARIABLES]  BooleanResultPredicate  BOOLEAN_RESULT_PREDICATE  Set  BUILTIN_FUNCTIONS_WITHOUT_SIDEEFFECTS  CONSTRUCTORS_WITHOUT_SIDE_EFFECTS  OBJECT_METHODS_WITHOUT_SIDEEFFECTS  REGEXP_METHODS  STRING_REGEXP_METHODS  defines  emptySet  knownConstants  NumbericResultPredicate  NUMBERIC_RESULT_PREDICATE  boolean  MayBeStringResultPredicate  MAY_BE_STRING_PREDICATE  Node  n  String  JSC_PROPERTY_NAME_FN  childValue  name  namespaceName  rawJsString  s  value  Map  vars  int  c  end  nextSkipSlot  nextSlot  start  type  	projects/Closure80/src/com/google/javascript/jscomp/NodeUtil.java	0.4082482904638631	1264	1264	2	replace	return(n.getType()  ==  Token.NAME)&&  BooleanResultPredicate.FALSE  <=  BooleanResultPredicate.BOOLEAN;	  return(n.getType()    ==    Token.NAME)&&    BooleanResultPredicate.FALSE    :    BooleanResultPredicate.BOOLEAN;    	non-compiled	[CE]  	152	None	replace
689	[BUG]  [BUGGY]  while(n.getType()!=  Token.NAME)  {  return  true;  }  [CE]  [FE]                  IllegalStateException      [CONTEXT]      case  Token.LE:  case  Token.GE:  case  Token.IN:  case  Token.INSTANCEOF:  case  Token.NOT:  return  true;  default:      [BUGGY]  while(n.getType()!=  Token.NAME)  {  return  true;  }  [BUGGY]      }  }  [CLASS]  NodeUtil  NumbericResultPredicate  BooleanResultPredicate  MayBeStringResultPredicate  VarCollector  MatchNameNode  MatchNodeType  MatchDeclaration  MatchNotFunction  MatchShallowStatement  [METHOD]  isBooleanResultHelper  [RETURN_TYPE]  boolean  Node  n  [VARIABLES]  BooleanResultPredicate  BOOLEAN_RESULT_PREDICATE  Set  BUILTIN_FUNCTIONS_WITHOUT_SIDEEFFECTS  CONSTRUCTORS_WITHOUT_SIDE_EFFECTS  OBJECT_METHODS_WITHOUT_SIDEEFFECTS  REGEXP_METHODS  STRING_REGEXP_METHODS  defines  emptySet  knownConstants  NumbericResultPredicate  NUMBERIC_RESULT_PREDICATE  boolean  MayBeStringResultPredicate  MAY_BE_STRING_PREDICATE  Node  n  String  JSC_PROPERTY_NAME_FN  childValue  name  namespaceName  rawJsString  s  value  Map  vars  int  c  end  nextSkipSlot  nextSlot  start  type  	projects/Closure80/src/com/google/javascript/jscomp/NodeUtil.java	0.4082482904638631	1264	1264	2	replace	while(n.getType()!=  Token.NAME)  {  return  true;  }	  if(n.getType()!=    Token.NAME)    {    return    true;    }    	non-compiled	[CE]  	122	None	replace
690	[BUG]  [BUGGY]  n.setType(Token.NAME)  {  return  true;  }  [CE]  [FE]                    IllegalStateException      [CONTEXT]      case  Token.LE:  case  Token.GE:  case  Token.IN:  case  Token.INSTANCEOF:  case  Token.NOT:  return  true;  default:      [BUGGY]  n.setType(Token.NAME)  {  return  true;  }  [BUGGY]      }  }  [CLASS]  NodeUtil  NumbericResultPredicate  BooleanResultPredicate  MayBeStringResultPredicate  VarCollector  MatchNameNode  MatchNodeType  MatchDeclaration  MatchNotFunction  MatchShallowStatement  [METHOD]  isBooleanResultHelper  [RETURN_TYPE]  boolean  Node  n  [VARIABLES]  BooleanResultPredicate  BOOLEAN_RESULT_PREDICATE  Set  BUILTIN_FUNCTIONS_WITHOUT_SIDEEFFECTS  CONSTRUCTORS_WITHOUT_SIDE_EFFECTS  OBJECT_METHODS_WITHOUT_SIDEEFFECTS  REGEXP_METHODS  STRING_REGEXP_METHODS  defines  emptySet  knownConstants  NumbericResultPredicate  NUMBERIC_RESULT_PREDICATE  boolean  MayBeStringResultPredicate  MAY_BE_STRING_PREDICATE  Node  n  String  JSC_PROPERTY_NAME_FN  childValue  name  namespaceName  rawJsString  s  value  Map  vars  int  c  end  nextSkipSlot  nextSlot  start  type  	projects/Closure80/src/com/google/javascript/jscomp/NodeUtil.java	0.4082482904638631	1264	1264	2	replace	n.setType(Token.NAME)  {  return  true;  }	  if(n.getType()!=    Token.NAME)    {    return    true;    }    	non-compiled	[CE]  	122	None	replace
691	[BUG]  [BUGGY]  n.setType(Token.GETPROP);  return  true;  [CE]  [FE]                        IllegalStateException      [CONTEXT]      case  Token.LE:  case  Token.GE:  case  Token.IN:  case  Token.INSTANCEOF:  case  Token.NOT:  return  true;  default:      [BUGGY]  n.setType(Token.GETPROP);  return  true;  [BUGGY]      }  }  [CLASS]  NodeUtil  NumbericResultPredicate  BooleanResultPredicate  MayBeStringResultPredicate  VarCollector  MatchNameNode  MatchNodeType  MatchDeclaration  MatchNotFunction  MatchShallowStatement  [METHOD]  isBooleanResultHelper  [RETURN_TYPE]  boolean  Node  n  [VARIABLES]  BooleanResultPredicate  BOOLEAN_RESULT_PREDICATE  Set  BUILTIN_FUNCTIONS_WITHOUT_SIDEEFFECTS  CONSTRUCTORS_WITHOUT_SIDE_EFFECTS  OBJECT_METHODS_WITHOUT_SIDEEFFECTS  REGEXP_METHODS  STRING_REGEXP_METHODS  defines  emptySet  knownConstants  NumbericResultPredicate  NUMBERIC_RESULT_PREDICATE  boolean  MayBeStringResultPredicate  MAY_BE_STRING_PREDICATE  Node  n  String  JSC_PROPERTY_NAME_FN  childValue  name  namespaceName  rawJsString  s  value  Map  vars  int  c  end  nextSkipSlot  nextSlot  start  type  	projects/Closure80/src/com/google/javascript/jscomp/NodeUtil.java	0.4082482904638631	1264	1264	2	replace	n.setType(Token.GETPROP);  return  true;	  if(n.getType()!=    Token.GETPROP)    {    return    true;    }    	non-compiled	[CE]  	101	None	replace
692	[BUG]  [BUGGY]  n.setType(Token.GETPROP)  {  return  true;  }  [CE]  [FE]                          IllegalStateException      [CONTEXT]      case  Token.LE:  case  Token.GE:  case  Token.IN:  case  Token.INSTANCEOF:  case  Token.NOT:  return  true;  default:      [BUGGY]  n.setType(Token.GETPROP)  {  return  true;  }  [BUGGY]      }  }  [CLASS]  NodeUtil  NumbericResultPredicate  BooleanResultPredicate  MayBeStringResultPredicate  VarCollector  MatchNameNode  MatchNodeType  MatchDeclaration  MatchNotFunction  MatchShallowStatement  [METHOD]  isBooleanResultHelper  [RETURN_TYPE]  boolean  Node  n  [VARIABLES]  BooleanResultPredicate  BOOLEAN_RESULT_PREDICATE  Set  BUILTIN_FUNCTIONS_WITHOUT_SIDEEFFECTS  CONSTRUCTORS_WITHOUT_SIDE_EFFECTS  OBJECT_METHODS_WITHOUT_SIDEEFFECTS  REGEXP_METHODS  STRING_REGEXP_METHODS  defines  emptySet  knownConstants  NumbericResultPredicate  NUMBERIC_RESULT_PREDICATE  boolean  MayBeStringResultPredicate  MAY_BE_STRING_PREDICATE  Node  n  String  JSC_PROPERTY_NAME_FN  childValue  name  namespaceName  rawJsString  s  value  Map  vars  int  c  end  nextSkipSlot  nextSlot  start  type  	projects/Closure80/src/com/google/javascript/jscomp/NodeUtil.java	0.4082482904638631	1264	1264	2	replace	n.setType(Token.GETPROP)  {  return  true;  }	  if(n.getType()!=    Token.GETPROP)    {    return    true;    }    	non-compiled	[CE]  	101	None	replace
693	[BUG]  [BUGGY]  NodeUtil.isFunctionAnonymous(n)&&  NodeUtil.isForIn(n))  {  return  false;  }  [CE]  [FE]                    IllegalStateException      [CONTEXT]      case  Token.LE:  case  Token.GE:  case  Token.IN:  case  Token.INSTANCEOF:  case  Token.NOT:  return  true;  default:      [BUGGY]  NodeUtil.isFunctionAnonymous(n)&&  NodeUtil.isForIn(n))  {  return  false;  }  [BUGGY]      }  }  [CLASS]  NodeUtil  NumbericResultPredicate  BooleanResultPredicate  MayBeStringResultPredicate  VarCollector  MatchNameNode  MatchNodeType  MatchDeclaration  MatchNotFunction  MatchShallowStatement  [METHOD]  isBooleanResultHelper  [RETURN_TYPE]  boolean  Node  n  [VARIABLES]  BooleanResultPredicate  BOOLEAN_RESULT_PREDICATE  Set  BUILTIN_FUNCTIONS_WITHOUT_SIDEEFFECTS  CONSTRUCTORS_WITHOUT_SIDE_EFFECTS  OBJECT_METHODS_WITHOUT_SIDEEFFECTS  REGEXP_METHODS  STRING_REGEXP_METHODS  defines  emptySet  knownConstants  NumbericResultPredicate  NUMBERIC_RESULT_PREDICATE  boolean  MayBeStringResultPredicate  MAY_BE_STRING_PREDICATE  Node  n  String  JSC_PROPERTY_NAME_FN  childValue  name  namespaceName  rawJsString  s  value  Map  vars  int  c  end  nextSkipSlot  nextSlot  start  type  	projects/Closure80/src/com/google/javascript/jscomp/NodeUtil.java	0.4082482904638631	1264	1264	2	replace	NodeUtil.isFunctionAnonymous(n)&&  NodeUtil.isForIn(n))  {  return  false;  }	  NodeUtil.isFunctionAnonymous(n)&&    NodeUtil.isExpressionNode(n))    {    return    false;    }    	non-compiled	[CE]  	2	None	replace
694	[BUG]  [BUGGY]  NodeUtil.isFunctionAnonymous(n)&&  NodeUtil.isStatement(n))  {  return  false;  }  [CE]  [FE]                      IllegalStateException      [CONTEXT]      case  Token.LE:  case  Token.GE:  case  Token.IN:  case  Token.INSTANCEOF:  case  Token.NOT:  return  true;  default:      [BUGGY]  NodeUtil.isFunctionAnonymous(n)&&  NodeUtil.isStatement(n))  {  return  false;  }  [BUGGY]      }  }  [CLASS]  NodeUtil  NumbericResultPredicate  BooleanResultPredicate  MayBeStringResultPredicate  VarCollector  MatchNameNode  MatchNodeType  MatchDeclaration  MatchNotFunction  MatchShallowStatement  [METHOD]  isBooleanResultHelper  [RETURN_TYPE]  boolean  Node  n  [VARIABLES]  BooleanResultPredicate  BOOLEAN_RESULT_PREDICATE  Set  BUILTIN_FUNCTIONS_WITHOUT_SIDEEFFECTS  CONSTRUCTORS_WITHOUT_SIDE_EFFECTS  OBJECT_METHODS_WITHOUT_SIDEEFFECTS  REGEXP_METHODS  STRING_REGEXP_METHODS  defines  emptySet  knownConstants  NumbericResultPredicate  NUMBERIC_RESULT_PREDICATE  boolean  MayBeStringResultPredicate  MAY_BE_STRING_PREDICATE  Node  n  String  JSC_PROPERTY_NAME_FN  childValue  name  namespaceName  rawJsString  s  value  Map  vars  int  c  end  nextSkipSlot  nextSlot  start  type  	projects/Closure80/src/com/google/javascript/jscomp/NodeUtil.java	0.4082482904638631	1264	1264	2	replace	NodeUtil.isFunctionAnonymous(n)&&  NodeUtil.isStatement(n))  {  return  false;  }	  NodeUtil.isFunctionAnonymous(n)&&    NodeUtil.isExpressionNode(n))    {    return    false;    }    	non-compiled	[CE]  	2	None	replace
695	[BUG]  [BUGGY]  if(n.getType()!=  Token.NAME  &&  n.getString().equals( "name "))  {  return  true;  }  [CE]  [FE]                              IllegalStateException      [CONTEXT]      case  Token.LE:  case  Token.GE:  case  Token.IN:  case  Token.INSTANCEOF:  case  Token.NOT:  return  true;  default:      [BUGGY]  if(n.getType()!=  Token.NAME  &&  n.getString().equals( "name "))  {  return  true;  }  [BUGGY]      }  }  [CLASS]  NodeUtil  NumbericResultPredicate  BooleanResultPredicate  MayBeStringResultPredicate  VarCollector  MatchNameNode  MatchNodeType  MatchDeclaration  MatchNotFunction  MatchShallowStatement  [METHOD]  isBooleanResultHelper  [RETURN_TYPE]  boolean  Node  n  [VARIABLES]  BooleanResultPredicate  BOOLEAN_RESULT_PREDICATE  Set  BUILTIN_FUNCTIONS_WITHOUT_SIDEEFFECTS  CONSTRUCTORS_WITHOUT_SIDE_EFFECTS  OBJECT_METHODS_WITHOUT_SIDEEFFECTS  REGEXP_METHODS  STRING_REGEXP_METHODS  defines  emptySet  knownConstants  NumbericResultPredicate  NUMBERIC_RESULT_PREDICATE  boolean  MayBeStringResultPredicate  MAY_BE_STRING_PREDICATE  Node  n  String  JSC_PROPERTY_NAME_FN  childValue  name  namespaceName  rawJsString  s  value  Map  vars  int  c  end  nextSkipSlot  nextSlot  start  type  	projects/Closure80/src/com/google/javascript/jscomp/NodeUtil.java	0.4082482904638631	1264	1264	2	replace	if(n.getType()!=  Token.NAME  &&  n.getString().equals( "name "))  {  return  true;  }	  if(n.getType()    ==    Token.NAME    ||    n.getString().equals(   "name   "))    {    return    true;    }    	non-compiled	[CE]  	20	None	replace
696	[BUG]  [BUGGY]  n.setType(Token.NAME  ||  n.getString().equals( "name "))  {  return  true;  }  [CE]  [FE]                                IllegalStateException      [CONTEXT]      case  Token.LE:  case  Token.GE:  case  Token.IN:  case  Token.INSTANCEOF:  case  Token.NOT:  return  true;  default:      [BUGGY]  n.setType(Token.NAME  ||  n.getString().equals( "name "))  {  return  true;  }  [BUGGY]      }  }  [CLASS]  NodeUtil  NumbericResultPredicate  BooleanResultPredicate  MayBeStringResultPredicate  VarCollector  MatchNameNode  MatchNodeType  MatchDeclaration  MatchNotFunction  MatchShallowStatement  [METHOD]  isBooleanResultHelper  [RETURN_TYPE]  boolean  Node  n  [VARIABLES]  BooleanResultPredicate  BOOLEAN_RESULT_PREDICATE  Set  BUILTIN_FUNCTIONS_WITHOUT_SIDEEFFECTS  CONSTRUCTORS_WITHOUT_SIDE_EFFECTS  OBJECT_METHODS_WITHOUT_SIDEEFFECTS  REGEXP_METHODS  STRING_REGEXP_METHODS  defines  emptySet  knownConstants  NumbericResultPredicate  NUMBERIC_RESULT_PREDICATE  boolean  MayBeStringResultPredicate  MAY_BE_STRING_PREDICATE  Node  n  String  JSC_PROPERTY_NAME_FN  childValue  name  namespaceName  rawJsString  s  value  Map  vars  int  c  end  nextSkipSlot  nextSlot  start  type  	projects/Closure80/src/com/google/javascript/jscomp/NodeUtil.java	0.4082482904638631	1264	1264	2	replace	n.setType(Token.NAME  ||  n.getString().equals( "name "))  {  return  true;  }	  if(n.getType()    ==    Token.NAME    ||    n.getString().equals(   "name   "))    {    return    true;    }    	non-compiled	[CE]  	20	None	replace
697	[BUG]  [BUGGY]  ||  NodeUtil.isFunctionDeclaration(n)||!NodeUtil.mayHaveSideEffects(n))  {  return  false;  }  [CE]  [FE]                IllegalStateException      [CONTEXT]      case  Token.LE:  case  Token.GE:  case  Token.IN:  case  Token.INSTANCEOF:  case  Token.NOT:  return  true;  default:      [BUGGY]  ||  NodeUtil.isFunctionDeclaration(n)||!NodeUtil.mayHaveSideEffects(n))  {  return  false;  }  [BUGGY]      }  }  [CLASS]  NodeUtil  NumbericResultPredicate  BooleanResultPredicate  MayBeStringResultPredicate  VarCollector  MatchNameNode  MatchNodeType  MatchDeclaration  MatchNotFunction  MatchShallowStatement  [METHOD]  isBooleanResultHelper  [RETURN_TYPE]  boolean  Node  n  [VARIABLES]  BooleanResultPredicate  BOOLEAN_RESULT_PREDICATE  Set  BUILTIN_FUNCTIONS_WITHOUT_SIDEEFFECTS  CONSTRUCTORS_WITHOUT_SIDE_EFFECTS  OBJECT_METHODS_WITHOUT_SIDEEFFECTS  REGEXP_METHODS  STRING_REGEXP_METHODS  defines  emptySet  knownConstants  NumbericResultPredicate  NUMBERIC_RESULT_PREDICATE  boolean  MayBeStringResultPredicate  MAY_BE_STRING_PREDICATE  Node  n  String  JSC_PROPERTY_NAME_FN  childValue  name  namespaceName  rawJsString  s  value  Map  vars  int  c  end  nextSkipSlot  nextSlot  start  type  	projects/Closure80/src/com/google/javascript/jscomp/NodeUtil.java	0.4082482904638631	1264	1264	2	replace	||  NodeUtil.isFunctionDeclaration(n)||!NodeUtil.mayHaveSideEffects(n))  {  return  false;  }	  ||    NodeUtil.isFunctionDeclaration(n))    {    return    false;    }    	non-compiled	[CE]  	6	None	replace
698	[BUG]  [BUGGY]  ||  NodeUtil.isFunctionDeclaration(n)&&!NodeUtil.mayHaveSideEffects(n))  {  return  false;  }  [CE]  [FE]                  IllegalStateException      [CONTEXT]      case  Token.LE:  case  Token.GE:  case  Token.IN:  case  Token.INSTANCEOF:  case  Token.NOT:  return  true;  default:      [BUGGY]  ||  NodeUtil.isFunctionDeclaration(n)&&!NodeUtil.mayHaveSideEffects(n))  {  return  false;  }  [BUGGY]      }  }  [CLASS]  NodeUtil  NumbericResultPredicate  BooleanResultPredicate  MayBeStringResultPredicate  VarCollector  MatchNameNode  MatchNodeType  MatchDeclaration  MatchNotFunction  MatchShallowStatement  [METHOD]  isBooleanResultHelper  [RETURN_TYPE]  boolean  Node  n  [VARIABLES]  BooleanResultPredicate  BOOLEAN_RESULT_PREDICATE  Set  BUILTIN_FUNCTIONS_WITHOUT_SIDEEFFECTS  CONSTRUCTORS_WITHOUT_SIDE_EFFECTS  OBJECT_METHODS_WITHOUT_SIDEEFFECTS  REGEXP_METHODS  STRING_REGEXP_METHODS  defines  emptySet  knownConstants  NumbericResultPredicate  NUMBERIC_RESULT_PREDICATE  boolean  MayBeStringResultPredicate  MAY_BE_STRING_PREDICATE  Node  n  String  JSC_PROPERTY_NAME_FN  childValue  name  namespaceName  rawJsString  s  value  Map  vars  int  c  end  nextSkipSlot  nextSlot  start  type  	projects/Closure80/src/com/google/javascript/jscomp/NodeUtil.java	0.4082482904638631	1264	1264	2	replace	||  NodeUtil.isFunctionDeclaration(n)&&!NodeUtil.mayHaveSideEffects(n))  {  return  false;  }	  ||    NodeUtil.isFunctionDeclaration(n))    {    return    false;    }    	non-compiled	[CE]  	6	None	replace
699	[BUG]  [BUGGY]  Preconditions.checkState(NodeUtil.isFunctionAnonymous(n)||  NodeUtil.isBlock(n))  {  return  false;  }  [CE]  [FE]                    IllegalStateException      [CONTEXT]      case  Token.LE:  case  Token.GE:  case  Token.IN:  case  Token.INSTANCEOF:  case  Token.NOT:  return  true;  default:      [BUGGY]  Preconditions.checkState(NodeUtil.isFunctionAnonymous(n)||  NodeUtil.isBlock(n))  {  return  false;  }  [BUGGY]      }  }  [CLASS]  NodeUtil  NumbericResultPredicate  BooleanResultPredicate  MayBeStringResultPredicate  VarCollector  MatchNameNode  MatchNodeType  MatchDeclaration  MatchNotFunction  MatchShallowStatement  [METHOD]  isBooleanResultHelper  [RETURN_TYPE]  boolean  Node  n  [VARIABLES]  BooleanResultPredicate  BOOLEAN_RESULT_PREDICATE  Set  BUILTIN_FUNCTIONS_WITHOUT_SIDEEFFECTS  CONSTRUCTORS_WITHOUT_SIDE_EFFECTS  OBJECT_METHODS_WITHOUT_SIDEEFFECTS  REGEXP_METHODS  STRING_REGEXP_METHODS  defines  emptySet  knownConstants  NumbericResultPredicate  NUMBERIC_RESULT_PREDICATE  boolean  MayBeStringResultPredicate  MAY_BE_STRING_PREDICATE  Node  n  String  JSC_PROPERTY_NAME_FN  childValue  name  namespaceName  rawJsString  s  value  Map  vars  int  c  end  nextSkipSlot  nextSlot  start  type  	projects/Closure80/src/com/google/javascript/jscomp/NodeUtil.java	0.4082482904638631	1264	1264	2	replace	Preconditions.checkState(NodeUtil.isFunctionAnonymous(n)||  NodeUtil.isBlock(n))  {  return  false;  }	  if(NodeUtil.isFunctionAnonymous(n)||    NodeUtil.isBlock(n))    {    return    false;    }    	non-compiled	[CE]  	168	None	replace
700	[BUG]  [BUGGY]  n.setString(JSSC_PROPERTY_NAME_FN);  return  false;  [CE]  [FE]                              IllegalStateException      [CONTEXT]      case  Token.LE:  case  Token.GE:  case  Token.IN:  case  Token.INSTANCEOF:  case  Token.NOT:  return  true;  default:      [BUGGY]  n.setString(JSSC_PROPERTY_NAME_FN);  return  false;  [BUGGY]      }  }  [CLASS]  NodeUtil  NumbericResultPredicate  BooleanResultPredicate  MayBeStringResultPredicate  VarCollector  MatchNameNode  MatchNodeType  MatchDeclaration  MatchNotFunction  MatchShallowStatement  [METHOD]  isBooleanResultHelper  [RETURN_TYPE]  boolean  Node  n  [VARIABLES]  BooleanResultPredicate  BOOLEAN_RESULT_PREDICATE  Set  BUILTIN_FUNCTIONS_WITHOUT_SIDEEFFECTS  CONSTRUCTORS_WITHOUT_SIDE_EFFECTS  OBJECT_METHODS_WITHOUT_SIDEEFFECTS  REGEXP_METHODS  STRING_REGEXP_METHODS  defines  emptySet  knownConstants  NumbericResultPredicate  NUMBERIC_RESULT_PREDICATE  boolean  MayBeStringResultPredicate  MAY_BE_STRING_PREDICATE  Node  n  String  JSC_PROPERTY_NAME_FN  childValue  name  namespaceName  rawJsString  s  value  Map  vars  int  c  end  nextSkipSlot  nextSlot  start  type  	projects/Closure80/src/com/google/javascript/jscomp/NodeUtil.java	0.4082482904638631	1264	1264	2	replace	n.setString(JSSC_PROPERTY_NAME_FN);  return  false;	  n.setString(JSC_PROPERTY_NAME_FN);    return    true;    	non-compiled	[CE]  	70	None	replace
701	[BUG]  [BUGGY]  &&  NodeUtil.isFunctionDeclaration(n))  {  return  false;  }  [CE]  [FE]                  IllegalStateException      [CONTEXT]      case  Token.LE:  case  Token.GE:  case  Token.IN:  case  Token.INSTANCEOF:  case  Token.NOT:  return  true;  default:      [BUGGY]  &&  NodeUtil.isFunctionDeclaration(n))  {  return  false;  }  [BUGGY]      }  }  [CLASS]  NodeUtil  NumbericResultPredicate  BooleanResultPredicate  MayBeStringResultPredicate  VarCollector  MatchNameNode  MatchNodeType  MatchDeclaration  MatchNotFunction  MatchShallowStatement  [METHOD]  isBooleanResultHelper  [RETURN_TYPE]  boolean  Node  n  [VARIABLES]  BooleanResultPredicate  BOOLEAN_RESULT_PREDICATE  Set  BUILTIN_FUNCTIONS_WITHOUT_SIDEEFFECTS  CONSTRUCTORS_WITHOUT_SIDE_EFFECTS  OBJECT_METHODS_WITHOUT_SIDEEFFECTS  REGEXP_METHODS  STRING_REGEXP_METHODS  defines  emptySet  knownConstants  NumbericResultPredicate  NUMBERIC_RESULT_PREDICATE  boolean  MayBeStringResultPredicate  MAY_BE_STRING_PREDICATE  Node  n  String  JSC_PROPERTY_NAME_FN  childValue  name  namespaceName  rawJsString  s  value  Map  vars  int  c  end  nextSkipSlot  nextSlot  start  type  	projects/Closure80/src/com/google/javascript/jscomp/NodeUtil.java	0.4082482904638631	1264	1264	2	replace	&&  NodeUtil.isFunctionDeclaration(n))  {  return  false;  }	  if(NodeUtil.isFunctionDeclaration(n)&&    NodeUtil.isFunctionDeclaration(n))    {    return    false;    }    	non-compiled	[CE]  	7	None	replace
702	[BUG]  [BUGGY]  if(NodeUtil.isName(n)&&  NodeUtil.isFunctionDeclaration(n))  {  return  false;  }  [CE]  [FE]                    IllegalStateException      [CONTEXT]      case  Token.LE:  case  Token.GE:  case  Token.IN:  case  Token.INSTANCEOF:  case  Token.NOT:  return  true;  default:      [BUGGY]  if(NodeUtil.isName(n)&&  NodeUtil.isFunctionDeclaration(n))  {  return  false;  }  [BUGGY]      }  }  [CLASS]  NodeUtil  NumbericResultPredicate  BooleanResultPredicate  MayBeStringResultPredicate  VarCollector  MatchNameNode  MatchNodeType  MatchDeclaration  MatchNotFunction  MatchShallowStatement  [METHOD]  isBooleanResultHelper  [RETURN_TYPE]  boolean  Node  n  [VARIABLES]  BooleanResultPredicate  BOOLEAN_RESULT_PREDICATE  Set  BUILTIN_FUNCTIONS_WITHOUT_SIDEEFFECTS  CONSTRUCTORS_WITHOUT_SIDE_EFFECTS  OBJECT_METHODS_WITHOUT_SIDEEFFECTS  REGEXP_METHODS  STRING_REGEXP_METHODS  defines  emptySet  knownConstants  NumbericResultPredicate  NUMBERIC_RESULT_PREDICATE  boolean  MayBeStringResultPredicate  MAY_BE_STRING_PREDICATE  Node  n  String  JSC_PROPERTY_NAME_FN  childValue  name  namespaceName  rawJsString  s  value  Map  vars  int  c  end  nextSkipSlot  nextSlot  start  type  	projects/Closure80/src/com/google/javascript/jscomp/NodeUtil.java	0.4082482904638631	1264	1264	2	replace	if(NodeUtil.isName(n)&&  NodeUtil.isFunctionDeclaration(n))  {  return  false;  }	  if(NodeUtil.isFunctionDeclaration(n)&&    NodeUtil.isFunctionDeclaration(n))    {    return    false;    }    	non-compiled	[CE]  	7	None	replace
703	[BUG]  [BUGGY]  if(NodeUtil.isVarDeclaration(n)&&  NodeUtil.isFunctionDeclaration(n))  {  return  false;  }  [CE]  [FE]                      IllegalStateException      [CONTEXT]      case  Token.LE:  case  Token.GE:  case  Token.IN:  case  Token.INSTANCEOF:  case  Token.NOT:  return  true;  default:      [BUGGY]  if(NodeUtil.isVarDeclaration(n)&&  NodeUtil.isFunctionDeclaration(n))  {  return  false;  }  [BUGGY]      }  }  [CLASS]  NodeUtil  NumbericResultPredicate  BooleanResultPredicate  MayBeStringResultPredicate  VarCollector  MatchNameNode  MatchNodeType  MatchDeclaration  MatchNotFunction  MatchShallowStatement  [METHOD]  isBooleanResultHelper  [RETURN_TYPE]  boolean  Node  n  [VARIABLES]  BooleanResultPredicate  BOOLEAN_RESULT_PREDICATE  Set  BUILTIN_FUNCTIONS_WITHOUT_SIDEEFFECTS  CONSTRUCTORS_WITHOUT_SIDE_EFFECTS  OBJECT_METHODS_WITHOUT_SIDEEFFECTS  REGEXP_METHODS  STRING_REGEXP_METHODS  defines  emptySet  knownConstants  NumbericResultPredicate  NUMBERIC_RESULT_PREDICATE  boolean  MayBeStringResultPredicate  MAY_BE_STRING_PREDICATE  Node  n  String  JSC_PROPERTY_NAME_FN  childValue  name  namespaceName  rawJsString  s  value  Map  vars  int  c  end  nextSkipSlot  nextSlot  start  type  	projects/Closure80/src/com/google/javascript/jscomp/NodeUtil.java	0.4082482904638631	1264	1264	2	replace	if(NodeUtil.isVarDeclaration(n)&&  NodeUtil.isFunctionDeclaration(n))  {  return  false;  }	  if(NodeUtil.isFunctionDeclaration(n)&&    NodeUtil.isFunctionDeclaration(n))    {    return    false;    }    	non-compiled	[CE]  	7	None	replace
704	[BUG]  [BUGGY]  NodeUtil.mayHaveSideEffects(n)&&  NodeUtil.mayHaveSideEffects(n))  {  return  false;  }  [CE]  [FE]                    IllegalStateException      [CONTEXT]      case  Token.LE:  case  Token.GE:  case  Token.IN:  case  Token.INSTANCEOF:  case  Token.NOT:  return  true;  default:      [BUGGY]  NodeUtil.mayHaveSideEffects(n)&&  NodeUtil.mayHaveSideEffects(n))  {  return  false;  }  [BUGGY]      }  }  [CLASS]  NodeUtil  NumbericResultPredicate  BooleanResultPredicate  MayBeStringResultPredicate  VarCollector  MatchNameNode  MatchNodeType  MatchDeclaration  MatchNotFunction  MatchShallowStatement  [METHOD]  isBooleanResultHelper  [RETURN_TYPE]  boolean  Node  n  [VARIABLES]  BooleanResultPredicate  BOOLEAN_RESULT_PREDICATE  Set  BUILTIN_FUNCTIONS_WITHOUT_SIDEEFFECTS  CONSTRUCTORS_WITHOUT_SIDE_EFFECTS  OBJECT_METHODS_WITHOUT_SIDEEFFECTS  REGEXP_METHODS  STRING_REGEXP_METHODS  defines  emptySet  knownConstants  NumbericResultPredicate  NUMBERIC_RESULT_PREDICATE  boolean  MayBeStringResultPredicate  MAY_BE_STRING_PREDICATE  Node  n  String  JSC_PROPERTY_NAME_FN  childValue  name  namespaceName  rawJsString  s  value  Map  vars  int  c  end  nextSkipSlot  nextSlot  start  type  	projects/Closure80/src/com/google/javascript/jscomp/NodeUtil.java	0.4082482904638631	1264	1264	2	replace	NodeUtil.mayHaveSideEffects(n)&&  NodeUtil.mayHaveSideEffects(n))  {  return  false;  }	  NodeUtil.mayHaveSideEffects(n)&&    NodeUtil.isFunctionAnonymous(n))    {    return    false;    }    	non-compiled	[CE]  	86	None	replace
705	[BUG]  [BUGGY]  NodeUtil.mayEffectMutableState(n)&&  NodeUtil.isFunctionAnonymous(n))  {  return  false;  }  [CE]  [FE]                      IllegalStateException      [CONTEXT]      case  Token.LE:  case  Token.GE:  case  Token.IN:  case  Token.INSTANCEOF:  case  Token.NOT:  return  true;  default:      [BUGGY]  NodeUtil.mayEffectMutableState(n)&&  NodeUtil.isFunctionAnonymous(n))  {  return  false;  }  [BUGGY]      }  }  [CLASS]  NodeUtil  NumbericResultPredicate  BooleanResultPredicate  MayBeStringResultPredicate  VarCollector  MatchNameNode  MatchNodeType  MatchDeclaration  MatchNotFunction  MatchShallowStatement  [METHOD]  isBooleanResultHelper  [RETURN_TYPE]  boolean  Node  n  [VARIABLES]  BooleanResultPredicate  BOOLEAN_RESULT_PREDICATE  Set  BUILTIN_FUNCTIONS_WITHOUT_SIDEEFFECTS  CONSTRUCTORS_WITHOUT_SIDE_EFFECTS  OBJECT_METHODS_WITHOUT_SIDEEFFECTS  REGEXP_METHODS  STRING_REGEXP_METHODS  defines  emptySet  knownConstants  NumbericResultPredicate  NUMBERIC_RESULT_PREDICATE  boolean  MayBeStringResultPredicate  MAY_BE_STRING_PREDICATE  Node  n  String  JSC_PROPERTY_NAME_FN  childValue  name  namespaceName  rawJsString  s  value  Map  vars  int  c  end  nextSkipSlot  nextSlot  start  type  	projects/Closure80/src/com/google/javascript/jscomp/NodeUtil.java	0.4082482904638631	1264	1264	2	replace	NodeUtil.mayEffectMutableState(n)&&  NodeUtil.isFunctionAnonymous(n))  {  return  false;  }	  NodeUtil.mayHaveSideEffects(n)&&    NodeUtil.isFunctionAnonymous(n))    {    return    false;    }    	non-compiled	[CE]  	86	None	replace
706	[BUG]  [BUGGY]  NodeUtil.mayHaveSideEffects(n)&&  NodeUtil.isGetProp(n))  {  return  false;  }  [CE]  [FE]                        IllegalStateException      [CONTEXT]      case  Token.LE:  case  Token.GE:  case  Token.IN:  case  Token.INSTANCEOF:  case  Token.NOT:  return  true;  default:      [BUGGY]  NodeUtil.mayHaveSideEffects(n)&&  NodeUtil.isGetProp(n))  {  return  false;  }  [BUGGY]      }  }  [CLASS]  NodeUtil  NumbericResultPredicate  BooleanResultPredicate  MayBeStringResultPredicate  VarCollector  MatchNameNode  MatchNodeType  MatchDeclaration  MatchNotFunction  MatchShallowStatement  [METHOD]  isBooleanResultHelper  [RETURN_TYPE]  boolean  Node  n  [VARIABLES]  BooleanResultPredicate  BOOLEAN_RESULT_PREDICATE  Set  BUILTIN_FUNCTIONS_WITHOUT_SIDEEFFECTS  CONSTRUCTORS_WITHOUT_SIDE_EFFECTS  OBJECT_METHODS_WITHOUT_SIDEEFFECTS  REGEXP_METHODS  STRING_REGEXP_METHODS  defines  emptySet  knownConstants  NumbericResultPredicate  NUMBERIC_RESULT_PREDICATE  boolean  MayBeStringResultPredicate  MAY_BE_STRING_PREDICATE  Node  n  String  JSC_PROPERTY_NAME_FN  childValue  name  namespaceName  rawJsString  s  value  Map  vars  int  c  end  nextSkipSlot  nextSlot  start  type  	projects/Closure80/src/com/google/javascript/jscomp/NodeUtil.java	0.4082482904638631	1264	1264	2	replace	NodeUtil.mayHaveSideEffects(n)&&  NodeUtil.isGetProp(n))  {  return  false;  }	  NodeUtil.mayHaveSideEffects(n)&&    NodeUtil.isFunctionAnonymous(n))    {    return    false;    }    	non-compiled	[CE]  	86	None	replace
707	[BUG]  [BUGGY]  if(n.getType()!=  Token.STRING)  {  return  true;  }  [CE]  [FE]              IllegalStateException      [CONTEXT]      case  Token.LE:  case  Token.GE:  case  Token.IN:  case  Token.INSTANCEOF:  case  Token.NOT:  return  true;  default:      [BUGGY]  if(n.getType()!=  Token.STRING)  {  return  true;  }  [BUGGY]      }  }  [CLASS]  NodeUtil  NumbericResultPredicate  BooleanResultPredicate  MayBeStringResultPredicate  VarCollector  MatchNameNode  MatchNodeType  MatchDeclaration  MatchNotFunction  MatchShallowStatement  [METHOD]  isBooleanResultHelper  [RETURN_TYPE]  boolean  Node  n  [VARIABLES]  BooleanResultPredicate  BOOLEAN_RESULT_PREDICATE  Set  BUILTIN_FUNCTIONS_WITHOUT_SIDEEFFECTS  CONSTRUCTORS_WITHOUT_SIDE_EFFECTS  OBJECT_METHODS_WITHOUT_SIDEEFFECTS  REGEXP_METHODS  STRING_REGEXP_METHODS  defines  emptySet  knownConstants  NumbericResultPredicate  NUMBERIC_RESULT_PREDICATE  boolean  MayBeStringResultPredicate  MAY_BE_STRING_PREDICATE  Node  n  String  JSC_PROPERTY_NAME_FN  childValue  name  namespaceName  rawJsString  s  value  Map  vars  int  c  end  nextSkipSlot  nextSlot  start  type  	projects/Closure80/src/com/google/javascript/jscomp/NodeUtil.java	0.4082482904638631	1264	1264	2	replace	if(n.getType()!=  Token.STRING)  {  return  true;  }	  if(n.getType()    ==    Token.STRING)    {    return    false;    }    	non-compiled	[CE]  	135	None	replace
708	[BUG]  [BUGGY]  if(n.getType()!=  Token.STRING  ||  n.getType()  ==  Token.FUNCTION)  {  return  false;  }  [CE]  [FE]                IllegalStateException      [CONTEXT]      case  Token.LE:  case  Token.GE:  case  Token.IN:  case  Token.INSTANCEOF:  case  Token.NOT:  return  true;  default:      [BUGGY]  if(n.getType()!=  Token.STRING  ||  n.getType()  ==  Token.FUNCTION)  {  return  false;  }  [BUGGY]      }  }  [CLASS]  NodeUtil  NumbericResultPredicate  BooleanResultPredicate  MayBeStringResultPredicate  VarCollector  MatchNameNode  MatchNodeType  MatchDeclaration  MatchNotFunction  MatchShallowStatement  [METHOD]  isBooleanResultHelper  [RETURN_TYPE]  boolean  Node  n  [VARIABLES]  BooleanResultPredicate  BOOLEAN_RESULT_PREDICATE  Set  BUILTIN_FUNCTIONS_WITHOUT_SIDEEFFECTS  CONSTRUCTORS_WITHOUT_SIDE_EFFECTS  OBJECT_METHODS_WITHOUT_SIDEEFFECTS  REGEXP_METHODS  STRING_REGEXP_METHODS  defines  emptySet  knownConstants  NumbericResultPredicate  NUMBERIC_RESULT_PREDICATE  boolean  MayBeStringResultPredicate  MAY_BE_STRING_PREDICATE  Node  n  String  JSC_PROPERTY_NAME_FN  childValue  name  namespaceName  rawJsString  s  value  Map  vars  int  c  end  nextSkipSlot  nextSlot  start  type  	projects/Closure80/src/com/google/javascript/jscomp/NodeUtil.java	0.4082482904638631	1264	1264	2	replace	if(n.getType()!=  Token.STRING  ||  n.getType()  ==  Token.FUNCTION)  {  return  false;  }	  if(n.getType()    ==    Token.STRING)    {    return    false;    }    	non-compiled	[CE]  	135	None	replace
709	[BUG]  [BUGGY]  if(n.getType()  ==  Token.STRING  ||  n.getType()!=  Token.NAME)  {  return  false;  }  [CE]  [FE]                  IllegalStateException      [CONTEXT]      case  Token.LE:  case  Token.GE:  case  Token.IN:  case  Token.INSTANCEOF:  case  Token.NOT:  return  true;  default:      [BUGGY]  if(n.getType()  ==  Token.STRING  ||  n.getType()!=  Token.NAME)  {  return  false;  }  [BUGGY]      }  }  [CLASS]  NodeUtil  NumbericResultPredicate  BooleanResultPredicate  MayBeStringResultPredicate  VarCollector  MatchNameNode  MatchNodeType  MatchDeclaration  MatchNotFunction  MatchShallowStatement  [METHOD]  isBooleanResultHelper  [RETURN_TYPE]  boolean  Node  n  [VARIABLES]  BooleanResultPredicate  BOOLEAN_RESULT_PREDICATE  Set  BUILTIN_FUNCTIONS_WITHOUT_SIDEEFFECTS  CONSTRUCTORS_WITHOUT_SIDE_EFFECTS  OBJECT_METHODS_WITHOUT_SIDEEFFECTS  REGEXP_METHODS  STRING_REGEXP_METHODS  defines  emptySet  knownConstants  NumbericResultPredicate  NUMBERIC_RESULT_PREDICATE  boolean  MayBeStringResultPredicate  MAY_BE_STRING_PREDICATE  Node  n  String  JSC_PROPERTY_NAME_FN  childValue  name  namespaceName  rawJsString  s  value  Map  vars  int  c  end  nextSkipSlot  nextSlot  start  type  	projects/Closure80/src/com/google/javascript/jscomp/NodeUtil.java	0.4082482904638631	1264	1264	2	replace	if(n.getType()  ==  Token.STRING  ||  n.getType()!=  Token.NAME)  {  return  false;  }	  if(n.getType()    ==    Token.STRING)    {    return    false;    }    	non-compiled	[CE]  	135	None	replace
710	[BUG]  [BUGGY]  return(n.getType()  ==  Token.NAME)&  BooleanResultPredicate.UNKNOWN  :  BooleanResultPredicate.BOOLEAN;  [CE]  [FE]              IllegalStateException      [CONTEXT]      case  Token.LE:  case  Token.GE:  case  Token.IN:  case  Token.INSTANCEOF:  case  Token.NOT:  return  true;  default:      [BUGGY]  return(n.getType()  ==  Token.NAME)&  BooleanResultPredicate.UNKNOWN  :  BooleanResultPredicate.BOOLEAN;  [BUGGY]      }  }  [CLASS]  NodeUtil  NumbericResultPredicate  BooleanResultPredicate  MayBeStringResultPredicate  VarCollector  MatchNameNode  MatchNodeType  MatchDeclaration  MatchNotFunction  MatchShallowStatement  [METHOD]  isBooleanResultHelper  [RETURN_TYPE]  boolean  Node  n  [VARIABLES]  BooleanResultPredicate  BOOLEAN_RESULT_PREDICATE  Set  BUILTIN_FUNCTIONS_WITHOUT_SIDEEFFECTS  CONSTRUCTORS_WITHOUT_SIDE_EFFECTS  OBJECT_METHODS_WITHOUT_SIDEEFFECTS  REGEXP_METHODS  STRING_REGEXP_METHODS  defines  emptySet  knownConstants  NumbericResultPredicate  NUMBERIC_RESULT_PREDICATE  boolean  MayBeStringResultPredicate  MAY_BE_STRING_PREDICATE  Node  n  String  JSC_PROPERTY_NAME_FN  childValue  name  namespaceName  rawJsString  s  value  Map  vars  int  c  end  nextSkipSlot  nextSlot  start  type  	projects/Closure80/src/com/google/javascript/jscomp/NodeUtil.java	0.4082482904638631	1264	1264	2	replace	return(n.getType()  ==  Token.NAME)&  BooleanResultPredicate.UNKNOWN  :  BooleanResultPredicate.BOOLEAN;	  return(n.getType()    ==    Token.NAME)?    BooleanResultPredicate.UNKNOWN    :    BooleanResultPredicate.BOOLEAN;    	non-compiled	[CE]  	112	None	replace
711	[BUG]  [BUGGY]  Preconditions.checkState(NodeUtil.isFunctionAnonymous(n)||  NodeUtil.isMatchBlock(n))  {  return  false;  }  [CE]  [FE]                      IllegalStateException      [CONTEXT]      case  Token.LE:  case  Token.GE:  case  Token.IN:  case  Token.INSTANCEOF:  case  Token.NOT:  return  true;  default:      [BUGGY]  Preconditions.checkState(NodeUtil.isFunctionAnonymous(n)||  NodeUtil.isMatchBlock(n))  {  return  false;  }  [BUGGY]      }  }  [CLASS]  NodeUtil  NumbericResultPredicate  BooleanResultPredicate  MayBeStringResultPredicate  VarCollector  MatchNameNode  MatchNodeType  MatchDeclaration  MatchNotFunction  MatchShallowStatement  [METHOD]  isBooleanResultHelper  [RETURN_TYPE]  boolean  Node  n  [VARIABLES]  BooleanResultPredicate  BOOLEAN_RESULT_PREDICATE  Set  BUILTIN_FUNCTIONS_WITHOUT_SIDEEFFECTS  CONSTRUCTORS_WITHOUT_SIDE_EFFECTS  OBJECT_METHODS_WITHOUT_SIDEEFFECTS  REGEXP_METHODS  STRING_REGEXP_METHODS  defines  emptySet  knownConstants  NumbericResultPredicate  NUMBERIC_RESULT_PREDICATE  boolean  MayBeStringResultPredicate  MAY_BE_STRING_PREDICATE  Node  n  String  JSC_PROPERTY_NAME_FN  childValue  name  namespaceName  rawJsString  s  value  Map  vars  int  c  end  nextSkipSlot  nextSlot  start  type  	projects/Closure80/src/com/google/javascript/jscomp/NodeUtil.java	0.4082482904638631	1264	1264	2	replace	Preconditions.checkState(NodeUtil.isFunctionAnonymous(n)||  NodeUtil.isMatchBlock(n))  {  return  false;  }	  if(NodeUtil.isFunctionAnonymous(n)||    NodeUtil.isMatchBlock(n))    {    return    false;    }    	non-compiled	[CE]  	169	None	replace
712	[BUG]  [BUGGY]  NodeUtil.mayHaveSideEffects(n)&&  NodeUtil.isMatchBlock(n))  {  return  false;  }  [CE]  [FE]                        IllegalStateException      [CONTEXT]      case  Token.LE:  case  Token.GE:  case  Token.IN:  case  Token.INSTANCEOF:  case  Token.NOT:  return  true;  default:      [BUGGY]  NodeUtil.mayHaveSideEffects(n)&&  NodeUtil.isMatchBlock(n))  {  return  false;  }  [BUGGY]      }  }  [CLASS]  NodeUtil  NumbericResultPredicate  BooleanResultPredicate  MayBeStringResultPredicate  VarCollector  MatchNameNode  MatchNodeType  MatchDeclaration  MatchNotFunction  MatchShallowStatement  [METHOD]  isBooleanResultHelper  [RETURN_TYPE]  boolean  Node  n  [VARIABLES]  BooleanResultPredicate  BOOLEAN_RESULT_PREDICATE  Set  BUILTIN_FUNCTIONS_WITHOUT_SIDEEFFECTS  CONSTRUCTORS_WITHOUT_SIDE_EFFECTS  OBJECT_METHODS_WITHOUT_SIDEEFFECTS  REGEXP_METHODS  STRING_REGEXP_METHODS  defines  emptySet  knownConstants  NumbericResultPredicate  NUMBERIC_RESULT_PREDICATE  boolean  MayBeStringResultPredicate  MAY_BE_STRING_PREDICATE  Node  n  String  JSC_PROPERTY_NAME_FN  childValue  name  namespaceName  rawJsString  s  value  Map  vars  int  c  end  nextSkipSlot  nextSlot  start  type  	projects/Closure80/src/com/google/javascript/jscomp/NodeUtil.java	0.4082482904638631	1264	1264	2	replace	NodeUtil.mayHaveSideEffects(n)&&  NodeUtil.isMatchBlock(n))  {  return  false;  }	  if(NodeUtil.isFunctionAnonymous(n)||    NodeUtil.isMatchBlock(n))    {    return    false;    }    	non-compiled	[CE]  	169	None	replace
713	[BUG]  [BUGGY]  NodeUtil.mayHaveSideEffects(n)&&  NodeUtil.isFunctionDeclaration(n))  {  return  false;  }  [CE]  [FE]                          IllegalStateException      [CONTEXT]      case  Token.LE:  case  Token.GE:  case  Token.IN:  case  Token.INSTANCEOF:  case  Token.NOT:  return  true;  default:      [BUGGY]  NodeUtil.mayHaveSideEffects(n)&&  NodeUtil.isFunctionDeclaration(n))  {  return  false;  }  [BUGGY]      }  }  [CLASS]  NodeUtil  NumbericResultPredicate  BooleanResultPredicate  MayBeStringResultPredicate  VarCollector  MatchNameNode  MatchNodeType  MatchDeclaration  MatchNotFunction  MatchShallowStatement  [METHOD]  isBooleanResultHelper  [RETURN_TYPE]  boolean  Node  n  [VARIABLES]  BooleanResultPredicate  BOOLEAN_RESULT_PREDICATE  Set  BUILTIN_FUNCTIONS_WITHOUT_SIDEEFFECTS  CONSTRUCTORS_WITHOUT_SIDE_EFFECTS  OBJECT_METHODS_WITHOUT_SIDEEFFECTS  REGEXP_METHODS  STRING_REGEXP_METHODS  defines  emptySet  knownConstants  NumbericResultPredicate  NUMBERIC_RESULT_PREDICATE  boolean  MayBeStringResultPredicate  MAY_BE_STRING_PREDICATE  Node  n  String  JSC_PROPERTY_NAME_FN  childValue  name  namespaceName  rawJsString  s  value  Map  vars  int  c  end  nextSkipSlot  nextSlot  start  type  	projects/Closure80/src/com/google/javascript/jscomp/NodeUtil.java	0.4082482904638631	1264	1264	2	replace	NodeUtil.mayHaveSideEffects(n)&&  NodeUtil.isFunctionDeclaration(n))  {  return  false;  }	  if(NodeUtil.isFunctionDeclaration(n)||    NodeUtil.isVarDeclaration(n))    {    return    false;    }    	non-compiled	[CE]  	11	None	replace
714	[BUG]  [BUGGY]  Context.checkState(NodeUtil.isGetProp(n)||  NodeUtil.isFunctionAnonymous(n))  {  return  true;  }  [CE]  [FE]              IllegalStateException      [CONTEXT]      case  Token.LE:  case  Token.GE:  case  Token.IN:  case  Token.INSTANCEOF:  case  Token.NOT:  return  true;  default:      [BUGGY]  Context.checkState(NodeUtil.isGetProp(n)||  NodeUtil.isFunctionAnonymous(n))  {  return  true;  }  [BUGGY]      }  }  [CLASS]  NodeUtil  NumbericResultPredicate  BooleanResultPredicate  MayBeStringResultPredicate  VarCollector  MatchNameNode  MatchNodeType  MatchDeclaration  MatchNotFunction  MatchShallowStatement  [METHOD]  isBooleanResultHelper  [RETURN_TYPE]  boolean  Node  n  [VARIABLES]  BooleanResultPredicate  BOOLEAN_RESULT_PREDICATE  Set  BUILTIN_FUNCTIONS_WITHOUT_SIDEEFFECTS  CONSTRUCTORS_WITHOUT_SIDE_EFFECTS  OBJECT_METHODS_WITHOUT_SIDEEFFECTS  REGEXP_METHODS  STRING_REGEXP_METHODS  defines  emptySet  knownConstants  NumbericResultPredicate  NUMBERIC_RESULT_PREDICATE  boolean  MayBeStringResultPredicate  MAY_BE_STRING_PREDICATE  Node  n  String  JSC_PROPERTY_NAME_FN  childValue  name  namespaceName  rawJsString  s  value  Map  vars  int  c  end  nextSkipSlot  nextSlot  start  type  	projects/Closure80/src/com/google/javascript/jscomp/NodeUtil.java	0.4082482904638631	1264	1264	2	replace	Context.checkState(NodeUtil.isGetProp(n)||  NodeUtil.isFunctionAnonymous(n))  {  return  true;  }	  Context.checkState(NodeUtil.isFunctionAnonymous(n)||    NodeUtil.isFunctionAnonymous(n))    {    return    true;    }    	non-compiled	[CE]  	32	None	replace
715	[BUG]  [BUGGY]  NodeUtil.isStatement(n)||  NodeUtil.isStatementBlock(n))  {  return  false;  }  [CE]  [FE]                        IllegalStateException      [CONTEXT]      case  Token.LE:  case  Token.GE:  case  Token.IN:  case  Token.INSTANCEOF:  case  Token.NOT:  return  true;  default:      [BUGGY]  NodeUtil.isStatement(n)||  NodeUtil.isStatementBlock(n))  {  return  false;  }  [BUGGY]      }  }  [CLASS]  NodeUtil  NumbericResultPredicate  BooleanResultPredicate  MayBeStringResultPredicate  VarCollector  MatchNameNode  MatchNodeType  MatchDeclaration  MatchNotFunction  MatchShallowStatement  [METHOD]  isBooleanResultHelper  [RETURN_TYPE]  boolean  Node  n  [VARIABLES]  BooleanResultPredicate  BOOLEAN_RESULT_PREDICATE  Set  BUILTIN_FUNCTIONS_WITHOUT_SIDEEFFECTS  CONSTRUCTORS_WITHOUT_SIDE_EFFECTS  OBJECT_METHODS_WITHOUT_SIDEEFFECTS  REGEXP_METHODS  STRING_REGEXP_METHODS  defines  emptySet  knownConstants  NumbericResultPredicate  NUMBERIC_RESULT_PREDICATE  boolean  MayBeStringResultPredicate  MAY_BE_STRING_PREDICATE  Node  n  String  JSC_PROPERTY_NAME_FN  childValue  name  namespaceName  rawJsString  s  value  Map  vars  int  c  end  nextSkipSlot  nextSlot  start  type  	projects/Closure80/src/com/google/javascript/jscomp/NodeUtil.java	0.4082482904638631	1264	1264	2	replace	NodeUtil.isStatement(n)||  NodeUtil.isStatementBlock(n))  {  return  false;  }	  NodeUtil.isFunctionAnonymous(n)||    NodeUtil.isStatementBlock(n))    {    return    false;    }    	non-compiled	[CE]  	14	None	replace
716	[BUG]  [BUGGY]  Preconditions.checkState(NodeUtil.isFunctionDeclaration(n)||  NodeUtil.isMatchNotFunction(n))  {  return  false;  }  [CE]  [FE]                    IllegalStateException      [CONTEXT]      case  Token.LE:  case  Token.GE:  case  Token.IN:  case  Token.INSTANCEOF:  case  Token.NOT:  return  true;  default:      [BUGGY]  Preconditions.checkState(NodeUtil.isFunctionDeclaration(n)||  NodeUtil.isMatchNotFunction(n))  {  return  false;  }  [BUGGY]      }  }  [CLASS]  NodeUtil  NumbericResultPredicate  BooleanResultPredicate  MayBeStringResultPredicate  VarCollector  MatchNameNode  MatchNodeType  MatchDeclaration  MatchNotFunction  MatchShallowStatement  [METHOD]  isBooleanResultHelper  [RETURN_TYPE]  boolean  Node  n  [VARIABLES]  BooleanResultPredicate  BOOLEAN_RESULT_PREDICATE  Set  BUILTIN_FUNCTIONS_WITHOUT_SIDEEFFECTS  CONSTRUCTORS_WITHOUT_SIDE_EFFECTS  OBJECT_METHODS_WITHOUT_SIDEEFFECTS  REGEXP_METHODS  STRING_REGEXP_METHODS  defines  emptySet  knownConstants  NumbericResultPredicate  NUMBERIC_RESULT_PREDICATE  boolean  MayBeStringResultPredicate  MAY_BE_STRING_PREDICATE  Node  n  String  JSC_PROPERTY_NAME_FN  childValue  name  namespaceName  rawJsString  s  value  Map  vars  int  c  end  nextSkipSlot  nextSlot  start  type  	projects/Closure80/src/com/google/javascript/jscomp/NodeUtil.java	0.4082482904638631	1264	1264	2	replace	Preconditions.checkState(NodeUtil.isFunctionDeclaration(n)||  NodeUtil.isMatchNotFunction(n))  {  return  false;  }	  if(NodeUtil.isFunctionDeclaration(n)||    NodeUtil.isMatchNotFunction(n))    {    return    false;    }    	non-compiled	[CE]  	107	None	replace
717	[BUG]  [BUGGY]  if(n.getType()!=  Token.VAR)  {  return  true;  }  [CE]  [FE]            IllegalStateException      [CONTEXT]      case  Token.LE:  case  Token.GE:  case  Token.IN:  case  Token.INSTANCEOF:  case  Token.NOT:  return  true;  default:      [BUGGY]  if(n.getType()!=  Token.VAR)  {  return  true;  }  [BUGGY]      }  }  [CLASS]  NodeUtil  NumbericResultPredicate  BooleanResultPredicate  MayBeStringResultPredicate  VarCollector  MatchNameNode  MatchNodeType  MatchDeclaration  MatchNotFunction  MatchShallowStatement  [METHOD]  isBooleanResultHelper  [RETURN_TYPE]  boolean  Node  n  [VARIABLES]  BooleanResultPredicate  BOOLEAN_RESULT_PREDICATE  Set  BUILTIN_FUNCTIONS_WITHOUT_SIDEEFFECTS  CONSTRUCTORS_WITHOUT_SIDE_EFFECTS  OBJECT_METHODS_WITHOUT_SIDEEFFECTS  REGEXP_METHODS  STRING_REGEXP_METHODS  defines  emptySet  knownConstants  NumbericResultPredicate  NUMBERIC_RESULT_PREDICATE  boolean  MayBeStringResultPredicate  MAY_BE_STRING_PREDICATE  Node  n  String  JSC_PROPERTY_NAME_FN  childValue  name  namespaceName  rawJsString  s  value  Map  vars  int  c  end  nextSkipSlot  nextSlot  start  type  	projects/Closure80/src/com/google/javascript/jscomp/NodeUtil.java	0.4082482904638631	1264	1264	2	replace	if(n.getType()!=  Token.VAR)  {  return  true;  }	  if(n.getType()    ==    Token.VAR)    {    return    false;    }    	non-compiled	[CE]  	134	None	replace
718	[BUG]  [BUGGY]  if(n.getType()!=  Token.VAR  ||  n.getType()  ==  Token.FUNCTION)  {  return  false;  }  [CE]  [FE]              IllegalStateException      [CONTEXT]      case  Token.LE:  case  Token.GE:  case  Token.IN:  case  Token.INSTANCEOF:  case  Token.NOT:  return  true;  default:      [BUGGY]  if(n.getType()!=  Token.VAR  ||  n.getType()  ==  Token.FUNCTION)  {  return  false;  }  [BUGGY]      }  }  [CLASS]  NodeUtil  NumbericResultPredicate  BooleanResultPredicate  MayBeStringResultPredicate  VarCollector  MatchNameNode  MatchNodeType  MatchDeclaration  MatchNotFunction  MatchShallowStatement  [METHOD]  isBooleanResultHelper  [RETURN_TYPE]  boolean  Node  n  [VARIABLES]  BooleanResultPredicate  BOOLEAN_RESULT_PREDICATE  Set  BUILTIN_FUNCTIONS_WITHOUT_SIDEEFFECTS  CONSTRUCTORS_WITHOUT_SIDE_EFFECTS  OBJECT_METHODS_WITHOUT_SIDEEFFECTS  REGEXP_METHODS  STRING_REGEXP_METHODS  defines  emptySet  knownConstants  NumbericResultPredicate  NUMBERIC_RESULT_PREDICATE  boolean  MayBeStringResultPredicate  MAY_BE_STRING_PREDICATE  Node  n  String  JSC_PROPERTY_NAME_FN  childValue  name  namespaceName  rawJsString  s  value  Map  vars  int  c  end  nextSkipSlot  nextSlot  start  type  	projects/Closure80/src/com/google/javascript/jscomp/NodeUtil.java	0.4082482904638631	1264	1264	2	replace	if(n.getType()!=  Token.VAR  ||  n.getType()  ==  Token.FUNCTION)  {  return  false;  }	  if(n.getType()    ==    Token.VAR)    {    return    false;    }    	non-compiled	[CE]  	134	None	replace
719	[BUG]  [BUGGY]  if(n.getType()  ==  Token.VAR  ||  n.getType()!=  Token.NAME)  {  return  false;  }  [CE]  [FE]                IllegalStateException      [CONTEXT]      case  Token.LE:  case  Token.GE:  case  Token.IN:  case  Token.INSTANCEOF:  case  Token.NOT:  return  true;  default:      [BUGGY]  if(n.getType()  ==  Token.VAR  ||  n.getType()!=  Token.NAME)  {  return  false;  }  [BUGGY]      }  }  [CLASS]  NodeUtil  NumbericResultPredicate  BooleanResultPredicate  MayBeStringResultPredicate  VarCollector  MatchNameNode  MatchNodeType  MatchDeclaration  MatchNotFunction  MatchShallowStatement  [METHOD]  isBooleanResultHelper  [RETURN_TYPE]  boolean  Node  n  [VARIABLES]  BooleanResultPredicate  BOOLEAN_RESULT_PREDICATE  Set  BUILTIN_FUNCTIONS_WITHOUT_SIDEEFFECTS  CONSTRUCTORS_WITHOUT_SIDE_EFFECTS  OBJECT_METHODS_WITHOUT_SIDEEFFECTS  REGEXP_METHODS  STRING_REGEXP_METHODS  defines  emptySet  knownConstants  NumbericResultPredicate  NUMBERIC_RESULT_PREDICATE  boolean  MayBeStringResultPredicate  MAY_BE_STRING_PREDICATE  Node  n  String  JSC_PROPERTY_NAME_FN  childValue  name  namespaceName  rawJsString  s  value  Map  vars  int  c  end  nextSkipSlot  nextSlot  start  type  	projects/Closure80/src/com/google/javascript/jscomp/NodeUtil.java	0.4082482904638631	1264	1264	2	replace	if(n.getType()  ==  Token.VAR  ||  n.getType()!=  Token.NAME)  {  return  false;  }	  if(n.getType()    ==    Token.VAR)    {    return    false;    }    	non-compiled	[CE]  	134	None	replace
720	[BUG]  [BUGGY]  if(n.getType()  ==  Token.VAR  ||  n.getType()!=  Token.GETPROP)  {  return  false;  }  [CE]  [FE]                  IllegalStateException      [CONTEXT]      case  Token.LE:  case  Token.GE:  case  Token.IN:  case  Token.INSTANCEOF:  case  Token.NOT:  return  true;  default:      [BUGGY]  if(n.getType()  ==  Token.VAR  ||  n.getType()!=  Token.GETPROP)  {  return  false;  }  [BUGGY]      }  }  [CLASS]  NodeUtil  NumbericResultPredicate  BooleanResultPredicate  MayBeStringResultPredicate  VarCollector  MatchNameNode  MatchNodeType  MatchDeclaration  MatchNotFunction  MatchShallowStatement  [METHOD]  isBooleanResultHelper  [RETURN_TYPE]  boolean  Node  n  [VARIABLES]  BooleanResultPredicate  BOOLEAN_RESULT_PREDICATE  Set  BUILTIN_FUNCTIONS_WITHOUT_SIDEEFFECTS  CONSTRUCTORS_WITHOUT_SIDE_EFFECTS  OBJECT_METHODS_WITHOUT_SIDEEFFECTS  REGEXP_METHODS  STRING_REGEXP_METHODS  defines  emptySet  knownConstants  NumbericResultPredicate  NUMBERIC_RESULT_PREDICATE  boolean  MayBeStringResultPredicate  MAY_BE_STRING_PREDICATE  Node  n  String  JSC_PROPERTY_NAME_FN  childValue  name  namespaceName  rawJsString  s  value  Map  vars  int  c  end  nextSkipSlot  nextSlot  start  type  	projects/Closure80/src/com/google/javascript/jscomp/NodeUtil.java	0.4082482904638631	1264	1264	2	replace	if(n.getType()  ==  Token.VAR  ||  n.getType()!=  Token.GETPROP)  {  return  false;  }	  if(n.getType()    ==    Token.VAR)    {    return    false;    }    	non-compiled	[CE]  	134	None	replace
721	[BUG]  [BUGGY]  Preconditions.checkState(NodeUtil.isAssignmentOp(n)||  NodeUtil.isFunctionAnonymous(n))  {  return  false;  }  [CE]  [FE]            IllegalStateException      [CONTEXT]      case  Token.LE:  case  Token.GE:  case  Token.IN:  case  Token.INSTANCEOF:  case  Token.NOT:  return  true;  default:      [BUGGY]  Preconditions.checkState(NodeUtil.isAssignmentOp(n)||  NodeUtil.isFunctionAnonymous(n))  {  return  false;  }  [BUGGY]      }  }  [CLASS]  NodeUtil  NumbericResultPredicate  BooleanResultPredicate  MayBeStringResultPredicate  VarCollector  MatchNameNode  MatchNodeType  MatchDeclaration  MatchNotFunction  MatchShallowStatement  [METHOD]  isBooleanResultHelper  [RETURN_TYPE]  boolean  Node  n  [VARIABLES]  BooleanResultPredicate  BOOLEAN_RESULT_PREDICATE  Set  BUILTIN_FUNCTIONS_WITHOUT_SIDEEFFECTS  CONSTRUCTORS_WITHOUT_SIDE_EFFECTS  OBJECT_METHODS_WITHOUT_SIDEEFFECTS  REGEXP_METHODS  STRING_REGEXP_METHODS  defines  emptySet  knownConstants  NumbericResultPredicate  NUMBERIC_RESULT_PREDICATE  boolean  MayBeStringResultPredicate  MAY_BE_STRING_PREDICATE  Node  n  String  JSC_PROPERTY_NAME_FN  childValue  name  namespaceName  rawJsString  s  value  Map  vars  int  c  end  nextSkipSlot  nextSlot  start  type  	projects/Closure80/src/com/google/javascript/jscomp/NodeUtil.java	0.4082482904638631	1264	1264	2	replace	Preconditions.checkState(NodeUtil.isAssignmentOp(n)||  NodeUtil.isFunctionAnonymous(n))  {  return  false;  }	  if(NodeUtil.isAssignmentOp(n)||    NodeUtil.isFunctionAnonymous(n))    {    return    false;    }    	non-compiled	[CE]  	166	None	replace
722	[BUG]  [BUGGY]  &&  n.getType()  ==  Token.NAME)  {  return  false;  }  [CE]  [FE]                      IllegalStateException      [CONTEXT]      case  Token.LE:  case  Token.GE:  case  Token.IN:  case  Token.INSTANCEOF:  case  Token.NOT:  return  true;  default:      [BUGGY]  &&  n.getType()  ==  Token.NAME)  {  return  false;  }  [BUGGY]      }  }  [CLASS]  NodeUtil  NumbericResultPredicate  BooleanResultPredicate  MayBeStringResultPredicate  VarCollector  MatchNameNode  MatchNodeType  MatchDeclaration  MatchNotFunction  MatchShallowStatement  [METHOD]  isBooleanResultHelper  [RETURN_TYPE]  boolean  Node  n  [VARIABLES]  BooleanResultPredicate  BOOLEAN_RESULT_PREDICATE  Set  BUILTIN_FUNCTIONS_WITHOUT_SIDEEFFECTS  CONSTRUCTORS_WITHOUT_SIDE_EFFECTS  OBJECT_METHODS_WITHOUT_SIDEEFFECTS  REGEXP_METHODS  STRING_REGEXP_METHODS  defines  emptySet  knownConstants  NumbericResultPredicate  NUMBERIC_RESULT_PREDICATE  boolean  MayBeStringResultPredicate  MAY_BE_STRING_PREDICATE  Node  n  String  JSC_PROPERTY_NAME_FN  childValue  name  namespaceName  rawJsString  s  value  Map  vars  int  c  end  nextSkipSlot  nextSlot  start  type  	projects/Closure80/src/com/google/javascript/jscomp/NodeUtil.java	0.4082482904638631	1264	1264	2	replace	&&  n.getType()  ==  Token.NAME)  {  return  false;  }	  ||    n.getType()    ==    Token.NAME)    {    return    false;    }    	non-compiled	[CE]  	67	None	replace
723	[BUG]  [BUGGY]  n.setType(Token.NAME  ||  n.getType()!=  Token.GETPROP)  {  return  false;  }  [CE]  [FE]                    IllegalStateException      [CONTEXT]      case  Token.LE:  case  Token.GE:  case  Token.IN:  case  Token.INSTANCEOF:  case  Token.NOT:  return  true;  default:      [BUGGY]  n.setType(Token.NAME  ||  n.getType()!=  Token.GETPROP)  {  return  false;  }  [BUGGY]      }  }  [CLASS]  NodeUtil  NumbericResultPredicate  BooleanResultPredicate  MayBeStringResultPredicate  VarCollector  MatchNameNode  MatchNodeType  MatchDeclaration  MatchNotFunction  MatchShallowStatement  [METHOD]  isBooleanResultHelper  [RETURN_TYPE]  boolean  Node  n  [VARIABLES]  BooleanResultPredicate  BOOLEAN_RESULT_PREDICATE  Set  BUILTIN_FUNCTIONS_WITHOUT_SIDEEFFECTS  CONSTRUCTORS_WITHOUT_SIDE_EFFECTS  OBJECT_METHODS_WITHOUT_SIDEEFFECTS  REGEXP_METHODS  STRING_REGEXP_METHODS  defines  emptySet  knownConstants  NumbericResultPredicate  NUMBERIC_RESULT_PREDICATE  boolean  MayBeStringResultPredicate  MAY_BE_STRING_PREDICATE  Node  n  String  JSC_PROPERTY_NAME_FN  childValue  name  namespaceName  rawJsString  s  value  Map  vars  int  c  end  nextSkipSlot  nextSlot  start  type  	projects/Closure80/src/com/google/javascript/jscomp/NodeUtil.java	0.4082482904638631	1264	1264	2	replace	n.setType(Token.NAME  ||  n.getType()!=  Token.GETPROP)  {  return  false;  }	  if(n.getType()    ==    Token.NAME    ||    n.getType()!=    Token.GETPROP)    {    return    false;    }    	non-compiled	[CE]  	123	None	replace
724	[BUG]  [BUGGY]  n.getType()!=  Token.NAME  ||  n.getType()!=  Token.GETPROP)  {  return  false;  }  [CE]  [FE]                      IllegalStateException      [CONTEXT]      case  Token.LE:  case  Token.GE:  case  Token.IN:  case  Token.INSTANCEOF:  case  Token.NOT:  return  true;  default:      [BUGGY]  n.getType()!=  Token.NAME  ||  n.getType()!=  Token.GETPROP)  {  return  false;  }  [BUGGY]      }  }  [CLASS]  NodeUtil  NumbericResultPredicate  BooleanResultPredicate  MayBeStringResultPredicate  VarCollector  MatchNameNode  MatchNodeType  MatchDeclaration  MatchNotFunction  MatchShallowStatement  [METHOD]  isBooleanResultHelper  [RETURN_TYPE]  boolean  Node  n  [VARIABLES]  BooleanResultPredicate  BOOLEAN_RESULT_PREDICATE  Set  BUILTIN_FUNCTIONS_WITHOUT_SIDEEFFECTS  CONSTRUCTORS_WITHOUT_SIDE_EFFECTS  OBJECT_METHODS_WITHOUT_SIDEEFFECTS  REGEXP_METHODS  STRING_REGEXP_METHODS  defines  emptySet  knownConstants  NumbericResultPredicate  NUMBERIC_RESULT_PREDICATE  boolean  MayBeStringResultPredicate  MAY_BE_STRING_PREDICATE  Node  n  String  JSC_PROPERTY_NAME_FN  childValue  name  namespaceName  rawJsString  s  value  Map  vars  int  c  end  nextSkipSlot  nextSlot  start  type  	projects/Closure80/src/com/google/javascript/jscomp/NodeUtil.java	0.4082482904638631	1264	1264	2	replace	n.getType()!=  Token.NAME  ||  n.getType()!=  Token.GETPROP)  {  return  false;  }	  if(n.getType()    ==    Token.NAME    ||    n.getType()!=    Token.GETPROP)    {    return    false;    }    	non-compiled	[CE]  	123	None	replace
725	[BUG]  [BUGGY]  return(n!=  null)?  BooleanResultPredicate.UNKNOWN  :  BooleanResultPredicate.FALSE;  [CE]  [FE]                    IllegalStateException      [CONTEXT]      case  Token.LE:  case  Token.GE:  case  Token.IN:  case  Token.INSTANCEOF:  case  Token.NOT:  return  true;  default:      [BUGGY]  return(n!=  null)?  BooleanResultPredicate.UNKNOWN  :  BooleanResultPredicate.FALSE;  [BUGGY]      }  }  [CLASS]  NodeUtil  NumbericResultPredicate  BooleanResultPredicate  MayBeStringResultPredicate  VarCollector  MatchNameNode  MatchNodeType  MatchDeclaration  MatchNotFunction  MatchShallowStatement  [METHOD]  isBooleanResultHelper  [RETURN_TYPE]  boolean  Node  n  [VARIABLES]  BooleanResultPredicate  BOOLEAN_RESULT_PREDICATE  Set  BUILTIN_FUNCTIONS_WITHOUT_SIDEEFFECTS  CONSTRUCTORS_WITHOUT_SIDE_EFFECTS  OBJECT_METHODS_WITHOUT_SIDEEFFECTS  REGEXP_METHODS  STRING_REGEXP_METHODS  defines  emptySet  knownConstants  NumbericResultPredicate  NUMBERIC_RESULT_PREDICATE  boolean  MayBeStringResultPredicate  MAY_BE_STRING_PREDICATE  Node  n  String  JSC_PROPERTY_NAME_FN  childValue  name  namespaceName  rawJsString  s  value  Map  vars  int  c  end  nextSkipSlot  nextSlot  start  type  	projects/Closure80/src/com/google/javascript/jscomp/NodeUtil.java	0.4082482904638631	1264	1264	2	replace	return(n!=  null)?  BooleanResultPredicate.UNKNOWN  :  BooleanResultPredicate.FALSE;	  return(n.getType()!=    Token.NAME)?    BooleanResultPredicate.UNKNOWN    :    BooleanResultPredicate.FALSE;    	non-compiled	[CE]  	52	None	replace
726	[BUG]  [BUGGY]  return(n  ==  null)?  BooleanResultPredicate.UNKNOWN  :  BooleanResultPredicate.FALSE;  [CE]  [FE]                      IllegalStateException      [CONTEXT]      case  Token.LE:  case  Token.GE:  case  Token.IN:  case  Token.INSTANCEOF:  case  Token.NOT:  return  true;  default:      [BUGGY]  return(n  ==  null)?  BooleanResultPredicate.UNKNOWN  :  BooleanResultPredicate.FALSE;  [BUGGY]      }  }  [CLASS]  NodeUtil  NumbericResultPredicate  BooleanResultPredicate  MayBeStringResultPredicate  VarCollector  MatchNameNode  MatchNodeType  MatchDeclaration  MatchNotFunction  MatchShallowStatement  [METHOD]  isBooleanResultHelper  [RETURN_TYPE]  boolean  Node  n  [VARIABLES]  BooleanResultPredicate  BOOLEAN_RESULT_PREDICATE  Set  BUILTIN_FUNCTIONS_WITHOUT_SIDEEFFECTS  CONSTRUCTORS_WITHOUT_SIDE_EFFECTS  OBJECT_METHODS_WITHOUT_SIDEEFFECTS  REGEXP_METHODS  STRING_REGEXP_METHODS  defines  emptySet  knownConstants  NumbericResultPredicate  NUMBERIC_RESULT_PREDICATE  boolean  MayBeStringResultPredicate  MAY_BE_STRING_PREDICATE  Node  n  String  JSC_PROPERTY_NAME_FN  childValue  name  namespaceName  rawJsString  s  value  Map  vars  int  c  end  nextSkipSlot  nextSlot  start  type  	projects/Closure80/src/com/google/javascript/jscomp/NodeUtil.java	0.4082482904638631	1264	1264	2	replace	return(n  ==  null)?  BooleanResultPredicate.UNKNOWN  :  BooleanResultPredicate.FALSE;	  return(n.getType()!=    Token.NAME)?    BooleanResultPredicate.UNKNOWN    :    BooleanResultPredicate.FALSE;    	non-compiled	[CE]  	52	None	replace
727	[BUG]  [BUGGY]  if(n.getType()  ==  Token.NAME)?  BooleanResultPredicate.UNKNOWN  :  BooleanResultPredicate.FALSE;  [CE]  [FE]                        IllegalStateException      [CONTEXT]      case  Token.LE:  case  Token.GE:  case  Token.IN:  case  Token.INSTANCEOF:  case  Token.NOT:  return  true;  default:      [BUGGY]  if(n.getType()  ==  Token.NAME)?  BooleanResultPredicate.UNKNOWN  :  BooleanResultPredicate.FALSE;  [BUGGY]      }  }  [CLASS]  NodeUtil  NumbericResultPredicate  BooleanResultPredicate  MayBeStringResultPredicate  VarCollector  MatchNameNode  MatchNodeType  MatchDeclaration  MatchNotFunction  MatchShallowStatement  [METHOD]  isBooleanResultHelper  [RETURN_TYPE]  boolean  Node  n  [VARIABLES]  BooleanResultPredicate  BOOLEAN_RESULT_PREDICATE  Set  BUILTIN_FUNCTIONS_WITHOUT_SIDEEFFECTS  CONSTRUCTORS_WITHOUT_SIDE_EFFECTS  OBJECT_METHODS_WITHOUT_SIDEEFFECTS  REGEXP_METHODS  STRING_REGEXP_METHODS  defines  emptySet  knownConstants  NumbericResultPredicate  NUMBERIC_RESULT_PREDICATE  boolean  MayBeStringResultPredicate  MAY_BE_STRING_PREDICATE  Node  n  String  JSC_PROPERTY_NAME_FN  childValue  name  namespaceName  rawJsString  s  value  Map  vars  int  c  end  nextSkipSlot  nextSlot  start  type  	projects/Closure80/src/com/google/javascript/jscomp/NodeUtil.java	0.4082482904638631	1264	1264	2	replace	if(n.getType()  ==  Token.NAME)?  BooleanResultPredicate.UNKNOWN  :  BooleanResultPredicate.FALSE;	  return(n.getType()!=    Token.NAME)?    BooleanResultPredicate.UNKNOWN    :    BooleanResultPredicate.FALSE;    	non-compiled	[CE]  	52	None	replace
728	[BUG]  [BUGGY]  ||  n.getType()  >=  Token.FUNCTION)  {  return  true;  }  [CE]  [FE]                        IllegalStateException      [CONTEXT]      case  Token.LE:  case  Token.GE:  case  Token.IN:  case  Token.INSTANCEOF:  case  Token.NOT:  return  true;  default:      [BUGGY]  ||  n.getType()  >=  Token.FUNCTION)  {  return  true;  }  [BUGGY]      }  }  [CLASS]  NodeUtil  NumbericResultPredicate  BooleanResultPredicate  MayBeStringResultPredicate  VarCollector  MatchNameNode  MatchNodeType  MatchDeclaration  MatchNotFunction  MatchShallowStatement  [METHOD]  isBooleanResultHelper  [RETURN_TYPE]  boolean  Node  n  [VARIABLES]  BooleanResultPredicate  BOOLEAN_RESULT_PREDICATE  Set  BUILTIN_FUNCTIONS_WITHOUT_SIDEEFFECTS  CONSTRUCTORS_WITHOUT_SIDE_EFFECTS  OBJECT_METHODS_WITHOUT_SIDEEFFECTS  REGEXP_METHODS  STRING_REGEXP_METHODS  defines  emptySet  knownConstants  NumbericResultPredicate  NUMBERIC_RESULT_PREDICATE  boolean  MayBeStringResultPredicate  MAY_BE_STRING_PREDICATE  Node  n  String  JSC_PROPERTY_NAME_FN  childValue  name  namespaceName  rawJsString  s  value  Map  vars  int  c  end  nextSkipSlot  nextSlot  start  type  	projects/Closure80/src/com/google/javascript/jscomp/NodeUtil.java	0.4082482904638631	1264	1264	2	replace	||  n.getType()  >=  Token.FUNCTION)  {  return  true;  }	  ||    n.getType()    ==    Token.FUNCTION)    {    return    true;    }    	non-compiled	[CE]  	27	None	replace
729	[BUG]  [BUGGY]  NodeUtil.mayHaveSideEffects(n)&&  NodeUtil.mayHaveSideEffects(n))  {  return  true;  }  [CE]  [FE]                IllegalStateException      [CONTEXT]      case  Token.LE:  case  Token.GE:  case  Token.IN:  case  Token.INSTANCEOF:  case  Token.NOT:  return  true;  default:      [BUGGY]  NodeUtil.mayHaveSideEffects(n)&&  NodeUtil.mayHaveSideEffects(n))  {  return  true;  }  [BUGGY]      }  }  [CLASS]  NodeUtil  NumbericResultPredicate  BooleanResultPredicate  MayBeStringResultPredicate  VarCollector  MatchNameNode  MatchNodeType  MatchDeclaration  MatchNotFunction  MatchShallowStatement  [METHOD]  isBooleanResultHelper  [RETURN_TYPE]  boolean  Node  n  [VARIABLES]  BooleanResultPredicate  BOOLEAN_RESULT_PREDICATE  Set  BUILTIN_FUNCTIONS_WITHOUT_SIDEEFFECTS  CONSTRUCTORS_WITHOUT_SIDE_EFFECTS  OBJECT_METHODS_WITHOUT_SIDEEFFECTS  REGEXP_METHODS  STRING_REGEXP_METHODS  defines  emptySet  knownConstants  NumbericResultPredicate  NUMBERIC_RESULT_PREDICATE  boolean  MayBeStringResultPredicate  MAY_BE_STRING_PREDICATE  Node  n  String  JSC_PROPERTY_NAME_FN  childValue  name  namespaceName  rawJsString  s  value  Map  vars  int  c  end  nextSkipSlot  nextSlot  start  type  	projects/Closure80/src/com/google/javascript/jscomp/NodeUtil.java	0.4082482904638631	1264	1264	2	replace	NodeUtil.mayHaveSideEffects(n)&&  NodeUtil.mayHaveSideEffects(n))  {  return  true;  }	  NodeUtil.mayHaveSideEffects(n)&&    NodeUtil.isFunctionAnonymous(n))    {    return    true;    }    	non-compiled	[CE]  	111	None	replace
730	[BUG]  [BUGGY]  NodeUtil.mayEffectMutableState(n)&&  NodeUtil.isFunctionAnonymous(n))  {  return  true;  }  [CE]  [FE]                  IllegalStateException      [CONTEXT]      case  Token.LE:  case  Token.GE:  case  Token.IN:  case  Token.INSTANCEOF:  case  Token.NOT:  return  true;  default:      [BUGGY]  NodeUtil.mayEffectMutableState(n)&&  NodeUtil.isFunctionAnonymous(n))  {  return  true;  }  [BUGGY]      }  }  [CLASS]  NodeUtil  NumbericResultPredicate  BooleanResultPredicate  MayBeStringResultPredicate  VarCollector  MatchNameNode  MatchNodeType  MatchDeclaration  MatchNotFunction  MatchShallowStatement  [METHOD]  isBooleanResultHelper  [RETURN_TYPE]  boolean  Node  n  [VARIABLES]  BooleanResultPredicate  BOOLEAN_RESULT_PREDICATE  Set  BUILTIN_FUNCTIONS_WITHOUT_SIDEEFFECTS  CONSTRUCTORS_WITHOUT_SIDE_EFFECTS  OBJECT_METHODS_WITHOUT_SIDEEFFECTS  REGEXP_METHODS  STRING_REGEXP_METHODS  defines  emptySet  knownConstants  NumbericResultPredicate  NUMBERIC_RESULT_PREDICATE  boolean  MayBeStringResultPredicate  MAY_BE_STRING_PREDICATE  Node  n  String  JSC_PROPERTY_NAME_FN  childValue  name  namespaceName  rawJsString  s  value  Map  vars  int  c  end  nextSkipSlot  nextSlot  start  type  	projects/Closure80/src/com/google/javascript/jscomp/NodeUtil.java	0.4082482904638631	1264	1264	2	replace	NodeUtil.mayEffectMutableState(n)&&  NodeUtil.isFunctionAnonymous(n))  {  return  true;  }	  NodeUtil.mayHaveSideEffects(n)&&    NodeUtil.isFunctionAnonymous(n))    {    return    true;    }    	non-compiled	[CE]  	111	None	replace
731	[BUG]  [BUGGY]  n.setType(Token.FUNCTION  ||  n.getFirstChild()!=  null)  {  return  false;  }  [CE]  [FE]                  IllegalStateException      [CONTEXT]      case  Token.LE:  case  Token.GE:  case  Token.IN:  case  Token.INSTANCEOF:  case  Token.NOT:  return  true;  default:      [BUGGY]  n.setType(Token.FUNCTION  ||  n.getFirstChild()!=  null)  {  return  false;  }  [BUGGY]      }  }  [CLASS]  NodeUtil  NumbericResultPredicate  BooleanResultPredicate  MayBeStringResultPredicate  VarCollector  MatchNameNode  MatchNodeType  MatchDeclaration  MatchNotFunction  MatchShallowStatement  [METHOD]  isBooleanResultHelper  [RETURN_TYPE]  boolean  Node  n  [VARIABLES]  BooleanResultPredicate  BOOLEAN_RESULT_PREDICATE  Set  BUILTIN_FUNCTIONS_WITHOUT_SIDEEFFECTS  CONSTRUCTORS_WITHOUT_SIDE_EFFECTS  OBJECT_METHODS_WITHOUT_SIDEEFFECTS  REGEXP_METHODS  STRING_REGEXP_METHODS  defines  emptySet  knownConstants  NumbericResultPredicate  NUMBERIC_RESULT_PREDICATE  boolean  MayBeStringResultPredicate  MAY_BE_STRING_PREDICATE  Node  n  String  JSC_PROPERTY_NAME_FN  childValue  name  namespaceName  rawJsString  s  value  Map  vars  int  c  end  nextSkipSlot  nextSlot  start  type  	projects/Closure80/src/com/google/javascript/jscomp/NodeUtil.java	0.4082482904638631	1264	1264	2	replace	n.setType(Token.FUNCTION  ||  n.getFirstChild()!=  null)  {  return  false;  }	  if(n.getType()    ==    Token.FUNCTION    ||    n.getFirstChild()!=    null)    {    return    false;    }    	non-compiled	[CE]  	120	None	replace
732	[BUG]  [BUGGY]  if(n.getType()!=  Token.FUNCTION  ||  n.getFirstChild()  ==  null)  {  return  false;  }  [CE]  [FE]                    IllegalStateException      [CONTEXT]      case  Token.LE:  case  Token.GE:  case  Token.IN:  case  Token.INSTANCEOF:  case  Token.NOT:  return  true;  default:      [BUGGY]  if(n.getType()!=  Token.FUNCTION  ||  n.getFirstChild()  ==  null)  {  return  false;  }  [BUGGY]      }  }  [CLASS]  NodeUtil  NumbericResultPredicate  BooleanResultPredicate  MayBeStringResultPredicate  VarCollector  MatchNameNode  MatchNodeType  MatchDeclaration  MatchNotFunction  MatchShallowStatement  [METHOD]  isBooleanResultHelper  [RETURN_TYPE]  boolean  Node  n  [VARIABLES]  BooleanResultPredicate  BOOLEAN_RESULT_PREDICATE  Set  BUILTIN_FUNCTIONS_WITHOUT_SIDEEFFECTS  CONSTRUCTORS_WITHOUT_SIDE_EFFECTS  OBJECT_METHODS_WITHOUT_SIDEEFFECTS  REGEXP_METHODS  STRING_REGEXP_METHODS  defines  emptySet  knownConstants  NumbericResultPredicate  NUMBERIC_RESULT_PREDICATE  boolean  MayBeStringResultPredicate  MAY_BE_STRING_PREDICATE  Node  n  String  JSC_PROPERTY_NAME_FN  childValue  name  namespaceName  rawJsString  s  value  Map  vars  int  c  end  nextSkipSlot  nextSlot  start  type  	projects/Closure80/src/com/google/javascript/jscomp/NodeUtil.java	0.4082482904638631	1264	1264	2	replace	if(n.getType()!=  Token.FUNCTION  ||  n.getFirstChild()  ==  null)  {  return  false;  }	  if(n.getType()    ==    Token.FUNCTION    ||    n.getFirstChild()!=    null)    {    return    false;    }    	non-compiled	[CE]  	120	None	replace
733	[BUG]  [BUGGY]  if(n.getType()  ==  Token.FUNCTION  ||  n.getFirstChild()  ==  null)  {  return  false;  }  [CE]  [FE]                      IllegalStateException      [CONTEXT]      case  Token.LE:  case  Token.GE:  case  Token.IN:  case  Token.INSTANCEOF:  case  Token.NOT:  return  true;  default:      [BUGGY]  if(n.getType()  ==  Token.FUNCTION  ||  n.getFirstChild()  ==  null)  {  return  false;  }  [BUGGY]      }  }  [CLASS]  NodeUtil  NumbericResultPredicate  BooleanResultPredicate  MayBeStringResultPredicate  VarCollector  MatchNameNode  MatchNodeType  MatchDeclaration  MatchNotFunction  MatchShallowStatement  [METHOD]  isBooleanResultHelper  [RETURN_TYPE]  boolean  Node  n  [VARIABLES]  BooleanResultPredicate  BOOLEAN_RESULT_PREDICATE  Set  BUILTIN_FUNCTIONS_WITHOUT_SIDEEFFECTS  CONSTRUCTORS_WITHOUT_SIDE_EFFECTS  OBJECT_METHODS_WITHOUT_SIDEEFFECTS  REGEXP_METHODS  STRING_REGEXP_METHODS  defines  emptySet  knownConstants  NumbericResultPredicate  NUMBERIC_RESULT_PREDICATE  boolean  MayBeStringResultPredicate  MAY_BE_STRING_PREDICATE  Node  n  String  JSC_PROPERTY_NAME_FN  childValue  name  namespaceName  rawJsString  s  value  Map  vars  int  c  end  nextSkipSlot  nextSlot  start  type  	projects/Closure80/src/com/google/javascript/jscomp/NodeUtil.java	0.4082482904638631	1264	1264	2	replace	if(n.getType()  ==  Token.FUNCTION  ||  n.getFirstChild()  ==  null)  {  return  false;  }	  if(n.getType()    ==    Token.FUNCTION    ||    n.getFirstChild()!=    null)    {    return    false;    }    	non-compiled	[CE]  	120	None	replace
734	[BUG]  [BUGGY]  return(n.getType()  ==  Token.NAME)&  BooleanResultPredicate.UNKNOWN  ||  BooleanResultPredicate.UNKNOWN;  [CE]  [FE]                  IllegalStateException      [CONTEXT]      case  Token.LE:  case  Token.GE:  case  Token.IN:  case  Token.INSTANCEOF:  case  Token.NOT:  return  true;  default:      [BUGGY]  return(n.getType()  ==  Token.NAME)&  BooleanResultPredicate.UNKNOWN  ||  BooleanResultPredicate.UNKNOWN;  [BUGGY]      }  }  [CLASS]  NodeUtil  NumbericResultPredicate  BooleanResultPredicate  MayBeStringResultPredicate  VarCollector  MatchNameNode  MatchNodeType  MatchDeclaration  MatchNotFunction  MatchShallowStatement  [METHOD]  isBooleanResultHelper  [RETURN_TYPE]  boolean  Node  n  [VARIABLES]  BooleanResultPredicate  BOOLEAN_RESULT_PREDICATE  Set  BUILTIN_FUNCTIONS_WITHOUT_SIDEEFFECTS  CONSTRUCTORS_WITHOUT_SIDE_EFFECTS  OBJECT_METHODS_WITHOUT_SIDEEFFECTS  REGEXP_METHODS  STRING_REGEXP_METHODS  defines  emptySet  knownConstants  NumbericResultPredicate  NUMBERIC_RESULT_PREDICATE  boolean  MayBeStringResultPredicate  MAY_BE_STRING_PREDICATE  Node  n  String  JSC_PROPERTY_NAME_FN  childValue  name  namespaceName  rawJsString  s  value  Map  vars  int  c  end  nextSkipSlot  nextSlot  start  type  	projects/Closure80/src/com/google/javascript/jscomp/NodeUtil.java	0.4082482904638631	1264	1264	2	replace	return(n.getType()  ==  Token.NAME)&  BooleanResultPredicate.UNKNOWN  ||  BooleanResultPredicate.UNKNOWN;	  return(n.getType()    ==    Token.NAME)&    BooleanResultPredicate.UNKNOWN    :    BooleanResultPredicate.UNKNOWN;    	non-compiled	[CE]  	114	None	replace
735	[BUG]  [BUGGY]  return(n.getType()  ==  Token.NAME)&  BooleanResultPredicate.UNKNOWN  :  BooleanResultPredicate.UNKNOWN  +  1;  [CE]  [FE]                    IllegalStateException      [CONTEXT]      case  Token.LE:  case  Token.GE:  case  Token.IN:  case  Token.INSTANCEOF:  case  Token.NOT:  return  true;  default:      [BUGGY]  return(n.getType()  ==  Token.NAME)&  BooleanResultPredicate.UNKNOWN  :  BooleanResultPredicate.UNKNOWN  +  1;  [BUGGY]      }  }  [CLASS]  NodeUtil  NumbericResultPredicate  BooleanResultPredicate  MayBeStringResultPredicate  VarCollector  MatchNameNode  MatchNodeType  MatchDeclaration  MatchNotFunction  MatchShallowStatement  [METHOD]  isBooleanResultHelper  [RETURN_TYPE]  boolean  Node  n  [VARIABLES]  BooleanResultPredicate  BOOLEAN_RESULT_PREDICATE  Set  BUILTIN_FUNCTIONS_WITHOUT_SIDEEFFECTS  CONSTRUCTORS_WITHOUT_SIDE_EFFECTS  OBJECT_METHODS_WITHOUT_SIDEEFFECTS  REGEXP_METHODS  STRING_REGEXP_METHODS  defines  emptySet  knownConstants  NumbericResultPredicate  NUMBERIC_RESULT_PREDICATE  boolean  MayBeStringResultPredicate  MAY_BE_STRING_PREDICATE  Node  n  String  JSC_PROPERTY_NAME_FN  childValue  name  namespaceName  rawJsString  s  value  Map  vars  int  c  end  nextSkipSlot  nextSlot  start  type  	projects/Closure80/src/com/google/javascript/jscomp/NodeUtil.java	0.4082482904638631	1264	1264	2	replace	return(n.getType()  ==  Token.NAME)&  BooleanResultPredicate.UNKNOWN  :  BooleanResultPredicate.UNKNOWN  +  1;	  return(n.getType()    ==    Token.NAME)&    BooleanResultPredicate.UNKNOWN    :    BooleanResultPredicate.UNKNOWN;    	non-compiled	[CE]  	114	None	replace
736	[BUG]  [BUGGY]  n.setType(Token.OBJECT_METHODS);  [CE]  [FE]                      IllegalStateException      [CONTEXT]      case  Token.LE:  case  Token.GE:  case  Token.IN:  case  Token.INSTANCEOF:  case  Token.NOT:  return  true;  default:      [BUGGY]  n.setType(Token.OBJECT_METHODS);  [BUGGY]      }  }  [CLASS]  NodeUtil  NumbericResultPredicate  BooleanResultPredicate  MayBeStringResultPredicate  VarCollector  MatchNameNode  MatchNodeType  MatchDeclaration  MatchNotFunction  MatchShallowStatement  [METHOD]  isBooleanResultHelper  [RETURN_TYPE]  boolean  Node  n  [VARIABLES]  BooleanResultPredicate  BOOLEAN_RESULT_PREDICATE  Set  BUILTIN_FUNCTIONS_WITHOUT_SIDEEFFECTS  CONSTRUCTORS_WITHOUT_SIDE_EFFECTS  OBJECT_METHODS_WITHOUT_SIDEEFFECTS  REGEXP_METHODS  STRING_REGEXP_METHODS  defines  emptySet  knownConstants  NumbericResultPredicate  NUMBERIC_RESULT_PREDICATE  boolean  MayBeStringResultPredicate  MAY_BE_STRING_PREDICATE  Node  n  String  JSC_PROPERTY_NAME_FN  childValue  name  namespaceName  rawJsString  s  value  Map  vars  int  c  end  nextSkipSlot  nextSlot  start  type  	projects/Closure80/src/com/google/javascript/jscomp/NodeUtil.java	0.4082482904638631	1264	1264	2	replace	n.setType(Token.OBJECT_METHODS);	  n.setType(Token.GETPROP);    	non-compiled	[CE]  	100	None	replace
737	[BUG]  [BUGGY]  n.setType(Token.NUMBERIC_TYPE);  [CE]  [FE]                        IllegalStateException      [CONTEXT]      case  Token.LE:  case  Token.GE:  case  Token.IN:  case  Token.INSTANCEOF:  case  Token.NOT:  return  true;  default:      [BUGGY]  n.setType(Token.NUMBERIC_TYPE);  [BUGGY]      }  }  [CLASS]  NodeUtil  NumbericResultPredicate  BooleanResultPredicate  MayBeStringResultPredicate  VarCollector  MatchNameNode  MatchNodeType  MatchDeclaration  MatchNotFunction  MatchShallowStatement  [METHOD]  isBooleanResultHelper  [RETURN_TYPE]  boolean  Node  n  [VARIABLES]  BooleanResultPredicate  BOOLEAN_RESULT_PREDICATE  Set  BUILTIN_FUNCTIONS_WITHOUT_SIDEEFFECTS  CONSTRUCTORS_WITHOUT_SIDE_EFFECTS  OBJECT_METHODS_WITHOUT_SIDEEFFECTS  REGEXP_METHODS  STRING_REGEXP_METHODS  defines  emptySet  knownConstants  NumbericResultPredicate  NUMBERIC_RESULT_PREDICATE  boolean  MayBeStringResultPredicate  MAY_BE_STRING_PREDICATE  Node  n  String  JSC_PROPERTY_NAME_FN  childValue  name  namespaceName  rawJsString  s  value  Map  vars  int  c  end  nextSkipSlot  nextSlot  start  type  	projects/Closure80/src/com/google/javascript/jscomp/NodeUtil.java	0.4082482904638631	1264	1264	2	replace	n.setType(Token.NUMBERIC_TYPE);	  n.setType(Token.GETPROP);    	non-compiled	[CE]  	100	None	replace
738	[BUG]  [BUGGY]  n.setType(Token.FUNCTION)||  n.getType()  ==  Token.GETPROP)  {  return  true;  }  [CE]  [FE]                                IllegalStateException      [CONTEXT]      case  Token.LE:  case  Token.GE:  case  Token.IN:  case  Token.INSTANCEOF:  case  Token.NOT:  return  true;  default:      [BUGGY]  n.setType(Token.FUNCTION)||  n.getType()  ==  Token.GETPROP)  {  return  true;  }  [BUGGY]      }  }  [CLASS]  NodeUtil  NumbericResultPredicate  BooleanResultPredicate  MayBeStringResultPredicate  VarCollector  MatchNameNode  MatchNodeType  MatchDeclaration  MatchNotFunction  MatchShallowStatement  [METHOD]  isBooleanResultHelper  [RETURN_TYPE]  boolean  Node  n  [VARIABLES]  BooleanResultPredicate  BOOLEAN_RESULT_PREDICATE  Set  BUILTIN_FUNCTIONS_WITHOUT_SIDEEFFECTS  CONSTRUCTORS_WITHOUT_SIDE_EFFECTS  OBJECT_METHODS_WITHOUT_SIDEEFFECTS  REGEXP_METHODS  STRING_REGEXP_METHODS  defines  emptySet  knownConstants  NumbericResultPredicate  NUMBERIC_RESULT_PREDICATE  boolean  MayBeStringResultPredicate  MAY_BE_STRING_PREDICATE  Node  n  String  JSC_PROPERTY_NAME_FN  childValue  name  namespaceName  rawJsString  s  value  Map  vars  int  c  end  nextSkipSlot  nextSlot  start  type  	projects/Closure80/src/com/google/javascript/jscomp/NodeUtil.java	0.4082482904638631	1264	1264	2	replace	n.setType(Token.FUNCTION)||  n.getType()  ==  Token.GETPROP)  {  return  true;  }	  if(n.getType()    ==    Token.FUNCTION    ||    n.getType()    ==    Token.GETPROP)    {    return    true;    }    	non-compiled	[CE]  	31	None	replace
739	[BUG]  [BUGGY]  if(n.getType()!=  Token.GETPROP  &&  n!=  null)  {  return  false;  }  [CE]  [FE]                        IllegalStateException      [CONTEXT]      case  Token.LE:  case  Token.GE:  case  Token.IN:  case  Token.INSTANCEOF:  case  Token.NOT:  return  true;  default:      [BUGGY]  if(n.getType()!=  Token.GETPROP  &&  n!=  null)  {  return  false;  }  [BUGGY]      }  }  [CLASS]  NodeUtil  NumbericResultPredicate  BooleanResultPredicate  MayBeStringResultPredicate  VarCollector  MatchNameNode  MatchNodeType  MatchDeclaration  MatchNotFunction  MatchShallowStatement  [METHOD]  isBooleanResultHelper  [RETURN_TYPE]  boolean  Node  n  [VARIABLES]  BooleanResultPredicate  BOOLEAN_RESULT_PREDICATE  Set  BUILTIN_FUNCTIONS_WITHOUT_SIDEEFFECTS  CONSTRUCTORS_WITHOUT_SIDE_EFFECTS  OBJECT_METHODS_WITHOUT_SIDEEFFECTS  REGEXP_METHODS  STRING_REGEXP_METHODS  defines  emptySet  knownConstants  NumbericResultPredicate  NUMBERIC_RESULT_PREDICATE  boolean  MayBeStringResultPredicate  MAY_BE_STRING_PREDICATE  Node  n  String  JSC_PROPERTY_NAME_FN  childValue  name  namespaceName  rawJsString  s  value  Map  vars  int  c  end  nextSkipSlot  nextSlot  start  type  	projects/Closure80/src/com/google/javascript/jscomp/NodeUtil.java	0.4082482904638631	1264	1264	2	replace	if(n.getType()!=  Token.GETPROP  &&  n!=  null)  {  return  false;  }	  if(n.getType()    ==    Token.GETPROP    &&    n!=    null)    {    return    false;    }    	non-compiled	[CE]  	132	None	replace
740	[BUG]  [BUGGY]  n.setType(Token.GETPROP)&&  n!=  null)  {  return  false;  }  [CE]  [FE]                          IllegalStateException      [CONTEXT]      case  Token.LE:  case  Token.GE:  case  Token.IN:  case  Token.INSTANCEOF:  case  Token.NOT:  return  true;  default:      [BUGGY]  n.setType(Token.GETPROP)&&  n!=  null)  {  return  false;  }  [BUGGY]      }  }  [CLASS]  NodeUtil  NumbericResultPredicate  BooleanResultPredicate  MayBeStringResultPredicate  VarCollector  MatchNameNode  MatchNodeType  MatchDeclaration  MatchNotFunction  MatchShallowStatement  [METHOD]  isBooleanResultHelper  [RETURN_TYPE]  boolean  Node  n  [VARIABLES]  BooleanResultPredicate  BOOLEAN_RESULT_PREDICATE  Set  BUILTIN_FUNCTIONS_WITHOUT_SIDEEFFECTS  CONSTRUCTORS_WITHOUT_SIDE_EFFECTS  OBJECT_METHODS_WITHOUT_SIDEEFFECTS  REGEXP_METHODS  STRING_REGEXP_METHODS  defines  emptySet  knownConstants  NumbericResultPredicate  NUMBERIC_RESULT_PREDICATE  boolean  MayBeStringResultPredicate  MAY_BE_STRING_PREDICATE  Node  n  String  JSC_PROPERTY_NAME_FN  childValue  name  namespaceName  rawJsString  s  value  Map  vars  int  c  end  nextSkipSlot  nextSlot  start  type  	projects/Closure80/src/com/google/javascript/jscomp/NodeUtil.java	0.4082482904638631	1264	1264	2	replace	n.setType(Token.GETPROP)&&  n!=  null)  {  return  false;  }	  if(n.getType()    ==    Token.GETPROP    &&    n!=    null)    {    return    false;    }    	non-compiled	[CE]  	132	None	replace
741	[BUG]  [BUGGY]  &&  NodeUtil.isFunctionAnonymous(n))  {  return  true;  }  [CE]  [FE]                    IllegalStateException      [CONTEXT]      case  Token.LE:  case  Token.GE:  case  Token.IN:  case  Token.INSTANCEOF:  case  Token.NOT:  return  true;  default:      [BUGGY]  &&  NodeUtil.isFunctionAnonymous(n))  {  return  true;  }  [BUGGY]      }  }  [CLASS]  NodeUtil  NumbericResultPredicate  BooleanResultPredicate  MayBeStringResultPredicate  VarCollector  MatchNameNode  MatchNodeType  MatchDeclaration  MatchNotFunction  MatchShallowStatement  [METHOD]  isBooleanResultHelper  [RETURN_TYPE]  boolean  Node  n  [VARIABLES]  BooleanResultPredicate  BOOLEAN_RESULT_PREDICATE  Set  BUILTIN_FUNCTIONS_WITHOUT_SIDEEFFECTS  CONSTRUCTORS_WITHOUT_SIDE_EFFECTS  OBJECT_METHODS_WITHOUT_SIDEEFFECTS  REGEXP_METHODS  STRING_REGEXP_METHODS  defines  emptySet  knownConstants  NumbericResultPredicate  NUMBERIC_RESULT_PREDICATE  boolean  MayBeStringResultPredicate  MAY_BE_STRING_PREDICATE  Node  n  String  JSC_PROPERTY_NAME_FN  childValue  name  namespaceName  rawJsString  s  value  Map  vars  int  c  end  nextSkipSlot  nextSlot  start  type  	projects/Closure80/src/com/google/javascript/jscomp/NodeUtil.java	0.4082482904638631	1264	1264	2	replace	&&  NodeUtil.isFunctionAnonymous(n))  {  return  true;  }	  if(NodeUtil.isFunctionAnonymous(n)&&    NodeUtil.isFunctionAnonymous(n))    {    return    true;    }    	non-compiled	[CE]  	35	None	replace
742	[BUG]  [BUGGY]  NodeUtil.isLhs(n)&&  NodeUtil.isFunctionAnonymous(n))  {  return  false;  }  [CE]  [FE]                    IllegalStateException      [CONTEXT]      case  Token.LE:  case  Token.GE:  case  Token.IN:  case  Token.INSTANCEOF:  case  Token.NOT:  return  true;  default:      [BUGGY]  NodeUtil.isLhs(n)&&  NodeUtil.isFunctionAnonymous(n))  {  return  false;  }  [BUGGY]      }  }  [CLASS]  NodeUtil  NumbericResultPredicate  BooleanResultPredicate  MayBeStringResultPredicate  VarCollector  MatchNameNode  MatchNodeType  MatchDeclaration  MatchNotFunction  MatchShallowStatement  [METHOD]  isBooleanResultHelper  [RETURN_TYPE]  boolean  Node  n  [VARIABLES]  BooleanResultPredicate  BOOLEAN_RESULT_PREDICATE  Set  BUILTIN_FUNCTIONS_WITHOUT_SIDEEFFECTS  CONSTRUCTORS_WITHOUT_SIDE_EFFECTS  OBJECT_METHODS_WITHOUT_SIDEEFFECTS  REGEXP_METHODS  STRING_REGEXP_METHODS  defines  emptySet  knownConstants  NumbericResultPredicate  NUMBERIC_RESULT_PREDICATE  boolean  MayBeStringResultPredicate  MAY_BE_STRING_PREDICATE  Node  n  String  JSC_PROPERTY_NAME_FN  childValue  name  namespaceName  rawJsString  s  value  Map  vars  int  c  end  nextSkipSlot  nextSlot  start  type  	projects/Closure80/src/com/google/javascript/jscomp/NodeUtil.java	0.4082482904638631	1264	1264	2	replace	NodeUtil.isLhs(n)&&  NodeUtil.isFunctionAnonymous(n))  {  return  false;  }	  NodeUtil.isFunctionAnonymous(n)&&    NodeUtil.isFunctionAnonymous(n))    {    return    false;    }    	non-compiled	[CE]  	26	None	replace
743	[BUG]  [BUGGY]  n.setType(Token.NAME  ||  n.getFirstChild()!=  null)  {  return  false;  }  [CE]  [FE]                    IllegalStateException      [CONTEXT]      case  Token.LE:  case  Token.GE:  case  Token.IN:  case  Token.INSTANCEOF:  case  Token.NOT:  return  true;  default:      [BUGGY]  n.setType(Token.NAME  ||  n.getFirstChild()!=  null)  {  return  false;  }  [BUGGY]      }  }  [CLASS]  NodeUtil  NumbericResultPredicate  BooleanResultPredicate  MayBeStringResultPredicate  VarCollector  MatchNameNode  MatchNodeType  MatchDeclaration  MatchNotFunction  MatchShallowStatement  [METHOD]  isBooleanResultHelper  [RETURN_TYPE]  boolean  Node  n  [VARIABLES]  BooleanResultPredicate  BOOLEAN_RESULT_PREDICATE  Set  BUILTIN_FUNCTIONS_WITHOUT_SIDEEFFECTS  CONSTRUCTORS_WITHOUT_SIDE_EFFECTS  OBJECT_METHODS_WITHOUT_SIDEEFFECTS  REGEXP_METHODS  STRING_REGEXP_METHODS  defines  emptySet  knownConstants  NumbericResultPredicate  NUMBERIC_RESULT_PREDICATE  boolean  MayBeStringResultPredicate  MAY_BE_STRING_PREDICATE  Node  n  String  JSC_PROPERTY_NAME_FN  childValue  name  namespaceName  rawJsString  s  value  Map  vars  int  c  end  nextSkipSlot  nextSlot  start  type  	projects/Closure80/src/com/google/javascript/jscomp/NodeUtil.java	0.4082482904638631	1264	1264	2	replace	n.setType(Token.NAME  ||  n.getFirstChild()!=  null)  {  return  false;  }	  if(n.getType()    ==    Token.NAME    ||    n.getFirstChild()!=    null)    {    return    false;    }    	non-compiled	[CE]  	164	None	replace
744	[BUG]  [BUGGY]  n.setType(Token.NAME)||  n.getFirstChild()!=  null)  {  return  false;  }  [CE]  [FE]                      IllegalStateException      [CONTEXT]      case  Token.LE:  case  Token.GE:  case  Token.IN:  case  Token.INSTANCEOF:  case  Token.NOT:  return  true;  default:      [BUGGY]  n.setType(Token.NAME)||  n.getFirstChild()!=  null)  {  return  false;  }  [BUGGY]      }  }  [CLASS]  NodeUtil  NumbericResultPredicate  BooleanResultPredicate  MayBeStringResultPredicate  VarCollector  MatchNameNode  MatchNodeType  MatchDeclaration  MatchNotFunction  MatchShallowStatement  [METHOD]  isBooleanResultHelper  [RETURN_TYPE]  boolean  Node  n  [VARIABLES]  BooleanResultPredicate  BOOLEAN_RESULT_PREDICATE  Set  BUILTIN_FUNCTIONS_WITHOUT_SIDEEFFECTS  CONSTRUCTORS_WITHOUT_SIDE_EFFECTS  OBJECT_METHODS_WITHOUT_SIDEEFFECTS  REGEXP_METHODS  STRING_REGEXP_METHODS  defines  emptySet  knownConstants  NumbericResultPredicate  NUMBERIC_RESULT_PREDICATE  boolean  MayBeStringResultPredicate  MAY_BE_STRING_PREDICATE  Node  n  String  JSC_PROPERTY_NAME_FN  childValue  name  namespaceName  rawJsString  s  value  Map  vars  int  c  end  nextSkipSlot  nextSlot  start  type  	projects/Closure80/src/com/google/javascript/jscomp/NodeUtil.java	0.4082482904638631	1264	1264	2	replace	n.setType(Token.NAME)||  n.getFirstChild()!=  null)  {  return  false;  }	  if(n.getType()    ==    Token.NAME    ||    n.getFirstChild()!=    null)    {    return    false;    }    	non-compiled	[CE]  	164	None	replace
745	[BUG]  [BUGGY]  if(n.getType()!=  Token.NAME  ||  n.getFirstChild()  ==  null)  {  return  false;  }  [CE]  [FE]                        IllegalStateException      [CONTEXT]      case  Token.LE:  case  Token.GE:  case  Token.IN:  case  Token.INSTANCEOF:  case  Token.NOT:  return  true;  default:      [BUGGY]  if(n.getType()!=  Token.NAME  ||  n.getFirstChild()  ==  null)  {  return  false;  }  [BUGGY]      }  }  [CLASS]  NodeUtil  NumbericResultPredicate  BooleanResultPredicate  MayBeStringResultPredicate  VarCollector  MatchNameNode  MatchNodeType  MatchDeclaration  MatchNotFunction  MatchShallowStatement  [METHOD]  isBooleanResultHelper  [RETURN_TYPE]  boolean  Node  n  [VARIABLES]  BooleanResultPredicate  BOOLEAN_RESULT_PREDICATE  Set  BUILTIN_FUNCTIONS_WITHOUT_SIDEEFFECTS  CONSTRUCTORS_WITHOUT_SIDE_EFFECTS  OBJECT_METHODS_WITHOUT_SIDEEFFECTS  REGEXP_METHODS  STRING_REGEXP_METHODS  defines  emptySet  knownConstants  NumbericResultPredicate  NUMBERIC_RESULT_PREDICATE  boolean  MayBeStringResultPredicate  MAY_BE_STRING_PREDICATE  Node  n  String  JSC_PROPERTY_NAME_FN  childValue  name  namespaceName  rawJsString  s  value  Map  vars  int  c  end  nextSkipSlot  nextSlot  start  type  	projects/Closure80/src/com/google/javascript/jscomp/NodeUtil.java	0.4082482904638631	1264	1264	2	replace	if(n.getType()!=  Token.NAME  ||  n.getFirstChild()  ==  null)  {  return  false;  }	  if(n.getType()    ==    Token.NAME    ||    n.getFirstChild()!=    null)    {    return    false;    }    	non-compiled	[CE]  	164	None	replace
746	[BUG]  [BUGGY]  Preconditions.checkState(NodeUtil.isGetProp(n)||  NodeUtil.isFunctionBoolean(n))  {  return  false;  }  [CE]  [FE]                  IllegalStateException      [CONTEXT]      case  Token.LE:  case  Token.GE:  case  Token.IN:  case  Token.INSTANCEOF:  case  Token.NOT:  return  true;  default:      [BUGGY]  Preconditions.checkState(NodeUtil.isGetProp(n)||  NodeUtil.isFunctionBoolean(n))  {  return  false;  }  [BUGGY]      }  }  [CLASS]  NodeUtil  NumbericResultPredicate  BooleanResultPredicate  MayBeStringResultPredicate  VarCollector  MatchNameNode  MatchNodeType  MatchDeclaration  MatchNotFunction  MatchShallowStatement  [METHOD]  isBooleanResultHelper  [RETURN_TYPE]  boolean  Node  n  [VARIABLES]  BooleanResultPredicate  BOOLEAN_RESULT_PREDICATE  Set  BUILTIN_FUNCTIONS_WITHOUT_SIDEEFFECTS  CONSTRUCTORS_WITHOUT_SIDE_EFFECTS  OBJECT_METHODS_WITHOUT_SIDEEFFECTS  REGEXP_METHODS  STRING_REGEXP_METHODS  defines  emptySet  knownConstants  NumbericResultPredicate  NUMBERIC_RESULT_PREDICATE  boolean  MayBeStringResultPredicate  MAY_BE_STRING_PREDICATE  Node  n  String  JSC_PROPERTY_NAME_FN  childValue  name  namespaceName  rawJsString  s  value  Map  vars  int  c  end  nextSkipSlot  nextSlot  start  type  	projects/Closure80/src/com/google/javascript/jscomp/NodeUtil.java	0.4082482904638631	1264	1264	2	replace	Preconditions.checkState(NodeUtil.isGetProp(n)||  NodeUtil.isFunctionBoolean(n))  {  return  false;  }	  Preconditions.checkState(NodeUtil.isFunctionAnonymous(n)||    NodeUtil.isFunctionBoolean(n))    {    return    false;    }    	non-compiled	[CE]  	88	None	replace
747	[BUG]  [BUGGY]  Preconditions.checkState(NodeUtil.isAssignmentOp(n)||  NodeUtil.isFunctionAnonymous(n))  {  return  true;  }  [CE]  [FE]              IllegalStateException      [CONTEXT]      case  Token.LE:  case  Token.GE:  case  Token.IN:  case  Token.INSTANCEOF:  case  Token.NOT:  return  true;  default:      [BUGGY]  Preconditions.checkState(NodeUtil.isAssignmentOp(n)||  NodeUtil.isFunctionAnonymous(n))  {  return  true;  }  [BUGGY]      }  }  [CLASS]  NodeUtil  NumbericResultPredicate  BooleanResultPredicate  MayBeStringResultPredicate  VarCollector  MatchNameNode  MatchNodeType  MatchDeclaration  MatchNotFunction  MatchShallowStatement  [METHOD]  isBooleanResultHelper  [RETURN_TYPE]  boolean  Node  n  [VARIABLES]  BooleanResultPredicate  BOOLEAN_RESULT_PREDICATE  Set  BUILTIN_FUNCTIONS_WITHOUT_SIDEEFFECTS  CONSTRUCTORS_WITHOUT_SIDE_EFFECTS  OBJECT_METHODS_WITHOUT_SIDEEFFECTS  REGEXP_METHODS  STRING_REGEXP_METHODS  defines  emptySet  knownConstants  NumbericResultPredicate  NUMBERIC_RESULT_PREDICATE  boolean  MayBeStringResultPredicate  MAY_BE_STRING_PREDICATE  Node  n  String  JSC_PROPERTY_NAME_FN  childValue  name  namespaceName  rawJsString  s  value  Map  vars  int  c  end  nextSkipSlot  nextSlot  start  type  	projects/Closure80/src/com/google/javascript/jscomp/NodeUtil.java	0.4082482904638631	1264	1264	2	replace	Preconditions.checkState(NodeUtil.isAssignmentOp(n)||  NodeUtil.isFunctionAnonymous(n))  {  return  true;  }	  if(NodeUtil.isAssignmentOp(n)||    NodeUtil.isFunctionAnonymous(n))    {    return    true;    }    	non-compiled	[CE]  	158	None	replace
748	[BUG]  [BUGGY]  Preconditions.checkState(n.getType()  ==  Token.NAME,  JSC_PROPERTY_NAME);  return  true;  [CE]  [FE]                            IllegalStateException      [CONTEXT]      case  Token.LE:  case  Token.GE:  case  Token.IN:  case  Token.INSTANCEOF:  case  Token.NOT:  return  true;  default:      [BUGGY]  Preconditions.checkState(n.getType()  ==  Token.NAME,  JSC_PROPERTY_NAME);  return  true;  [BUGGY]      }  }  [CLASS]  NodeUtil  NumbericResultPredicate  BooleanResultPredicate  MayBeStringResultPredicate  VarCollector  MatchNameNode  MatchNodeType  MatchDeclaration  MatchNotFunction  MatchShallowStatement  [METHOD]  isBooleanResultHelper  [RETURN_TYPE]  boolean  Node  n  [VARIABLES]  BooleanResultPredicate  BOOLEAN_RESULT_PREDICATE  Set  BUILTIN_FUNCTIONS_WITHOUT_SIDEEFFECTS  CONSTRUCTORS_WITHOUT_SIDE_EFFECTS  OBJECT_METHODS_WITHOUT_SIDEEFFECTS  REGEXP_METHODS  STRING_REGEXP_METHODS  defines  emptySet  knownConstants  NumbericResultPredicate  NUMBERIC_RESULT_PREDICATE  boolean  MayBeStringResultPredicate  MAY_BE_STRING_PREDICATE  Node  n  String  JSC_PROPERTY_NAME_FN  childValue  name  namespaceName  rawJsString  s  value  Map  vars  int  c  end  nextSkipSlot  nextSlot  start  type  	projects/Closure80/src/com/google/javascript/jscomp/NodeUtil.java	0.4082482904638631	1264	1264	2	replace	Preconditions.checkState(n.getType()  ==  Token.NAME,  JSC_PROPERTY_NAME);  return  true;	  Preconditions.checkState(n.getType()    ==    Token.NAME);    return    false;    	non-compiled	[CE]  	96	None	replace
749	[BUG]  [BUGGY]  Preconditions.checkState(n.getType()  ==  Token.NAME,  JSC_PROPERTY_NAME_FN);  return  true;  [CE]  [FE]                              IllegalStateException      [CONTEXT]      case  Token.LE:  case  Token.GE:  case  Token.IN:  case  Token.INSTANCEOF:  case  Token.NOT:  return  true;  default:      [BUGGY]  Preconditions.checkState(n.getType()  ==  Token.NAME,  JSC_PROPERTY_NAME_FN);  return  true;  [BUGGY]      }  }  [CLASS]  NodeUtil  NumbericResultPredicate  BooleanResultPredicate  MayBeStringResultPredicate  VarCollector  MatchNameNode  MatchNodeType  MatchDeclaration  MatchNotFunction  MatchShallowStatement  [METHOD]  isBooleanResultHelper  [RETURN_TYPE]  boolean  Node  n  [VARIABLES]  BooleanResultPredicate  BOOLEAN_RESULT_PREDICATE  Set  BUILTIN_FUNCTIONS_WITHOUT_SIDEEFFECTS  CONSTRUCTORS_WITHOUT_SIDE_EFFECTS  OBJECT_METHODS_WITHOUT_SIDEEFFECTS  REGEXP_METHODS  STRING_REGEXP_METHODS  defines  emptySet  knownConstants  NumbericResultPredicate  NUMBERIC_RESULT_PREDICATE  boolean  MayBeStringResultPredicate  MAY_BE_STRING_PREDICATE  Node  n  String  JSC_PROPERTY_NAME_FN  childValue  name  namespaceName  rawJsString  s  value  Map  vars  int  c  end  nextSkipSlot  nextSlot  start  type  	projects/Closure80/src/com/google/javascript/jscomp/NodeUtil.java	0.4082482904638631	1264	1264	2	replace	Preconditions.checkState(n.getType()  ==  Token.NAME,  JSC_PROPERTY_NAME_FN);  return  true;	  Preconditions.checkState(n.getType()    ==    Token.NAME);    return    false;    	non-compiled	[CE]  	96	None	replace
750	[BUG]  [BUGGY]  Preconditions.checkArgument(n.getType()  ==  Token.NAME);  return  false;  [CE]  [FE]                                IllegalStateException      [CONTEXT]      case  Token.LE:  case  Token.GE:  case  Token.IN:  case  Token.INSTANCEOF:  case  Token.NOT:  return  true;  default:      [BUGGY]  Preconditions.checkArgument(n.getType()  ==  Token.NAME);  return  false;  [BUGGY]      }  }  [CLASS]  NodeUtil  NumbericResultPredicate  BooleanResultPredicate  MayBeStringResultPredicate  VarCollector  MatchNameNode  MatchNodeType  MatchDeclaration  MatchNotFunction  MatchShallowStatement  [METHOD]  isBooleanResultHelper  [RETURN_TYPE]  boolean  Node  n  [VARIABLES]  BooleanResultPredicate  BOOLEAN_RESULT_PREDICATE  Set  BUILTIN_FUNCTIONS_WITHOUT_SIDEEFFECTS  CONSTRUCTORS_WITHOUT_SIDE_EFFECTS  OBJECT_METHODS_WITHOUT_SIDEEFFECTS  REGEXP_METHODS  STRING_REGEXP_METHODS  defines  emptySet  knownConstants  NumbericResultPredicate  NUMBERIC_RESULT_PREDICATE  boolean  MayBeStringResultPredicate  MAY_BE_STRING_PREDICATE  Node  n  String  JSC_PROPERTY_NAME_FN  childValue  name  namespaceName  rawJsString  s  value  Map  vars  int  c  end  nextSkipSlot  nextSlot  start  type  	projects/Closure80/src/com/google/javascript/jscomp/NodeUtil.java	0.4082482904638631	1264	1264	2	replace	Preconditions.checkArgument(n.getType()  ==  Token.NAME);  return  false;	  Preconditions.checkState(n.getType()    ==    Token.NAME);    return    false;    	non-compiled	[CE]  	96	None	replace
751	[BUG]  [BUGGY]  NodeUtil.isLhs(n)||  NodeUtil.isFunctionAnonymous(n))  {  return  true;  }  [CE]  [FE]                  IllegalStateException      [CONTEXT]      case  Token.LE:  case  Token.GE:  case  Token.IN:  case  Token.INSTANCEOF:  case  Token.NOT:  return  true;  default:      [BUGGY]  NodeUtil.isLhs(n)||  NodeUtil.isFunctionAnonymous(n))  {  return  true;  }  [BUGGY]      }  }  [CLASS]  NodeUtil  NumbericResultPredicate  BooleanResultPredicate  MayBeStringResultPredicate  VarCollector  MatchNameNode  MatchNodeType  MatchDeclaration  MatchNotFunction  MatchShallowStatement  [METHOD]  isBooleanResultHelper  [RETURN_TYPE]  boolean  Node  n  [VARIABLES]  BooleanResultPredicate  BOOLEAN_RESULT_PREDICATE  Set  BUILTIN_FUNCTIONS_WITHOUT_SIDEEFFECTS  CONSTRUCTORS_WITHOUT_SIDE_EFFECTS  OBJECT_METHODS_WITHOUT_SIDEEFFECTS  REGEXP_METHODS  STRING_REGEXP_METHODS  defines  emptySet  knownConstants  NumbericResultPredicate  NUMBERIC_RESULT_PREDICATE  boolean  MayBeStringResultPredicate  MAY_BE_STRING_PREDICATE  Node  n  String  JSC_PROPERTY_NAME_FN  childValue  name  namespaceName  rawJsString  s  value  Map  vars  int  c  end  nextSkipSlot  nextSlot  start  type  	projects/Closure80/src/com/google/javascript/jscomp/NodeUtil.java	0.4082482904638631	1264	1264	2	replace	NodeUtil.isLhs(n)||  NodeUtil.isFunctionAnonymous(n))  {  return  true;  }	  NodeUtil.isFunctionAnonymous(n)||    NodeUtil.isFunctionAnonymous(n))    {    return    true;    }    	non-compiled	[CE]  	34	None	replace
752	[BUG]  [BUGGY]  Preconditions.checkState(n.getType()  ==  Token.GETPROP);  [CE]  [FE]                    IllegalStateException      [CONTEXT]      case  Token.LE:  case  Token.GE:  case  Token.IN:  case  Token.INSTANCEOF:  case  Token.NOT:  return  true;  default:      [BUGGY]  Preconditions.checkState(n.getType()  ==  Token.GETPROP);  [BUGGY]      }  }  [CLASS]  NodeUtil  NumbericResultPredicate  BooleanResultPredicate  MayBeStringResultPredicate  VarCollector  MatchNameNode  MatchNodeType  MatchDeclaration  MatchNotFunction  MatchShallowStatement  [METHOD]  isBooleanResultHelper  [RETURN_TYPE]  boolean  Node  n  [VARIABLES]  BooleanResultPredicate  BOOLEAN_RESULT_PREDICATE  Set  BUILTIN_FUNCTIONS_WITHOUT_SIDEEFFECTS  CONSTRUCTORS_WITHOUT_SIDE_EFFECTS  OBJECT_METHODS_WITHOUT_SIDEEFFECTS  REGEXP_METHODS  STRING_REGEXP_METHODS  defines  emptySet  knownConstants  NumbericResultPredicate  NUMBERIC_RESULT_PREDICATE  boolean  MayBeStringResultPredicate  MAY_BE_STRING_PREDICATE  Node  n  String  JSC_PROPERTY_NAME_FN  childValue  name  namespaceName  rawJsString  s  value  Map  vars  int  c  end  nextSkipSlot  nextSlot  start  type  	projects/Closure80/src/com/google/javascript/jscomp/NodeUtil.java	0.4082482904638631	1264	1264	2	replace	Preconditions.checkState(n.getType()  ==  Token.GETPROP);	  if(n.getType()    ==    Token.GETPROP)    {    return    true;    }    	non-compiled	[CE]  	99	None	replace
753	[BUG]  [BUGGY]  Preconditions.checkState(NodeUtil.isFunctionDeclaration(n)||  NodeUtil.isGetProp(n))  {  return  false;  }  [CE]  [FE]              IllegalStateException      [CONTEXT]      case  Token.LE:  case  Token.GE:  case  Token.IN:  case  Token.INSTANCEOF:  case  Token.NOT:  return  true;  default:      [BUGGY]  Preconditions.checkState(NodeUtil.isFunctionDeclaration(n)||  NodeUtil.isGetProp(n))  {  return  false;  }  [BUGGY]      }  }  [CLASS]  NodeUtil  NumbericResultPredicate  BooleanResultPredicate  MayBeStringResultPredicate  VarCollector  MatchNameNode  MatchNodeType  MatchDeclaration  MatchNotFunction  MatchShallowStatement  [METHOD]  isBooleanResultHelper  [RETURN_TYPE]  boolean  Node  n  [VARIABLES]  BooleanResultPredicate  BOOLEAN_RESULT_PREDICATE  Set  BUILTIN_FUNCTIONS_WITHOUT_SIDEEFFECTS  CONSTRUCTORS_WITHOUT_SIDE_EFFECTS  OBJECT_METHODS_WITHOUT_SIDEEFFECTS  REGEXP_METHODS  STRING_REGEXP_METHODS  defines  emptySet  knownConstants  NumbericResultPredicate  NUMBERIC_RESULT_PREDICATE  boolean  MayBeStringResultPredicate  MAY_BE_STRING_PREDICATE  Node  n  String  JSC_PROPERTY_NAME_FN  childValue  name  namespaceName  rawJsString  s  value  Map  vars  int  c  end  nextSkipSlot  nextSlot  start  type  	projects/Closure80/src/com/google/javascript/jscomp/NodeUtil.java	0.4082482904638631	1264	1264	2	replace	Preconditions.checkState(NodeUtil.isFunctionDeclaration(n)||  NodeUtil.isGetProp(n))  {  return  false;  }	  if(NodeUtil.isFunctionDeclaration(n)||    NodeUtil.isGetProp(n))    {    return    false;    }    	non-compiled	[CE]  	153	None	replace
754	[BUG]  [BUGGY]  Preconditions.checkState(NodeUtil.isGetProp(n)||  NodeUtil.isGetProp(n))  {  return  false;  }  [CE]  [FE]                IllegalStateException      [CONTEXT]      case  Token.LE:  case  Token.GE:  case  Token.IN:  case  Token.INSTANCEOF:  case  Token.NOT:  return  true;  default:      [BUGGY]  Preconditions.checkState(NodeUtil.isGetProp(n)||  NodeUtil.isGetProp(n))  {  return  false;  }  [BUGGY]      }  }  [CLASS]  NodeUtil  NumbericResultPredicate  BooleanResultPredicate  MayBeStringResultPredicate  VarCollector  MatchNameNode  MatchNodeType  MatchDeclaration  MatchNotFunction  MatchShallowStatement  [METHOD]  isBooleanResultHelper  [RETURN_TYPE]  boolean  Node  n  [VARIABLES]  BooleanResultPredicate  BOOLEAN_RESULT_PREDICATE  Set  BUILTIN_FUNCTIONS_WITHOUT_SIDEEFFECTS  CONSTRUCTORS_WITHOUT_SIDE_EFFECTS  OBJECT_METHODS_WITHOUT_SIDEEFFECTS  REGEXP_METHODS  STRING_REGEXP_METHODS  defines  emptySet  knownConstants  NumbericResultPredicate  NUMBERIC_RESULT_PREDICATE  boolean  MayBeStringResultPredicate  MAY_BE_STRING_PREDICATE  Node  n  String  JSC_PROPERTY_NAME_FN  childValue  name  namespaceName  rawJsString  s  value  Map  vars  int  c  end  nextSkipSlot  nextSlot  start  type  	projects/Closure80/src/com/google/javascript/jscomp/NodeUtil.java	0.4082482904638631	1264	1264	2	replace	Preconditions.checkState(NodeUtil.isGetProp(n)||  NodeUtil.isGetProp(n))  {  return  false;  }	  if(NodeUtil.isFunctionDeclaration(n)||    NodeUtil.isGetProp(n))    {    return    false;    }    	non-compiled	[CE]  	153	None	replace
755	[BUG]  [BUGGY]  if(NodeUtil.isGetProp(n)||  NodeUtil.isFunctionDeclaration(n))  {  return  false;  }  [CE]  [FE]                  IllegalStateException      [CONTEXT]      case  Token.LE:  case  Token.GE:  case  Token.IN:  case  Token.INSTANCEOF:  case  Token.NOT:  return  true;  default:      [BUGGY]  if(NodeUtil.isGetProp(n)||  NodeUtil.isFunctionDeclaration(n))  {  return  false;  }  [BUGGY]      }  }  [CLASS]  NodeUtil  NumbericResultPredicate  BooleanResultPredicate  MayBeStringResultPredicate  VarCollector  MatchNameNode  MatchNodeType  MatchDeclaration  MatchNotFunction  MatchShallowStatement  [METHOD]  isBooleanResultHelper  [RETURN_TYPE]  boolean  Node  n  [VARIABLES]  BooleanResultPredicate  BOOLEAN_RESULT_PREDICATE  Set  BUILTIN_FUNCTIONS_WITHOUT_SIDEEFFECTS  CONSTRUCTORS_WITHOUT_SIDE_EFFECTS  OBJECT_METHODS_WITHOUT_SIDEEFFECTS  REGEXP_METHODS  STRING_REGEXP_METHODS  defines  emptySet  knownConstants  NumbericResultPredicate  NUMBERIC_RESULT_PREDICATE  boolean  MayBeStringResultPredicate  MAY_BE_STRING_PREDICATE  Node  n  String  JSC_PROPERTY_NAME_FN  childValue  name  namespaceName  rawJsString  s  value  Map  vars  int  c  end  nextSkipSlot  nextSlot  start  type  	projects/Closure80/src/com/google/javascript/jscomp/NodeUtil.java	0.4082482904638631	1264	1264	2	replace	if(NodeUtil.isGetProp(n)||  NodeUtil.isFunctionDeclaration(n))  {  return  false;  }	  if(NodeUtil.isFunctionDeclaration(n)||    NodeUtil.isGetProp(n))    {    return    false;    }    	non-compiled	[CE]  	153	None	replace
756	[BUG]  [BUGGY]  return(n.getType()!=  Token.NAME)?  BooleanResultPredicate.FUNCTION  :  BooleanResultPredicate.BOOLEAN;  [CE]  [FE]                    IllegalStateException      [CONTEXT]      case  Token.LE:  case  Token.GE:  case  Token.IN:  case  Token.INSTANCEOF:  case  Token.NOT:  return  true;  default:      [BUGGY]  return(n.getType()!=  Token.NAME)?  BooleanResultPredicate.FUNCTION  :  BooleanResultPredicate.BOOLEAN;  [BUGGY]      }  }  [CLASS]  NodeUtil  NumbericResultPredicate  BooleanResultPredicate  MayBeStringResultPredicate  VarCollector  MatchNameNode  MatchNodeType  MatchDeclaration  MatchNotFunction  MatchShallowStatement  [METHOD]  isBooleanResultHelper  [RETURN_TYPE]  boolean  Node  n  [VARIABLES]  BooleanResultPredicate  BOOLEAN_RESULT_PREDICATE  Set  BUILTIN_FUNCTIONS_WITHOUT_SIDEEFFECTS  CONSTRUCTORS_WITHOUT_SIDE_EFFECTS  OBJECT_METHODS_WITHOUT_SIDEEFFECTS  REGEXP_METHODS  STRING_REGEXP_METHODS  defines  emptySet  knownConstants  NumbericResultPredicate  NUMBERIC_RESULT_PREDICATE  boolean  MayBeStringResultPredicate  MAY_BE_STRING_PREDICATE  Node  n  String  JSC_PROPERTY_NAME_FN  childValue  name  namespaceName  rawJsString  s  value  Map  vars  int  c  end  nextSkipSlot  nextSlot  start  type  	projects/Closure80/src/com/google/javascript/jscomp/NodeUtil.java	0.4082482904638631	1264	1264	2	replace	return(n.getType()!=  Token.NAME)?  BooleanResultPredicate.FUNCTION  :  BooleanResultPredicate.BOOLEAN;	  return(n.getType()    ==    Token.NAME)?    BooleanResultPredicate.FUNCTION    :    BooleanResultPredicate.BOOLEAN;    	non-compiled	[CE]  	151	None	replace
757	[BUG]  [BUGGY]  n.setString(JSC_PROPERTY_NAME,  JSC_PROPERTY_NAME_FN);  [CE]  [FE]                                IllegalStateException      [CONTEXT]      case  Token.LE:  case  Token.GE:  case  Token.IN:  case  Token.INSTANCEOF:  case  Token.NOT:  return  true;  default:      [BUGGY]  n.setString(JSC_PROPERTY_NAME,  JSC_PROPERTY_NAME_FN);  [BUGGY]      }  }  [CLASS]  NodeUtil  NumbericResultPredicate  BooleanResultPredicate  MayBeStringResultPredicate  VarCollector  MatchNameNode  MatchNodeType  MatchDeclaration  MatchNotFunction  MatchShallowStatement  [METHOD]  isBooleanResultHelper  [RETURN_TYPE]  boolean  Node  n  [VARIABLES]  BooleanResultPredicate  BOOLEAN_RESULT_PREDICATE  Set  BUILTIN_FUNCTIONS_WITHOUT_SIDEEFFECTS  CONSTRUCTORS_WITHOUT_SIDE_EFFECTS  OBJECT_METHODS_WITHOUT_SIDEEFFECTS  REGEXP_METHODS  STRING_REGEXP_METHODS  defines  emptySet  knownConstants  NumbericResultPredicate  NUMBERIC_RESULT_PREDICATE  boolean  MayBeStringResultPredicate  MAY_BE_STRING_PREDICATE  Node  n  String  JSC_PROPERTY_NAME_FN  childValue  name  namespaceName  rawJsString  s  value  Map  vars  int  c  end  nextSkipSlot  nextSlot  start  type  	projects/Closure80/src/com/google/javascript/jscomp/NodeUtil.java	0.4082482904638631	1264	1264	2	replace	n.setString(JSC_PROPERTY_NAME,  JSC_PROPERTY_NAME_FN);	  n.setString(JSC_PROPERTY_NAME_FN,    JSC_PROPERTY_NAME_FN);    	non-compiled	[CE]  	71	None	replace
758	[BUG]  [BUGGY]  n.setString(JSC_PROPERTY_NAME_FN,  JSC_PROPERTY_NAME_F);  [CE]  [FE]                                  IllegalStateException      [CONTEXT]      case  Token.LE:  case  Token.GE:  case  Token.IN:  case  Token.INSTANCEOF:  case  Token.NOT:  return  true;  default:      [BUGGY]  n.setString(JSC_PROPERTY_NAME_FN,  JSC_PROPERTY_NAME_F);  [BUGGY]      }  }  [CLASS]  NodeUtil  NumbericResultPredicate  BooleanResultPredicate  MayBeStringResultPredicate  VarCollector  MatchNameNode  MatchNodeType  MatchDeclaration  MatchNotFunction  MatchShallowStatement  [METHOD]  isBooleanResultHelper  [RETURN_TYPE]  boolean  Node  n  [VARIABLES]  BooleanResultPredicate  BOOLEAN_RESULT_PREDICATE  Set  BUILTIN_FUNCTIONS_WITHOUT_SIDEEFFECTS  CONSTRUCTORS_WITHOUT_SIDE_EFFECTS  OBJECT_METHODS_WITHOUT_SIDEEFFECTS  REGEXP_METHODS  STRING_REGEXP_METHODS  defines  emptySet  knownConstants  NumbericResultPredicate  NUMBERIC_RESULT_PREDICATE  boolean  MayBeStringResultPredicate  MAY_BE_STRING_PREDICATE  Node  n  String  JSC_PROPERTY_NAME_FN  childValue  name  namespaceName  rawJsString  s  value  Map  vars  int  c  end  nextSkipSlot  nextSlot  start  type  	projects/Closure80/src/com/google/javascript/jscomp/NodeUtil.java	0.4082482904638631	1264	1264	2	replace	n.setString(JSC_PROPERTY_NAME_FN,  JSC_PROPERTY_NAME_F);	  n.setString(JSC_PROPERTY_NAME_FN,    JSC_PROPERTY_NAME_FN);    	non-compiled	[CE]  	71	None	replace
759	[BUG]  [BUGGY]  n.setType(Token.EMPTY);  [CE]  [FE]                            IllegalStateException      [CONTEXT]      case  Token.LE:  case  Token.GE:  case  Token.IN:  case  Token.INSTANCEOF:  case  Token.NOT:  return  true;  default:      [BUGGY]  n.setType(Token.EMPTY);  [BUGGY]      }  }  [CLASS]  NodeUtil  NumbericResultPredicate  BooleanResultPredicate  MayBeStringResultPredicate  VarCollector  MatchNameNode  MatchNodeType  MatchDeclaration  MatchNotFunction  MatchShallowStatement  [METHOD]  isBooleanResultHelper  [RETURN_TYPE]  boolean  Node  n  [VARIABLES]  BooleanResultPredicate  BOOLEAN_RESULT_PREDICATE  Set  BUILTIN_FUNCTIONS_WITHOUT_SIDEEFFECTS  CONSTRUCTORS_WITHOUT_SIDE_EFFECTS  OBJECT_METHODS_WITHOUT_SIDEEFFECTS  REGEXP_METHODS  STRING_REGEXP_METHODS  defines  emptySet  knownConstants  NumbericResultPredicate  NUMBERIC_RESULT_PREDICATE  boolean  MayBeStringResultPredicate  MAY_BE_STRING_PREDICATE  Node  n  String  JSC_PROPERTY_NAME_FN  childValue  name  namespaceName  rawJsString  s  value  Map  vars  int  c  end  nextSkipSlot  nextSlot  start  type  	projects/Closure80/src/com/google/javascript/jscomp/NodeUtil.java	0.4082482904638631	1264	1264	2	replace	n.setType(Token.EMPTY);	  n.setType(Token.FUNCTION);    	non-compiled	[CE]  	118	None	replace
760	[BUG]  [BUGGY]  return(n!=  null)?  BooleanResultPredicate.UNKNOWN  :  BooleanResultPredicate.FIELD;  [CE]  [FE]                  IllegalStateException      [CONTEXT]      case  Token.LE:  case  Token.GE:  case  Token.IN:  case  Token.INSTANCEOF:  case  Token.NOT:  return  true;  default:      [BUGGY]  return(n!=  null)?  BooleanResultPredicate.UNKNOWN  :  BooleanResultPredicate.FIELD;  [BUGGY]      }  }  [CLASS]  NodeUtil  NumbericResultPredicate  BooleanResultPredicate  MayBeStringResultPredicate  VarCollector  MatchNameNode  MatchNodeType  MatchDeclaration  MatchNotFunction  MatchShallowStatement  [METHOD]  isBooleanResultHelper  [RETURN_TYPE]  boolean  Node  n  [VARIABLES]  BooleanResultPredicate  BOOLEAN_RESULT_PREDICATE  Set  BUILTIN_FUNCTIONS_WITHOUT_SIDEEFFECTS  CONSTRUCTORS_WITHOUT_SIDE_EFFECTS  OBJECT_METHODS_WITHOUT_SIDEEFFECTS  REGEXP_METHODS  STRING_REGEXP_METHODS  defines  emptySet  knownConstants  NumbericResultPredicate  NUMBERIC_RESULT_PREDICATE  boolean  MayBeStringResultPredicate  MAY_BE_STRING_PREDICATE  Node  n  String  JSC_PROPERTY_NAME_FN  childValue  name  namespaceName  rawJsString  s  value  Map  vars  int  c  end  nextSkipSlot  nextSlot  start  type  	projects/Closure80/src/com/google/javascript/jscomp/NodeUtil.java	0.4082482904638631	1264	1264	2	replace	return(n!=  null)?  BooleanResultPredicate.UNKNOWN  :  BooleanResultPredicate.FIELD;	  return(n.getType()    ==    Token.NAME)?    BooleanResultPredicate.UNKNOWN    :    BooleanResultPredicate.FIELD;    	non-compiled	[CE]  	91	None	replace
761	[BUG]  [BUGGY]  n.setType(Token.FUNCTION)||  n.getType()  ==  Token.NAME)  {  return  false;  }  [CE]  [FE]                    IllegalStateException      [CONTEXT]      case  Token.LE:  case  Token.GE:  case  Token.IN:  case  Token.INSTANCEOF:  case  Token.NOT:  return  true;  default:      [BUGGY]  n.setType(Token.FUNCTION)||  n.getType()  ==  Token.NAME)  {  return  false;  }  [BUGGY]      }  }  [CLASS]  NodeUtil  NumbericResultPredicate  BooleanResultPredicate  MayBeStringResultPredicate  VarCollector  MatchNameNode  MatchNodeType  MatchDeclaration  MatchNotFunction  MatchShallowStatement  [METHOD]  isBooleanResultHelper  [RETURN_TYPE]  boolean  Node  n  [VARIABLES]  BooleanResultPredicate  BOOLEAN_RESULT_PREDICATE  Set  BUILTIN_FUNCTIONS_WITHOUT_SIDEEFFECTS  CONSTRUCTORS_WITHOUT_SIDE_EFFECTS  OBJECT_METHODS_WITHOUT_SIDEEFFECTS  REGEXP_METHODS  STRING_REGEXP_METHODS  defines  emptySet  knownConstants  NumbericResultPredicate  NUMBERIC_RESULT_PREDICATE  boolean  MayBeStringResultPredicate  MAY_BE_STRING_PREDICATE  Node  n  String  JSC_PROPERTY_NAME_FN  childValue  name  namespaceName  rawJsString  s  value  Map  vars  int  c  end  nextSkipSlot  nextSlot  start  type  	projects/Closure80/src/com/google/javascript/jscomp/NodeUtil.java	0.4082482904638631	1264	1264	2	replace	n.setType(Token.FUNCTION)||  n.getType()  ==  Token.NAME)  {  return  false;  }	  if(n.getType()    ==    Token.FUNCTION    ||    n.getType()    ==    Token.NAME)    {    return    false;    }    	non-compiled	[CE]  	43	None	replace
762	[BUG]  [BUGGY]  n.getType()!=  Token.FUNCTION  ||  n.getType()!=  Token.NAME)  {  return  true;  }  [CE]  [FE]                              IllegalStateException      [CONTEXT]      case  Token.LE:  case  Token.GE:  case  Token.IN:  case  Token.INSTANCEOF:  case  Token.NOT:  return  true;  default:      [BUGGY]  n.getType()!=  Token.FUNCTION  ||  n.getType()!=  Token.NAME)  {  return  true;  }  [BUGGY]      }  }  [CLASS]  NodeUtil  NumbericResultPredicate  BooleanResultPredicate  MayBeStringResultPredicate  VarCollector  MatchNameNode  MatchNodeType  MatchDeclaration  MatchNotFunction  MatchShallowStatement  [METHOD]  isBooleanResultHelper  [RETURN_TYPE]  boolean  Node  n  [VARIABLES]  BooleanResultPredicate  BOOLEAN_RESULT_PREDICATE  Set  BUILTIN_FUNCTIONS_WITHOUT_SIDEEFFECTS  CONSTRUCTORS_WITHOUT_SIDE_EFFECTS  OBJECT_METHODS_WITHOUT_SIDEEFFECTS  REGEXP_METHODS  STRING_REGEXP_METHODS  defines  emptySet  knownConstants  NumbericResultPredicate  NUMBERIC_RESULT_PREDICATE  boolean  MayBeStringResultPredicate  MAY_BE_STRING_PREDICATE  Node  n  String  JSC_PROPERTY_NAME_FN  childValue  name  namespaceName  rawJsString  s  value  Map  vars  int  c  end  nextSkipSlot  nextSlot  start  type  	projects/Closure80/src/com/google/javascript/jscomp/NodeUtil.java	0.4082482904638631	1264	1264	2	replace	n.getType()!=  Token.FUNCTION  ||  n.getType()!=  Token.NAME)  {  return  true;  }	  if(n.getType()    ==    Token.FUNCTION    ||    n.getType()!=    Token.NAME)    {    return    true;    }    	non-compiled	[CE]  	30	None	replace
763	[BUG]  [BUGGY]  if(n.getType()!=  Token.FUNCTION  ||  n.getType()!=  Token.NAME)  {  return  true;  }  [CE]  [FE]                                IllegalStateException      [CONTEXT]      case  Token.LE:  case  Token.GE:  case  Token.IN:  case  Token.INSTANCEOF:  case  Token.NOT:  return  true;  default:      [BUGGY]  if(n.getType()!=  Token.FUNCTION  ||  n.getType()!=  Token.NAME)  {  return  true;  }  [BUGGY]      }  }  [CLASS]  NodeUtil  NumbericResultPredicate  BooleanResultPredicate  MayBeStringResultPredicate  VarCollector  MatchNameNode  MatchNodeType  MatchDeclaration  MatchNotFunction  MatchShallowStatement  [METHOD]  isBooleanResultHelper  [RETURN_TYPE]  boolean  Node  n  [VARIABLES]  BooleanResultPredicate  BOOLEAN_RESULT_PREDICATE  Set  BUILTIN_FUNCTIONS_WITHOUT_SIDEEFFECTS  CONSTRUCTORS_WITHOUT_SIDE_EFFECTS  OBJECT_METHODS_WITHOUT_SIDEEFFECTS  REGEXP_METHODS  STRING_REGEXP_METHODS  defines  emptySet  knownConstants  NumbericResultPredicate  NUMBERIC_RESULT_PREDICATE  boolean  MayBeStringResultPredicate  MAY_BE_STRING_PREDICATE  Node  n  String  JSC_PROPERTY_NAME_FN  childValue  name  namespaceName  rawJsString  s  value  Map  vars  int  c  end  nextSkipSlot  nextSlot  start  type  	projects/Closure80/src/com/google/javascript/jscomp/NodeUtil.java	0.4082482904638631	1264	1264	2	replace	if(n.getType()!=  Token.FUNCTION  ||  n.getType()!=  Token.NAME)  {  return  true;  }	  if(n.getType()    ==    Token.FUNCTION    ||    n.getType()!=    Token.NAME)    {    return    true;    }    	non-compiled	[CE]  	30	None	replace
764	[BUG]  [BUGGY]  n.getType()!=  Token.FUNCTION  ||  n.getType()  ==  Token.NAME)  {  return  true;  }  [CE]  [FE]                                  IllegalStateException      [CONTEXT]      case  Token.LE:  case  Token.GE:  case  Token.IN:  case  Token.INSTANCEOF:  case  Token.NOT:  return  true;  default:      [BUGGY]  n.getType()!=  Token.FUNCTION  ||  n.getType()  ==  Token.NAME)  {  return  true;  }  [BUGGY]      }  }  [CLASS]  NodeUtil  NumbericResultPredicate  BooleanResultPredicate  MayBeStringResultPredicate  VarCollector  MatchNameNode  MatchNodeType  MatchDeclaration  MatchNotFunction  MatchShallowStatement  [METHOD]  isBooleanResultHelper  [RETURN_TYPE]  boolean  Node  n  [VARIABLES]  BooleanResultPredicate  BOOLEAN_RESULT_PREDICATE  Set  BUILTIN_FUNCTIONS_WITHOUT_SIDEEFFECTS  CONSTRUCTORS_WITHOUT_SIDE_EFFECTS  OBJECT_METHODS_WITHOUT_SIDEEFFECTS  REGEXP_METHODS  STRING_REGEXP_METHODS  defines  emptySet  knownConstants  NumbericResultPredicate  NUMBERIC_RESULT_PREDICATE  boolean  MayBeStringResultPredicate  MAY_BE_STRING_PREDICATE  Node  n  String  JSC_PROPERTY_NAME_FN  childValue  name  namespaceName  rawJsString  s  value  Map  vars  int  c  end  nextSkipSlot  nextSlot  start  type  	projects/Closure80/src/com/google/javascript/jscomp/NodeUtil.java	0.4082482904638631	1264	1264	2	replace	n.getType()!=  Token.FUNCTION  ||  n.getType()  ==  Token.NAME)  {  return  true;  }	  if(n.getType()    ==    Token.FUNCTION    ||    n.getType()!=    Token.NAME)    {    return    true;    }    	non-compiled	[CE]  	30	None	replace
765	[BUG]  [BUGGY]  Preconditions.checkState(NodeUtil.isFunctionAnonymous(n)||  NodeUtil.mayHaveSideEffects(n))  {  return  false;  }  [CE]  [FE]                    IllegalStateException      [CONTEXT]      case  Token.LE:  case  Token.GE:  case  Token.IN:  case  Token.INSTANCEOF:  case  Token.NOT:  return  true;  default:      [BUGGY]  Preconditions.checkState(NodeUtil.isFunctionAnonymous(n)||  NodeUtil.mayHaveSideEffects(n))  {  return  false;  }  [BUGGY]      }  }  [CLASS]  NodeUtil  NumbericResultPredicate  BooleanResultPredicate  MayBeStringResultPredicate  VarCollector  MatchNameNode  MatchNodeType  MatchDeclaration  MatchNotFunction  MatchShallowStatement  [METHOD]  isBooleanResultHelper  [RETURN_TYPE]  boolean  Node  n  [VARIABLES]  BooleanResultPredicate  BOOLEAN_RESULT_PREDICATE  Set  BUILTIN_FUNCTIONS_WITHOUT_SIDEEFFECTS  CONSTRUCTORS_WITHOUT_SIDE_EFFECTS  OBJECT_METHODS_WITHOUT_SIDEEFFECTS  REGEXP_METHODS  STRING_REGEXP_METHODS  defines  emptySet  knownConstants  NumbericResultPredicate  NUMBERIC_RESULT_PREDICATE  boolean  MayBeStringResultPredicate  MAY_BE_STRING_PREDICATE  Node  n  String  JSC_PROPERTY_NAME_FN  childValue  name  namespaceName  rawJsString  s  value  Map  vars  int  c  end  nextSkipSlot  nextSlot  start  type  	projects/Closure80/src/com/google/javascript/jscomp/NodeUtil.java	0.4082482904638631	1264	1264	2	replace	Preconditions.checkState(NodeUtil.isFunctionAnonymous(n)||  NodeUtil.mayHaveSideEffects(n))  {  return  false;  }	  Preconditions.checkState(NodeUtil.isFunctionAnonymous(n)||    NodeUtil.isStatementBlock(n))    {    return    false;    }    	non-compiled	[CE]  	115	None	replace
766	[BUG]  [BUGGY]  Preconditions.checkState(NodeUtil.isGetProp(n)||  NodeUtil.isStatementBlock(n))  {  return  false;  }  [CE]  [FE]                      IllegalStateException      [CONTEXT]      case  Token.LE:  case  Token.GE:  case  Token.IN:  case  Token.INSTANCEOF:  case  Token.NOT:  return  true;  default:      [BUGGY]  Preconditions.checkState(NodeUtil.isGetProp(n)||  NodeUtil.isStatementBlock(n))  {  return  false;  }  [BUGGY]      }  }  [CLASS]  NodeUtil  NumbericResultPredicate  BooleanResultPredicate  MayBeStringResultPredicate  VarCollector  MatchNameNode  MatchNodeType  MatchDeclaration  MatchNotFunction  MatchShallowStatement  [METHOD]  isBooleanResultHelper  [RETURN_TYPE]  boolean  Node  n  [VARIABLES]  BooleanResultPredicate  BOOLEAN_RESULT_PREDICATE  Set  BUILTIN_FUNCTIONS_WITHOUT_SIDEEFFECTS  CONSTRUCTORS_WITHOUT_SIDE_EFFECTS  OBJECT_METHODS_WITHOUT_SIDEEFFECTS  REGEXP_METHODS  STRING_REGEXP_METHODS  defines  emptySet  knownConstants  NumbericResultPredicate  NUMBERIC_RESULT_PREDICATE  boolean  MayBeStringResultPredicate  MAY_BE_STRING_PREDICATE  Node  n  String  JSC_PROPERTY_NAME_FN  childValue  name  namespaceName  rawJsString  s  value  Map  vars  int  c  end  nextSkipSlot  nextSlot  start  type  	projects/Closure80/src/com/google/javascript/jscomp/NodeUtil.java	0.4082482904638631	1264	1264	2	replace	Preconditions.checkState(NodeUtil.isGetProp(n)||  NodeUtil.isStatementBlock(n))  {  return  false;  }	  Preconditions.checkState(NodeUtil.isFunctionAnonymous(n)||    NodeUtil.isStatementBlock(n))    {    return    false;    }    	non-compiled	[CE]  	115	None	replace
767	[BUG]  [BUGGY]  if(n.getType()!=  Token.NAME  &&  n.getString().equals( "name "))  {  return  false;  }  [CE]  [FE]                          IllegalStateException      [CONTEXT]      case  Token.LE:  case  Token.GE:  case  Token.IN:  case  Token.INSTANCEOF:  case  Token.NOT:  return  true;  default:      [BUGGY]  if(n.getType()!=  Token.NAME  &&  n.getString().equals( "name "))  {  return  false;  }  [BUGGY]      }  }  [CLASS]  NodeUtil  NumbericResultPredicate  BooleanResultPredicate  MayBeStringResultPredicate  VarCollector  MatchNameNode  MatchNodeType  MatchDeclaration  MatchNotFunction  MatchShallowStatement  [METHOD]  isBooleanResultHelper  [RETURN_TYPE]  boolean  Node  n  [VARIABLES]  BooleanResultPredicate  BOOLEAN_RESULT_PREDICATE  Set  BUILTIN_FUNCTIONS_WITHOUT_SIDEEFFECTS  CONSTRUCTORS_WITHOUT_SIDE_EFFECTS  OBJECT_METHODS_WITHOUT_SIDEEFFECTS  REGEXP_METHODS  STRING_REGEXP_METHODS  defines  emptySet  knownConstants  NumbericResultPredicate  NUMBERIC_RESULT_PREDICATE  boolean  MayBeStringResultPredicate  MAY_BE_STRING_PREDICATE  Node  n  String  JSC_PROPERTY_NAME_FN  childValue  name  namespaceName  rawJsString  s  value  Map  vars  int  c  end  nextSkipSlot  nextSlot  start  type  	projects/Closure80/src/com/google/javascript/jscomp/NodeUtil.java	0.4082482904638631	1264	1264	2	replace	if(n.getType()!=  Token.NAME  &&  n.getString().equals( "name "))  {  return  false;  }	  if(n.getType()    ==    Token.NAME    ||    n.getString().equals(   "name   "))    {    return    false;    }    	non-compiled	[CE]  	126	None	replace
768	[BUG]  [BUGGY]  if(n.getType()!=  Token.NAME  ||  n.getString().equals( "name "))  {  return  false;  }  [CE]  [FE]                            IllegalStateException      [CONTEXT]      case  Token.LE:  case  Token.GE:  case  Token.IN:  case  Token.INSTANCEOF:  case  Token.NOT:  return  true;  default:      [BUGGY]  if(n.getType()!=  Token.NAME  ||  n.getString().equals( "name "))  {  return  false;  }  [BUGGY]      }  }  [CLASS]  NodeUtil  NumbericResultPredicate  BooleanResultPredicate  MayBeStringResultPredicate  VarCollector  MatchNameNode  MatchNodeType  MatchDeclaration  MatchNotFunction  MatchShallowStatement  [METHOD]  isBooleanResultHelper  [RETURN_TYPE]  boolean  Node  n  [VARIABLES]  BooleanResultPredicate  BOOLEAN_RESULT_PREDICATE  Set  BUILTIN_FUNCTIONS_WITHOUT_SIDEEFFECTS  CONSTRUCTORS_WITHOUT_SIDE_EFFECTS  OBJECT_METHODS_WITHOUT_SIDEEFFECTS  REGEXP_METHODS  STRING_REGEXP_METHODS  defines  emptySet  knownConstants  NumbericResultPredicate  NUMBERIC_RESULT_PREDICATE  boolean  MayBeStringResultPredicate  MAY_BE_STRING_PREDICATE  Node  n  String  JSC_PROPERTY_NAME_FN  childValue  name  namespaceName  rawJsString  s  value  Map  vars  int  c  end  nextSkipSlot  nextSlot  start  type  	projects/Closure80/src/com/google/javascript/jscomp/NodeUtil.java	0.4082482904638631	1264	1264	2	replace	if(n.getType()!=  Token.NAME  ||  n.getString().equals( "name "))  {  return  false;  }	  if(n.getType()    ==    Token.NAME    ||    n.getString().equals(   "name   "))    {    return    false;    }    	non-compiled	[CE]  	126	None	replace
769	[BUG]  [BUGGY]  return(n.getType()  ==  Token.UNKNOWN)?  BooleanResultPredicate.UNKNOWN  :  BooleanResultPredicate.UNKNOWN;  [CE]  [FE]                IllegalStateException      [CONTEXT]      case  Token.LE:  case  Token.GE:  case  Token.IN:  case  Token.INSTANCEOF:  case  Token.NOT:  return  true;  default:      [BUGGY]  return(n.getType()  ==  Token.UNKNOWN)?  BooleanResultPredicate.UNKNOWN  :  BooleanResultPredicate.UNKNOWN;  [BUGGY]      }  }  [CLASS]  NodeUtil  NumbericResultPredicate  BooleanResultPredicate  MayBeStringResultPredicate  VarCollector  MatchNameNode  MatchNodeType  MatchDeclaration  MatchNotFunction  MatchShallowStatement  [METHOD]  isBooleanResultHelper  [RETURN_TYPE]  boolean  Node  n  [VARIABLES]  BooleanResultPredicate  BOOLEAN_RESULT_PREDICATE  Set  BUILTIN_FUNCTIONS_WITHOUT_SIDEEFFECTS  CONSTRUCTORS_WITHOUT_SIDE_EFFECTS  OBJECT_METHODS_WITHOUT_SIDEEFFECTS  REGEXP_METHODS  STRING_REGEXP_METHODS  defines  emptySet  knownConstants  NumbericResultPredicate  NUMBERIC_RESULT_PREDICATE  boolean  MayBeStringResultPredicate  MAY_BE_STRING_PREDICATE  Node  n  String  JSC_PROPERTY_NAME_FN  childValue  name  namespaceName  rawJsString  s  value  Map  vars  int  c  end  nextSkipSlot  nextSlot  start  type  	projects/Closure80/src/com/google/javascript/jscomp/NodeUtil.java	0.4082482904638631	1264	1264	2	replace	return(n.getType()  ==  Token.UNKNOWN)?  BooleanResultPredicate.UNKNOWN  :  BooleanResultPredicate.UNKNOWN;	  return(n.getType()    ==    Token.FUNCTION)?    BooleanResultPredicate.UNKNOWN    :    BooleanResultPredicate.UNKNOWN;    	non-compiled	[CE]  	37	None	replace
770	[BUG]  [BUGGY]  return(n.getType()  ==  Token.BOOLEAN)?  BooleanResultPredicate.FALSE  :  BooleanResultPredicate.BLOCK;  [CE]  [FE]                          IllegalStateException      [CONTEXT]      case  Token.LE:  case  Token.GE:  case  Token.IN:  case  Token.INSTANCEOF:  case  Token.NOT:  return  true;  default:      [BUGGY]  return(n.getType()  ==  Token.BOOLEAN)?  BooleanResultPredicate.FALSE  :  BooleanResultPredicate.BLOCK;  [BUGGY]      }  }  [CLASS]  NodeUtil  NumbericResultPredicate  BooleanResultPredicate  MayBeStringResultPredicate  VarCollector  MatchNameNode  MatchNodeType  MatchDeclaration  MatchNotFunction  MatchShallowStatement  [METHOD]  isBooleanResultHelper  [RETURN_TYPE]  boolean  Node  n  [VARIABLES]  BooleanResultPredicate  BOOLEAN_RESULT_PREDICATE  Set  BUILTIN_FUNCTIONS_WITHOUT_SIDEEFFECTS  CONSTRUCTORS_WITHOUT_SIDE_EFFECTS  OBJECT_METHODS_WITHOUT_SIDEEFFECTS  REGEXP_METHODS  STRING_REGEXP_METHODS  defines  emptySet  knownConstants  NumbericResultPredicate  NUMBERIC_RESULT_PREDICATE  boolean  MayBeStringResultPredicate  MAY_BE_STRING_PREDICATE  Node  n  String  JSC_PROPERTY_NAME_FN  childValue  name  namespaceName  rawJsString  s  value  Map  vars  int  c  end  nextSkipSlot  nextSlot  start  type  	projects/Closure80/src/com/google/javascript/jscomp/NodeUtil.java	0.4082482904638631	1264	1264	2	replace	return(n.getType()  ==  Token.BOOLEAN)?  BooleanResultPredicate.FALSE  :  BooleanResultPredicate.BLOCK;	  return(n.getType()    ==    Token.BLOCK)?    BooleanResultPredicate.FALSE    :    BooleanResultPredicate.BOOLEAN;    	non-compiled	[CE]  	49	None	replace
771	[BUG]  [BUGGY]  if(n.getType()!=  Token.FUNCTION  ||  n.getType()  ==  Token.VAR)  {  return  false;  }  [CE]  [FE]              IllegalStateException      [CONTEXT]      case  Token.LE:  case  Token.GE:  case  Token.IN:  case  Token.INSTANCEOF:  case  Token.NOT:  return  true;  default:      [BUGGY]  if(n.getType()!=  Token.FUNCTION  ||  n.getType()  ==  Token.VAR)  {  return  false;  }  [BUGGY]      }  }  [CLASS]  NodeUtil  NumbericResultPredicate  BooleanResultPredicate  MayBeStringResultPredicate  VarCollector  MatchNameNode  MatchNodeType  MatchDeclaration  MatchNotFunction  MatchShallowStatement  [METHOD]  isBooleanResultHelper  [RETURN_TYPE]  boolean  Node  n  [VARIABLES]  BooleanResultPredicate  BOOLEAN_RESULT_PREDICATE  Set  BUILTIN_FUNCTIONS_WITHOUT_SIDEEFFECTS  CONSTRUCTORS_WITHOUT_SIDE_EFFECTS  OBJECT_METHODS_WITHOUT_SIDEEFFECTS  REGEXP_METHODS  STRING_REGEXP_METHODS  defines  emptySet  knownConstants  NumbericResultPredicate  NUMBERIC_RESULT_PREDICATE  boolean  MayBeStringResultPredicate  MAY_BE_STRING_PREDICATE  Node  n  String  JSC_PROPERTY_NAME_FN  childValue  name  namespaceName  rawJsString  s  value  Map  vars  int  c  end  nextSkipSlot  nextSlot  start  type  	projects/Closure80/src/com/google/javascript/jscomp/NodeUtil.java	0.4082482904638631	1264	1264	2	replace	if(n.getType()!=  Token.FUNCTION  ||  n.getType()  ==  Token.VAR)  {  return  false;  }	  if(n.getType()    ==    Token.FUNCTION    ||    n.getType()    ==    Token.VAR)    {    return    false;    }    	non-compiled	[CE]  	103	None	replace
772	[BUG]  [BUGGY]  n.setType(Token.FUNCTION)||  n.getType()  ==  Token.VAR)  {  return  false;  }  [CE]  [FE]                IllegalStateException      [CONTEXT]      case  Token.LE:  case  Token.GE:  case  Token.IN:  case  Token.INSTANCEOF:  case  Token.NOT:  return  true;  default:      [BUGGY]  n.setType(Token.FUNCTION)||  n.getType()  ==  Token.VAR)  {  return  false;  }  [BUGGY]      }  }  [CLASS]  NodeUtil  NumbericResultPredicate  BooleanResultPredicate  MayBeStringResultPredicate  VarCollector  MatchNameNode  MatchNodeType  MatchDeclaration  MatchNotFunction  MatchShallowStatement  [METHOD]  isBooleanResultHelper  [RETURN_TYPE]  boolean  Node  n  [VARIABLES]  BooleanResultPredicate  BOOLEAN_RESULT_PREDICATE  Set  BUILTIN_FUNCTIONS_WITHOUT_SIDEEFFECTS  CONSTRUCTORS_WITHOUT_SIDE_EFFECTS  OBJECT_METHODS_WITHOUT_SIDEEFFECTS  REGEXP_METHODS  STRING_REGEXP_METHODS  defines  emptySet  knownConstants  NumbericResultPredicate  NUMBERIC_RESULT_PREDICATE  boolean  MayBeStringResultPredicate  MAY_BE_STRING_PREDICATE  Node  n  String  JSC_PROPERTY_NAME_FN  childValue  name  namespaceName  rawJsString  s  value  Map  vars  int  c  end  nextSkipSlot  nextSlot  start  type  	projects/Closure80/src/com/google/javascript/jscomp/NodeUtil.java	0.4082482904638631	1264	1264	2	replace	n.setType(Token.FUNCTION)||  n.getType()  ==  Token.VAR)  {  return  false;  }	  if(n.getType()    ==    Token.FUNCTION    ||    n.getType()    ==    Token.VAR)    {    return    false;    }    	non-compiled	[CE]  	103	None	replace
773	[BUG]  [BUGGY]  if(NodeUtil.isFunctionDeclaration(n)||!NodeUtil.mayHaveSideEffects(n))  {  return  false;  }  [CE]  [FE]                IllegalStateException      [CONTEXT]      case  Token.LE:  case  Token.GE:  case  Token.IN:  case  Token.INSTANCEOF:  case  Token.NOT:  return  true;  default:      [BUGGY]  if(NodeUtil.isFunctionDeclaration(n)||!NodeUtil.mayHaveSideEffects(n))  {  return  false;  }  [BUGGY]      }  }  [CLASS]  NodeUtil  NumbericResultPredicate  BooleanResultPredicate  MayBeStringResultPredicate  VarCollector  MatchNameNode  MatchNodeType  MatchDeclaration  MatchNotFunction  MatchShallowStatement  [METHOD]  isBooleanResultHelper  [RETURN_TYPE]  boolean  Node  n  [VARIABLES]  BooleanResultPredicate  BOOLEAN_RESULT_PREDICATE  Set  BUILTIN_FUNCTIONS_WITHOUT_SIDEEFFECTS  CONSTRUCTORS_WITHOUT_SIDE_EFFECTS  OBJECT_METHODS_WITHOUT_SIDEEFFECTS  REGEXP_METHODS  STRING_REGEXP_METHODS  defines  emptySet  knownConstants  NumbericResultPredicate  NUMBERIC_RESULT_PREDICATE  boolean  MayBeStringResultPredicate  MAY_BE_STRING_PREDICATE  Node  n  String  JSC_PROPERTY_NAME_FN  childValue  name  namespaceName  rawJsString  s  value  Map  vars  int  c  end  nextSkipSlot  nextSlot  start  type  	projects/Closure80/src/com/google/javascript/jscomp/NodeUtil.java	0.4082482904638631	1264	1264	2	replace	if(NodeUtil.isFunctionDeclaration(n)||!NodeUtil.mayHaveSideEffects(n))  {  return  false;  }	  if(!NodeUtil.isFunctionDeclaration(n))    {    return    false;    }    	non-compiled	[CE]  	154	None	replace
774	[BUG]  [BUGGY]  if(!NodeUtil.isFunctionDeclaration(n)||!NodeUtil.mayHaveSideEffects(n))  {  return  false;  }  [CE]  [FE]                  IllegalStateException      [CONTEXT]      case  Token.LE:  case  Token.GE:  case  Token.IN:  case  Token.INSTANCEOF:  case  Token.NOT:  return  true;  default:      [BUGGY]  if(!NodeUtil.isFunctionDeclaration(n)||!NodeUtil.mayHaveSideEffects(n))  {  return  false;  }  [BUGGY]      }  }  [CLASS]  NodeUtil  NumbericResultPredicate  BooleanResultPredicate  MayBeStringResultPredicate  VarCollector  MatchNameNode  MatchNodeType  MatchDeclaration  MatchNotFunction  MatchShallowStatement  [METHOD]  isBooleanResultHelper  [RETURN_TYPE]  boolean  Node  n  [VARIABLES]  BooleanResultPredicate  BOOLEAN_RESULT_PREDICATE  Set  BUILTIN_FUNCTIONS_WITHOUT_SIDEEFFECTS  CONSTRUCTORS_WITHOUT_SIDE_EFFECTS  OBJECT_METHODS_WITHOUT_SIDEEFFECTS  REGEXP_METHODS  STRING_REGEXP_METHODS  defines  emptySet  knownConstants  NumbericResultPredicate  NUMBERIC_RESULT_PREDICATE  boolean  MayBeStringResultPredicate  MAY_BE_STRING_PREDICATE  Node  n  String  JSC_PROPERTY_NAME_FN  childValue  name  namespaceName  rawJsString  s  value  Map  vars  int  c  end  nextSkipSlot  nextSlot  start  type  	projects/Closure80/src/com/google/javascript/jscomp/NodeUtil.java	0.4082482904638631	1264	1264	2	replace	if(!NodeUtil.isFunctionDeclaration(n)||!NodeUtil.mayHaveSideEffects(n))  {  return  false;  }	  if(!NodeUtil.isFunctionDeclaration(n))    {    return    false;    }    	non-compiled	[CE]  	154	None	replace
775	[BUG]  [BUGGY]  n  =  n.getLastChild();  [CE]  [FE]                    IllegalStateException      [CONTEXT]      case  Token.LE:  case  Token.GE:  case  Token.IN:  case  Token.INSTANCEOF:  case  Token.NOT:  return  true;  default:      [BUGGY]  n  =  n.getLastChild();  [BUGGY]      }  }  [CLASS]  NodeUtil  NumbericResultPredicate  BooleanResultPredicate  MayBeStringResultPredicate  VarCollector  MatchNameNode  MatchNodeType  MatchDeclaration  MatchNotFunction  MatchShallowStatement  [METHOD]  isBooleanResultHelper  [RETURN_TYPE]  boolean  Node  n  [VARIABLES]  BooleanResultPredicate  BOOLEAN_RESULT_PREDICATE  Set  BUILTIN_FUNCTIONS_WITHOUT_SIDEEFFECTS  CONSTRUCTORS_WITHOUT_SIDE_EFFECTS  OBJECT_METHODS_WITHOUT_SIDEEFFECTS  REGEXP_METHODS  STRING_REGEXP_METHODS  defines  emptySet  knownConstants  NumbericResultPredicate  NUMBERIC_RESULT_PREDICATE  boolean  MayBeStringResultPredicate  MAY_BE_STRING_PREDICATE  Node  n  String  JSC_PROPERTY_NAME_FN  childValue  name  namespaceName  rawJsString  s  value  Map  vars  int  c  end  nextSkipSlot  nextSlot  start  type  	projects/Closure80/src/com/google/javascript/jscomp/NodeUtil.java	0.4082482904638631	1264	1264	2	replace	n  =  n.getLastChild();	  if(!NodeUtil.isFunctionDeclaration(n))    {    return    false;    }    	non-compiled	[CE]  	154	None	replace
776	[BUG]  [BUGGY]  if(NodeUtil.isFunctionAnonymous(n)&&  NodeUtil.mayHaveSideEffects(n))  {  return  false;  }  [CE]  [FE]                  IllegalStateException      [CONTEXT]      case  Token.LE:  case  Token.GE:  case  Token.IN:  case  Token.INSTANCEOF:  case  Token.NOT:  return  true;  default:      [BUGGY]  if(NodeUtil.isFunctionAnonymous(n)&&  NodeUtil.mayHaveSideEffects(n))  {  return  false;  }  [BUGGY]      }  }  [CLASS]  NodeUtil  NumbericResultPredicate  BooleanResultPredicate  MayBeStringResultPredicate  VarCollector  MatchNameNode  MatchNodeType  MatchDeclaration  MatchNotFunction  MatchShallowStatement  [METHOD]  isBooleanResultHelper  [RETURN_TYPE]  boolean  Node  n  [VARIABLES]  BooleanResultPredicate  BOOLEAN_RESULT_PREDICATE  Set  BUILTIN_FUNCTIONS_WITHOUT_SIDEEFFECTS  CONSTRUCTORS_WITHOUT_SIDE_EFFECTS  OBJECT_METHODS_WITHOUT_SIDEEFFECTS  REGEXP_METHODS  STRING_REGEXP_METHODS  defines  emptySet  knownConstants  NumbericResultPredicate  NUMBERIC_RESULT_PREDICATE  boolean  MayBeStringResultPredicate  MAY_BE_STRING_PREDICATE  Node  n  String  JSC_PROPERTY_NAME_FN  childValue  name  namespaceName  rawJsString  s  value  Map  vars  int  c  end  nextSkipSlot  nextSlot  start  type  	projects/Closure80/src/com/google/javascript/jscomp/NodeUtil.java	0.4082482904638631	1264	1264	2	replace	if(NodeUtil.isFunctionAnonymous(n)&&  NodeUtil.mayHaveSideEffects(n))  {  return  false;  }	  if(NodeUtil.isFunctionAnonymous(n)&&    NodeUtil.isExpressionNode(n))    {    return    false;    }    	non-compiled	[CE]  	1	None	replace
777	[BUG]  [BUGGY]  &&  NodeUtil.isFunctionAnonymous(n))  {  return  false;  }  [CE]  [FE]                    IllegalStateException      [CONTEXT]      case  Token.LE:  case  Token.GE:  case  Token.IN:  case  Token.INSTANCEOF:  case  Token.NOT:  return  true;  default:      [BUGGY]  &&  NodeUtil.isFunctionAnonymous(n))  {  return  false;  }  [BUGGY]      }  }  [CLASS]  NodeUtil  NumbericResultPredicate  BooleanResultPredicate  MayBeStringResultPredicate  VarCollector  MatchNameNode  MatchNodeType  MatchDeclaration  MatchNotFunction  MatchShallowStatement  [METHOD]  isBooleanResultHelper  [RETURN_TYPE]  boolean  Node  n  [VARIABLES]  BooleanResultPredicate  BOOLEAN_RESULT_PREDICATE  Set  BUILTIN_FUNCTIONS_WITHOUT_SIDEEFFECTS  CONSTRUCTORS_WITHOUT_SIDE_EFFECTS  OBJECT_METHODS_WITHOUT_SIDEEFFECTS  REGEXP_METHODS  STRING_REGEXP_METHODS  defines  emptySet  knownConstants  NumbericResultPredicate  NUMBERIC_RESULT_PREDICATE  boolean  MayBeStringResultPredicate  MAY_BE_STRING_PREDICATE  Node  n  String  JSC_PROPERTY_NAME_FN  childValue  name  namespaceName  rawJsString  s  value  Map  vars  int  c  end  nextSkipSlot  nextSlot  start  type  	projects/Closure80/src/com/google/javascript/jscomp/NodeUtil.java	0.4082482904638631	1264	1264	2	replace	&&  NodeUtil.isFunctionAnonymous(n))  {  return  false;  }	  if(NodeUtil.isFunctionAnonymous(n)&&    NodeUtil.isExpressionNode(n))    {    return    false;    }    	non-compiled	[CE]  	1	None	replace
778	[BUG]  [BUGGY]  return(n.getType()  ==  Token.NAME)?  BooleanResultPredicate.TRUE  :  BooleanResultPredicate.TOP;  [CE]  [FE]                            IllegalStateException      [CONTEXT]      case  Token.LE:  case  Token.GE:  case  Token.IN:  case  Token.INSTANCEOF:  case  Token.NOT:  return  true;  default:      [BUGGY]  return(n.getType()  ==  Token.NAME)?  BooleanResultPredicate.TRUE  :  BooleanResultPredicate.TOP;  [BUGGY]      }  }  [CLASS]  NodeUtil  NumbericResultPredicate  BooleanResultPredicate  MayBeStringResultPredicate  VarCollector  MatchNameNode  MatchNodeType  MatchDeclaration  MatchNotFunction  MatchShallowStatement  [METHOD]  isBooleanResultHelper  [RETURN_TYPE]  boolean  Node  n  [VARIABLES]  BooleanResultPredicate  BOOLEAN_RESULT_PREDICATE  Set  BUILTIN_FUNCTIONS_WITHOUT_SIDEEFFECTS  CONSTRUCTORS_WITHOUT_SIDE_EFFECTS  OBJECT_METHODS_WITHOUT_SIDEEFFECTS  REGEXP_METHODS  STRING_REGEXP_METHODS  defines  emptySet  knownConstants  NumbericResultPredicate  NUMBERIC_RESULT_PREDICATE  boolean  MayBeStringResultPredicate  MAY_BE_STRING_PREDICATE  Node  n  String  JSC_PROPERTY_NAME_FN  childValue  name  namespaceName  rawJsString  s  value  Map  vars  int  c  end  nextSkipSlot  nextSlot  start  type  	projects/Closure80/src/com/google/javascript/jscomp/NodeUtil.java	0.4082482904638631	1264	1264	2	replace	return(n.getType()  ==  Token.NAME)?  BooleanResultPredicate.TRUE  :  BooleanResultPredicate.TOP;	  return(n.getType()    ==    Token.NAME)?    BooleanResultPredicate.FALSE    :    BooleanResultPredicate.TOP;    	non-compiled	[CE]  	58	None	replace
779	[BUG]  [BUGGY]  n.getType()!=  Token.FUNCTION  ||  n.getType()!=  Token.GETPROP)  {  return  true;  }  [CE]  [FE]                        IllegalStateException      [CONTEXT]      case  Token.LE:  case  Token.GE:  case  Token.IN:  case  Token.INSTANCEOF:  case  Token.NOT:  return  true;  default:      [BUGGY]  n.getType()!=  Token.FUNCTION  ||  n.getType()!=  Token.GETPROP)  {  return  true;  }  [BUGGY]      }  }  [CLASS]  NodeUtil  NumbericResultPredicate  BooleanResultPredicate  MayBeStringResultPredicate  VarCollector  MatchNameNode  MatchNodeType  MatchDeclaration  MatchNotFunction  MatchShallowStatement  [METHOD]  isBooleanResultHelper  [RETURN_TYPE]  boolean  Node  n  [VARIABLES]  BooleanResultPredicate  BOOLEAN_RESULT_PREDICATE  Set  BUILTIN_FUNCTIONS_WITHOUT_SIDEEFFECTS  CONSTRUCTORS_WITHOUT_SIDE_EFFECTS  OBJECT_METHODS_WITHOUT_SIDEEFFECTS  REGEXP_METHODS  STRING_REGEXP_METHODS  defines  emptySet  knownConstants  NumbericResultPredicate  NUMBERIC_RESULT_PREDICATE  boolean  MayBeStringResultPredicate  MAY_BE_STRING_PREDICATE  Node  n  String  JSC_PROPERTY_NAME_FN  childValue  name  namespaceName  rawJsString  s  value  Map  vars  int  c  end  nextSkipSlot  nextSlot  start  type  	projects/Closure80/src/com/google/javascript/jscomp/NodeUtil.java	0.4082482904638631	1264	1264	2	replace	n.getType()!=  Token.FUNCTION  ||  n.getType()!=  Token.GETPROP)  {  return  true;  }	  if(n.getType()    ==    Token.FUNCTION    ||    n.getType()!=    Token.GETPROP)    {    return    true;    }    	non-compiled	[CE]  	116	None	replace
780	[BUG]  [BUGGY]  if(n.getType()!=  Token.FUNCTION  ||  n.getType()!=  Token.GETPROP)  {  return  true;  }  [CE]  [FE]                          IllegalStateException      [CONTEXT]      case  Token.LE:  case  Token.GE:  case  Token.IN:  case  Token.INSTANCEOF:  case  Token.NOT:  return  true;  default:      [BUGGY]  if(n.getType()!=  Token.FUNCTION  ||  n.getType()!=  Token.GETPROP)  {  return  true;  }  [BUGGY]      }  }  [CLASS]  NodeUtil  NumbericResultPredicate  BooleanResultPredicate  MayBeStringResultPredicate  VarCollector  MatchNameNode  MatchNodeType  MatchDeclaration  MatchNotFunction  MatchShallowStatement  [METHOD]  isBooleanResultHelper  [RETURN_TYPE]  boolean  Node  n  [VARIABLES]  BooleanResultPredicate  BOOLEAN_RESULT_PREDICATE  Set  BUILTIN_FUNCTIONS_WITHOUT_SIDEEFFECTS  CONSTRUCTORS_WITHOUT_SIDE_EFFECTS  OBJECT_METHODS_WITHOUT_SIDEEFFECTS  REGEXP_METHODS  STRING_REGEXP_METHODS  defines  emptySet  knownConstants  NumbericResultPredicate  NUMBERIC_RESULT_PREDICATE  boolean  MayBeStringResultPredicate  MAY_BE_STRING_PREDICATE  Node  n  String  JSC_PROPERTY_NAME_FN  childValue  name  namespaceName  rawJsString  s  value  Map  vars  int  c  end  nextSkipSlot  nextSlot  start  type  	projects/Closure80/src/com/google/javascript/jscomp/NodeUtil.java	0.4082482904638631	1264	1264	2	replace	if(n.getType()!=  Token.FUNCTION  ||  n.getType()!=  Token.GETPROP)  {  return  true;  }	  if(n.getType()    ==    Token.FUNCTION    ||    n.getType()!=    Token.GETPROP)    {    return    true;    }    	non-compiled	[CE]  	116	None	replace
781	[BUG]  [BUGGY]  if(n.getType()!=  Token.FUNCTION  ||  n.getType()  ==  Token.GETPROP)  {  return  true;  }  [CE]  [FE]                            IllegalStateException      [CONTEXT]      case  Token.LE:  case  Token.GE:  case  Token.IN:  case  Token.INSTANCEOF:  case  Token.NOT:  return  true;  default:      [BUGGY]  if(n.getType()!=  Token.FUNCTION  ||  n.getType()  ==  Token.GETPROP)  {  return  true;  }  [BUGGY]      }  }  [CLASS]  NodeUtil  NumbericResultPredicate  BooleanResultPredicate  MayBeStringResultPredicate  VarCollector  MatchNameNode  MatchNodeType  MatchDeclaration  MatchNotFunction  MatchShallowStatement  [METHOD]  isBooleanResultHelper  [RETURN_TYPE]  boolean  Node  n  [VARIABLES]  BooleanResultPredicate  BOOLEAN_RESULT_PREDICATE  Set  BUILTIN_FUNCTIONS_WITHOUT_SIDEEFFECTS  CONSTRUCTORS_WITHOUT_SIDE_EFFECTS  OBJECT_METHODS_WITHOUT_SIDEEFFECTS  REGEXP_METHODS  STRING_REGEXP_METHODS  defines  emptySet  knownConstants  NumbericResultPredicate  NUMBERIC_RESULT_PREDICATE  boolean  MayBeStringResultPredicate  MAY_BE_STRING_PREDICATE  Node  n  String  JSC_PROPERTY_NAME_FN  childValue  name  namespaceName  rawJsString  s  value  Map  vars  int  c  end  nextSkipSlot  nextSlot  start  type  	projects/Closure80/src/com/google/javascript/jscomp/NodeUtil.java	0.4082482904638631	1264	1264	2	replace	if(n.getType()!=  Token.FUNCTION  ||  n.getType()  ==  Token.GETPROP)  {  return  true;  }	  if(n.getType()    ==    Token.FUNCTION    ||    n.getType()!=    Token.GETPROP)    {    return    true;    }    	non-compiled	[CE]  	116	None	replace
782	[BUG]  [BUGGY]  n.getType()!=  Token.FUNCTION  ||  n.getType()  ==  Token.GETPROP)  {  return  true;  }  [CE]  [FE]                              IllegalStateException      [CONTEXT]      case  Token.LE:  case  Token.GE:  case  Token.IN:  case  Token.INSTANCEOF:  case  Token.NOT:  return  true;  default:      [BUGGY]  n.getType()!=  Token.FUNCTION  ||  n.getType()  ==  Token.GETPROP)  {  return  true;  }  [BUGGY]      }  }  [CLASS]  NodeUtil  NumbericResultPredicate  BooleanResultPredicate  MayBeStringResultPredicate  VarCollector  MatchNameNode  MatchNodeType  MatchDeclaration  MatchNotFunction  MatchShallowStatement  [METHOD]  isBooleanResultHelper  [RETURN_TYPE]  boolean  Node  n  [VARIABLES]  BooleanResultPredicate  BOOLEAN_RESULT_PREDICATE  Set  BUILTIN_FUNCTIONS_WITHOUT_SIDEEFFECTS  CONSTRUCTORS_WITHOUT_SIDE_EFFECTS  OBJECT_METHODS_WITHOUT_SIDEEFFECTS  REGEXP_METHODS  STRING_REGEXP_METHODS  defines  emptySet  knownConstants  NumbericResultPredicate  NUMBERIC_RESULT_PREDICATE  boolean  MayBeStringResultPredicate  MAY_BE_STRING_PREDICATE  Node  n  String  JSC_PROPERTY_NAME_FN  childValue  name  namespaceName  rawJsString  s  value  Map  vars  int  c  end  nextSkipSlot  nextSlot  start  type  	projects/Closure80/src/com/google/javascript/jscomp/NodeUtil.java	0.4082482904638631	1264	1264	2	replace	n.getType()!=  Token.FUNCTION  ||  n.getType()  ==  Token.GETPROP)  {  return  true;  }	  if(n.getType()    ==    Token.FUNCTION    ||    n.getType()!=    Token.GETPROP)    {    return    true;    }    	non-compiled	[CE]  	116	None	replace
783	[BUG]  [BUGGY]  Preconditions.checkState(n.getType()  ==  Token.GETPROP);  return  false;  [CE]  [FE]                                IllegalStateException      [CONTEXT]      case  Token.LE:  case  Token.GE:  case  Token.IN:  case  Token.INSTANCEOF:  case  Token.NOT:  return  true;  default:      [BUGGY]  Preconditions.checkState(n.getType()  ==  Token.GETPROP);  return  false;  [BUGGY]      }  }  [CLASS]  NodeUtil  NumbericResultPredicate  BooleanResultPredicate  MayBeStringResultPredicate  VarCollector  MatchNameNode  MatchNodeType  MatchDeclaration  MatchNotFunction  MatchShallowStatement  [METHOD]  isBooleanResultHelper  [RETURN_TYPE]  boolean  Node  n  [VARIABLES]  BooleanResultPredicate  BOOLEAN_RESULT_PREDICATE  Set  BUILTIN_FUNCTIONS_WITHOUT_SIDEEFFECTS  CONSTRUCTORS_WITHOUT_SIDE_EFFECTS  OBJECT_METHODS_WITHOUT_SIDEEFFECTS  REGEXP_METHODS  STRING_REGEXP_METHODS  defines  emptySet  knownConstants  NumbericResultPredicate  NUMBERIC_RESULT_PREDICATE  boolean  MayBeStringResultPredicate  MAY_BE_STRING_PREDICATE  Node  n  String  JSC_PROPERTY_NAME_FN  childValue  name  namespaceName  rawJsString  s  value  Map  vars  int  c  end  nextSkipSlot  nextSlot  start  type  	projects/Closure80/src/com/google/javascript/jscomp/NodeUtil.java	0.4082482904638631	1264	1264	2	replace	Preconditions.checkState(n.getType()  ==  Token.GETPROP);  return  false;	  Preconditions.checkState(n.getType()    ==    Token.FUNCTION);    return    false;    	non-compiled	[CE]  	98	None	replace
784	[BUG]  [BUGGY]  n.setString(JSC_PROPERTY_NAME,  JSC_PROPERTY_NAME_FN);  return  true;  [CE]  [FE]                                  IllegalStateException      [CONTEXT]      case  Token.LE:  case  Token.GE:  case  Token.IN:  case  Token.INSTANCEOF:  case  Token.NOT:  return  true;  default:      [BUGGY]  n.setString(JSC_PROPERTY_NAME,  JSC_PROPERTY_NAME_FN);  return  true;  [BUGGY]      }  }  [CLASS]  NodeUtil  NumbericResultPredicate  BooleanResultPredicate  MayBeStringResultPredicate  VarCollector  MatchNameNode  MatchNodeType  MatchDeclaration  MatchNotFunction  MatchShallowStatement  [METHOD]  isBooleanResultHelper  [RETURN_TYPE]  boolean  Node  n  [VARIABLES]  BooleanResultPredicate  BOOLEAN_RESULT_PREDICATE  Set  BUILTIN_FUNCTIONS_WITHOUT_SIDEEFFECTS  CONSTRUCTORS_WITHOUT_SIDE_EFFECTS  OBJECT_METHODS_WITHOUT_SIDEEFFECTS  REGEXP_METHODS  STRING_REGEXP_METHODS  defines  emptySet  knownConstants  NumbericResultPredicate  NUMBERIC_RESULT_PREDICATE  boolean  MayBeStringResultPredicate  MAY_BE_STRING_PREDICATE  Node  n  String  JSC_PROPERTY_NAME_FN  childValue  name  namespaceName  rawJsString  s  value  Map  vars  int  c  end  nextSkipSlot  nextSlot  start  type  	projects/Closure80/src/com/google/javascript/jscomp/NodeUtil.java	0.4082482904638631	1264	1264	2	replace	n.setString(JSC_PROPERTY_NAME,  JSC_PROPERTY_NAME_FN);  return  true;	  n.setString(JSC_PROPERTY_NAME_FN,    JSC_PROPERTY_NAME_FN);    return    false;    	non-compiled	[CE]  	72	None	replace
785	[BUG]  [BUGGY]  n.setType(Token.FUNCTION  ||  n.getFirstChild()!=  null)  {  return  true;  }  [CE]  [FE]                          IllegalStateException      [CONTEXT]      case  Token.LE:  case  Token.GE:  case  Token.IN:  case  Token.INSTANCEOF:  case  Token.NOT:  return  true;  default:      [BUGGY]  n.setType(Token.FUNCTION  ||  n.getFirstChild()!=  null)  {  return  true;  }  [BUGGY]      }  }  [CLASS]  NodeUtil  NumbericResultPredicate  BooleanResultPredicate  MayBeStringResultPredicate  VarCollector  MatchNameNode  MatchNodeType  MatchDeclaration  MatchNotFunction  MatchShallowStatement  [METHOD]  isBooleanResultHelper  [RETURN_TYPE]  boolean  Node  n  [VARIABLES]  BooleanResultPredicate  BOOLEAN_RESULT_PREDICATE  Set  BUILTIN_FUNCTIONS_WITHOUT_SIDEEFFECTS  CONSTRUCTORS_WITHOUT_SIDE_EFFECTS  OBJECT_METHODS_WITHOUT_SIDEEFFECTS  REGEXP_METHODS  STRING_REGEXP_METHODS  defines  emptySet  knownConstants  NumbericResultPredicate  NUMBERIC_RESULT_PREDICATE  boolean  MayBeStringResultPredicate  MAY_BE_STRING_PREDICATE  Node  n  String  JSC_PROPERTY_NAME_FN  childValue  name  namespaceName  rawJsString  s  value  Map  vars  int  c  end  nextSkipSlot  nextSlot  start  type  	projects/Closure80/src/com/google/javascript/jscomp/NodeUtil.java	0.4082482904638631	1264	1264	2	replace	n.setType(Token.FUNCTION  ||  n.getFirstChild()!=  null)  {  return  true;  }	  if(n.getType()    ==    Token.FUNCTION    ||    n.getFirstChild()!=    null)    {    return    true;    }    	non-compiled	[CE]  	117	None	replace
786	[BUG]  [BUGGY]  n.setType(Token.FUNCTION  ||  n.getFirstChild()  ==  null)  {  return  true;  }  [CE]  [FE]                            IllegalStateException      [CONTEXT]      case  Token.LE:  case  Token.GE:  case  Token.IN:  case  Token.INSTANCEOF:  case  Token.NOT:  return  true;  default:      [BUGGY]  n.setType(Token.FUNCTION  ||  n.getFirstChild()  ==  null)  {  return  true;  }  [BUGGY]      }  }  [CLASS]  NodeUtil  NumbericResultPredicate  BooleanResultPredicate  MayBeStringResultPredicate  VarCollector  MatchNameNode  MatchNodeType  MatchDeclaration  MatchNotFunction  MatchShallowStatement  [METHOD]  isBooleanResultHelper  [RETURN_TYPE]  boolean  Node  n  [VARIABLES]  BooleanResultPredicate  BOOLEAN_RESULT_PREDICATE  Set  BUILTIN_FUNCTIONS_WITHOUT_SIDEEFFECTS  CONSTRUCTORS_WITHOUT_SIDE_EFFECTS  OBJECT_METHODS_WITHOUT_SIDEEFFECTS  REGEXP_METHODS  STRING_REGEXP_METHODS  defines  emptySet  knownConstants  NumbericResultPredicate  NUMBERIC_RESULT_PREDICATE  boolean  MayBeStringResultPredicate  MAY_BE_STRING_PREDICATE  Node  n  String  JSC_PROPERTY_NAME_FN  childValue  name  namespaceName  rawJsString  s  value  Map  vars  int  c  end  nextSkipSlot  nextSlot  start  type  	projects/Closure80/src/com/google/javascript/jscomp/NodeUtil.java	0.4082482904638631	1264	1264	2	replace	n.setType(Token.FUNCTION  ||  n.getFirstChild()  ==  null)  {  return  true;  }	  if(n.getType()    ==    Token.FUNCTION    ||    n.getFirstChild()!=    null)    {    return    true;    }    	non-compiled	[CE]  	117	None	replace
787	[BUG]  [BUGGY]  n.setString(JSC_PROPERTY_NAME_FN  +  1);  return  true;  [CE]  [FE]                          IllegalStateException      [CONTEXT]      case  Token.LE:  case  Token.GE:  case  Token.IN:  case  Token.INSTANCEOF:  case  Token.NOT:  return  true;  default:      [BUGGY]  n.setString(JSC_PROPERTY_NAME_FN  +  1);  return  true;  [BUGGY]      }  }  [CLASS]  NodeUtil  NumbericResultPredicate  BooleanResultPredicate  MayBeStringResultPredicate  VarCollector  MatchNameNode  MatchNodeType  MatchDeclaration  MatchNotFunction  MatchShallowStatement  [METHOD]  isBooleanResultHelper  [RETURN_TYPE]  boolean  Node  n  [VARIABLES]  BooleanResultPredicate  BOOLEAN_RESULT_PREDICATE  Set  BUILTIN_FUNCTIONS_WITHOUT_SIDEEFFECTS  CONSTRUCTORS_WITHOUT_SIDE_EFFECTS  OBJECT_METHODS_WITHOUT_SIDEEFFECTS  REGEXP_METHODS  STRING_REGEXP_METHODS  defines  emptySet  knownConstants  NumbericResultPredicate  NUMBERIC_RESULT_PREDICATE  boolean  MayBeStringResultPredicate  MAY_BE_STRING_PREDICATE  Node  n  String  JSC_PROPERTY_NAME_FN  childValue  name  namespaceName  rawJsString  s  value  Map  vars  int  c  end  nextSkipSlot  nextSlot  start  type  	projects/Closure80/src/com/google/javascript/jscomp/NodeUtil.java	0.4082482904638631	1264	1264	2	replace	n.setString(JSC_PROPERTY_NAME_FN  +  1);  return  true;	  n.setString(JSC_PROPERTY_NAME_FN);    return    false;    	non-compiled	[CE]  	68	None	replace
788	[BUG]  [BUGGY]  n.setString(JSC_PROPERTY_NAME_FOR);  return  false;  [CE]  [FE]                            IllegalStateException      [CONTEXT]      case  Token.LE:  case  Token.GE:  case  Token.IN:  case  Token.INSTANCEOF:  case  Token.NOT:  return  true;  default:      [BUGGY]  n.setString(JSC_PROPERTY_NAME_FOR);  return  false;  [BUGGY]      }  }  [CLASS]  NodeUtil  NumbericResultPredicate  BooleanResultPredicate  MayBeStringResultPredicate  VarCollector  MatchNameNode  MatchNodeType  MatchDeclaration  MatchNotFunction  MatchShallowStatement  [METHOD]  isBooleanResultHelper  [RETURN_TYPE]  boolean  Node  n  [VARIABLES]  BooleanResultPredicate  BOOLEAN_RESULT_PREDICATE  Set  BUILTIN_FUNCTIONS_WITHOUT_SIDEEFFECTS  CONSTRUCTORS_WITHOUT_SIDE_EFFECTS  OBJECT_METHODS_WITHOUT_SIDEEFFECTS  REGEXP_METHODS  STRING_REGEXP_METHODS  defines  emptySet  knownConstants  NumbericResultPredicate  NUMBERIC_RESULT_PREDICATE  boolean  MayBeStringResultPredicate  MAY_BE_STRING_PREDICATE  Node  n  String  JSC_PROPERTY_NAME_FN  childValue  name  namespaceName  rawJsString  s  value  Map  vars  int  c  end  nextSkipSlot  nextSlot  start  type  	projects/Closure80/src/com/google/javascript/jscomp/NodeUtil.java	0.4082482904638631	1264	1264	2	replace	n.setString(JSC_PROPERTY_NAME_FOR);  return  false;	  n.setString(JSC_PROPERTY_NAME_FN);    return    false;    	non-compiled	[CE]  	68	None	replace
789	[BUG]  [BUGGY]  Preconditions.checkState(NodeUtil.isFunctionAnonymous(n)||  NodeUtil.isStatementBoolean(n))  {  return  false;  }  [CE]  [FE]                  IllegalStateException      [CONTEXT]      case  Token.LE:  case  Token.GE:  case  Token.IN:  case  Token.INSTANCEOF:  case  Token.NOT:  return  true;  default:      [BUGGY]  Preconditions.checkState(NodeUtil.isFunctionAnonymous(n)||  NodeUtil.isStatementBoolean(n))  {  return  false;  }  [BUGGY]      }  }  [CLASS]  NodeUtil  NumbericResultPredicate  BooleanResultPredicate  MayBeStringResultPredicate  VarCollector  MatchNameNode  MatchNodeType  MatchDeclaration  MatchNotFunction  MatchShallowStatement  [METHOD]  isBooleanResultHelper  [RETURN_TYPE]  boolean  Node  n  [VARIABLES]  BooleanResultPredicate  BOOLEAN_RESULT_PREDICATE  Set  BUILTIN_FUNCTIONS_WITHOUT_SIDEEFFECTS  CONSTRUCTORS_WITHOUT_SIDE_EFFECTS  OBJECT_METHODS_WITHOUT_SIDEEFFECTS  REGEXP_METHODS  STRING_REGEXP_METHODS  defines  emptySet  knownConstants  NumbericResultPredicate  NUMBERIC_RESULT_PREDICATE  boolean  MayBeStringResultPredicate  MAY_BE_STRING_PREDICATE  Node  n  String  JSC_PROPERTY_NAME_FN  childValue  name  namespaceName  rawJsString  s  value  Map  vars  int  c  end  nextSkipSlot  nextSlot  start  type  	projects/Closure80/src/com/google/javascript/jscomp/NodeUtil.java	0.4082482904638631	1264	1264	2	replace	Preconditions.checkState(NodeUtil.isFunctionAnonymous(n)||  NodeUtil.isStatementBoolean(n))  {  return  false;  }	  if(NodeUtil.isFunctionAnonymous(n)||    NodeUtil.isStatementBoolean(n))    {    return    false;    }    	non-compiled	[CE]  	156	None	replace
790	[BUG]  [BUGGY]  Preconditions.checkState(NodeUtil.isFunctionDeclaration(n)||!NodeUtil.isFunctionDeclaration(n))  {  return  false;  }  [CE]  [FE]                      IllegalStateException      [CONTEXT]      case  Token.LE:  case  Token.GE:  case  Token.IN:  case  Token.INSTANCEOF:  case  Token.NOT:  return  true;  default:      [BUGGY]  Preconditions.checkState(NodeUtil.isFunctionDeclaration(n)||!NodeUtil.isFunctionDeclaration(n))  {  return  false;  }  [BUGGY]      }  }  [CLASS]  NodeUtil  NumbericResultPredicate  BooleanResultPredicate  MayBeStringResultPredicate  VarCollector  MatchNameNode  MatchNodeType  MatchDeclaration  MatchNotFunction  MatchShallowStatement  [METHOD]  isBooleanResultHelper  [RETURN_TYPE]  boolean  Node  n  [VARIABLES]  BooleanResultPredicate  BOOLEAN_RESULT_PREDICATE  Set  BUILTIN_FUNCTIONS_WITHOUT_SIDEEFFECTS  CONSTRUCTORS_WITHOUT_SIDE_EFFECTS  OBJECT_METHODS_WITHOUT_SIDEEFFECTS  REGEXP_METHODS  STRING_REGEXP_METHODS  defines  emptySet  knownConstants  NumbericResultPredicate  NUMBERIC_RESULT_PREDICATE  boolean  MayBeStringResultPredicate  MAY_BE_STRING_PREDICATE  Node  n  String  JSC_PROPERTY_NAME_FN  childValue  name  namespaceName  rawJsString  s  value  Map  vars  int  c  end  nextSkipSlot  nextSlot  start  type  	projects/Closure80/src/com/google/javascript/jscomp/NodeUtil.java	0.4082482904638631	1264	1264	2	replace	Preconditions.checkState(NodeUtil.isFunctionDeclaration(n)||!NodeUtil.isFunctionDeclaration(n))  {  return  false;  }	  if(NodeUtil.isFunctionDeclaration(n)||!NodeUtil.isFunctionDeclaration(n))    {    return    false;    }    	non-compiled	[CE]  	9	None	replace
791	[BUG]  [BUGGY]  &&  NodeUtil.isFunctionBoolean(n))  {  return  false;  }  [CE]  [FE]                IllegalStateException      [CONTEXT]      case  Token.LE:  case  Token.GE:  case  Token.IN:  case  Token.INSTANCEOF:  case  Token.NOT:  return  true;  default:      [BUGGY]  &&  NodeUtil.isFunctionBoolean(n))  {  return  false;  }  [BUGGY]      }  }  [CLASS]  NodeUtil  NumbericResultPredicate  BooleanResultPredicate  MayBeStringResultPredicate  VarCollector  MatchNameNode  MatchNodeType  MatchDeclaration  MatchNotFunction  MatchShallowStatement  [METHOD]  isBooleanResultHelper  [RETURN_TYPE]  boolean  Node  n  [VARIABLES]  BooleanResultPredicate  BOOLEAN_RESULT_PREDICATE  Set  BUILTIN_FUNCTIONS_WITHOUT_SIDEEFFECTS  CONSTRUCTORS_WITHOUT_SIDE_EFFECTS  OBJECT_METHODS_WITHOUT_SIDEEFFECTS  REGEXP_METHODS  STRING_REGEXP_METHODS  defines  emptySet  knownConstants  NumbericResultPredicate  NUMBERIC_RESULT_PREDICATE  boolean  MayBeStringResultPredicate  MAY_BE_STRING_PREDICATE  Node  n  String  JSC_PROPERTY_NAME_FN  childValue  name  namespaceName  rawJsString  s  value  Map  vars  int  c  end  nextSkipSlot  nextSlot  start  type  	projects/Closure80/src/com/google/javascript/jscomp/NodeUtil.java	0.4082482904638631	1264	1264	2	replace	&&  NodeUtil.isFunctionBoolean(n))  {  return  false;  }	  if(NodeUtil.isFunctionAnonymous(n)&&    NodeUtil.isFunctionBoolean(n))    {    return    false;    }    	non-compiled	[CE]  	76	None	replace
792	[BUG]  [BUGGY]  Preconditions.checkState(NodeUtil.isGetProp(n)||  NodeUtil.isFunctionAnonymous(n))  {  return  true;  }  [CE]  [FE]                IllegalStateException      [CONTEXT]      case  Token.LE:  case  Token.GE:  case  Token.IN:  case  Token.INSTANCEOF:  case  Token.NOT:  return  true;  default:      [BUGGY]  Preconditions.checkState(NodeUtil.isGetProp(n)||  NodeUtil.isFunctionAnonymous(n))  {  return  true;  }  [BUGGY]      }  }  [CLASS]  NodeUtil  NumbericResultPredicate  BooleanResultPredicate  MayBeStringResultPredicate  VarCollector  MatchNameNode  MatchNodeType  MatchDeclaration  MatchNotFunction  MatchShallowStatement  [METHOD]  isBooleanResultHelper  [RETURN_TYPE]  boolean  Node  n  [VARIABLES]  BooleanResultPredicate  BOOLEAN_RESULT_PREDICATE  Set  BUILTIN_FUNCTIONS_WITHOUT_SIDEEFFECTS  CONSTRUCTORS_WITHOUT_SIDE_EFFECTS  OBJECT_METHODS_WITHOUT_SIDEEFFECTS  REGEXP_METHODS  STRING_REGEXP_METHODS  defines  emptySet  knownConstants  NumbericResultPredicate  NUMBERIC_RESULT_PREDICATE  boolean  MayBeStringResultPredicate  MAY_BE_STRING_PREDICATE  Node  n  String  JSC_PROPERTY_NAME_FN  childValue  name  namespaceName  rawJsString  s  value  Map  vars  int  c  end  nextSkipSlot  nextSlot  start  type  	projects/Closure80/src/com/google/javascript/jscomp/NodeUtil.java	0.4082482904638631	1264	1264	2	replace	Preconditions.checkState(NodeUtil.isGetProp(n)||  NodeUtil.isFunctionAnonymous(n))  {  return  true;  }	  Preconditions.checkState(NodeUtil.isFunctionAnonymous(n)||    NodeUtil.isFunctionAnonymous(n))    {    return    true;    }    	non-compiled	[CE]  	33	None	replace
793	[BUG]  [BUGGY]  n.getType()!=  Token.FUNCTION  ||  n.getType()!=  Token.NAME)  {  return  false;  }  [CE]  [FE]                  IllegalStateException      [CONTEXT]      case  Token.LE:  case  Token.GE:  case  Token.IN:  case  Token.INSTANCEOF:  case  Token.NOT:  return  true;  default:      [BUGGY]  n.getType()!=  Token.FUNCTION  ||  n.getType()!=  Token.NAME)  {  return  false;  }  [BUGGY]      }  }  [CLASS]  NodeUtil  NumbericResultPredicate  BooleanResultPredicate  MayBeStringResultPredicate  VarCollector  MatchNameNode  MatchNodeType  MatchDeclaration  MatchNotFunction  MatchShallowStatement  [METHOD]  isBooleanResultHelper  [RETURN_TYPE]  boolean  Node  n  [VARIABLES]  BooleanResultPredicate  BOOLEAN_RESULT_PREDICATE  Set  BUILTIN_FUNCTIONS_WITHOUT_SIDEEFFECTS  CONSTRUCTORS_WITHOUT_SIDE_EFFECTS  OBJECT_METHODS_WITHOUT_SIDEEFFECTS  REGEXP_METHODS  STRING_REGEXP_METHODS  defines  emptySet  knownConstants  NumbericResultPredicate  NUMBERIC_RESULT_PREDICATE  boolean  MayBeStringResultPredicate  MAY_BE_STRING_PREDICATE  Node  n  String  JSC_PROPERTY_NAME_FN  childValue  name  namespaceName  rawJsString  s  value  Map  vars  int  c  end  nextSkipSlot  nextSlot  start  type  	projects/Closure80/src/com/google/javascript/jscomp/NodeUtil.java	0.4082482904638631	1264	1264	2	replace	n.getType()!=  Token.FUNCTION  ||  n.getType()!=  Token.NAME)  {  return  false;  }	  if(n.getType()    ==    Token.FUNCTION    ||    n.getType()!=    Token.NAME)    {    return    false;    }    	non-compiled	[CE]  	42	None	replace
794	[BUG]  [BUGGY]  if(n.getType()!=  Token.FUNCTION  ||  n.getType()!=  Token.NAME)  {  return  false;  }  [CE]  [FE]                    IllegalStateException      [CONTEXT]      case  Token.LE:  case  Token.GE:  case  Token.IN:  case  Token.INSTANCEOF:  case  Token.NOT:  return  true;  default:      [BUGGY]  if(n.getType()!=  Token.FUNCTION  ||  n.getType()!=  Token.NAME)  {  return  false;  }  [BUGGY]      }  }  [CLASS]  NodeUtil  NumbericResultPredicate  BooleanResultPredicate  MayBeStringResultPredicate  VarCollector  MatchNameNode  MatchNodeType  MatchDeclaration  MatchNotFunction  MatchShallowStatement  [METHOD]  isBooleanResultHelper  [RETURN_TYPE]  boolean  Node  n  [VARIABLES]  BooleanResultPredicate  BOOLEAN_RESULT_PREDICATE  Set  BUILTIN_FUNCTIONS_WITHOUT_SIDEEFFECTS  CONSTRUCTORS_WITHOUT_SIDE_EFFECTS  OBJECT_METHODS_WITHOUT_SIDEEFFECTS  REGEXP_METHODS  STRING_REGEXP_METHODS  defines  emptySet  knownConstants  NumbericResultPredicate  NUMBERIC_RESULT_PREDICATE  boolean  MayBeStringResultPredicate  MAY_BE_STRING_PREDICATE  Node  n  String  JSC_PROPERTY_NAME_FN  childValue  name  namespaceName  rawJsString  s  value  Map  vars  int  c  end  nextSkipSlot  nextSlot  start  type  	projects/Closure80/src/com/google/javascript/jscomp/NodeUtil.java	0.4082482904638631	1264	1264	2	replace	if(n.getType()!=  Token.FUNCTION  ||  n.getType()!=  Token.NAME)  {  return  false;  }	  if(n.getType()    ==    Token.FUNCTION    ||    n.getType()!=    Token.NAME)    {    return    false;    }    	non-compiled	[CE]  	42	None	replace
795	[BUG]  [BUGGY]  return(n!=  null)?  BooleanResultPredicate.FALSE  :  BooleanResultPredicate.BOOLEAN_RESULT_PREDICATE;  [CE]  [FE]                        IllegalStateException      [CONTEXT]      case  Token.LE:  case  Token.GE:  case  Token.IN:  case  Token.INSTANCEOF:  case  Token.NOT:  return  true;  default:      [BUGGY]  return(n!=  null)?  BooleanResultPredicate.FALSE  :  BooleanResultPredicate.BOOLEAN_RESULT_PREDICATE;  [BUGGY]      }  }  [CLASS]  NodeUtil  NumbericResultPredicate  BooleanResultPredicate  MayBeStringResultPredicate  VarCollector  MatchNameNode  MatchNodeType  MatchDeclaration  MatchNotFunction  MatchShallowStatement  [METHOD]  isBooleanResultHelper  [RETURN_TYPE]  boolean  Node  n  [VARIABLES]  BooleanResultPredicate  BOOLEAN_RESULT_PREDICATE  Set  BUILTIN_FUNCTIONS_WITHOUT_SIDEEFFECTS  CONSTRUCTORS_WITHOUT_SIDE_EFFECTS  OBJECT_METHODS_WITHOUT_SIDEEFFECTS  REGEXP_METHODS  STRING_REGEXP_METHODS  defines  emptySet  knownConstants  NumbericResultPredicate  NUMBERIC_RESULT_PREDICATE  boolean  MayBeStringResultPredicate  MAY_BE_STRING_PREDICATE  Node  n  String  JSC_PROPERTY_NAME_FN  childValue  name  namespaceName  rawJsString  s  value  Map  vars  int  c  end  nextSkipSlot  nextSlot  start  type  	projects/Closure80/src/com/google/javascript/jscomp/NodeUtil.java	0.4082482904638631	1264	1264	2	replace	return(n!=  null)?  BooleanResultPredicate.FALSE  :  BooleanResultPredicate.BOOLEAN_RESULT_PREDICATE;	  return(n.getType()    ==    Token.NAME)?    BooleanResultPredicate.FALSE    :    BooleanResultPredicate.BOOLEAN_RESULT_PREDICATE;    	non-compiled	[CE]  	48	None	replace
796	[BUG]  [BUGGY]  return(n  ==  null)?  BooleanResultPredicate.FALSE  :  BooleanResultPredicate.BOOLEAN_RESULT_PREDICATE;  [CE]  [FE]                          IllegalStateException      [CONTEXT]      case  Token.LE:  case  Token.GE:  case  Token.IN:  case  Token.INSTANCEOF:  case  Token.NOT:  return  true;  default:      [BUGGY]  return(n  ==  null)?  BooleanResultPredicate.FALSE  :  BooleanResultPredicate.BOOLEAN_RESULT_PREDICATE;  [BUGGY]      }  }  [CLASS]  NodeUtil  NumbericResultPredicate  BooleanResultPredicate  MayBeStringResultPredicate  VarCollector  MatchNameNode  MatchNodeType  MatchDeclaration  MatchNotFunction  MatchShallowStatement  [METHOD]  isBooleanResultHelper  [RETURN_TYPE]  boolean  Node  n  [VARIABLES]  BooleanResultPredicate  BOOLEAN_RESULT_PREDICATE  Set  BUILTIN_FUNCTIONS_WITHOUT_SIDEEFFECTS  CONSTRUCTORS_WITHOUT_SIDE_EFFECTS  OBJECT_METHODS_WITHOUT_SIDEEFFECTS  REGEXP_METHODS  STRING_REGEXP_METHODS  defines  emptySet  knownConstants  NumbericResultPredicate  NUMBERIC_RESULT_PREDICATE  boolean  MayBeStringResultPredicate  MAY_BE_STRING_PREDICATE  Node  n  String  JSC_PROPERTY_NAME_FN  childValue  name  namespaceName  rawJsString  s  value  Map  vars  int  c  end  nextSkipSlot  nextSlot  start  type  	projects/Closure80/src/com/google/javascript/jscomp/NodeUtil.java	0.4082482904638631	1264	1264	2	replace	return(n  ==  null)?  BooleanResultPredicate.FALSE  :  BooleanResultPredicate.BOOLEAN_RESULT_PREDICATE;	  return(n.getType()    ==    Token.NAME)?    BooleanResultPredicate.FALSE    :    BooleanResultPredicate.BOOLEAN_RESULT_PREDICATE;    	non-compiled	[CE]  	48	None	replace
797	[BUG]  [BUGGY]  return(n.getType()  ==  Token.UNKNOWN)?  BooleanResultPredicate.UNKNOWN  :  BooleanResultPredicate.FALSE;  [CE]  [FE]                        IllegalStateException      [CONTEXT]      case  Token.LE:  case  Token.GE:  case  Token.IN:  case  Token.INSTANCEOF:  case  Token.NOT:  return  true;  default:      [BUGGY]  return(n.getType()  ==  Token.UNKNOWN)?  BooleanResultPredicate.UNKNOWN  :  BooleanResultPredicate.FALSE;  [BUGGY]      }  }  [CLASS]  NodeUtil  NumbericResultPredicate  BooleanResultPredicate  MayBeStringResultPredicate  VarCollector  MatchNameNode  MatchNodeType  MatchDeclaration  MatchNotFunction  MatchShallowStatement  [METHOD]  isBooleanResultHelper  [RETURN_TYPE]  boolean  Node  n  [VARIABLES]  BooleanResultPredicate  BOOLEAN_RESULT_PREDICATE  Set  BUILTIN_FUNCTIONS_WITHOUT_SIDEEFFECTS  CONSTRUCTORS_WITHOUT_SIDE_EFFECTS  OBJECT_METHODS_WITHOUT_SIDEEFFECTS  REGEXP_METHODS  STRING_REGEXP_METHODS  defines  emptySet  knownConstants  NumbericResultPredicate  NUMBERIC_RESULT_PREDICATE  boolean  MayBeStringResultPredicate  MAY_BE_STRING_PREDICATE  Node  n  String  JSC_PROPERTY_NAME_FN  childValue  name  namespaceName  rawJsString  s  value  Map  vars  int  c  end  nextSkipSlot  nextSlot  start  type  	projects/Closure80/src/com/google/javascript/jscomp/NodeUtil.java	0.4082482904638631	1264	1264	2	replace	return(n.getType()  ==  Token.UNKNOWN)?  BooleanResultPredicate.UNKNOWN  :  BooleanResultPredicate.FALSE;	  return(n.getType()    ==    Token.FUNCTION)?    BooleanResultPredicate.UNKNOWN    :    BooleanResultPredicate.FALSE;    	non-compiled	[CE]  	54	None	replace
798	[BUG]  [BUGGY]  while(n.getType()!=  Token.GETPROP)  {  return  false;  }  [CE]  [FE]                        IllegalStateException      [CONTEXT]      case  Token.LE:  case  Token.GE:  case  Token.IN:  case  Token.INSTANCEOF:  case  Token.NOT:  return  true;  default:      [BUGGY]  while(n.getType()!=  Token.GETPROP)  {  return  false;  }  [BUGGY]      }  }  [CLASS]  NodeUtil  NumbericResultPredicate  BooleanResultPredicate  MayBeStringResultPredicate  VarCollector  MatchNameNode  MatchNodeType  MatchDeclaration  MatchNotFunction  MatchShallowStatement  [METHOD]  isBooleanResultHelper  [RETURN_TYPE]  boolean  Node  n  [VARIABLES]  BooleanResultPredicate  BOOLEAN_RESULT_PREDICATE  Set  BUILTIN_FUNCTIONS_WITHOUT_SIDEEFFECTS  CONSTRUCTORS_WITHOUT_SIDE_EFFECTS  OBJECT_METHODS_WITHOUT_SIDEEFFECTS  REGEXP_METHODS  STRING_REGEXP_METHODS  defines  emptySet  knownConstants  NumbericResultPredicate  NUMBERIC_RESULT_PREDICATE  boolean  MayBeStringResultPredicate  MAY_BE_STRING_PREDICATE  Node  n  String  JSC_PROPERTY_NAME_FN  childValue  name  namespaceName  rawJsString  s  value  Map  vars  int  c  end  nextSkipSlot  nextSlot  start  type  	projects/Closure80/src/com/google/javascript/jscomp/NodeUtil.java	0.4082482904638631	1264	1264	2	replace	while(n.getType()!=  Token.GETPROP)  {  return  false;  }	  if(n.getType()!=    Token.GETPROP)    {    return    false;    }    	non-compiled	[CE]  	61	None	replace
799	[BUG]  [BUGGY]  parent.getType()!=  Token.GETPROP)  {  return  false;  }  [CE]  [FE]                          IllegalStateException      [CONTEXT]      case  Token.LE:  case  Token.GE:  case  Token.IN:  case  Token.INSTANCEOF:  case  Token.NOT:  return  true;  default:      [BUGGY]  parent.getType()!=  Token.GETPROP)  {  return  false;  }  [BUGGY]      }  }  [CLASS]  NodeUtil  NumbericResultPredicate  BooleanResultPredicate  MayBeStringResultPredicate  VarCollector  MatchNameNode  MatchNodeType  MatchDeclaration  MatchNotFunction  MatchShallowStatement  [METHOD]  isBooleanResultHelper  [RETURN_TYPE]  boolean  Node  n  [VARIABLES]  BooleanResultPredicate  BOOLEAN_RESULT_PREDICATE  Set  BUILTIN_FUNCTIONS_WITHOUT_SIDEEFFECTS  CONSTRUCTORS_WITHOUT_SIDE_EFFECTS  OBJECT_METHODS_WITHOUT_SIDEEFFECTS  REGEXP_METHODS  STRING_REGEXP_METHODS  defines  emptySet  knownConstants  NumbericResultPredicate  NUMBERIC_RESULT_PREDICATE  boolean  MayBeStringResultPredicate  MAY_BE_STRING_PREDICATE  Node  n  String  JSC_PROPERTY_NAME_FN  childValue  name  namespaceName  rawJsString  s  value  Map  vars  int  c  end  nextSkipSlot  nextSlot  start  type  	projects/Closure80/src/com/google/javascript/jscomp/NodeUtil.java	0.4082482904638631	1264	1264	2	replace	parent.getType()!=  Token.GETPROP)  {  return  false;  }	  if(n.getType()!=    Token.GETPROP)    {    return    false;    }    	non-compiled	[CE]  	61	None	replace
800	[BUG]  [BUGGY]  n.setType(Token.GETPROP)  {  return  false;  }  [CE]  [FE]                            IllegalStateException      [CONTEXT]      case  Token.LE:  case  Token.GE:  case  Token.IN:  case  Token.INSTANCEOF:  case  Token.NOT:  return  true;  default:      [BUGGY]  n.setType(Token.GETPROP)  {  return  false;  }  [BUGGY]      }  }  [CLASS]  NodeUtil  NumbericResultPredicate  BooleanResultPredicate  MayBeStringResultPredicate  VarCollector  MatchNameNode  MatchNodeType  MatchDeclaration  MatchNotFunction  MatchShallowStatement  [METHOD]  isBooleanResultHelper  [RETURN_TYPE]  boolean  Node  n  [VARIABLES]  BooleanResultPredicate  BOOLEAN_RESULT_PREDICATE  Set  BUILTIN_FUNCTIONS_WITHOUT_SIDEEFFECTS  CONSTRUCTORS_WITHOUT_SIDE_EFFECTS  OBJECT_METHODS_WITHOUT_SIDEEFFECTS  REGEXP_METHODS  STRING_REGEXP_METHODS  defines  emptySet  knownConstants  NumbericResultPredicate  NUMBERIC_RESULT_PREDICATE  boolean  MayBeStringResultPredicate  MAY_BE_STRING_PREDICATE  Node  n  String  JSC_PROPERTY_NAME_FN  childValue  name  namespaceName  rawJsString  s  value  Map  vars  int  c  end  nextSkipSlot  nextSlot  start  type  	projects/Closure80/src/com/google/javascript/jscomp/NodeUtil.java	0.4082482904638631	1264	1264	2	replace	n.setType(Token.GETPROP)  {  return  false;  }	  if(n.getType()!=    Token.GETPROP)    {    return    false;    }    	non-compiled	[CE]  	61	None	replace
801	[BUG]  [BUGGY]  n.setType(Token.NAME  ||  n.getType()  ==  Token.GETPROP)  {  return  true;  }  [CE]  [FE]                            IllegalStateException      [CONTEXT]      case  Token.LE:  case  Token.GE:  case  Token.IN:  case  Token.INSTANCEOF:  case  Token.NOT:  return  true;  default:      [BUGGY]  n.setType(Token.NAME  ||  n.getType()  ==  Token.GETPROP)  {  return  true;  }  [BUGGY]      }  }  [CLASS]  NodeUtil  NumbericResultPredicate  BooleanResultPredicate  MayBeStringResultPredicate  VarCollector  MatchNameNode  MatchNodeType  MatchDeclaration  MatchNotFunction  MatchShallowStatement  [METHOD]  isBooleanResultHelper  [RETURN_TYPE]  boolean  Node  n  [VARIABLES]  BooleanResultPredicate  BOOLEAN_RESULT_PREDICATE  Set  BUILTIN_FUNCTIONS_WITHOUT_SIDEEFFECTS  CONSTRUCTORS_WITHOUT_SIDE_EFFECTS  OBJECT_METHODS_WITHOUT_SIDEEFFECTS  REGEXP_METHODS  STRING_REGEXP_METHODS  defines  emptySet  knownConstants  NumbericResultPredicate  NUMBERIC_RESULT_PREDICATE  boolean  MayBeStringResultPredicate  MAY_BE_STRING_PREDICATE  Node  n  String  JSC_PROPERTY_NAME_FN  childValue  name  namespaceName  rawJsString  s  value  Map  vars  int  c  end  nextSkipSlot  nextSlot  start  type  	projects/Closure80/src/com/google/javascript/jscomp/NodeUtil.java	0.4082482904638631	1264	1264	2	replace	n.setType(Token.NAME  ||  n.getType()  ==  Token.GETPROP)  {  return  true;  }	  if(n.getType()    ==    Token.NAME    ||    n.getType()    ==    Token.GETPROP)    {    return    true;    }    	non-compiled	[CE]  	19	None	replace
802	[BUG]  [BUGGY]  if(n.getType()  ==  Token.FUNCTION  ||  n.getType()!=  Token.VAR)  {  return  true;  }  [CE]  [FE]                        IllegalStateException      [CONTEXT]      case  Token.LE:  case  Token.GE:  case  Token.IN:  case  Token.INSTANCEOF:  case  Token.NOT:  return  true;  default:      [BUGGY]  if(n.getType()  ==  Token.FUNCTION  ||  n.getType()!=  Token.VAR)  {  return  true;  }  [BUGGY]      }  }  [CLASS]  NodeUtil  NumbericResultPredicate  BooleanResultPredicate  MayBeStringResultPredicate  VarCollector  MatchNameNode  MatchNodeType  MatchDeclaration  MatchNotFunction  MatchShallowStatement  [METHOD]  isBooleanResultHelper  [RETURN_TYPE]  boolean  Node  n  [VARIABLES]  BooleanResultPredicate  BOOLEAN_RESULT_PREDICATE  Set  BUILTIN_FUNCTIONS_WITHOUT_SIDEEFFECTS  CONSTRUCTORS_WITHOUT_SIDE_EFFECTS  OBJECT_METHODS_WITHOUT_SIDEEFFECTS  REGEXP_METHODS  STRING_REGEXP_METHODS  defines  emptySet  knownConstants  NumbericResultPredicate  NUMBERIC_RESULT_PREDICATE  boolean  MayBeStringResultPredicate  MAY_BE_STRING_PREDICATE  Node  n  String  JSC_PROPERTY_NAME_FN  childValue  name  namespaceName  rawJsString  s  value  Map  vars  int  c  end  nextSkipSlot  nextSlot  start  type  	projects/Closure80/src/com/google/javascript/jscomp/NodeUtil.java	0.4082482904638631	1264	1264	2	replace	if(n.getType()  ==  Token.FUNCTION  ||  n.getType()!=  Token.VAR)  {  return  true;  }	  if(n.getType()    ==    Token.FUNCTION    ||    n.getType()    ==    Token.VAR)    {    return    true;    }    	non-compiled	[CE]  	171	None	replace
803	[BUG]  [BUGGY]  NodeUtil.isName(n)||  NodeUtil.isFunctionBoolean(n))  {  return  true;  }  [CE]  [FE]                    IllegalStateException      [CONTEXT]      case  Token.LE:  case  Token.GE:  case  Token.IN:  case  Token.INSTANCEOF:  case  Token.NOT:  return  true;  default:      [BUGGY]  NodeUtil.isName(n)||  NodeUtil.isFunctionBoolean(n))  {  return  true;  }  [BUGGY]      }  }  [CLASS]  NodeUtil  NumbericResultPredicate  BooleanResultPredicate  MayBeStringResultPredicate  VarCollector  MatchNameNode  MatchNodeType  MatchDeclaration  MatchNotFunction  MatchShallowStatement  [METHOD]  isBooleanResultHelper  [RETURN_TYPE]  boolean  Node  n  [VARIABLES]  BooleanResultPredicate  BOOLEAN_RESULT_PREDICATE  Set  BUILTIN_FUNCTIONS_WITHOUT_SIDEEFFECTS  CONSTRUCTORS_WITHOUT_SIDE_EFFECTS  OBJECT_METHODS_WITHOUT_SIDEEFFECTS  REGEXP_METHODS  STRING_REGEXP_METHODS  defines  emptySet  knownConstants  NumbericResultPredicate  NUMBERIC_RESULT_PREDICATE  boolean  MayBeStringResultPredicate  MAY_BE_STRING_PREDICATE  Node  n  String  JSC_PROPERTY_NAME_FN  childValue  name  namespaceName  rawJsString  s  value  Map  vars  int  c  end  nextSkipSlot  nextSlot  start  type  	projects/Closure80/src/com/google/javascript/jscomp/NodeUtil.java	0.4082482904638631	1264	1264	2	replace	NodeUtil.isName(n)||  NodeUtil.isFunctionBoolean(n))  {  return  true;  }	  if(NodeUtil.isName(n)||    NodeUtil.isFunctionBoolean(n))    {    return    false;    }    	non-compiled	[CE]  	157	None	replace
804	[BUG]  [BUGGY]  if(NodeUtil.isName(n)||  NodeUtil.isGetProp(n))  {  return  false;  }  [CE]  [FE]                      IllegalStateException      [CONTEXT]      case  Token.LE:  case  Token.GE:  case  Token.IN:  case  Token.INSTANCEOF:  case  Token.NOT:  return  true;  default:      [BUGGY]  if(NodeUtil.isName(n)||  NodeUtil.isGetProp(n))  {  return  false;  }  [BUGGY]      }  }  [CLASS]  NodeUtil  NumbericResultPredicate  BooleanResultPredicate  MayBeStringResultPredicate  VarCollector  MatchNameNode  MatchNodeType  MatchDeclaration  MatchNotFunction  MatchShallowStatement  [METHOD]  isBooleanResultHelper  [RETURN_TYPE]  boolean  Node  n  [VARIABLES]  BooleanResultPredicate  BOOLEAN_RESULT_PREDICATE  Set  BUILTIN_FUNCTIONS_WITHOUT_SIDEEFFECTS  CONSTRUCTORS_WITHOUT_SIDE_EFFECTS  OBJECT_METHODS_WITHOUT_SIDEEFFECTS  REGEXP_METHODS  STRING_REGEXP_METHODS  defines  emptySet  knownConstants  NumbericResultPredicate  NUMBERIC_RESULT_PREDICATE  boolean  MayBeStringResultPredicate  MAY_BE_STRING_PREDICATE  Node  n  String  JSC_PROPERTY_NAME_FN  childValue  name  namespaceName  rawJsString  s  value  Map  vars  int  c  end  nextSkipSlot  nextSlot  start  type  	projects/Closure80/src/com/google/javascript/jscomp/NodeUtil.java	0.4082482904638631	1264	1264	2	replace	if(NodeUtil.isName(n)||  NodeUtil.isGetProp(n))  {  return  false;  }	  if(NodeUtil.isName(n)||    NodeUtil.isFunctionBoolean(n))    {    return    false;    }    	non-compiled	[CE]  	157	None	replace
805	[BUG]  [BUGGY]  n.getType()!=  Token.NAME  ||  n.getType()  ==  Token.GETPROP)  {  return  false;  }  [CE]  [FE]                      IllegalStateException      [CONTEXT]      case  Token.LE:  case  Token.GE:  case  Token.IN:  case  Token.INSTANCEOF:  case  Token.NOT:  return  true;  default:      [BUGGY]  n.getType()!=  Token.NAME  ||  n.getType()  ==  Token.GETPROP)  {  return  false;  }  [BUGGY]      }  }  [CLASS]  NodeUtil  NumbericResultPredicate  BooleanResultPredicate  MayBeStringResultPredicate  VarCollector  MatchNameNode  MatchNodeType  MatchDeclaration  MatchNotFunction  MatchShallowStatement  [METHOD]  isBooleanResultHelper  [RETURN_TYPE]  boolean  Node  n  [VARIABLES]  BooleanResultPredicate  BOOLEAN_RESULT_PREDICATE  Set  BUILTIN_FUNCTIONS_WITHOUT_SIDEEFFECTS  CONSTRUCTORS_WITHOUT_SIDE_EFFECTS  OBJECT_METHODS_WITHOUT_SIDEEFFECTS  REGEXP_METHODS  STRING_REGEXP_METHODS  defines  emptySet  knownConstants  NumbericResultPredicate  NUMBERIC_RESULT_PREDICATE  boolean  MayBeStringResultPredicate  MAY_BE_STRING_PREDICATE  Node  n  String  JSC_PROPERTY_NAME_FN  childValue  name  namespaceName  rawJsString  s  value  Map  vars  int  c  end  nextSkipSlot  nextSlot  start  type  	projects/Closure80/src/com/google/javascript/jscomp/NodeUtil.java	0.4082482904638631	1264	1264	2	replace	n.getType()!=  Token.NAME  ||  n.getType()  ==  Token.GETPROP)  {  return  false;  }	  if(n.getType()!=    Token.NAME    ||    n.getType()    ==    Token.GETPROP)    {    return    false;    }    	non-compiled	[CE]  	124	None	replace
806	[BUG]  [BUGGY]  n.setType(Token.NAME  ||  n.getType()  ==  Token.GETPROP)  {  return  false;  }  [CE]  [FE]                        IllegalStateException      [CONTEXT]      case  Token.LE:  case  Token.GE:  case  Token.IN:  case  Token.INSTANCEOF:  case  Token.NOT:  return  true;  default:      [BUGGY]  n.setType(Token.NAME  ||  n.getType()  ==  Token.GETPROP)  {  return  false;  }  [BUGGY]      }  }  [CLASS]  NodeUtil  NumbericResultPredicate  BooleanResultPredicate  MayBeStringResultPredicate  VarCollector  MatchNameNode  MatchNodeType  MatchDeclaration  MatchNotFunction  MatchShallowStatement  [METHOD]  isBooleanResultHelper  [RETURN_TYPE]  boolean  Node  n  [VARIABLES]  BooleanResultPredicate  BOOLEAN_RESULT_PREDICATE  Set  BUILTIN_FUNCTIONS_WITHOUT_SIDEEFFECTS  CONSTRUCTORS_WITHOUT_SIDE_EFFECTS  OBJECT_METHODS_WITHOUT_SIDEEFFECTS  REGEXP_METHODS  STRING_REGEXP_METHODS  defines  emptySet  knownConstants  NumbericResultPredicate  NUMBERIC_RESULT_PREDICATE  boolean  MayBeStringResultPredicate  MAY_BE_STRING_PREDICATE  Node  n  String  JSC_PROPERTY_NAME_FN  childValue  name  namespaceName  rawJsString  s  value  Map  vars  int  c  end  nextSkipSlot  nextSlot  start  type  	projects/Closure80/src/com/google/javascript/jscomp/NodeUtil.java	0.4082482904638631	1264	1264	2	replace	n.setType(Token.NAME  ||  n.getType()  ==  Token.GETPROP)  {  return  false;  }	  if(n.getType()!=    Token.NAME    ||    n.getType()    ==    Token.GETPROP)    {    return    false;    }    	non-compiled	[CE]  	124	None	replace
807	[BUG]  [BUGGY]  n.getType()!=  Token.FUNCTION  ||  n.getType()!=  Token.GETPROP)  {  return  false;  }  [CE]  [FE]                      IllegalStateException      [CONTEXT]      case  Token.LE:  case  Token.GE:  case  Token.IN:  case  Token.INSTANCEOF:  case  Token.NOT:  return  true;  default:      [BUGGY]  n.getType()!=  Token.FUNCTION  ||  n.getType()!=  Token.GETPROP)  {  return  false;  }  [BUGGY]      }  }  [CLASS]  NodeUtil  NumbericResultPredicate  BooleanResultPredicate  MayBeStringResultPredicate  VarCollector  MatchNameNode  MatchNodeType  MatchDeclaration  MatchNotFunction  MatchShallowStatement  [METHOD]  isBooleanResultHelper  [RETURN_TYPE]  boolean  Node  n  [VARIABLES]  BooleanResultPredicate  BOOLEAN_RESULT_PREDICATE  Set  BUILTIN_FUNCTIONS_WITHOUT_SIDEEFFECTS  CONSTRUCTORS_WITHOUT_SIDE_EFFECTS  OBJECT_METHODS_WITHOUT_SIDEEFFECTS  REGEXP_METHODS  STRING_REGEXP_METHODS  defines  emptySet  knownConstants  NumbericResultPredicate  NUMBERIC_RESULT_PREDICATE  boolean  MayBeStringResultPredicate  MAY_BE_STRING_PREDICATE  Node  n  String  JSC_PROPERTY_NAME_FN  childValue  name  namespaceName  rawJsString  s  value  Map  vars  int  c  end  nextSkipSlot  nextSlot  start  type  	projects/Closure80/src/com/google/javascript/jscomp/NodeUtil.java	0.4082482904638631	1264	1264	2	replace	n.getType()!=  Token.FUNCTION  ||  n.getType()!=  Token.GETPROP)  {  return  false;  }	  if(n.getType()    ==    Token.FUNCTION    ||    n.getType()!=    Token.GETPROP)    {    return    false;    }    	non-compiled	[CE]  	44	None	replace
808	[BUG]  [BUGGY]  n.setType(Token.NAME)||  n.getType()  ==  Token.VAR)  {  return  false;  }  [CE]  [FE]                  IllegalStateException      [CONTEXT]      case  Token.LE:  case  Token.GE:  case  Token.IN:  case  Token.INSTANCEOF:  case  Token.NOT:  return  true;  default:      [BUGGY]  n.setType(Token.NAME)||  n.getType()  ==  Token.VAR)  {  return  false;  }  [BUGGY]      }  }  [CLASS]  NodeUtil  NumbericResultPredicate  BooleanResultPredicate  MayBeStringResultPredicate  VarCollector  MatchNameNode  MatchNodeType  MatchDeclaration  MatchNotFunction  MatchShallowStatement  [METHOD]  isBooleanResultHelper  [RETURN_TYPE]  boolean  Node  n  [VARIABLES]  BooleanResultPredicate  BOOLEAN_RESULT_PREDICATE  Set  BUILTIN_FUNCTIONS_WITHOUT_SIDEEFFECTS  CONSTRUCTORS_WITHOUT_SIDE_EFFECTS  OBJECT_METHODS_WITHOUT_SIDEEFFECTS  REGEXP_METHODS  STRING_REGEXP_METHODS  defines  emptySet  knownConstants  NumbericResultPredicate  NUMBERIC_RESULT_PREDICATE  boolean  MayBeStringResultPredicate  MAY_BE_STRING_PREDICATE  Node  n  String  JSC_PROPERTY_NAME_FN  childValue  name  namespaceName  rawJsString  s  value  Map  vars  int  c  end  nextSkipSlot  nextSlot  start  type  	projects/Closure80/src/com/google/javascript/jscomp/NodeUtil.java	0.4082482904638631	1264	1264	2	replace	n.setType(Token.NAME)||  n.getType()  ==  Token.VAR)  {  return  false;  }	  if(n.getType()    ==    Token.NAME    ||    n.getType()    ==    Token.VAR)    {    return    false;    }    	non-compiled	[CE]  	163	None	replace
809	[BUG]  [BUGGY]  return(n!=  null)?  BooleanResultPredicate.UNKNOWN  :  BooleanResultPredicate.BOOLEAN_RESULT_PREDICATE;  [CE]  [FE]                IllegalStateException      [CONTEXT]      case  Token.LE:  case  Token.GE:  case  Token.IN:  case  Token.INSTANCEOF:  case  Token.NOT:  return  true;  default:      [BUGGY]  return(n!=  null)?  BooleanResultPredicate.UNKNOWN  :  BooleanResultPredicate.BOOLEAN_RESULT_PREDICATE;  [BUGGY]      }  }  [CLASS]  NodeUtil  NumbericResultPredicate  BooleanResultPredicate  MayBeStringResultPredicate  VarCollector  MatchNameNode  MatchNodeType  MatchDeclaration  MatchNotFunction  MatchShallowStatement  [METHOD]  isBooleanResultHelper  [RETURN_TYPE]  boolean  Node  n  [VARIABLES]  BooleanResultPredicate  BOOLEAN_RESULT_PREDICATE  Set  BUILTIN_FUNCTIONS_WITHOUT_SIDEEFFECTS  CONSTRUCTORS_WITHOUT_SIDE_EFFECTS  OBJECT_METHODS_WITHOUT_SIDEEFFECTS  REGEXP_METHODS  STRING_REGEXP_METHODS  defines  emptySet  knownConstants  NumbericResultPredicate  NUMBERIC_RESULT_PREDICATE  boolean  MayBeStringResultPredicate  MAY_BE_STRING_PREDICATE  Node  n  String  JSC_PROPERTY_NAME_FN  childValue  name  namespaceName  rawJsString  s  value  Map  vars  int  c  end  nextSkipSlot  nextSlot  start  type  	projects/Closure80/src/com/google/javascript/jscomp/NodeUtil.java	0.4082482904638631	1264	1264	2	replace	return(n!=  null)?  BooleanResultPredicate.UNKNOWN  :  BooleanResultPredicate.BOOLEAN_RESULT_PREDICATE;	  return(n.getType()    ==    Token.NAME)?    BooleanResultPredicate.UNKNOWN    :    BooleanResultPredicate.BOOLEAN_RESULT_PREDICATE;    	non-compiled	[CE]  	113	None	replace
810	[BUG]  [BUGGY]  return(n  ==  null)?  BooleanResultPredicate.UNKNOWN  :  BooleanResultPredicate.BOOLEAN_RESULT_PREDICATE;  [CE]  [FE]                  IllegalStateException      [CONTEXT]      case  Token.LE:  case  Token.GE:  case  Token.IN:  case  Token.INSTANCEOF:  case  Token.NOT:  return  true;  default:      [BUGGY]  return(n  ==  null)?  BooleanResultPredicate.UNKNOWN  :  BooleanResultPredicate.BOOLEAN_RESULT_PREDICATE;  [BUGGY]      }  }  [CLASS]  NodeUtil  NumbericResultPredicate  BooleanResultPredicate  MayBeStringResultPredicate  VarCollector  MatchNameNode  MatchNodeType  MatchDeclaration  MatchNotFunction  MatchShallowStatement  [METHOD]  isBooleanResultHelper  [RETURN_TYPE]  boolean  Node  n  [VARIABLES]  BooleanResultPredicate  BOOLEAN_RESULT_PREDICATE  Set  BUILTIN_FUNCTIONS_WITHOUT_SIDEEFFECTS  CONSTRUCTORS_WITHOUT_SIDE_EFFECTS  OBJECT_METHODS_WITHOUT_SIDEEFFECTS  REGEXP_METHODS  STRING_REGEXP_METHODS  defines  emptySet  knownConstants  NumbericResultPredicate  NUMBERIC_RESULT_PREDICATE  boolean  MayBeStringResultPredicate  MAY_BE_STRING_PREDICATE  Node  n  String  JSC_PROPERTY_NAME_FN  childValue  name  namespaceName  rawJsString  s  value  Map  vars  int  c  end  nextSkipSlot  nextSlot  start  type  	projects/Closure80/src/com/google/javascript/jscomp/NodeUtil.java	0.4082482904638631	1264	1264	2	replace	return(n  ==  null)?  BooleanResultPredicate.UNKNOWN  :  BooleanResultPredicate.BOOLEAN_RESULT_PREDICATE;	  return(n.getType()    ==    Token.NAME)?    BooleanResultPredicate.UNKNOWN    :    BooleanResultPredicate.BOOLEAN_RESULT_PREDICATE;    	non-compiled	[CE]  	113	None	replace
811	[BUG]  [BUGGY]  if(NodeUtil.isName(n)||  NodeUtil.isFunctionAnonymous(n)||  NodeUtil.mayHaveSideEffects(n))  {  return  false;  }  [CE]  [FE]              IllegalStateException      [CONTEXT]      case  Token.LE:  case  Token.GE:  case  Token.IN:  case  Token.INSTANCEOF:  case  Token.NOT:  return  true;  default:      [BUGGY]  if(NodeUtil.isName(n)||  NodeUtil.isFunctionAnonymous(n)||  NodeUtil.mayHaveSideEffects(n))  {  return  false;  }  [BUGGY]      }  }  [CLASS]  NodeUtil  NumbericResultPredicate  BooleanResultPredicate  MayBeStringResultPredicate  VarCollector  MatchNameNode  MatchNodeType  MatchDeclaration  MatchNotFunction  MatchShallowStatement  [METHOD]  isBooleanResultHelper  [RETURN_TYPE]  boolean  Node  n  [VARIABLES]  BooleanResultPredicate  BOOLEAN_RESULT_PREDICATE  Set  BUILTIN_FUNCTIONS_WITHOUT_SIDEEFFECTS  CONSTRUCTORS_WITHOUT_SIDE_EFFECTS  OBJECT_METHODS_WITHOUT_SIDEEFFECTS  REGEXP_METHODS  STRING_REGEXP_METHODS  defines  emptySet  knownConstants  NumbericResultPredicate  NUMBERIC_RESULT_PREDICATE  boolean  MayBeStringResultPredicate  MAY_BE_STRING_PREDICATE  Node  n  String  JSC_PROPERTY_NAME_FN  childValue  name  namespaceName  rawJsString  s  value  Map  vars  int  c  end  nextSkipSlot  nextSlot  start  type  	projects/Closure80/src/com/google/javascript/jscomp/NodeUtil.java	0.4082482904638631	1264	1264	2	replace	if(NodeUtil.isName(n)||  NodeUtil.isFunctionAnonymous(n)||  NodeUtil.mayHaveSideEffects(n))  {  return  false;  }	  if(NodeUtil.isName(n)||    NodeUtil.isFunctionAnonymous(n))    {    return    false;    }    	non-compiled	[CE]  	167	None	replace
812	[BUG]  [BUGGY]  return(n.getType()  ==  Token.NAME)?  BooleanResultPredicate.UNKNOWN  :  BooleanResultPredicate.EMPTY;  [CE]  [FE]                      IllegalStateException      [CONTEXT]      case  Token.LE:  case  Token.GE:  case  Token.IN:  case  Token.INSTANCEOF:  case  Token.NOT:  return  true;  default:      [BUGGY]  return(n.getType()  ==  Token.NAME)?  BooleanResultPredicate.UNKNOWN  :  BooleanResultPredicate.EMPTY;  [BUGGY]      }  }  [CLASS]  NodeUtil  NumbericResultPredicate  BooleanResultPredicate  MayBeStringResultPredicate  VarCollector  MatchNameNode  MatchNodeType  MatchDeclaration  MatchNotFunction  MatchShallowStatement  [METHOD]  isBooleanResultHelper  [RETURN_TYPE]  boolean  Node  n  [VARIABLES]  BooleanResultPredicate  BOOLEAN_RESULT_PREDICATE  Set  BUILTIN_FUNCTIONS_WITHOUT_SIDEEFFECTS  CONSTRUCTORS_WITHOUT_SIDE_EFFECTS  OBJECT_METHODS_WITHOUT_SIDEEFFECTS  REGEXP_METHODS  STRING_REGEXP_METHODS  defines  emptySet  knownConstants  NumbericResultPredicate  NUMBERIC_RESULT_PREDICATE  boolean  MayBeStringResultPredicate  MAY_BE_STRING_PREDICATE  Node  n  String  JSC_PROPERTY_NAME_FN  childValue  name  namespaceName  rawJsString  s  value  Map  vars  int  c  end  nextSkipSlot  nextSlot  start  type  	projects/Closure80/src/com/google/javascript/jscomp/NodeUtil.java	0.4082482904638631	1264	1264	2	replace	return(n.getType()  ==  Token.NAME)?  BooleanResultPredicate.UNKNOWN  :  BooleanResultPredicate.EMPTY;	  return(n.getType()    ==    Token.NAME)?    BooleanResultPredicate.UNKNOWN    :    BooleanResultPredicate.FUNCTION;    	non-compiled	[CE]  	53	None	replace
813	[BUG]  [BUGGY]  if(n.getType()!=  Token.NAME  ||  n.getType()  ==  Token.FUNCTION)  {  return  true;  }  [CE]  [FE]                                IllegalStateException      [CONTEXT]      case  Token.LE:  case  Token.GE:  case  Token.IN:  case  Token.INSTANCEOF:  case  Token.NOT:  return  true;  default:      [BUGGY]  if(n.getType()!=  Token.NAME  ||  n.getType()  ==  Token.FUNCTION)  {  return  true;  }  [BUGGY]      }  }  [CLASS]  NodeUtil  NumbericResultPredicate  BooleanResultPredicate  MayBeStringResultPredicate  VarCollector  MatchNameNode  MatchNodeType  MatchDeclaration  MatchNotFunction  MatchShallowStatement  [METHOD]  isBooleanResultHelper  [RETURN_TYPE]  boolean  Node  n  [VARIABLES]  BooleanResultPredicate  BOOLEAN_RESULT_PREDICATE  Set  BUILTIN_FUNCTIONS_WITHOUT_SIDEEFFECTS  CONSTRUCTORS_WITHOUT_SIDE_EFFECTS  OBJECT_METHODS_WITHOUT_SIDEEFFECTS  REGEXP_METHODS  STRING_REGEXP_METHODS  defines  emptySet  knownConstants  NumbericResultPredicate  NUMBERIC_RESULT_PREDICATE  boolean  MayBeStringResultPredicate  MAY_BE_STRING_PREDICATE  Node  n  String  JSC_PROPERTY_NAME_FN  childValue  name  namespaceName  rawJsString  s  value  Map  vars  int  c  end  nextSkipSlot  nextSlot  start  type  	projects/Closure80/src/com/google/javascript/jscomp/NodeUtil.java	0.4082482904638631	1264	1264	2	replace	if(n.getType()!=  Token.NAME  ||  n.getType()  ==  Token.FUNCTION)  {  return  true;  }	  if(n.getType()    ==    Token.NAME    ||    n.getType()!=    Token.FUNCTION)    {    return    true;    }    	non-compiled	[CE]  	21	None	replace
814	[BUG]  [BUGGY]  return(n!=  null)?  BooleanResultPredicate.FALSE  :  BooleanResultPredicate.UNKNOWN;  [CE]  [FE]                IllegalStateException      [CONTEXT]      case  Token.LE:  case  Token.GE:  case  Token.IN:  case  Token.INSTANCEOF:  case  Token.NOT:  return  true;  default:      [BUGGY]  return(n!=  null)?  BooleanResultPredicate.FALSE  :  BooleanResultPredicate.UNKNOWN;  [BUGGY]      }  }  [CLASS]  NodeUtil  NumbericResultPredicate  BooleanResultPredicate  MayBeStringResultPredicate  VarCollector  MatchNameNode  MatchNodeType  MatchDeclaration  MatchNotFunction  MatchShallowStatement  [METHOD]  isBooleanResultHelper  [RETURN_TYPE]  boolean  Node  n  [VARIABLES]  BooleanResultPredicate  BOOLEAN_RESULT_PREDICATE  Set  BUILTIN_FUNCTIONS_WITHOUT_SIDEEFFECTS  CONSTRUCTORS_WITHOUT_SIDE_EFFECTS  OBJECT_METHODS_WITHOUT_SIDEEFFECTS  REGEXP_METHODS  STRING_REGEXP_METHODS  defines  emptySet  knownConstants  NumbericResultPredicate  NUMBERIC_RESULT_PREDICATE  boolean  MayBeStringResultPredicate  MAY_BE_STRING_PREDICATE  Node  n  String  JSC_PROPERTY_NAME_FN  childValue  name  namespaceName  rawJsString  s  value  Map  vars  int  c  end  nextSkipSlot  nextSlot  start  type  	projects/Closure80/src/com/google/javascript/jscomp/NodeUtil.java	0.4082482904638631	1264	1264	2	replace	return(n!=  null)?  BooleanResultPredicate.FALSE  :  BooleanResultPredicate.UNKNOWN;	  return(n.getType()!=    Token.NAME)?    BooleanResultPredicate.FALSE    :    BooleanResultPredicate.UNKNOWN;    	non-compiled	[CE]  	128	None	replace
815	[BUG]  [BUGGY]  return(n  ==  null)?  BooleanResultPredicate.FALSE  :  BooleanResultPredicate.UNKNOWN;  [CE]  [FE]                  IllegalStateException      [CONTEXT]      case  Token.LE:  case  Token.GE:  case  Token.IN:  case  Token.INSTANCEOF:  case  Token.NOT:  return  true;  default:      [BUGGY]  return(n  ==  null)?  BooleanResultPredicate.FALSE  :  BooleanResultPredicate.UNKNOWN;  [BUGGY]      }  }  [CLASS]  NodeUtil  NumbericResultPredicate  BooleanResultPredicate  MayBeStringResultPredicate  VarCollector  MatchNameNode  MatchNodeType  MatchDeclaration  MatchNotFunction  MatchShallowStatement  [METHOD]  isBooleanResultHelper  [RETURN_TYPE]  boolean  Node  n  [VARIABLES]  BooleanResultPredicate  BOOLEAN_RESULT_PREDICATE  Set  BUILTIN_FUNCTIONS_WITHOUT_SIDEEFFECTS  CONSTRUCTORS_WITHOUT_SIDE_EFFECTS  OBJECT_METHODS_WITHOUT_SIDEEFFECTS  REGEXP_METHODS  STRING_REGEXP_METHODS  defines  emptySet  knownConstants  NumbericResultPredicate  NUMBERIC_RESULT_PREDICATE  boolean  MayBeStringResultPredicate  MAY_BE_STRING_PREDICATE  Node  n  String  JSC_PROPERTY_NAME_FN  childValue  name  namespaceName  rawJsString  s  value  Map  vars  int  c  end  nextSkipSlot  nextSlot  start  type  	projects/Closure80/src/com/google/javascript/jscomp/NodeUtil.java	0.4082482904638631	1264	1264	2	replace	return(n  ==  null)?  BooleanResultPredicate.FALSE  :  BooleanResultPredicate.UNKNOWN;	  return(n.getType()!=    Token.NAME)?    BooleanResultPredicate.FALSE    :    BooleanResultPredicate.UNKNOWN;    	non-compiled	[CE]  	128	None	replace
816	[BUG]  [BUGGY]  For(Node  c  =  n.getFirstChild();  c!=  null;  c  =  c.getNext())  {  Node  n  =  c.getNext();  if(n.getType()  ==  Token.STRING)  {  return  false;  }  [CE]  [FE]                              IllegalStateException      [CONTEXT]      case  Token.LE:  case  Token.GE:  case  Token.IN:  case  Token.INSTANCEOF:  case  Token.NOT:  return  true;  default:      [BUGGY]  For(Node  c  =  n.getFirstChild();  c!=  null;  c  =  c.getNext())  {  Node  n  =  c.getNext();  if(n.getType()  ==  Token.STRING)  {  return  false;  }  [BUGGY]      }  }  [CLASS]  NodeUtil  NumbericResultPredicate  BooleanResultPredicate  MayBeStringResultPredicate  VarCollector  MatchNameNode  MatchNodeType  MatchDeclaration  MatchNotFunction  MatchShallowStatement  [METHOD]  isBooleanResultHelper  [RETURN_TYPE]  boolean  Node  n  [VARIABLES]  BooleanResultPredicate  BOOLEAN_RESULT_PREDICATE  Set  BUILTIN_FUNCTIONS_WITHOUT_SIDEEFFECTS  CONSTRUCTORS_WITHOUT_SIDE_EFFECTS  OBJECT_METHODS_WITHOUT_SIDEEFFECTS  REGEXP_METHODS  STRING_REGEXP_METHODS  defines  emptySet  knownConstants  NumbericResultPredicate  NUMBERIC_RESULT_PREDICATE  boolean  MayBeStringResultPredicate  MAY_BE_STRING_PREDICATE  Node  n  String  JSC_PROPERTY_NAME_FN  childValue  name  namespaceName  rawJsString  s  value  Map  vars  int  c  end  nextSkipSlot  nextSlot  start  type  	projects/Closure80/src/com/google/javascript/jscomp/NodeUtil.java	0.4082482904638631	1264	1264	2	replace	For(Node  c  =  n.getFirstChild();  c!=  null;  c  =  c.getNext())  {  Node  n  =  c.getNext();  if(n.getType()  ==  Token.STRING)  {  return  false;  }	  for(Node    c    =    n.getFirstChild();    c!=    null;    c    =    c.getNext())    {    Node    n    =    c.getNext();    if(n.getType()    ==    Token.STRING)    {    return    false;    }    	non-compiled	[CE]  	146	None	replace
817	[BUG]  [BUGGY]  &&  NodeUtil.isFunctionAnonymous(n)||  NodeUtil.isBoolean(n))  {  return  false;  }  [CE]  [FE]                IllegalStateException      [CONTEXT]      case  Token.LE:  case  Token.GE:  case  Token.IN:  case  Token.INSTANCEOF:  case  Token.NOT:  return  true;  default:      [BUGGY]  &&  NodeUtil.isFunctionAnonymous(n)||  NodeUtil.isBoolean(n))  {  return  false;  }  [BUGGY]      }  }  [CLASS]  NodeUtil  NumbericResultPredicate  BooleanResultPredicate  MayBeStringResultPredicate  VarCollector  MatchNameNode  MatchNodeType  MatchDeclaration  MatchNotFunction  MatchShallowStatement  [METHOD]  isBooleanResultHelper  [RETURN_TYPE]  boolean  Node  n  [VARIABLES]  BooleanResultPredicate  BOOLEAN_RESULT_PREDICATE  Set  BUILTIN_FUNCTIONS_WITHOUT_SIDEEFFECTS  CONSTRUCTORS_WITHOUT_SIDE_EFFECTS  OBJECT_METHODS_WITHOUT_SIDEEFFECTS  REGEXP_METHODS  STRING_REGEXP_METHODS  defines  emptySet  knownConstants  NumbericResultPredicate  NUMBERIC_RESULT_PREDICATE  boolean  MayBeStringResultPredicate  MAY_BE_STRING_PREDICATE  Node  n  String  JSC_PROPERTY_NAME_FN  childValue  name  namespaceName  rawJsString  s  value  Map  vars  int  c  end  nextSkipSlot  nextSlot  start  type  	projects/Closure80/src/com/google/javascript/jscomp/NodeUtil.java	0.4082482904638631	1264	1264	2	replace	&&  NodeUtil.isFunctionAnonymous(n)||  NodeUtil.isBoolean(n))  {  return  false;  }	  if(NodeUtil.isFunctionAnonymous(n)||    NodeUtil.isBoolean(n))    {    return    false;    }    	non-compiled	[CE]  	155	None	replace
818	[BUG]  [BUGGY]  Preconditions.checkState(NodeUtil.isFunctionAnonymous(n)||  NodeUtil.isBoolean(n))  {  return  false;  }  [CE]  [FE]                  IllegalStateException      [CONTEXT]      case  Token.LE:  case  Token.GE:  case  Token.IN:  case  Token.INSTANCEOF:  case  Token.NOT:  return  true;  default:      [BUGGY]  Preconditions.checkState(NodeUtil.isFunctionAnonymous(n)||  NodeUtil.isBoolean(n))  {  return  false;  }  [BUGGY]      }  }  [CLASS]  NodeUtil  NumbericResultPredicate  BooleanResultPredicate  MayBeStringResultPredicate  VarCollector  MatchNameNode  MatchNodeType  MatchDeclaration  MatchNotFunction  MatchShallowStatement  [METHOD]  isBooleanResultHelper  [RETURN_TYPE]  boolean  Node  n  [VARIABLES]  BooleanResultPredicate  BOOLEAN_RESULT_PREDICATE  Set  BUILTIN_FUNCTIONS_WITHOUT_SIDEEFFECTS  CONSTRUCTORS_WITHOUT_SIDE_EFFECTS  OBJECT_METHODS_WITHOUT_SIDEEFFECTS  REGEXP_METHODS  STRING_REGEXP_METHODS  defines  emptySet  knownConstants  NumbericResultPredicate  NUMBERIC_RESULT_PREDICATE  boolean  MayBeStringResultPredicate  MAY_BE_STRING_PREDICATE  Node  n  String  JSC_PROPERTY_NAME_FN  childValue  name  namespaceName  rawJsString  s  value  Map  vars  int  c  end  nextSkipSlot  nextSlot  start  type  	projects/Closure80/src/com/google/javascript/jscomp/NodeUtil.java	0.4082482904638631	1264	1264	2	replace	Preconditions.checkState(NodeUtil.isFunctionAnonymous(n)||  NodeUtil.isBoolean(n))  {  return  false;  }	  if(NodeUtil.isFunctionAnonymous(n)||    NodeUtil.isBoolean(n))    {    return    false;    }    	non-compiled	[CE]  	155	None	replace
819	[BUG]  [BUGGY]  NodeUtil.isFunctionAnonymous(n)||  NodeUtil.isBoolean(n))  {  return  false;  }  [CE]  [FE]                    IllegalStateException      [CONTEXT]      case  Token.LE:  case  Token.GE:  case  Token.IN:  case  Token.INSTANCEOF:  case  Token.NOT:  return  true;  default:      [BUGGY]  NodeUtil.isFunctionAnonymous(n)||  NodeUtil.isBoolean(n))  {  return  false;  }  [BUGGY]      }  }  [CLASS]  NodeUtil  NumbericResultPredicate  BooleanResultPredicate  MayBeStringResultPredicate  VarCollector  MatchNameNode  MatchNodeType  MatchDeclaration  MatchNotFunction  MatchShallowStatement  [METHOD]  isBooleanResultHelper  [RETURN_TYPE]  boolean  Node  n  [VARIABLES]  BooleanResultPredicate  BOOLEAN_RESULT_PREDICATE  Set  BUILTIN_FUNCTIONS_WITHOUT_SIDEEFFECTS  CONSTRUCTORS_WITHOUT_SIDE_EFFECTS  OBJECT_METHODS_WITHOUT_SIDEEFFECTS  REGEXP_METHODS  STRING_REGEXP_METHODS  defines  emptySet  knownConstants  NumbericResultPredicate  NUMBERIC_RESULT_PREDICATE  boolean  MayBeStringResultPredicate  MAY_BE_STRING_PREDICATE  Node  n  String  JSC_PROPERTY_NAME_FN  childValue  name  namespaceName  rawJsString  s  value  Map  vars  int  c  end  nextSkipSlot  nextSlot  start  type  	projects/Closure80/src/com/google/javascript/jscomp/NodeUtil.java	0.4082482904638631	1264	1264	2	replace	NodeUtil.isFunctionAnonymous(n)||  NodeUtil.isBoolean(n))  {  return  false;  }	  if(NodeUtil.isFunctionAnonymous(n)||    NodeUtil.isBoolean(n))    {    return    false;    }    	non-compiled	[CE]  	155	None	replace
820	[BUG]  [BUGGY]  Preconditions.checkState(NodeUtil.isFunctionDeclaration(n)||  NodeUtil.isForIn(n))  {  return  false;  }  [CE]  [FE]                        IllegalStateException      [CONTEXT]      case  Token.LE:  case  Token.GE:  case  Token.IN:  case  Token.INSTANCEOF:  case  Token.NOT:  return  true;  default:      [BUGGY]  Preconditions.checkState(NodeUtil.isFunctionDeclaration(n)||  NodeUtil.isForIn(n))  {  return  false;  }  [BUGGY]      }  }  [CLASS]  NodeUtil  NumbericResultPredicate  BooleanResultPredicate  MayBeStringResultPredicate  VarCollector  MatchNameNode  MatchNodeType  MatchDeclaration  MatchNotFunction  MatchShallowStatement  [METHOD]  isBooleanResultHelper  [RETURN_TYPE]  boolean  Node  n  [VARIABLES]  BooleanResultPredicate  BOOLEAN_RESULT_PREDICATE  Set  BUILTIN_FUNCTIONS_WITHOUT_SIDEEFFECTS  CONSTRUCTORS_WITHOUT_SIDE_EFFECTS  OBJECT_METHODS_WITHOUT_SIDEEFFECTS  REGEXP_METHODS  STRING_REGEXP_METHODS  defines  emptySet  knownConstants  NumbericResultPredicate  NUMBERIC_RESULT_PREDICATE  boolean  MayBeStringResultPredicate  MAY_BE_STRING_PREDICATE  Node  n  String  JSC_PROPERTY_NAME_FN  childValue  name  namespaceName  rawJsString  s  value  Map  vars  int  c  end  nextSkipSlot  nextSlot  start  type  	projects/Closure80/src/com/google/javascript/jscomp/NodeUtil.java	0.4082482904638631	1264	1264	2	replace	Preconditions.checkState(NodeUtil.isFunctionDeclaration(n)||  NodeUtil.isForIn(n))  {  return  false;  }	  if(NodeUtil.isFunctionDeclaration(n)||    NodeUtil.isForIn(n))    {    return    false;    }    	non-compiled	[CE]  	109	None	replace
821	[BUG]  [BUGGY]  if(NodeUtil.isName(n)&&  NodeUtil.isStatementBlock(n))  {  return  false;  }  [CE]  [FE]                    IllegalStateException      [CONTEXT]      case  Token.LE:  case  Token.GE:  case  Token.IN:  case  Token.INSTANCEOF:  case  Token.NOT:  return  true;  default:      [BUGGY]  if(NodeUtil.isName(n)&&  NodeUtil.isStatementBlock(n))  {  return  false;  }  [BUGGY]      }  }  [CLASS]  NodeUtil  NumbericResultPredicate  BooleanResultPredicate  MayBeStringResultPredicate  VarCollector  MatchNameNode  MatchNodeType  MatchDeclaration  MatchNotFunction  MatchShallowStatement  [METHOD]  isBooleanResultHelper  [RETURN_TYPE]  boolean  Node  n  [VARIABLES]  BooleanResultPredicate  BOOLEAN_RESULT_PREDICATE  Set  BUILTIN_FUNCTIONS_WITHOUT_SIDEEFFECTS  CONSTRUCTORS_WITHOUT_SIDE_EFFECTS  OBJECT_METHODS_WITHOUT_SIDEEFFECTS  REGEXP_METHODS  STRING_REGEXP_METHODS  defines  emptySet  knownConstants  NumbericResultPredicate  NUMBERIC_RESULT_PREDICATE  boolean  MayBeStringResultPredicate  MAY_BE_STRING_PREDICATE  Node  n  String  JSC_PROPERTY_NAME_FN  childValue  name  namespaceName  rawJsString  s  value  Map  vars  int  c  end  nextSkipSlot  nextSlot  start  type  	projects/Closure80/src/com/google/javascript/jscomp/NodeUtil.java	0.4082482904638631	1264	1264	2	replace	if(NodeUtil.isName(n)&&  NodeUtil.isStatementBlock(n))  {  return  false;  }	  if(NodeUtil.isFunctionAnonymous(n)&&    NodeUtil.isStatementBlock(n))    {    return    false;    }    	non-compiled	[CE]  	12	None	replace
822	[BUG]  [BUGGY]  if(n.getType()!=  Token.NAME  ||  n.getType()  ==  Token.VAR)  {  return  true;  }  [CE]  [FE]                      IllegalStateException      [CONTEXT]      case  Token.LE:  case  Token.GE:  case  Token.IN:  case  Token.INSTANCEOF:  case  Token.NOT:  return  true;  default:      [BUGGY]  if(n.getType()!=  Token.NAME  ||  n.getType()  ==  Token.VAR)  {  return  true;  }  [BUGGY]      }  }  [CLASS]  NodeUtil  NumbericResultPredicate  BooleanResultPredicate  MayBeStringResultPredicate  VarCollector  MatchNameNode  MatchNodeType  MatchDeclaration  MatchNotFunction  MatchShallowStatement  [METHOD]  isBooleanResultHelper  [RETURN_TYPE]  boolean  Node  n  [VARIABLES]  BooleanResultPredicate  BOOLEAN_RESULT_PREDICATE  Set  BUILTIN_FUNCTIONS_WITHOUT_SIDEEFFECTS  CONSTRUCTORS_WITHOUT_SIDE_EFFECTS  OBJECT_METHODS_WITHOUT_SIDEEFFECTS  REGEXP_METHODS  STRING_REGEXP_METHODS  defines  emptySet  knownConstants  NumbericResultPredicate  NUMBERIC_RESULT_PREDICATE  boolean  MayBeStringResultPredicate  MAY_BE_STRING_PREDICATE  Node  n  String  JSC_PROPERTY_NAME_FN  childValue  name  namespaceName  rawJsString  s  value  Map  vars  int  c  end  nextSkipSlot  nextSlot  start  type  	projects/Closure80/src/com/google/javascript/jscomp/NodeUtil.java	0.4082482904638631	1264	1264	2	replace	if(n.getType()!=  Token.NAME  ||  n.getType()  ==  Token.VAR)  {  return  true;  }	  if(n.getType()    ==    Token.NAME    ||    n.getType()    ==    Token.VAR)    {    return    true;    }    	non-compiled	[CE]  	170	None	replace
823	[BUG]  [BUGGY]  Preconditions.checkState(NodeUtil.isFunctionDeclaration(n)||!NodeUtil.mayHaveSideEffects(n));  [CE]  [FE]                IllegalStateException      [CONTEXT]      case  Token.LE:  case  Token.GE:  case  Token.IN:  case  Token.INSTANCEOF:  case  Token.NOT:  return  true;  default:      [BUGGY]  Preconditions.checkState(NodeUtil.isFunctionDeclaration(n)||!NodeUtil.mayHaveSideEffects(n));  [BUGGY]      }  }  [CLASS]  NodeUtil  NumbericResultPredicate  BooleanResultPredicate  MayBeStringResultPredicate  VarCollector  MatchNameNode  MatchNodeType  MatchDeclaration  MatchNotFunction  MatchShallowStatement  [METHOD]  isBooleanResultHelper  [RETURN_TYPE]  boolean  Node  n  [VARIABLES]  BooleanResultPredicate  BOOLEAN_RESULT_PREDICATE  Set  BUILTIN_FUNCTIONS_WITHOUT_SIDEEFFECTS  CONSTRUCTORS_WITHOUT_SIDE_EFFECTS  OBJECT_METHODS_WITHOUT_SIDEEFFECTS  REGEXP_METHODS  STRING_REGEXP_METHODS  defines  emptySet  knownConstants  NumbericResultPredicate  NUMBERIC_RESULT_PREDICATE  boolean  MayBeStringResultPredicate  MAY_BE_STRING_PREDICATE  Node  n  String  JSC_PROPERTY_NAME_FN  childValue  name  namespaceName  rawJsString  s  value  Map  vars  int  c  end  nextSkipSlot  nextSlot  start  type  	projects/Closure80/src/com/google/javascript/jscomp/NodeUtil.java	0.4082482904638631	1264	1264	2	replace	Preconditions.checkState(NodeUtil.isFunctionDeclaration(n)||!NodeUtil.mayHaveSideEffects(n));	  Preconditions.checkState(NodeUtil.isFunctionDeclaration(n));    	non-compiled	[CE]  	105	None	replace
824	[BUG]  [BUGGY]  For(Node  c  =  n.getFirstChild();  c!=  null;  c  =  c.getNext())  {  Node  n  =  c.getNext();  if(n.getType()  ==  Token.NAME)  {  return  false;  }  [CE]  [FE]                          IllegalStateException      [CONTEXT]      case  Token.LE:  case  Token.GE:  case  Token.IN:  case  Token.INSTANCEOF:  case  Token.NOT:  return  true;  default:      [BUGGY]  For(Node  c  =  n.getFirstChild();  c!=  null;  c  =  c.getNext())  {  Node  n  =  c.getNext();  if(n.getType()  ==  Token.NAME)  {  return  false;  }  [BUGGY]      }  }  [CLASS]  NodeUtil  NumbericResultPredicate  BooleanResultPredicate  MayBeStringResultPredicate  VarCollector  MatchNameNode  MatchNodeType  MatchDeclaration  MatchNotFunction  MatchShallowStatement  [METHOD]  isBooleanResultHelper  [RETURN_TYPE]  boolean  Node  n  [VARIABLES]  BooleanResultPredicate  BOOLEAN_RESULT_PREDICATE  Set  BUILTIN_FUNCTIONS_WITHOUT_SIDEEFFECTS  CONSTRUCTORS_WITHOUT_SIDE_EFFECTS  OBJECT_METHODS_WITHOUT_SIDEEFFECTS  REGEXP_METHODS  STRING_REGEXP_METHODS  defines  emptySet  knownConstants  NumbericResultPredicate  NUMBERIC_RESULT_PREDICATE  boolean  MayBeStringResultPredicate  MAY_BE_STRING_PREDICATE  Node  n  String  JSC_PROPERTY_NAME_FN  childValue  name  namespaceName  rawJsString  s  value  Map  vars  int  c  end  nextSkipSlot  nextSlot  start  type  	projects/Closure80/src/com/google/javascript/jscomp/NodeUtil.java	0.4082482904638631	1264	1264	2	replace	For(Node  c  =  n.getFirstChild();  c!=  null;  c  =  c.getNext())  {  Node  n  =  c.getNext();  if(n.getType()  ==  Token.NAME)  {  return  false;  }	  for(Node    c    =    n.getFirstChild();    c!=    null;    c    =    c.getNext())    {    Node    n    =    c.getNext();    if(n.getType()    ==    Token.NAME)    {    return    false;    }    	non-compiled	[CE]  	144	None	replace
825	[BUG]  [BUGGY]  ||  n.getType()  ==  Token.EMPTY)  {  return  false;  }  [CE]  [FE]                IllegalStateException      [CONTEXT]      case  Token.LE:  case  Token.GE:  case  Token.IN:  case  Token.INSTANCEOF:  case  Token.NOT:  return  true;  default:      [BUGGY]  ||  n.getType()  ==  Token.EMPTY)  {  return  false;  }  [BUGGY]      }  }  [CLASS]  NodeUtil  NumbericResultPredicate  BooleanResultPredicate  MayBeStringResultPredicate  VarCollector  MatchNameNode  MatchNodeType  MatchDeclaration  MatchNotFunction  MatchShallowStatement  [METHOD]  isBooleanResultHelper  [RETURN_TYPE]  boolean  Node  n  [VARIABLES]  BooleanResultPredicate  BOOLEAN_RESULT_PREDICATE  Set  BUILTIN_FUNCTIONS_WITHOUT_SIDEEFFECTS  CONSTRUCTORS_WITHOUT_SIDE_EFFECTS  OBJECT_METHODS_WITHOUT_SIDEEFFECTS  REGEXP_METHODS  STRING_REGEXP_METHODS  defines  emptySet  knownConstants  NumbericResultPredicate  NUMBERIC_RESULT_PREDICATE  boolean  MayBeStringResultPredicate  MAY_BE_STRING_PREDICATE  Node  n  String  JSC_PROPERTY_NAME_FN  childValue  name  namespaceName  rawJsString  s  value  Map  vars  int  c  end  nextSkipSlot  nextSlot  start  type  	projects/Closure80/src/com/google/javascript/jscomp/NodeUtil.java	0.4082482904638631	1264	1264	2	replace	||  n.getType()  ==  Token.EMPTY)  {  return  false;  }	  ||    n.getType()    ==    Token.FUNCTION)    {    return    false;    }    	non-compiled	[CE]  	41	None	replace
826	[BUG]  [BUGGY]  return(n.getType()!=  Token.NAME)&  BooleanResultPredicate.FALSE  :  BooleanResultPredicate.UNKNOWN;  [CE]  [FE]                  IllegalStateException      [CONTEXT]      case  Token.LE:  case  Token.GE:  case  Token.IN:  case  Token.INSTANCEOF:  case  Token.NOT:  return  true;  default:      [BUGGY]  return(n.getType()!=  Token.NAME)&  BooleanResultPredicate.FALSE  :  BooleanResultPredicate.UNKNOWN;  [BUGGY]      }  }  [CLASS]  NodeUtil  NumbericResultPredicate  BooleanResultPredicate  MayBeStringResultPredicate  VarCollector  MatchNameNode  MatchNodeType  MatchDeclaration  MatchNotFunction  MatchShallowStatement  [METHOD]  isBooleanResultHelper  [RETURN_TYPE]  boolean  Node  n  [VARIABLES]  BooleanResultPredicate  BOOLEAN_RESULT_PREDICATE  Set  BUILTIN_FUNCTIONS_WITHOUT_SIDEEFFECTS  CONSTRUCTORS_WITHOUT_SIDE_EFFECTS  OBJECT_METHODS_WITHOUT_SIDEEFFECTS  REGEXP_METHODS  STRING_REGEXP_METHODS  defines  emptySet  knownConstants  NumbericResultPredicate  NUMBERIC_RESULT_PREDICATE  boolean  MayBeStringResultPredicate  MAY_BE_STRING_PREDICATE  Node  n  String  JSC_PROPERTY_NAME_FN  childValue  name  namespaceName  rawJsString  s  value  Map  vars  int  c  end  nextSkipSlot  nextSlot  start  type  	projects/Closure80/src/com/google/javascript/jscomp/NodeUtil.java	0.4082482904638631	1264	1264	2	replace	return(n.getType()!=  Token.NAME)&  BooleanResultPredicate.FALSE  :  BooleanResultPredicate.UNKNOWN;	  return(n.getType()    ==    Token.NAME)&    BooleanResultPredicate.FALSE    :    BooleanResultPredicate.UNKNOWN;    	non-compiled	[CE]  	129	None	replace
827	[BUG]  [BUGGY]  return(n.getType()  ==  Token.NAME)&  BooleanResultPredicate.FALSE  :  BooleanResultPredicate.BOOLEAN;  [CE]  [FE]                    IllegalStateException      [CONTEXT]      case  Token.LE:  case  Token.GE:  case  Token.IN:  case  Token.INSTANCEOF:  case  Token.NOT:  return  true;  default:      [BUGGY]  return(n.getType()  ==  Token.NAME)&  BooleanResultPredicate.FALSE  :  BooleanResultPredicate.BOOLEAN;  [BUGGY]      }  }  [CLASS]  NodeUtil  NumbericResultPredicate  BooleanResultPredicate  MayBeStringResultPredicate  VarCollector  MatchNameNode  MatchNodeType  MatchDeclaration  MatchNotFunction  MatchShallowStatement  [METHOD]  isBooleanResultHelper  [RETURN_TYPE]  boolean  Node  n  [VARIABLES]  BooleanResultPredicate  BOOLEAN_RESULT_PREDICATE  Set  BUILTIN_FUNCTIONS_WITHOUT_SIDEEFFECTS  CONSTRUCTORS_WITHOUT_SIDE_EFFECTS  OBJECT_METHODS_WITHOUT_SIDEEFFECTS  REGEXP_METHODS  STRING_REGEXP_METHODS  defines  emptySet  knownConstants  NumbericResultPredicate  NUMBERIC_RESULT_PREDICATE  boolean  MayBeStringResultPredicate  MAY_BE_STRING_PREDICATE  Node  n  String  JSC_PROPERTY_NAME_FN  childValue  name  namespaceName  rawJsString  s  value  Map  vars  int  c  end  nextSkipSlot  nextSlot  start  type  	projects/Closure80/src/com/google/javascript/jscomp/NodeUtil.java	0.4082482904638631	1264	1264	2	replace	return(n.getType()  ==  Token.NAME)&  BooleanResultPredicate.FALSE  :  BooleanResultPredicate.BOOLEAN;	  return(n.getType()    ==    Token.NAME)&    BooleanResultPredicate.FALSE    :    BooleanResultPredicate.UNKNOWN;    	non-compiled	[CE]  	129	None	replace
828	[BUG]  [BUGGY]  n.setType(Token.NAME  ||  n.getType()  ==  Token.FUNCTION)  {  return  true;  }  [CE]  [FE]                        IllegalStateException      [CONTEXT]      case  Token.LE:  case  Token.GE:  case  Token.IN:  case  Token.INSTANCEOF:  case  Token.NOT:  return  true;  default:      [BUGGY]  n.setType(Token.NAME  ||  n.getType()  ==  Token.FUNCTION)  {  return  true;  }  [BUGGY]      }  }  [CLASS]  NodeUtil  NumbericResultPredicate  BooleanResultPredicate  MayBeStringResultPredicate  VarCollector  MatchNameNode  MatchNodeType  MatchDeclaration  MatchNotFunction  MatchShallowStatement  [METHOD]  isBooleanResultHelper  [RETURN_TYPE]  boolean  Node  n  [VARIABLES]  BooleanResultPredicate  BOOLEAN_RESULT_PREDICATE  Set  BUILTIN_FUNCTIONS_WITHOUT_SIDEEFFECTS  CONSTRUCTORS_WITHOUT_SIDE_EFFECTS  OBJECT_METHODS_WITHOUT_SIDEEFFECTS  REGEXP_METHODS  STRING_REGEXP_METHODS  defines  emptySet  knownConstants  NumbericResultPredicate  NUMBERIC_RESULT_PREDICATE  boolean  MayBeStringResultPredicate  MAY_BE_STRING_PREDICATE  Node  n  String  JSC_PROPERTY_NAME_FN  childValue  name  namespaceName  rawJsString  s  value  Map  vars  int  c  end  nextSkipSlot  nextSlot  start  type  	projects/Closure80/src/com/google/javascript/jscomp/NodeUtil.java	0.4082482904638631	1264	1264	2	replace	n.setType(Token.NAME  ||  n.getType()  ==  Token.FUNCTION)  {  return  true;  }	  if(n.getType()    ==    Token.NAME    ||    n.getType()    ==    Token.FUNCTION)    {    return    true;    }    	non-compiled	[CE]  	17	None	replace
829	[BUG]  [BUGGY]  NodeUtil.mayHaveSideEffects(n)&&  NodeUtil.isStatementBlock(n))  {  return  false;  }  [CE]  [FE]                      IllegalStateException      [CONTEXT]      case  Token.LE:  case  Token.GE:  case  Token.IN:  case  Token.INSTANCEOF:  case  Token.NOT:  return  true;  default:      [BUGGY]  NodeUtil.mayHaveSideEffects(n)&&  NodeUtil.isStatementBlock(n))  {  return  false;  }  [BUGGY]      }  }  [CLASS]  NodeUtil  NumbericResultPredicate  BooleanResultPredicate  MayBeStringResultPredicate  VarCollector  MatchNameNode  MatchNodeType  MatchDeclaration  MatchNotFunction  MatchShallowStatement  [METHOD]  isBooleanResultHelper  [RETURN_TYPE]  boolean  Node  n  [VARIABLES]  BooleanResultPredicate  BOOLEAN_RESULT_PREDICATE  Set  BUILTIN_FUNCTIONS_WITHOUT_SIDEEFFECTS  CONSTRUCTORS_WITHOUT_SIDE_EFFECTS  OBJECT_METHODS_WITHOUT_SIDEEFFECTS  REGEXP_METHODS  STRING_REGEXP_METHODS  defines  emptySet  knownConstants  NumbericResultPredicate  NUMBERIC_RESULT_PREDICATE  boolean  MayBeStringResultPredicate  MAY_BE_STRING_PREDICATE  Node  n  String  JSC_PROPERTY_NAME_FN  childValue  name  namespaceName  rawJsString  s  value  Map  vars  int  c  end  nextSkipSlot  nextSlot  start  type  	projects/Closure80/src/com/google/javascript/jscomp/NodeUtil.java	0.4082482904638631	1264	1264	2	replace	NodeUtil.mayHaveSideEffects(n)&&  NodeUtil.isStatementBlock(n))  {  return  false;  }	  NodeUtil.isFunctionAnonymous(n)&&    NodeUtil.isStatementBlock(n))    {    return    false;    }    	non-compiled	[CE]  	13	None	replace
830	[BUG]  [BUGGY]  NodeUtil.isStatementBlock(n)&&  NodeUtil.isFunctionAnonymous(n))  {  return  false;  }  [CE]  [FE]                        IllegalStateException      [CONTEXT]      case  Token.LE:  case  Token.GE:  case  Token.IN:  case  Token.INSTANCEOF:  case  Token.NOT:  return  true;  default:      [BUGGY]  NodeUtil.isStatementBlock(n)&&  NodeUtil.isFunctionAnonymous(n))  {  return  false;  }  [BUGGY]      }  }  [CLASS]  NodeUtil  NumbericResultPredicate  BooleanResultPredicate  MayBeStringResultPredicate  VarCollector  MatchNameNode  MatchNodeType  MatchDeclaration  MatchNotFunction  MatchShallowStatement  [METHOD]  isBooleanResultHelper  [RETURN_TYPE]  boolean  Node  n  [VARIABLES]  BooleanResultPredicate  BOOLEAN_RESULT_PREDICATE  Set  BUILTIN_FUNCTIONS_WITHOUT_SIDEEFFECTS  CONSTRUCTORS_WITHOUT_SIDE_EFFECTS  OBJECT_METHODS_WITHOUT_SIDEEFFECTS  REGEXP_METHODS  STRING_REGEXP_METHODS  defines  emptySet  knownConstants  NumbericResultPredicate  NUMBERIC_RESULT_PREDICATE  boolean  MayBeStringResultPredicate  MAY_BE_STRING_PREDICATE  Node  n  String  JSC_PROPERTY_NAME_FN  childValue  name  namespaceName  rawJsString  s  value  Map  vars  int  c  end  nextSkipSlot  nextSlot  start  type  	projects/Closure80/src/com/google/javascript/jscomp/NodeUtil.java	0.4082482904638631	1264	1264	2	replace	NodeUtil.isStatementBlock(n)&&  NodeUtil.isFunctionAnonymous(n))  {  return  false;  }	  NodeUtil.isFunctionAnonymous(n)&&    NodeUtil.isStatementBlock(n))    {    return    false;    }    	non-compiled	[CE]  	13	None	replace
831	[BUG]  [BUGGY]  NodeUtil.isStatement(n)&&  NodeUtil.isStatementBlock(n))  {  return  false;  }  [CE]  [FE]                          IllegalStateException      [CONTEXT]      case  Token.LE:  case  Token.GE:  case  Token.IN:  case  Token.INSTANCEOF:  case  Token.NOT:  return  true;  default:      [BUGGY]  NodeUtil.isStatement(n)&&  NodeUtil.isStatementBlock(n))  {  return  false;  }  [BUGGY]      }  }  [CLASS]  NodeUtil  NumbericResultPredicate  BooleanResultPredicate  MayBeStringResultPredicate  VarCollector  MatchNameNode  MatchNodeType  MatchDeclaration  MatchNotFunction  MatchShallowStatement  [METHOD]  isBooleanResultHelper  [RETURN_TYPE]  boolean  Node  n  [VARIABLES]  BooleanResultPredicate  BOOLEAN_RESULT_PREDICATE  Set  BUILTIN_FUNCTIONS_WITHOUT_SIDEEFFECTS  CONSTRUCTORS_WITHOUT_SIDE_EFFECTS  OBJECT_METHODS_WITHOUT_SIDEEFFECTS  REGEXP_METHODS  STRING_REGEXP_METHODS  defines  emptySet  knownConstants  NumbericResultPredicate  NUMBERIC_RESULT_PREDICATE  boolean  MayBeStringResultPredicate  MAY_BE_STRING_PREDICATE  Node  n  String  JSC_PROPERTY_NAME_FN  childValue  name  namespaceName  rawJsString  s  value  Map  vars  int  c  end  nextSkipSlot  nextSlot  start  type  	projects/Closure80/src/com/google/javascript/jscomp/NodeUtil.java	0.4082482904638631	1264	1264	2	replace	NodeUtil.isStatement(n)&&  NodeUtil.isStatementBlock(n))  {  return  false;  }	  NodeUtil.isFunctionAnonymous(n)&&    NodeUtil.isStatementBlock(n))    {    return    false;    }    	non-compiled	[CE]  	13	None	replace
832	[BUG]  [BUGGY]  n.getType()!=  Token.FUNCTION  ||  n.getType()!=  Token.EMPTY)  {  return  false;  }  [CE]  [FE]                    IllegalStateException      [CONTEXT]      case  Token.LE:  case  Token.GE:  case  Token.IN:  case  Token.INSTANCEOF:  case  Token.NOT:  return  true;  default:      [BUGGY]  n.getType()!=  Token.FUNCTION  ||  n.getType()!=  Token.EMPTY)  {  return  false;  }  [BUGGY]      }  }  [CLASS]  NodeUtil  NumbericResultPredicate  BooleanResultPredicate  MayBeStringResultPredicate  VarCollector  MatchNameNode  MatchNodeType  MatchDeclaration  MatchNotFunction  MatchShallowStatement  [METHOD]  isBooleanResultHelper  [RETURN_TYPE]  boolean  Node  n  [VARIABLES]  BooleanResultPredicate  BOOLEAN_RESULT_PREDICATE  Set  BUILTIN_FUNCTIONS_WITHOUT_SIDEEFFECTS  CONSTRUCTORS_WITHOUT_SIDE_EFFECTS  OBJECT_METHODS_WITHOUT_SIDEEFFECTS  REGEXP_METHODS  STRING_REGEXP_METHODS  defines  emptySet  knownConstants  NumbericResultPredicate  NUMBERIC_RESULT_PREDICATE  boolean  MayBeStringResultPredicate  MAY_BE_STRING_PREDICATE  Node  n  String  JSC_PROPERTY_NAME_FN  childValue  name  namespaceName  rawJsString  s  value  Map  vars  int  c  end  nextSkipSlot  nextSlot  start  type  	projects/Closure80/src/com/google/javascript/jscomp/NodeUtil.java	0.4082482904638631	1264	1264	2	replace	n.getType()!=  Token.FUNCTION  ||  n.getType()!=  Token.EMPTY)  {  return  false;  }	  if(n.getType()    ==    Token.FUNCTION    ||    n.getType()!=    Token.EMPTY)    {    return    false;    }    	non-compiled	[CE]  	121	None	replace
833	[BUG]  [BUGGY]  n.getType()!=  Token.FUNCTION  ||  n.getType()  ==  Token.EMPTY)  {  return  false;  }  [CE]  [FE]                      IllegalStateException      [CONTEXT]      case  Token.LE:  case  Token.GE:  case  Token.IN:  case  Token.INSTANCEOF:  case  Token.NOT:  return  true;  default:      [BUGGY]  n.getType()!=  Token.FUNCTION  ||  n.getType()  ==  Token.EMPTY)  {  return  false;  }  [BUGGY]      }  }  [CLASS]  NodeUtil  NumbericResultPredicate  BooleanResultPredicate  MayBeStringResultPredicate  VarCollector  MatchNameNode  MatchNodeType  MatchDeclaration  MatchNotFunction  MatchShallowStatement  [METHOD]  isBooleanResultHelper  [RETURN_TYPE]  boolean  Node  n  [VARIABLES]  BooleanResultPredicate  BOOLEAN_RESULT_PREDICATE  Set  BUILTIN_FUNCTIONS_WITHOUT_SIDEEFFECTS  CONSTRUCTORS_WITHOUT_SIDE_EFFECTS  OBJECT_METHODS_WITHOUT_SIDEEFFECTS  REGEXP_METHODS  STRING_REGEXP_METHODS  defines  emptySet  knownConstants  NumbericResultPredicate  NUMBERIC_RESULT_PREDICATE  boolean  MayBeStringResultPredicate  MAY_BE_STRING_PREDICATE  Node  n  String  JSC_PROPERTY_NAME_FN  childValue  name  namespaceName  rawJsString  s  value  Map  vars  int  c  end  nextSkipSlot  nextSlot  start  type  	projects/Closure80/src/com/google/javascript/jscomp/NodeUtil.java	0.4082482904638631	1264	1264	2	replace	n.getType()!=  Token.FUNCTION  ||  n.getType()  ==  Token.EMPTY)  {  return  false;  }	  if(n.getType()    ==    Token.FUNCTION    ||    n.getType()!=    Token.EMPTY)    {    return    false;    }    	non-compiled	[CE]  	121	None	replace
834	[BUG]  [BUGGY]  n.getType()  ==  Token.GETPROP  ||  n.getType()!=  Token.NAME)  {  return  false;  }  [CE]  [FE]                    IllegalStateException      [CONTEXT]      case  Token.LE:  case  Token.GE:  case  Token.IN:  case  Token.INSTANCEOF:  case  Token.NOT:  return  true;  default:      [BUGGY]  n.getType()  ==  Token.GETPROP  ||  n.getType()!=  Token.NAME)  {  return  false;  }  [BUGGY]      }  }  [CLASS]  NodeUtil  NumbericResultPredicate  BooleanResultPredicate  MayBeStringResultPredicate  VarCollector  MatchNameNode  MatchNodeType  MatchDeclaration  MatchNotFunction  MatchShallowStatement  [METHOD]  isBooleanResultHelper  [RETURN_TYPE]  boolean  Node  n  [VARIABLES]  BooleanResultPredicate  BOOLEAN_RESULT_PREDICATE  Set  BUILTIN_FUNCTIONS_WITHOUT_SIDEEFFECTS  CONSTRUCTORS_WITHOUT_SIDE_EFFECTS  OBJECT_METHODS_WITHOUT_SIDEEFFECTS  REGEXP_METHODS  STRING_REGEXP_METHODS  defines  emptySet  knownConstants  NumbericResultPredicate  NUMBERIC_RESULT_PREDICATE  boolean  MayBeStringResultPredicate  MAY_BE_STRING_PREDICATE  Node  n  String  JSC_PROPERTY_NAME_FN  childValue  name  namespaceName  rawJsString  s  value  Map  vars  int  c  end  nextSkipSlot  nextSlot  start  type  	projects/Closure80/src/com/google/javascript/jscomp/NodeUtil.java	0.4082482904638631	1264	1264	2	replace	n.getType()  ==  Token.GETPROP  ||  n.getType()!=  Token.NAME)  {  return  false;  }	  if(n.getType()    ==    Token.GETPROP    ||    n.getType()    ==    Token.NAME)    {    return    false;    }    	non-compiled	[CE]  	59	None	replace
835	[BUG]  [BUGGY]  if(n.getType()!=  Token.GETPROP  &&  n.getType()  ==  Token.VAR)  {  return  false;  }  [CE]  [FE]                    IllegalStateException      [CONTEXT]      case  Token.LE:  case  Token.GE:  case  Token.IN:  case  Token.INSTANCEOF:  case  Token.NOT:  return  true;  default:      [BUGGY]  if(n.getType()!=  Token.GETPROP  &&  n.getType()  ==  Token.VAR)  {  return  false;  }  [BUGGY]      }  }  [CLASS]  NodeUtil  NumbericResultPredicate  BooleanResultPredicate  MayBeStringResultPredicate  VarCollector  MatchNameNode  MatchNodeType  MatchDeclaration  MatchNotFunction  MatchShallowStatement  [METHOD]  isBooleanResultHelper  [RETURN_TYPE]  boolean  Node  n  [VARIABLES]  BooleanResultPredicate  BOOLEAN_RESULT_PREDICATE  Set  BUILTIN_FUNCTIONS_WITHOUT_SIDEEFFECTS  CONSTRUCTORS_WITHOUT_SIDE_EFFECTS  OBJECT_METHODS_WITHOUT_SIDEEFFECTS  REGEXP_METHODS  STRING_REGEXP_METHODS  defines  emptySet  knownConstants  NumbericResultPredicate  NUMBERIC_RESULT_PREDICATE  boolean  MayBeStringResultPredicate  MAY_BE_STRING_PREDICATE  Node  n  String  JSC_PROPERTY_NAME_FN  childValue  name  namespaceName  rawJsString  s  value  Map  vars  int  c  end  nextSkipSlot  nextSlot  start  type  	projects/Closure80/src/com/google/javascript/jscomp/NodeUtil.java	0.4082482904638631	1264	1264	2	replace	if(n.getType()!=  Token.GETPROP  &&  n.getType()  ==  Token.VAR)  {  return  false;  }	  if(n.getType()    ==    Token.GETPROP    ||    n.getType()    ==    Token.VAR)    {    return    false;    }    	non-compiled	[CE]  	130	None	replace
836	[BUG]  [BUGGY]  return(n  ==  null)?  BooleanResultPredicate.UNKNOWN  :  BooleanResultPredicate.UNKNOWN;  [CE]  [FE]              IllegalStateException      [CONTEXT]      case  Token.LE:  case  Token.GE:  case  Token.IN:  case  Token.INSTANCEOF:  case  Token.NOT:  return  true;  default:      [BUGGY]  return(n  ==  null)?  BooleanResultPredicate.UNKNOWN  :  BooleanResultPredicate.UNKNOWN;  [BUGGY]      }  }  [CLASS]  NodeUtil  NumbericResultPredicate  BooleanResultPredicate  MayBeStringResultPredicate  VarCollector  MatchNameNode  MatchNodeType  MatchDeclaration  MatchNotFunction  MatchShallowStatement  [METHOD]  isBooleanResultHelper  [RETURN_TYPE]  boolean  Node  n  [VARIABLES]  BooleanResultPredicate  BOOLEAN_RESULT_PREDICATE  Set  BUILTIN_FUNCTIONS_WITHOUT_SIDEEFFECTS  CONSTRUCTORS_WITHOUT_SIDE_EFFECTS  OBJECT_METHODS_WITHOUT_SIDEEFFECTS  REGEXP_METHODS  STRING_REGEXP_METHODS  defines  emptySet  knownConstants  NumbericResultPredicate  NUMBERIC_RESULT_PREDICATE  boolean  MayBeStringResultPredicate  MAY_BE_STRING_PREDICATE  Node  n  String  JSC_PROPERTY_NAME_FN  childValue  name  namespaceName  rawJsString  s  value  Map  vars  int  c  end  nextSkipSlot  nextSlot  start  type  	projects/Closure80/src/com/google/javascript/jscomp/NodeUtil.java	0.4082482904638631	1264	1264	2	replace	return(n  ==  null)?  BooleanResultPredicate.UNKNOWN  :  BooleanResultPredicate.UNKNOWN;	  return(n.getType()!=    Token.NAME)?    BooleanResultPredicate.UNKNOWN    :    BooleanResultPredicate.UNKNOWN;    	non-compiled	[CE]  	36	None	replace
837	[BUG]  [BUGGY]  if(n.getType()  ==  Token.GETPROP  &&  n.getString().equals( "prototype ")||  n.getString().equals( "prototype "))  {  return  false;  }  [CE]  [FE]                      IllegalStateException      [CONTEXT]      case  Token.LE:  case  Token.GE:  case  Token.IN:  case  Token.INSTANCEOF:  case  Token.NOT:  return  true;  default:      [BUGGY]  if(n.getType()  ==  Token.GETPROP  &&  n.getString().equals( "prototype ")||  n.getString().equals( "prototype "))  {  return  false;  }  [BUGGY]      }  }  [CLASS]  NodeUtil  NumbericResultPredicate  BooleanResultPredicate  MayBeStringResultPredicate  VarCollector  MatchNameNode  MatchNodeType  MatchDeclaration  MatchNotFunction  MatchShallowStatement  [METHOD]  isBooleanResultHelper  [RETURN_TYPE]  boolean  Node  n  [VARIABLES]  BooleanResultPredicate  BOOLEAN_RESULT_PREDICATE  Set  BUILTIN_FUNCTIONS_WITHOUT_SIDEEFFECTS  CONSTRUCTORS_WITHOUT_SIDE_EFFECTS  OBJECT_METHODS_WITHOUT_SIDEEFFECTS  REGEXP_METHODS  STRING_REGEXP_METHODS  defines  emptySet  knownConstants  NumbericResultPredicate  NUMBERIC_RESULT_PREDICATE  boolean  MayBeStringResultPredicate  MAY_BE_STRING_PREDICATE  Node  n  String  JSC_PROPERTY_NAME_FN  childValue  name  namespaceName  rawJsString  s  value  Map  vars  int  c  end  nextSkipSlot  nextSlot  start  type  	projects/Closure80/src/com/google/javascript/jscomp/NodeUtil.java	0.4082482904638631	1264	1264	2	replace	if(n.getType()  ==  Token.GETPROP  &&  n.getString().equals( "prototype ")||  n.getString().equals( "prototype "))  {  return  false;  }	  if(n.getType()    ==    Token.GETPROP    &&    n.getString().equals(   "prototype   "))    {    return    false;    }    	non-compiled	[CE]  	131	None	replace
838	[BUG]  [BUGGY]  &&  n.getString().equals( "prototype "))  {  return  false;  }  [CE]  [FE]                        IllegalStateException      [CONTEXT]      case  Token.LE:  case  Token.GE:  case  Token.IN:  case  Token.INSTANCEOF:  case  Token.NOT:  return  true;  default:      [BUGGY]  &&  n.getString().equals( "prototype "))  {  return  false;  }  [BUGGY]      }  }  [CLASS]  NodeUtil  NumbericResultPredicate  BooleanResultPredicate  MayBeStringResultPredicate  VarCollector  MatchNameNode  MatchNodeType  MatchDeclaration  MatchNotFunction  MatchShallowStatement  [METHOD]  isBooleanResultHelper  [RETURN_TYPE]  boolean  Node  n  [VARIABLES]  BooleanResultPredicate  BOOLEAN_RESULT_PREDICATE  Set  BUILTIN_FUNCTIONS_WITHOUT_SIDEEFFECTS  CONSTRUCTORS_WITHOUT_SIDE_EFFECTS  OBJECT_METHODS_WITHOUT_SIDEEFFECTS  REGEXP_METHODS  STRING_REGEXP_METHODS  defines  emptySet  knownConstants  NumbericResultPredicate  NUMBERIC_RESULT_PREDICATE  boolean  MayBeStringResultPredicate  MAY_BE_STRING_PREDICATE  Node  n  String  JSC_PROPERTY_NAME_FN  childValue  name  namespaceName  rawJsString  s  value  Map  vars  int  c  end  nextSkipSlot  nextSlot  start  type  	projects/Closure80/src/com/google/javascript/jscomp/NodeUtil.java	0.4082482904638631	1264	1264	2	replace	&&  n.getString().equals( "prototype "))  {  return  false;  }	  if(n.getType()    ==    Token.GETPROP    &&    n.getString().equals(   "prototype   "))    {    return    false;    }    	non-compiled	[CE]  	131	None	replace
839	[BUG]  [BUGGY]  return(n.getType()  ==  Token.NAME)?  BooleanResultPredicate.UNKNOWN  :  BooleanResultPredicate.UNKNOWN  +  4;  [CE]  [FE]                      IllegalStateException      [CONTEXT]      case  Token.LE:  case  Token.GE:  case  Token.IN:  case  Token.INSTANCEOF:  case  Token.NOT:  return  true;  default:      [BUGGY]  return(n.getType()  ==  Token.NAME)?  BooleanResultPredicate.UNKNOWN  :  BooleanResultPredicate.UNKNOWN  +  4;  [BUGGY]      }  }  [CLASS]  NodeUtil  NumbericResultPredicate  BooleanResultPredicate  MayBeStringResultPredicate  VarCollector  MatchNameNode  MatchNodeType  MatchDeclaration  MatchNotFunction  MatchShallowStatement  [METHOD]  isBooleanResultHelper  [RETURN_TYPE]  boolean  Node  n  [VARIABLES]  BooleanResultPredicate  BOOLEAN_RESULT_PREDICATE  Set  BUILTIN_FUNCTIONS_WITHOUT_SIDEEFFECTS  CONSTRUCTORS_WITHOUT_SIDE_EFFECTS  OBJECT_METHODS_WITHOUT_SIDEEFFECTS  REGEXP_METHODS  STRING_REGEXP_METHODS  defines  emptySet  knownConstants  NumbericResultPredicate  NUMBERIC_RESULT_PREDICATE  boolean  MayBeStringResultPredicate  MAY_BE_STRING_PREDICATE  Node  n  String  JSC_PROPERTY_NAME_FN  childValue  name  namespaceName  rawJsString  s  value  Map  vars  int  c  end  nextSkipSlot  nextSlot  start  type  	projects/Closure80/src/com/google/javascript/jscomp/NodeUtil.java	0.4082482904638631	1264	1264	2	replace	return(n.getType()  ==  Token.NAME)?  BooleanResultPredicate.UNKNOWN  :  BooleanResultPredicate.UNKNOWN  +  4;	  return(n.getType()    ==    Token.NAME)?    BooleanResultPredicate.UNKNOWN    :    BooleanResultPredicate.UNKNOWN    +    1;    	non-compiled	[CE]  	40	None	replace
840	[BUG]  [BUGGY]  n.setType(Token.GETPROP)&&  n.getFirstChild()!=  null)  {  return  false;  }  [CE]  [FE]                          IllegalStateException      [CONTEXT]      case  Token.LE:  case  Token.GE:  case  Token.IN:  case  Token.INSTANCEOF:  case  Token.NOT:  return  true;  default:      [BUGGY]  n.setType(Token.GETPROP)&&  n.getFirstChild()!=  null)  {  return  false;  }  [BUGGY]      }  }  [CLASS]  NodeUtil  NumbericResultPredicate  BooleanResultPredicate  MayBeStringResultPredicate  VarCollector  MatchNameNode  MatchNodeType  MatchDeclaration  MatchNotFunction  MatchShallowStatement  [METHOD]  isBooleanResultHelper  [RETURN_TYPE]  boolean  Node  n  [VARIABLES]  BooleanResultPredicate  BOOLEAN_RESULT_PREDICATE  Set  BUILTIN_FUNCTIONS_WITHOUT_SIDEEFFECTS  CONSTRUCTORS_WITHOUT_SIDE_EFFECTS  OBJECT_METHODS_WITHOUT_SIDEEFFECTS  REGEXP_METHODS  STRING_REGEXP_METHODS  defines  emptySet  knownConstants  NumbericResultPredicate  NUMBERIC_RESULT_PREDICATE  boolean  MayBeStringResultPredicate  MAY_BE_STRING_PREDICATE  Node  n  String  JSC_PROPERTY_NAME_FN  childValue  name  namespaceName  rawJsString  s  value  Map  vars  int  c  end  nextSkipSlot  nextSlot  start  type  	projects/Closure80/src/com/google/javascript/jscomp/NodeUtil.java	0.4082482904638631	1264	1264	2	replace	n.setType(Token.GETPROP)&&  n.getFirstChild()!=  null)  {  return  false;  }	  if(n.getType()    ==    Token.GETPROP    &&    n.getFirstChild()!=    null)    {    return    false;    }    	non-compiled	[CE]  	133	None	replace
841	[BUG]  [BUGGY]  if(n.getType()!=  Token.GETPROP  &&  n.getFirstChild()  ==  null)  {  return  false;  }  [CE]  [FE]                            IllegalStateException      [CONTEXT]      case  Token.LE:  case  Token.GE:  case  Token.IN:  case  Token.INSTANCEOF:  case  Token.NOT:  return  true;  default:      [BUGGY]  if(n.getType()!=  Token.GETPROP  &&  n.getFirstChild()  ==  null)  {  return  false;  }  [BUGGY]      }  }  [CLASS]  NodeUtil  NumbericResultPredicate  BooleanResultPredicate  MayBeStringResultPredicate  VarCollector  MatchNameNode  MatchNodeType  MatchDeclaration  MatchNotFunction  MatchShallowStatement  [METHOD]  isBooleanResultHelper  [RETURN_TYPE]  boolean  Node  n  [VARIABLES]  BooleanResultPredicate  BOOLEAN_RESULT_PREDICATE  Set  BUILTIN_FUNCTIONS_WITHOUT_SIDEEFFECTS  CONSTRUCTORS_WITHOUT_SIDE_EFFECTS  OBJECT_METHODS_WITHOUT_SIDEEFFECTS  REGEXP_METHODS  STRING_REGEXP_METHODS  defines  emptySet  knownConstants  NumbericResultPredicate  NUMBERIC_RESULT_PREDICATE  boolean  MayBeStringResultPredicate  MAY_BE_STRING_PREDICATE  Node  n  String  JSC_PROPERTY_NAME_FN  childValue  name  namespaceName  rawJsString  s  value  Map  vars  int  c  end  nextSkipSlot  nextSlot  start  type  	projects/Closure80/src/com/google/javascript/jscomp/NodeUtil.java	0.4082482904638631	1264	1264	2	replace	if(n.getType()!=  Token.GETPROP  &&  n.getFirstChild()  ==  null)  {  return  false;  }	  if(n.getType()    ==    Token.GETPROP    &&    n.getFirstChild()!=    null)    {    return    false;    }    	non-compiled	[CE]  	133	None	replace
842	[BUG]  [BUGGY]  Preconditions.checkState(n.getType()  ==  Token.EMPTY);  [CE]  [FE]                              IllegalStateException      [CONTEXT]      case  Token.LE:  case  Token.GE:  case  Token.IN:  case  Token.INSTANCEOF:  case  Token.NOT:  return  true;  default:      [BUGGY]  Preconditions.checkState(n.getType()  ==  Token.EMPTY);  [BUGGY]      }  }  [CLASS]  NodeUtil  NumbericResultPredicate  BooleanResultPredicate  MayBeStringResultPredicate  VarCollector  MatchNameNode  MatchNodeType  MatchDeclaration  MatchNotFunction  MatchShallowStatement  [METHOD]  isBooleanResultHelper  [RETURN_TYPE]  boolean  Node  n  [VARIABLES]  BooleanResultPredicate  BOOLEAN_RESULT_PREDICATE  Set  BUILTIN_FUNCTIONS_WITHOUT_SIDEEFFECTS  CONSTRUCTORS_WITHOUT_SIDE_EFFECTS  OBJECT_METHODS_WITHOUT_SIDEEFFECTS  REGEXP_METHODS  STRING_REGEXP_METHODS  defines  emptySet  knownConstants  NumbericResultPredicate  NUMBERIC_RESULT_PREDICATE  boolean  MayBeStringResultPredicate  MAY_BE_STRING_PREDICATE  Node  n  String  JSC_PROPERTY_NAME_FN  childValue  name  namespaceName  rawJsString  s  value  Map  vars  int  c  end  nextSkipSlot  nextSlot  start  type  	projects/Closure80/src/com/google/javascript/jscomp/NodeUtil.java	0.4082482904638631	1264	1264	2	replace	Preconditions.checkState(n.getType()  ==  Token.EMPTY);	  Preconditions.checkState(n.getType()    ==    Token.FUNCTION);    	non-compiled	[CE]  	97	None	replace
843	[BUG]  [BUGGY]  if(n.getType()  ==  Token.GETPROP  &&!NodeUtil.mayHaveSideEffects(n))  {  return  false;  }  [CE]  [FE]                      IllegalStateException      [CONTEXT]      case  Token.LE:  case  Token.GE:  case  Token.IN:  case  Token.INSTANCEOF:  case  Token.NOT:  return  true;  default:      [BUGGY]  if(n.getType()  ==  Token.GETPROP  &&!NodeUtil.mayHaveSideEffects(n))  {  return  false;  }  [BUGGY]      }  }  [CLASS]  NodeUtil  NumbericResultPredicate  BooleanResultPredicate  MayBeStringResultPredicate  VarCollector  MatchNameNode  MatchNodeType  MatchDeclaration  MatchNotFunction  MatchShallowStatement  [METHOD]  isBooleanResultHelper  [RETURN_TYPE]  boolean  Node  n  [VARIABLES]  BooleanResultPredicate  BOOLEAN_RESULT_PREDICATE  Set  BUILTIN_FUNCTIONS_WITHOUT_SIDEEFFECTS  CONSTRUCTORS_WITHOUT_SIDE_EFFECTS  OBJECT_METHODS_WITHOUT_SIDEEFFECTS  REGEXP_METHODS  STRING_REGEXP_METHODS  defines  emptySet  knownConstants  NumbericResultPredicate  NUMBERIC_RESULT_PREDICATE  boolean  MayBeStringResultPredicate  MAY_BE_STRING_PREDICATE  Node  n  String  JSC_PROPERTY_NAME_FN  childValue  name  namespaceName  rawJsString  s  value  Map  vars  int  c  end  nextSkipSlot  nextSlot  start  type  	projects/Closure80/src/com/google/javascript/jscomp/NodeUtil.java	0.4082482904638631	1264	1264	2	replace	if(n.getType()  ==  Token.GETPROP  &&!NodeUtil.mayHaveSideEffects(n))  {  return  false;  }	  if(n.getType()    ==    Token.GETPROP    &&!NodeUtil.isFunctionDeclaration(n))    {    return    false;    }    	non-compiled	[CE]  	60	None	replace
844	[BUG]  [BUGGY]  if(n.getType()!=  Token.GETPROP  &&!NodeUtil.isFunctionDeclaration(n))  {  return  false;  }  [CE]  [FE]                        IllegalStateException      [CONTEXT]      case  Token.LE:  case  Token.GE:  case  Token.IN:  case  Token.INSTANCEOF:  case  Token.NOT:  return  true;  default:      [BUGGY]  if(n.getType()!=  Token.GETPROP  &&!NodeUtil.isFunctionDeclaration(n))  {  return  false;  }  [BUGGY]      }  }  [CLASS]  NodeUtil  NumbericResultPredicate  BooleanResultPredicate  MayBeStringResultPredicate  VarCollector  MatchNameNode  MatchNodeType  MatchDeclaration  MatchNotFunction  MatchShallowStatement  [METHOD]  isBooleanResultHelper  [RETURN_TYPE]  boolean  Node  n  [VARIABLES]  BooleanResultPredicate  BOOLEAN_RESULT_PREDICATE  Set  BUILTIN_FUNCTIONS_WITHOUT_SIDEEFFECTS  CONSTRUCTORS_WITHOUT_SIDE_EFFECTS  OBJECT_METHODS_WITHOUT_SIDEEFFECTS  REGEXP_METHODS  STRING_REGEXP_METHODS  defines  emptySet  knownConstants  NumbericResultPredicate  NUMBERIC_RESULT_PREDICATE  boolean  MayBeStringResultPredicate  MAY_BE_STRING_PREDICATE  Node  n  String  JSC_PROPERTY_NAME_FN  childValue  name  namespaceName  rawJsString  s  value  Map  vars  int  c  end  nextSkipSlot  nextSlot  start  type  	projects/Closure80/src/com/google/javascript/jscomp/NodeUtil.java	0.4082482904638631	1264	1264	2	replace	if(n.getType()!=  Token.GETPROP  &&!NodeUtil.isFunctionDeclaration(n))  {  return  false;  }	  if(n.getType()    ==    Token.GETPROP    &&!NodeUtil.isFunctionDeclaration(n))    {    return    false;    }    	non-compiled	[CE]  	60	None	replace
845	[BUG]  [BUGGY]  n.setType(Token.GETPROP)&&!NodeUtil.isFunctionDeclaration(n))  {  return  false;  }  [CE]  [FE]                          IllegalStateException      [CONTEXT]      case  Token.LE:  case  Token.GE:  case  Token.IN:  case  Token.INSTANCEOF:  case  Token.NOT:  return  true;  default:      [BUGGY]  n.setType(Token.GETPROP)&&!NodeUtil.isFunctionDeclaration(n))  {  return  false;  }  [BUGGY]      }  }  [CLASS]  NodeUtil  NumbericResultPredicate  BooleanResultPredicate  MayBeStringResultPredicate  VarCollector  MatchNameNode  MatchNodeType  MatchDeclaration  MatchNotFunction  MatchShallowStatement  [METHOD]  isBooleanResultHelper  [RETURN_TYPE]  boolean  Node  n  [VARIABLES]  BooleanResultPredicate  BOOLEAN_RESULT_PREDICATE  Set  BUILTIN_FUNCTIONS_WITHOUT_SIDEEFFECTS  CONSTRUCTORS_WITHOUT_SIDE_EFFECTS  OBJECT_METHODS_WITHOUT_SIDEEFFECTS  REGEXP_METHODS  STRING_REGEXP_METHODS  defines  emptySet  knownConstants  NumbericResultPredicate  NUMBERIC_RESULT_PREDICATE  boolean  MayBeStringResultPredicate  MAY_BE_STRING_PREDICATE  Node  n  String  JSC_PROPERTY_NAME_FN  childValue  name  namespaceName  rawJsString  s  value  Map  vars  int  c  end  nextSkipSlot  nextSlot  start  type  	projects/Closure80/src/com/google/javascript/jscomp/NodeUtil.java	0.4082482904638631	1264	1264	2	replace	n.setType(Token.GETPROP)&&!NodeUtil.isFunctionDeclaration(n))  {  return  false;  }	  if(n.getType()    ==    Token.GETPROP    &&!NodeUtil.isFunctionDeclaration(n))    {    return    false;    }    	non-compiled	[CE]  	60	None	replace
846	[BUG]  [BUGGY]  return(n.getType()  ==  Token.NAME)&  BooleanResultPredicate.FALSE  :  BooleanResultPredicate.EMPTY;  [CE]  [FE]                  IllegalStateException      [CONTEXT]      case  Token.LE:  case  Token.GE:  case  Token.IN:  case  Token.INSTANCEOF:  case  Token.NOT:  return  true;  default:      [BUGGY]  return(n.getType()  ==  Token.NAME)&  BooleanResultPredicate.FALSE  :  BooleanResultPredicate.EMPTY;  [BUGGY]      }  }  [CLASS]  NodeUtil  NumbericResultPredicate  BooleanResultPredicate  MayBeStringResultPredicate  VarCollector  MatchNameNode  MatchNodeType  MatchDeclaration  MatchNotFunction  MatchShallowStatement  [METHOD]  isBooleanResultHelper  [RETURN_TYPE]  boolean  Node  n  [VARIABLES]  BooleanResultPredicate  BOOLEAN_RESULT_PREDICATE  Set  BUILTIN_FUNCTIONS_WITHOUT_SIDEEFFECTS  CONSTRUCTORS_WITHOUT_SIDE_EFFECTS  OBJECT_METHODS_WITHOUT_SIDEEFFECTS  REGEXP_METHODS  STRING_REGEXP_METHODS  defines  emptySet  knownConstants  NumbericResultPredicate  NUMBERIC_RESULT_PREDICATE  boolean  MayBeStringResultPredicate  MAY_BE_STRING_PREDICATE  Node  n  String  JSC_PROPERTY_NAME_FN  childValue  name  namespaceName  rawJsString  s  value  Map  vars  int  c  end  nextSkipSlot  nextSlot  start  type  	projects/Closure80/src/com/google/javascript/jscomp/NodeUtil.java	0.4082482904638631	1264	1264	2	replace	return(n.getType()  ==  Token.NAME)&  BooleanResultPredicate.FALSE  :  BooleanResultPredicate.EMPTY;	  return(n.getType()    ==    Token.NAME)?    BooleanResultPredicate.FALSE    :    BooleanResultPredicate.EMPTY;    	non-compiled	[CE]  	74	None	replace
847	[BUG]  [BUGGY]  return(n.getType()  ==  Token.STRING)?  BooleanResultPredicate.FALSE  :  BooleanResultPredicate.EMPTY;  [CE]  [FE]                    IllegalStateException      [CONTEXT]      case  Token.LE:  case  Token.GE:  case  Token.IN:  case  Token.INSTANCEOF:  case  Token.NOT:  return  true;  default:      [BUGGY]  return(n.getType()  ==  Token.STRING)?  BooleanResultPredicate.FALSE  :  BooleanResultPredicate.EMPTY;  [BUGGY]      }  }  [CLASS]  NodeUtil  NumbericResultPredicate  BooleanResultPredicate  MayBeStringResultPredicate  VarCollector  MatchNameNode  MatchNodeType  MatchDeclaration  MatchNotFunction  MatchShallowStatement  [METHOD]  isBooleanResultHelper  [RETURN_TYPE]  boolean  Node  n  [VARIABLES]  BooleanResultPredicate  BOOLEAN_RESULT_PREDICATE  Set  BUILTIN_FUNCTIONS_WITHOUT_SIDEEFFECTS  CONSTRUCTORS_WITHOUT_SIDE_EFFECTS  OBJECT_METHODS_WITHOUT_SIDEEFFECTS  REGEXP_METHODS  STRING_REGEXP_METHODS  defines  emptySet  knownConstants  NumbericResultPredicate  NUMBERIC_RESULT_PREDICATE  boolean  MayBeStringResultPredicate  MAY_BE_STRING_PREDICATE  Node  n  String  JSC_PROPERTY_NAME_FN  childValue  name  namespaceName  rawJsString  s  value  Map  vars  int  c  end  nextSkipSlot  nextSlot  start  type  	projects/Closure80/src/com/google/javascript/jscomp/NodeUtil.java	0.4082482904638631	1264	1264	2	replace	return(n.getType()  ==  Token.STRING)?  BooleanResultPredicate.FALSE  :  BooleanResultPredicate.EMPTY;	  return(n.getType()    ==    Token.NAME)?    BooleanResultPredicate.FALSE    :    BooleanResultPredicate.EMPTY;    	non-compiled	[CE]  	74	None	replace
848	[BUG]  [BUGGY]  return(n.getType()  ==  Token.NAME)?  BooleanResultPredicate.FALSE  :  BooleanResultPredicate.EMPTY  +  1;  [CE]  [FE]                      IllegalStateException      [CONTEXT]      case  Token.LE:  case  Token.GE:  case  Token.IN:  case  Token.INSTANCEOF:  case  Token.NOT:  return  true;  default:      [BUGGY]  return(n.getType()  ==  Token.NAME)?  BooleanResultPredicate.FALSE  :  BooleanResultPredicate.EMPTY  +  1;  [BUGGY]      }  }  [CLASS]  NodeUtil  NumbericResultPredicate  BooleanResultPredicate  MayBeStringResultPredicate  VarCollector  MatchNameNode  MatchNodeType  MatchDeclaration  MatchNotFunction  MatchShallowStatement  [METHOD]  isBooleanResultHelper  [RETURN_TYPE]  boolean  Node  n  [VARIABLES]  BooleanResultPredicate  BOOLEAN_RESULT_PREDICATE  Set  BUILTIN_FUNCTIONS_WITHOUT_SIDEEFFECTS  CONSTRUCTORS_WITHOUT_SIDE_EFFECTS  OBJECT_METHODS_WITHOUT_SIDEEFFECTS  REGEXP_METHODS  STRING_REGEXP_METHODS  defines  emptySet  knownConstants  NumbericResultPredicate  NUMBERIC_RESULT_PREDICATE  boolean  MayBeStringResultPredicate  MAY_BE_STRING_PREDICATE  Node  n  String  JSC_PROPERTY_NAME_FN  childValue  name  namespaceName  rawJsString  s  value  Map  vars  int  c  end  nextSkipSlot  nextSlot  start  type  	projects/Closure80/src/com/google/javascript/jscomp/NodeUtil.java	0.4082482904638631	1264	1264	2	replace	return(n.getType()  ==  Token.NAME)?  BooleanResultPredicate.FALSE  :  BooleanResultPredicate.EMPTY  +  1;	  return(n.getType()    ==    Token.NAME)?    BooleanResultPredicate.FALSE    :    BooleanResultPredicate.EMPTY;    	non-compiled	[CE]  	74	None	replace
849	[BUG]  [BUGGY]  NodeUtil.isFunctionAnonymous(n)||  NodeUtil.isLhs(n))  {  return  true;  }  [CE]  [FE]                  IllegalStateException      [CONTEXT]      case  Token.LE:  case  Token.GE:  case  Token.IN:  case  Token.INSTANCEOF:  case  Token.NOT:  return  true;  default:      [BUGGY]  NodeUtil.isFunctionAnonymous(n)||  NodeUtil.isLhs(n))  {  return  true;  }  [BUGGY]      }  }  [CLASS]  NodeUtil  NumbericResultPredicate  BooleanResultPredicate  MayBeStringResultPredicate  VarCollector  MatchNameNode  MatchNodeType  MatchDeclaration  MatchNotFunction  MatchShallowStatement  [METHOD]  isBooleanResultHelper  [RETURN_TYPE]  boolean  Node  n  [VARIABLES]  BooleanResultPredicate  BOOLEAN_RESULT_PREDICATE  Set  BUILTIN_FUNCTIONS_WITHOUT_SIDEEFFECTS  CONSTRUCTORS_WITHOUT_SIDE_EFFECTS  OBJECT_METHODS_WITHOUT_SIDEEFFECTS  REGEXP_METHODS  STRING_REGEXP_METHODS  defines  emptySet  knownConstants  NumbericResultPredicate  NUMBERIC_RESULT_PREDICATE  boolean  MayBeStringResultPredicate  MAY_BE_STRING_PREDICATE  Node  n  String  JSC_PROPERTY_NAME_FN  childValue  name  namespaceName  rawJsString  s  value  Map  vars  int  c  end  nextSkipSlot  nextSlot  start  type  	projects/Closure80/src/com/google/javascript/jscomp/NodeUtil.java	0.4082482904638631	1264	1264	2	replace	NodeUtil.isFunctionAnonymous(n)||  NodeUtil.isLhs(n))  {  return  true;  }	  if(NodeUtil.isFunctionAnonymous(n)||    NodeUtil.isLhs(n))    {    return    false;    }    	non-compiled	[CE]  	138	None	replace
850	[BUG]  [BUGGY]  Preconditions.checkState(NodeUtil.isFunctionDeclaration(n)||  n.getType()  ==  Token.FUNCTION)  {  return  false;  }  [CE]  [FE]                        IllegalStateException      [CONTEXT]      case  Token.LE:  case  Token.GE:  case  Token.IN:  case  Token.INSTANCEOF:  case  Token.NOT:  return  true;  default:      [BUGGY]  Preconditions.checkState(NodeUtil.isFunctionDeclaration(n)||  n.getType()  ==  Token.FUNCTION)  {  return  false;  }  [BUGGY]      }  }  [CLASS]  NodeUtil  NumbericResultPredicate  BooleanResultPredicate  MayBeStringResultPredicate  VarCollector  MatchNameNode  MatchNodeType  MatchDeclaration  MatchNotFunction  MatchShallowStatement  [METHOD]  isBooleanResultHelper  [RETURN_TYPE]  boolean  Node  n  [VARIABLES]  BooleanResultPredicate  BOOLEAN_RESULT_PREDICATE  Set  BUILTIN_FUNCTIONS_WITHOUT_SIDEEFFECTS  CONSTRUCTORS_WITHOUT_SIDE_EFFECTS  OBJECT_METHODS_WITHOUT_SIDEEFFECTS  REGEXP_METHODS  STRING_REGEXP_METHODS  defines  emptySet  knownConstants  NumbericResultPredicate  NUMBERIC_RESULT_PREDICATE  boolean  MayBeStringResultPredicate  MAY_BE_STRING_PREDICATE  Node  n  String  JSC_PROPERTY_NAME_FN  childValue  name  namespaceName  rawJsString  s  value  Map  vars  int  c  end  nextSkipSlot  nextSlot  start  type  	projects/Closure80/src/com/google/javascript/jscomp/NodeUtil.java	0.4082482904638631	1264	1264	2	replace	Preconditions.checkState(NodeUtil.isFunctionDeclaration(n)||  n.getType()  ==  Token.FUNCTION)  {  return  false;  }	  if(NodeUtil.isFunctionDeclaration(n)||    n.getType()    ==    Token.FUNCTION)    {    return    false;    }    	non-compiled	[CE]  	10	None	replace
851	[BUG]  [BUGGY]  if(NodeUtil.isFunctionDeclaration(n)||  n.getType()!=  Token.FUNCTION)  {  return  false;  }  [CE]  [FE]                          IllegalStateException      [CONTEXT]      case  Token.LE:  case  Token.GE:  case  Token.IN:  case  Token.INSTANCEOF:  case  Token.NOT:  return  true;  default:      [BUGGY]  if(NodeUtil.isFunctionDeclaration(n)||  n.getType()!=  Token.FUNCTION)  {  return  false;  }  [BUGGY]      }  }  [CLASS]  NodeUtil  NumbericResultPredicate  BooleanResultPredicate  MayBeStringResultPredicate  VarCollector  MatchNameNode  MatchNodeType  MatchDeclaration  MatchNotFunction  MatchShallowStatement  [METHOD]  isBooleanResultHelper  [RETURN_TYPE]  boolean  Node  n  [VARIABLES]  BooleanResultPredicate  BOOLEAN_RESULT_PREDICATE  Set  BUILTIN_FUNCTIONS_WITHOUT_SIDEEFFECTS  CONSTRUCTORS_WITHOUT_SIDE_EFFECTS  OBJECT_METHODS_WITHOUT_SIDEEFFECTS  REGEXP_METHODS  STRING_REGEXP_METHODS  defines  emptySet  knownConstants  NumbericResultPredicate  NUMBERIC_RESULT_PREDICATE  boolean  MayBeStringResultPredicate  MAY_BE_STRING_PREDICATE  Node  n  String  JSC_PROPERTY_NAME_FN  childValue  name  namespaceName  rawJsString  s  value  Map  vars  int  c  end  nextSkipSlot  nextSlot  start  type  	projects/Closure80/src/com/google/javascript/jscomp/NodeUtil.java	0.4082482904638631	1264	1264	2	replace	if(NodeUtil.isFunctionDeclaration(n)||  n.getType()!=  Token.FUNCTION)  {  return  false;  }	  if(NodeUtil.isFunctionDeclaration(n)||    n.getType()    ==    Token.FUNCTION)    {    return    false;    }    	non-compiled	[CE]  	10	None	replace
852	[BUG]  [BUGGY]  NodeUtil.isFunctionAnonymous(n)||  NodeUtil.isExprNode(n))  {  return  false;  }  [CE]  [FE]                        IllegalStateException      [CONTEXT]      case  Token.LE:  case  Token.GE:  case  Token.IN:  case  Token.INSTANCEOF:  case  Token.NOT:  return  true;  default:      [BUGGY]  NodeUtil.isFunctionAnonymous(n)||  NodeUtil.isExprNode(n))  {  return  false;  }  [BUGGY]      }  }  [CLASS]  NodeUtil  NumbericResultPredicate  BooleanResultPredicate  MayBeStringResultPredicate  VarCollector  MatchNameNode  MatchNodeType  MatchDeclaration  MatchNotFunction  MatchShallowStatement  [METHOD]  isBooleanResultHelper  [RETURN_TYPE]  boolean  Node  n  [VARIABLES]  BooleanResultPredicate  BOOLEAN_RESULT_PREDICATE  Set  BUILTIN_FUNCTIONS_WITHOUT_SIDEEFFECTS  CONSTRUCTORS_WITHOUT_SIDE_EFFECTS  OBJECT_METHODS_WITHOUT_SIDEEFFECTS  REGEXP_METHODS  STRING_REGEXP_METHODS  defines  emptySet  knownConstants  NumbericResultPredicate  NUMBERIC_RESULT_PREDICATE  boolean  MayBeStringResultPredicate  MAY_BE_STRING_PREDICATE  Node  n  String  JSC_PROPERTY_NAME_FN  childValue  name  namespaceName  rawJsString  s  value  Map  vars  int  c  end  nextSkipSlot  nextSlot  start  type  	projects/Closure80/src/com/google/javascript/jscomp/NodeUtil.java	0.4082482904638631	1264	1264	2	replace	NodeUtil.isFunctionAnonymous(n)||  NodeUtil.isExprNode(n))  {  return  false;  }	  NodeUtil.isFunctionAnonymous(n)||    NodeUtil.isExpressionNode(n))    {    return    false;    }    	non-compiled	[CE]  	4	None	replace
853	[BUG]  [BUGGY]  NodeUtil.isFunctionAnonymous(n)||  NodeUtil.isExpressionNode(n))  {  return  true;  }  [CE]  [FE]                          IllegalStateException      [CONTEXT]      case  Token.LE:  case  Token.GE:  case  Token.IN:  case  Token.INSTANCEOF:  case  Token.NOT:  return  true;  default:      [BUGGY]  NodeUtil.isFunctionAnonymous(n)||  NodeUtil.isExpressionNode(n))  {  return  true;  }  [BUGGY]      }  }  [CLASS]  NodeUtil  NumbericResultPredicate  BooleanResultPredicate  MayBeStringResultPredicate  VarCollector  MatchNameNode  MatchNodeType  MatchDeclaration  MatchNotFunction  MatchShallowStatement  [METHOD]  isBooleanResultHelper  [RETURN_TYPE]  boolean  Node  n  [VARIABLES]  BooleanResultPredicate  BOOLEAN_RESULT_PREDICATE  Set  BUILTIN_FUNCTIONS_WITHOUT_SIDEEFFECTS  CONSTRUCTORS_WITHOUT_SIDE_EFFECTS  OBJECT_METHODS_WITHOUT_SIDEEFFECTS  REGEXP_METHODS  STRING_REGEXP_METHODS  defines  emptySet  knownConstants  NumbericResultPredicate  NUMBERIC_RESULT_PREDICATE  boolean  MayBeStringResultPredicate  MAY_BE_STRING_PREDICATE  Node  n  String  JSC_PROPERTY_NAME_FN  childValue  name  namespaceName  rawJsString  s  value  Map  vars  int  c  end  nextSkipSlot  nextSlot  start  type  	projects/Closure80/src/com/google/javascript/jscomp/NodeUtil.java	0.4082482904638631	1264	1264	2	replace	NodeUtil.isFunctionAnonymous(n)||  NodeUtil.isExpressionNode(n))  {  return  true;  }	  NodeUtil.isFunctionAnonymous(n)||    NodeUtil.isExpressionNode(n))    {    return    false;    }    	non-compiled	[CE]  	4	None	replace
854	[BUG]  [BUGGY]  while(n.getType()!=  Token.FUNCTION)  {  return  false;  }  [CE]  [FE]                            IllegalStateException      [CONTEXT]      case  Token.LE:  case  Token.GE:  case  Token.IN:  case  Token.INSTANCEOF:  case  Token.NOT:  return  true;  default:      [BUGGY]  while(n.getType()!=  Token.FUNCTION)  {  return  false;  }  [BUGGY]      }  }  [CLASS]  NodeUtil  NumbericResultPredicate  BooleanResultPredicate  MayBeStringResultPredicate  VarCollector  MatchNameNode  MatchNodeType  MatchDeclaration  MatchNotFunction  MatchShallowStatement  [METHOD]  isBooleanResultHelper  [RETURN_TYPE]  boolean  Node  n  [VARIABLES]  BooleanResultPredicate  BOOLEAN_RESULT_PREDICATE  Set  BUILTIN_FUNCTIONS_WITHOUT_SIDEEFFECTS  CONSTRUCTORS_WITHOUT_SIDE_EFFECTS  OBJECT_METHODS_WITHOUT_SIDEEFFECTS  REGEXP_METHODS  STRING_REGEXP_METHODS  defines  emptySet  knownConstants  NumbericResultPredicate  NUMBERIC_RESULT_PREDICATE  boolean  MayBeStringResultPredicate  MAY_BE_STRING_PREDICATE  Node  n  String  JSC_PROPERTY_NAME_FN  childValue  name  namespaceName  rawJsString  s  value  Map  vars  int  c  end  nextSkipSlot  nextSlot  start  type  	projects/Closure80/src/com/google/javascript/jscomp/NodeUtil.java	0.4082482904638631	1264	1264	2	replace	while(n.getType()!=  Token.FUNCTION)  {  return  false;  }	  if(n.getType()!=    Token.FUNCTION)    {    return    false;    }    	non-compiled	[CE]  	29	None	replace
855	[BUG]  [BUGGY]  n.setType(Token.FUNCTION)  {  return  false;  }  [CE]  [FE]                              IllegalStateException      [CONTEXT]      case  Token.LE:  case  Token.GE:  case  Token.IN:  case  Token.INSTANCEOF:  case  Token.NOT:  return  true;  default:      [BUGGY]  n.setType(Token.FUNCTION)  {  return  false;  }  [BUGGY]      }  }  [CLASS]  NodeUtil  NumbericResultPredicate  BooleanResultPredicate  MayBeStringResultPredicate  VarCollector  MatchNameNode  MatchNodeType  MatchDeclaration  MatchNotFunction  MatchShallowStatement  [METHOD]  isBooleanResultHelper  [RETURN_TYPE]  boolean  Node  n  [VARIABLES]  BooleanResultPredicate  BOOLEAN_RESULT_PREDICATE  Set  BUILTIN_FUNCTIONS_WITHOUT_SIDEEFFECTS  CONSTRUCTORS_WITHOUT_SIDE_EFFECTS  OBJECT_METHODS_WITHOUT_SIDEEFFECTS  REGEXP_METHODS  STRING_REGEXP_METHODS  defines  emptySet  knownConstants  NumbericResultPredicate  NUMBERIC_RESULT_PREDICATE  boolean  MayBeStringResultPredicate  MAY_BE_STRING_PREDICATE  Node  n  String  JSC_PROPERTY_NAME_FN  childValue  name  namespaceName  rawJsString  s  value  Map  vars  int  c  end  nextSkipSlot  nextSlot  start  type  	projects/Closure80/src/com/google/javascript/jscomp/NodeUtil.java	0.4082482904638631	1264	1264	2	replace	n.setType(Token.FUNCTION)  {  return  false;  }	  if(n.getType()!=    Token.FUNCTION)    {    return    false;    }    	non-compiled	[CE]  	29	None	replace
856	[BUG]  [BUGGY]  if(n.getType()!=  Token.GETPROP  &&!NodeUtil.isFunctionAnonymous(n))  {  return  false;  }  [CE]  [FE]                              IllegalStateException      [CONTEXT]      case  Token.LE:  case  Token.GE:  case  Token.IN:  case  Token.INSTANCEOF:  case  Token.NOT:  return  true;  default:      [BUGGY]  if(n.getType()!=  Token.GETPROP  &&!NodeUtil.isFunctionAnonymous(n))  {  return  false;  }  [BUGGY]      }  }  [CLASS]  NodeUtil  NumbericResultPredicate  BooleanResultPredicate  MayBeStringResultPredicate  VarCollector  MatchNameNode  MatchNodeType  MatchDeclaration  MatchNotFunction  MatchShallowStatement  [METHOD]  isBooleanResultHelper  [RETURN_TYPE]  boolean  Node  n  [VARIABLES]  BooleanResultPredicate  BOOLEAN_RESULT_PREDICATE  Set  BUILTIN_FUNCTIONS_WITHOUT_SIDEEFFECTS  CONSTRUCTORS_WITHOUT_SIDE_EFFECTS  OBJECT_METHODS_WITHOUT_SIDEEFFECTS  REGEXP_METHODS  STRING_REGEXP_METHODS  defines  emptySet  knownConstants  NumbericResultPredicate  NUMBERIC_RESULT_PREDICATE  boolean  MayBeStringResultPredicate  MAY_BE_STRING_PREDICATE  Node  n  String  JSC_PROPERTY_NAME_FN  childValue  name  namespaceName  rawJsString  s  value  Map  vars  int  c  end  nextSkipSlot  nextSlot  start  type  	projects/Closure80/src/com/google/javascript/jscomp/NodeUtil.java	0.4082482904638631	1264	1264	2	replace	if(n.getType()!=  Token.GETPROP  &&!NodeUtil.isFunctionAnonymous(n))  {  return  false;  }	  if(n.getType()    ==    Token.GETPROP    &&!NodeUtil.isFunctionAnonymous(n))    {    return    false;    }    	non-compiled	[CE]  	64	None	replace
857	[BUG]  [BUGGY]  ||  NodeUtil.isFunctionAnonymous(n)&&!NodeUtil.mayHaveSideEffects(n))  {  return  false;  }  [CE]  [FE]                  IllegalStateException      [CONTEXT]      case  Token.LE:  case  Token.GE:  case  Token.IN:  case  Token.INSTANCEOF:  case  Token.NOT:  return  true;  default:      [BUGGY]  ||  NodeUtil.isFunctionAnonymous(n)&&!NodeUtil.mayHaveSideEffects(n))  {  return  false;  }  [BUGGY]      }  }  [CLASS]  NodeUtil  NumbericResultPredicate  BooleanResultPredicate  MayBeStringResultPredicate  VarCollector  MatchNameNode  MatchNodeType  MatchDeclaration  MatchNotFunction  MatchShallowStatement  [METHOD]  isBooleanResultHelper  [RETURN_TYPE]  boolean  Node  n  [VARIABLES]  BooleanResultPredicate  BOOLEAN_RESULT_PREDICATE  Set  BUILTIN_FUNCTIONS_WITHOUT_SIDEEFFECTS  CONSTRUCTORS_WITHOUT_SIDE_EFFECTS  OBJECT_METHODS_WITHOUT_SIDEEFFECTS  REGEXP_METHODS  STRING_REGEXP_METHODS  defines  emptySet  knownConstants  NumbericResultPredicate  NUMBERIC_RESULT_PREDICATE  boolean  MayBeStringResultPredicate  MAY_BE_STRING_PREDICATE  Node  n  String  JSC_PROPERTY_NAME_FN  childValue  name  namespaceName  rawJsString  s  value  Map  vars  int  c  end  nextSkipSlot  nextSlot  start  type  	projects/Closure80/src/com/google/javascript/jscomp/NodeUtil.java	0.4082482904638631	1264	1264	2	replace	||  NodeUtil.isFunctionAnonymous(n)&&!NodeUtil.mayHaveSideEffects(n))  {  return  false;  }	  ||    NodeUtil.isFunctionAnonymous(n))    {    return    false;    }    	non-compiled	[CE]  	25	None	replace
858	[BUG]  [BUGGY]  ||  NodeUtil.mayHaveSideEffects(n))  {  return  false;  }  [CE]  [FE]                    IllegalStateException      [CONTEXT]      case  Token.LE:  case  Token.GE:  case  Token.IN:  case  Token.INSTANCEOF:  case  Token.NOT:  return  true;  default:      [BUGGY]  ||  NodeUtil.mayHaveSideEffects(n))  {  return  false;  }  [BUGGY]      }  }  [CLASS]  NodeUtil  NumbericResultPredicate  BooleanResultPredicate  MayBeStringResultPredicate  VarCollector  MatchNameNode  MatchNodeType  MatchDeclaration  MatchNotFunction  MatchShallowStatement  [METHOD]  isBooleanResultHelper  [RETURN_TYPE]  boolean  Node  n  [VARIABLES]  BooleanResultPredicate  BOOLEAN_RESULT_PREDICATE  Set  BUILTIN_FUNCTIONS_WITHOUT_SIDEEFFECTS  CONSTRUCTORS_WITHOUT_SIDE_EFFECTS  OBJECT_METHODS_WITHOUT_SIDEEFFECTS  REGEXP_METHODS  STRING_REGEXP_METHODS  defines  emptySet  knownConstants  NumbericResultPredicate  NUMBERIC_RESULT_PREDICATE  boolean  MayBeStringResultPredicate  MAY_BE_STRING_PREDICATE  Node  n  String  JSC_PROPERTY_NAME_FN  childValue  name  namespaceName  rawJsString  s  value  Map  vars  int  c  end  nextSkipSlot  nextSlot  start  type  	projects/Closure80/src/com/google/javascript/jscomp/NodeUtil.java	0.4082482904638631	1264	1264	2	replace	||  NodeUtil.mayHaveSideEffects(n))  {  return  false;  }	  ||    NodeUtil.isFunctionAnonymous(n))    {    return    false;    }    	non-compiled	[CE]  	25	None	replace
859	[BUG]  [BUGGY]  NodeUtil.mayHaveSideEffects(n)&&  NodeUtil.isFunctionBoolean(n))  {  return  false;  }  [CE]  [FE]                  IllegalStateException      [CONTEXT]      case  Token.LE:  case  Token.GE:  case  Token.IN:  case  Token.INSTANCEOF:  case  Token.NOT:  return  true;  default:      [BUGGY]  NodeUtil.mayHaveSideEffects(n)&&  NodeUtil.isFunctionBoolean(n))  {  return  false;  }  [BUGGY]      }  }  [CLASS]  NodeUtil  NumbericResultPredicate  BooleanResultPredicate  MayBeStringResultPredicate  VarCollector  MatchNameNode  MatchNodeType  MatchDeclaration  MatchNotFunction  MatchShallowStatement  [METHOD]  isBooleanResultHelper  [RETURN_TYPE]  boolean  Node  n  [VARIABLES]  BooleanResultPredicate  BOOLEAN_RESULT_PREDICATE  Set  BUILTIN_FUNCTIONS_WITHOUT_SIDEEFFECTS  CONSTRUCTORS_WITHOUT_SIDE_EFFECTS  OBJECT_METHODS_WITHOUT_SIDEEFFECTS  REGEXP_METHODS  STRING_REGEXP_METHODS  defines  emptySet  knownConstants  NumbericResultPredicate  NUMBERIC_RESULT_PREDICATE  boolean  MayBeStringResultPredicate  MAY_BE_STRING_PREDICATE  Node  n  String  JSC_PROPERTY_NAME_FN  childValue  name  namespaceName  rawJsString  s  value  Map  vars  int  c  end  nextSkipSlot  nextSlot  start  type  	projects/Closure80/src/com/google/javascript/jscomp/NodeUtil.java	0.4082482904638631	1264	1264	2	replace	NodeUtil.mayHaveSideEffects(n)&&  NodeUtil.isFunctionBoolean(n))  {  return  false;  }	  NodeUtil.isFunctionAnonymous(n)&&    NodeUtil.isFunctionBoolean(n))    {    return    false;    }    	non-compiled	[CE]  	77	None	replace
860	[BUG]  [BUGGY]  NodeUtil.isFunctionAnonymous(n)&&  NodeUtil.isFunctionBoolean(n))  {  return  true;  }  [CE]  [FE]                    IllegalStateException      [CONTEXT]      case  Token.LE:  case  Token.GE:  case  Token.IN:  case  Token.INSTANCEOF:  case  Token.NOT:  return  true;  default:      [BUGGY]  NodeUtil.isFunctionAnonymous(n)&&  NodeUtil.isFunctionBoolean(n))  {  return  true;  }  [BUGGY]      }  }  [CLASS]  NodeUtil  NumbericResultPredicate  BooleanResultPredicate  MayBeStringResultPredicate  VarCollector  MatchNameNode  MatchNodeType  MatchDeclaration  MatchNotFunction  MatchShallowStatement  [METHOD]  isBooleanResultHelper  [RETURN_TYPE]  boolean  Node  n  [VARIABLES]  BooleanResultPredicate  BOOLEAN_RESULT_PREDICATE  Set  BUILTIN_FUNCTIONS_WITHOUT_SIDEEFFECTS  CONSTRUCTORS_WITHOUT_SIDE_EFFECTS  OBJECT_METHODS_WITHOUT_SIDEEFFECTS  REGEXP_METHODS  STRING_REGEXP_METHODS  defines  emptySet  knownConstants  NumbericResultPredicate  NUMBERIC_RESULT_PREDICATE  boolean  MayBeStringResultPredicate  MAY_BE_STRING_PREDICATE  Node  n  String  JSC_PROPERTY_NAME_FN  childValue  name  namespaceName  rawJsString  s  value  Map  vars  int  c  end  nextSkipSlot  nextSlot  start  type  	projects/Closure80/src/com/google/javascript/jscomp/NodeUtil.java	0.4082482904638631	1264	1264	2	replace	NodeUtil.isFunctionAnonymous(n)&&  NodeUtil.isFunctionBoolean(n))  {  return  true;  }	  NodeUtil.isFunctionAnonymous(n)&&    NodeUtil.isFunctionBoolean(n))    {    return    false;    }    	non-compiled	[CE]  	77	None	replace
861	[BUG]  [BUGGY]  for(Node  c  =  n.getFirstChild();  c  ==  null;  c  =  c.getNext())  {  NodeTraversal.traverse(compiler,  n,  this);  }  [CE]  [FE]                                  IllegalStateException      [CONTEXT]      case  Token.LE:  case  Token.GE:  case  Token.IN:  case  Token.INSTANCEOF:  case  Token.NOT:  return  true;  default:      [BUGGY]  for(Node  c  =  n.getFirstChild();  c  ==  null;  c  =  c.getNext())  {  NodeTraversal.traverse(compiler,  n,  this);  }  [BUGGY]      }  }  [CLASS]  NodeUtil  NumbericResultPredicate  BooleanResultPredicate  MayBeStringResultPredicate  VarCollector  MatchNameNode  MatchNodeType  MatchDeclaration  MatchNotFunction  MatchShallowStatement  [METHOD]  isBooleanResultHelper  [RETURN_TYPE]  boolean  Node  n  [VARIABLES]  BooleanResultPredicate  BOOLEAN_RESULT_PREDICATE  Set  BUILTIN_FUNCTIONS_WITHOUT_SIDEEFFECTS  CONSTRUCTORS_WITHOUT_SIDE_EFFECTS  OBJECT_METHODS_WITHOUT_SIDEEFFECTS  REGEXP_METHODS  STRING_REGEXP_METHODS  defines  emptySet  knownConstants  NumbericResultPredicate  NUMBERIC_RESULT_PREDICATE  boolean  MayBeStringResultPredicate  MAY_BE_STRING_PREDICATE  Node  n  String  JSC_PROPERTY_NAME_FN  childValue  name  namespaceName  rawJsString  s  value  Map  vars  int  c  end  nextSkipSlot  nextSlot  start  type  	projects/Closure80/src/com/google/javascript/jscomp/NodeUtil.java	0.4082482904638631	1264	1264	2	replace	for(Node  c  =  n.getFirstChild();  c  ==  null;  c  =  c.getNext())  {  NodeTraversal.traverse(compiler,  n,  this);  }	  for(Node    c    =    n.getFirstChild();    c!=    null;    c    =    c.getNext())    {    NodeTraversal.traverse(compiler,    n,    this);    }    	non-compiled	[CE]  	148	None	replace
862	[BUG]  [BUGGY]  ||  n.getType()  [Delete]  Token.FUNCTION)  {  return  false;  }  [CE]  [FE]                IllegalStateException      [CONTEXT]      case  Token.LE:  case  Token.GE:  case  Token.IN:  case  Token.INSTANCEOF:  case  Token.NOT:  return  true;  default:      [BUGGY]  ||  n.getType()  [Delete]  Token.FUNCTION)  {  return  false;  }  [BUGGY]      }  }  [CLASS]  NodeUtil  NumbericResultPredicate  BooleanResultPredicate  MayBeStringResultPredicate  VarCollector  MatchNameNode  MatchNodeType  MatchDeclaration  MatchNotFunction  MatchShallowStatement  [METHOD]  isBooleanResultHelper  [RETURN_TYPE]  boolean  Node  n  [VARIABLES]  BooleanResultPredicate  BOOLEAN_RESULT_PREDICATE  Set  BUILTIN_FUNCTIONS_WITHOUT_SIDEEFFECTS  CONSTRUCTORS_WITHOUT_SIDE_EFFECTS  OBJECT_METHODS_WITHOUT_SIDEEFFECTS  REGEXP_METHODS  STRING_REGEXP_METHODS  defines  emptySet  knownConstants  NumbericResultPredicate  NUMBERIC_RESULT_PREDICATE  boolean  MayBeStringResultPredicate  MAY_BE_STRING_PREDICATE  Node  n  String  JSC_PROPERTY_NAME_FN  childValue  name  namespaceName  rawJsString  s  value  Map  vars  int  c  end  nextSkipSlot  nextSlot  start  type  	projects/Closure80/src/com/google/javascript/jscomp/NodeUtil.java	0.4082482904638631	1264	1264	2	replace	||  n.getType()  [Delete]  Token.FUNCTION)  {  return  false;  }	  ||    n.getType()    ==    Token.FUNCTION)    {    return    false;    }    	non-compiled	[CE]  	41	None	replace
863	[BUG]  [BUGGY]  return(n.getType()  ==  Token.FUNCTION)?  BooleanResultPredicate.FALSE  :  BooleanResultPredicate.FALSE;  [CE]  [FE]            IllegalStateException      [CONTEXT]      case  Token.LE:  case  Token.GE:  case  Token.IN:  case  Token.INSTANCEOF:  case  Token.NOT:  return  true;  default:      [BUGGY]  return(n.getType()  ==  Token.FUNCTION)?  BooleanResultPredicate.FALSE  :  BooleanResultPredicate.FALSE;  [BUGGY]      }  }  [CLASS]  NodeUtil  NumbericResultPredicate  BooleanResultPredicate  MayBeStringResultPredicate  VarCollector  MatchNameNode  MatchNodeType  MatchDeclaration  MatchNotFunction  MatchShallowStatement  [METHOD]  isBooleanResultHelper  [RETURN_TYPE]  boolean  Node  n  [VARIABLES]  BooleanResultPredicate  BOOLEAN_RESULT_PREDICATE  Set  BUILTIN_FUNCTIONS_WITHOUT_SIDEEFFECTS  CONSTRUCTORS_WITHOUT_SIDE_EFFECTS  OBJECT_METHODS_WITHOUT_SIDEEFFECTS  REGEXP_METHODS  STRING_REGEXP_METHODS  defines  emptySet  knownConstants  NumbericResultPredicate  NUMBERIC_RESULT_PREDICATE  boolean  MayBeStringResultPredicate  MAY_BE_STRING_PREDICATE  Node  n  String  JSC_PROPERTY_NAME_FN  childValue  name  namespaceName  rawJsString  s  value  Map  vars  int  c  end  nextSkipSlot  nextSlot  start  type  	projects/Closure80/src/com/google/javascript/jscomp/NodeUtil.java	0.4082482904638631	1264	1264	2	replace	return(n.getType()  ==  Token.FUNCTION)?  BooleanResultPredicate.FALSE  :  BooleanResultPredicate.FALSE;	  return(n.getType()    ==    Token.FUNCTION)?    BooleanResultPredicate.TRUE    :    BooleanResultPredicate.FALSE;    	non-compiled	[CE]  	80	None	replace
864	[BUG]  [BUGGY]  if(NodeUtil.isVar(n)||  NodeUtil.isFunctionDeclaration(n))  {  return  false;  }  [CE]  [FE]                      IllegalStateException      [CONTEXT]      case  Token.LE:  case  Token.GE:  case  Token.IN:  case  Token.INSTANCEOF:  case  Token.NOT:  return  true;  default:      [BUGGY]  if(NodeUtil.isVar(n)||  NodeUtil.isFunctionDeclaration(n))  {  return  false;  }  [BUGGY]      }  }  [CLASS]  NodeUtil  NumbericResultPredicate  BooleanResultPredicate  MayBeStringResultPredicate  VarCollector  MatchNameNode  MatchNodeType  MatchDeclaration  MatchNotFunction  MatchShallowStatement  [METHOD]  isBooleanResultHelper  [RETURN_TYPE]  boolean  Node  n  [VARIABLES]  BooleanResultPredicate  BOOLEAN_RESULT_PREDICATE  Set  BUILTIN_FUNCTIONS_WITHOUT_SIDEEFFECTS  CONSTRUCTORS_WITHOUT_SIDE_EFFECTS  OBJECT_METHODS_WITHOUT_SIDEEFFECTS  REGEXP_METHODS  STRING_REGEXP_METHODS  defines  emptySet  knownConstants  NumbericResultPredicate  NUMBERIC_RESULT_PREDICATE  boolean  MayBeStringResultPredicate  MAY_BE_STRING_PREDICATE  Node  n  String  JSC_PROPERTY_NAME_FN  childValue  name  namespaceName  rawJsString  s  value  Map  vars  int  c  end  nextSkipSlot  nextSlot  start  type  	projects/Closure80/src/com/google/javascript/jscomp/NodeUtil.java	0.4082482904638631	1264	1264	2	replace	if(NodeUtil.isVar(n)||  NodeUtil.isFunctionDeclaration(n))  {  return  false;  }	  if(NodeUtil.isFunctionDeclaration(n)||    NodeUtil.isVar(n))    {    return    false;    }    	non-compiled	[CE]  	108	None	replace
865	[BUG]  [BUGGY]  if(NodeUtil.isFunctionDeclaration(n)||  NodeUtil.isLhs(n))  {  return  false;  }  [CE]  [FE]                        IllegalStateException      [CONTEXT]      case  Token.LE:  case  Token.GE:  case  Token.IN:  case  Token.INSTANCEOF:  case  Token.NOT:  return  true;  default:      [BUGGY]  if(NodeUtil.isFunctionDeclaration(n)||  NodeUtil.isLhs(n))  {  return  false;  }  [BUGGY]      }  }  [CLASS]  NodeUtil  NumbericResultPredicate  BooleanResultPredicate  MayBeStringResultPredicate  VarCollector  MatchNameNode  MatchNodeType  MatchDeclaration  MatchNotFunction  MatchShallowStatement  [METHOD]  isBooleanResultHelper  [RETURN_TYPE]  boolean  Node  n  [VARIABLES]  BooleanResultPredicate  BOOLEAN_RESULT_PREDICATE  Set  BUILTIN_FUNCTIONS_WITHOUT_SIDEEFFECTS  CONSTRUCTORS_WITHOUT_SIDE_EFFECTS  OBJECT_METHODS_WITHOUT_SIDEEFFECTS  REGEXP_METHODS  STRING_REGEXP_METHODS  defines  emptySet  knownConstants  NumbericResultPredicate  NUMBERIC_RESULT_PREDICATE  boolean  MayBeStringResultPredicate  MAY_BE_STRING_PREDICATE  Node  n  String  JSC_PROPERTY_NAME_FN  childValue  name  namespaceName  rawJsString  s  value  Map  vars  int  c  end  nextSkipSlot  nextSlot  start  type  	projects/Closure80/src/com/google/javascript/jscomp/NodeUtil.java	0.4082482904638631	1264	1264	2	replace	if(NodeUtil.isFunctionDeclaration(n)||  NodeUtil.isLhs(n))  {  return  false;  }	  if(NodeUtil.isFunctionDeclaration(n)||    NodeUtil.isVar(n))    {    return    false;    }    	non-compiled	[CE]  	108	None	replace
866	[BUG]  [BUGGY]  return(n.getType()  ==  Token.NAME)&&  BooleanResultPredicate.BOOLEAN  :  BooleanResultPredicate.FALSE;  [CE]  [FE]                      IllegalStateException      [CONTEXT]      case  Token.LE:  case  Token.GE:  case  Token.IN:  case  Token.INSTANCEOF:  case  Token.NOT:  return  true;  default:      [BUGGY]  return(n.getType()  ==  Token.NAME)&&  BooleanResultPredicate.BOOLEAN  :  BooleanResultPredicate.FALSE;  [BUGGY]      }  }  [CLASS]  NodeUtil  NumbericResultPredicate  BooleanResultPredicate  MayBeStringResultPredicate  VarCollector  MatchNameNode  MatchNodeType  MatchDeclaration  MatchNotFunction  MatchShallowStatement  [METHOD]  isBooleanResultHelper  [RETURN_TYPE]  boolean  Node  n  [VARIABLES]  BooleanResultPredicate  BOOLEAN_RESULT_PREDICATE  Set  BUILTIN_FUNCTIONS_WITHOUT_SIDEEFFECTS  CONSTRUCTORS_WITHOUT_SIDE_EFFECTS  OBJECT_METHODS_WITHOUT_SIDEEFFECTS  REGEXP_METHODS  STRING_REGEXP_METHODS  defines  emptySet  knownConstants  NumbericResultPredicate  NUMBERIC_RESULT_PREDICATE  boolean  MayBeStringResultPredicate  MAY_BE_STRING_PREDICATE  Node  n  String  JSC_PROPERTY_NAME_FN  childValue  name  namespaceName  rawJsString  s  value  Map  vars  int  c  end  nextSkipSlot  nextSlot  start  type  	projects/Closure80/src/com/google/javascript/jscomp/NodeUtil.java	0.4082482904638631	1264	1264	2	replace	return(n.getType()  ==  Token.NAME)&&  BooleanResultPredicate.BOOLEAN  :  BooleanResultPredicate.FALSE;	  return(n.getType()    ==    Token.NAME)?    BooleanResultPredicate.BOOLEAN    :    BooleanResultPredicate.FALSE;    	non-compiled	[CE]  	90	None	replace
867	[BUG]  [BUGGY]  return(n.getType()!=  Token.NAME)?  BooleanResultPredicate.BOOLEAN  :  BooleanResultPredicate.FALSE;  [CE]  [FE]                        IllegalStateException      [CONTEXT]      case  Token.LE:  case  Token.GE:  case  Token.IN:  case  Token.INSTANCEOF:  case  Token.NOT:  return  true;  default:      [BUGGY]  return(n.getType()!=  Token.NAME)?  BooleanResultPredicate.BOOLEAN  :  BooleanResultPredicate.FALSE;  [BUGGY]      }  }  [CLASS]  NodeUtil  NumbericResultPredicate  BooleanResultPredicate  MayBeStringResultPredicate  VarCollector  MatchNameNode  MatchNodeType  MatchDeclaration  MatchNotFunction  MatchShallowStatement  [METHOD]  isBooleanResultHelper  [RETURN_TYPE]  boolean  Node  n  [VARIABLES]  BooleanResultPredicate  BOOLEAN_RESULT_PREDICATE  Set  BUILTIN_FUNCTIONS_WITHOUT_SIDEEFFECTS  CONSTRUCTORS_WITHOUT_SIDE_EFFECTS  OBJECT_METHODS_WITHOUT_SIDEEFFECTS  REGEXP_METHODS  STRING_REGEXP_METHODS  defines  emptySet  knownConstants  NumbericResultPredicate  NUMBERIC_RESULT_PREDICATE  boolean  MayBeStringResultPredicate  MAY_BE_STRING_PREDICATE  Node  n  String  JSC_PROPERTY_NAME_FN  childValue  name  namespaceName  rawJsString  s  value  Map  vars  int  c  end  nextSkipSlot  nextSlot  start  type  	projects/Closure80/src/com/google/javascript/jscomp/NodeUtil.java	0.4082482904638631	1264	1264	2	replace	return(n.getType()!=  Token.NAME)?  BooleanResultPredicate.BOOLEAN  :  BooleanResultPredicate.FALSE;	  return(n.getType()    ==    Token.NAME)?    BooleanResultPredicate.BOOLEAN    :    BooleanResultPredicate.FALSE;    	non-compiled	[CE]  	90	None	replace
868	[BUG]  [BUGGY]  return(n.getType()  ==  Token.VAR)?  BooleanResultPredicate.BOOLEAN  :  BooleanResultPredicate.FALSE;  [CE]  [FE]                          IllegalStateException      [CONTEXT]      case  Token.LE:  case  Token.GE:  case  Token.IN:  case  Token.INSTANCEOF:  case  Token.NOT:  return  true;  default:      [BUGGY]  return(n.getType()  ==  Token.VAR)?  BooleanResultPredicate.BOOLEAN  :  BooleanResultPredicate.FALSE;  [BUGGY]      }  }  [CLASS]  NodeUtil  NumbericResultPredicate  BooleanResultPredicate  MayBeStringResultPredicate  VarCollector  MatchNameNode  MatchNodeType  MatchDeclaration  MatchNotFunction  MatchShallowStatement  [METHOD]  isBooleanResultHelper  [RETURN_TYPE]  boolean  Node  n  [VARIABLES]  BooleanResultPredicate  BOOLEAN_RESULT_PREDICATE  Set  BUILTIN_FUNCTIONS_WITHOUT_SIDEEFFECTS  CONSTRUCTORS_WITHOUT_SIDE_EFFECTS  OBJECT_METHODS_WITHOUT_SIDEEFFECTS  REGEXP_METHODS  STRING_REGEXP_METHODS  defines  emptySet  knownConstants  NumbericResultPredicate  NUMBERIC_RESULT_PREDICATE  boolean  MayBeStringResultPredicate  MAY_BE_STRING_PREDICATE  Node  n  String  JSC_PROPERTY_NAME_FN  childValue  name  namespaceName  rawJsString  s  value  Map  vars  int  c  end  nextSkipSlot  nextSlot  start  type  	projects/Closure80/src/com/google/javascript/jscomp/NodeUtil.java	0.4082482904638631	1264	1264	2	replace	return(n.getType()  ==  Token.VAR)?  BooleanResultPredicate.BOOLEAN  :  BooleanResultPredicate.FALSE;	  return(n.getType()    ==    Token.NAME)?    BooleanResultPredicate.BOOLEAN    :    BooleanResultPredicate.FALSE;    	non-compiled	[CE]  	90	None	replace
869	[BUG]  [BUGGY]  return(n.getType()  ==  Token.VAR)?  BooleanResultPredicate.UNKNOWN  :  BooleanResultPredicate.UNKNOWN;  [CE]  [FE]                IllegalStateException      [CONTEXT]      case  Token.LE:  case  Token.GE:  case  Token.IN:  case  Token.INSTANCEOF:  case  Token.NOT:  return  true;  default:      [BUGGY]  return(n.getType()  ==  Token.VAR)?  BooleanResultPredicate.UNKNOWN  :  BooleanResultPredicate.UNKNOWN;  [BUGGY]      }  }  [CLASS]  NodeUtil  NumbericResultPredicate  BooleanResultPredicate  MayBeStringResultPredicate  VarCollector  MatchNameNode  MatchNodeType  MatchDeclaration  MatchNotFunction  MatchShallowStatement  [METHOD]  isBooleanResultHelper  [RETURN_TYPE]  boolean  Node  n  [VARIABLES]  BooleanResultPredicate  BOOLEAN_RESULT_PREDICATE  Set  BUILTIN_FUNCTIONS_WITHOUT_SIDEEFFECTS  CONSTRUCTORS_WITHOUT_SIDE_EFFECTS  OBJECT_METHODS_WITHOUT_SIDEEFFECTS  REGEXP_METHODS  STRING_REGEXP_METHODS  defines  emptySet  knownConstants  NumbericResultPredicate  NUMBERIC_RESULT_PREDICATE  boolean  MayBeStringResultPredicate  MAY_BE_STRING_PREDICATE  Node  n  String  JSC_PROPERTY_NAME_FN  childValue  name  namespaceName  rawJsString  s  value  Map  vars  int  c  end  nextSkipSlot  nextSlot  start  type  	projects/Closure80/src/com/google/javascript/jscomp/NodeUtil.java	0.4082482904638631	1264	1264	2	replace	return(n.getType()  ==  Token.VAR)?  BooleanResultPredicate.UNKNOWN  :  BooleanResultPredicate.UNKNOWN;	  return(n.getType()    ==    Token.FUNCTION)?    BooleanResultPredicate.UNKNOWN    :    BooleanResultPredicate.UNKNOWN;    	non-compiled	[CE]  	37	None	replace
870	[BUG]  [BUGGY]  return(n.getType()  ==  Token.CATCH)?  BooleanResultPredicate.UNKNOWN  :  BooleanResultPredicate.UNKNOWN;  [CE]  [FE]                  IllegalStateException      [CONTEXT]      case  Token.LE:  case  Token.GE:  case  Token.IN:  case  Token.INSTANCEOF:  case  Token.NOT:  return  true;  default:      [BUGGY]  return(n.getType()  ==  Token.CATCH)?  BooleanResultPredicate.UNKNOWN  :  BooleanResultPredicate.UNKNOWN;  [BUGGY]      }  }  [CLASS]  NodeUtil  NumbericResultPredicate  BooleanResultPredicate  MayBeStringResultPredicate  VarCollector  MatchNameNode  MatchNodeType  MatchDeclaration  MatchNotFunction  MatchShallowStatement  [METHOD]  isBooleanResultHelper  [RETURN_TYPE]  boolean  Node  n  [VARIABLES]  BooleanResultPredicate  BOOLEAN_RESULT_PREDICATE  Set  BUILTIN_FUNCTIONS_WITHOUT_SIDEEFFECTS  CONSTRUCTORS_WITHOUT_SIDE_EFFECTS  OBJECT_METHODS_WITHOUT_SIDEEFFECTS  REGEXP_METHODS  STRING_REGEXP_METHODS  defines  emptySet  knownConstants  NumbericResultPredicate  NUMBERIC_RESULT_PREDICATE  boolean  MayBeStringResultPredicate  MAY_BE_STRING_PREDICATE  Node  n  String  JSC_PROPERTY_NAME_FN  childValue  name  namespaceName  rawJsString  s  value  Map  vars  int  c  end  nextSkipSlot  nextSlot  start  type  	projects/Closure80/src/com/google/javascript/jscomp/NodeUtil.java	0.4082482904638631	1264	1264	2	replace	return(n.getType()  ==  Token.CATCH)?  BooleanResultPredicate.UNKNOWN  :  BooleanResultPredicate.UNKNOWN;	  return(n.getType()    ==    Token.FUNCTION)?    BooleanResultPredicate.UNKNOWN    :    BooleanResultPredicate.UNKNOWN;    	non-compiled	[CE]  	37	None	replace
871	[BUG]  [BUGGY]  if(n.getType()  ==  Token.GETPROP  ||  n.getType()  ==  Token.VAR)  {  return  true;  }  [CE]  [FE]                    IllegalStateException      [CONTEXT]      case  Token.LE:  case  Token.GE:  case  Token.IN:  case  Token.INSTANCEOF:  case  Token.NOT:  return  true;  default:      [BUGGY]  if(n.getType()  ==  Token.GETPROP  ||  n.getType()  ==  Token.VAR)  {  return  true;  }  [BUGGY]      }  }  [CLASS]  NodeUtil  NumbericResultPredicate  BooleanResultPredicate  MayBeStringResultPredicate  VarCollector  MatchNameNode  MatchNodeType  MatchDeclaration  MatchNotFunction  MatchShallowStatement  [METHOD]  isBooleanResultHelper  [RETURN_TYPE]  boolean  Node  n  [VARIABLES]  BooleanResultPredicate  BOOLEAN_RESULT_PREDICATE  Set  BUILTIN_FUNCTIONS_WITHOUT_SIDEEFFECTS  CONSTRUCTORS_WITHOUT_SIDE_EFFECTS  OBJECT_METHODS_WITHOUT_SIDEEFFECTS  REGEXP_METHODS  STRING_REGEXP_METHODS  defines  emptySet  knownConstants  NumbericResultPredicate  NUMBERIC_RESULT_PREDICATE  boolean  MayBeStringResultPredicate  MAY_BE_STRING_PREDICATE  Node  n  String  JSC_PROPERTY_NAME_FN  childValue  name  namespaceName  rawJsString  s  value  Map  vars  int  c  end  nextSkipSlot  nextSlot  start  type  	projects/Closure80/src/com/google/javascript/jscomp/NodeUtil.java	0.4082482904638631	1264	1264	2	replace	if(n.getType()  ==  Token.GETPROP  ||  n.getType()  ==  Token.VAR)  {  return  true;  }	  if(n.getType()    ==    Token.GETPROP)    {    return    true;    }    	non-compiled	[CE]  	99	None	replace
872	[BUG]  [BUGGY]  if(n.getType()  ==  Token.GETPROP  ||  n.getType()  ==  Token.BLOCK)  {  return  true;  }  [CE]  [FE]                      IllegalStateException      [CONTEXT]      case  Token.LE:  case  Token.GE:  case  Token.IN:  case  Token.INSTANCEOF:  case  Token.NOT:  return  true;  default:      [BUGGY]  if(n.getType()  ==  Token.GETPROP  ||  n.getType()  ==  Token.BLOCK)  {  return  true;  }  [BUGGY]      }  }  [CLASS]  NodeUtil  NumbericResultPredicate  BooleanResultPredicate  MayBeStringResultPredicate  VarCollector  MatchNameNode  MatchNodeType  MatchDeclaration  MatchNotFunction  MatchShallowStatement  [METHOD]  isBooleanResultHelper  [RETURN_TYPE]  boolean  Node  n  [VARIABLES]  BooleanResultPredicate  BOOLEAN_RESULT_PREDICATE  Set  BUILTIN_FUNCTIONS_WITHOUT_SIDEEFFECTS  CONSTRUCTORS_WITHOUT_SIDE_EFFECTS  OBJECT_METHODS_WITHOUT_SIDEEFFECTS  REGEXP_METHODS  STRING_REGEXP_METHODS  defines  emptySet  knownConstants  NumbericResultPredicate  NUMBERIC_RESULT_PREDICATE  boolean  MayBeStringResultPredicate  MAY_BE_STRING_PREDICATE  Node  n  String  JSC_PROPERTY_NAME_FN  childValue  name  namespaceName  rawJsString  s  value  Map  vars  int  c  end  nextSkipSlot  nextSlot  start  type  	projects/Closure80/src/com/google/javascript/jscomp/NodeUtil.java	0.4082482904638631	1264	1264	2	replace	if(n.getType()  ==  Token.GETPROP  ||  n.getType()  ==  Token.BLOCK)  {  return  true;  }	  if(n.getType()    ==    Token.GETPROP)    {    return    true;    }    	non-compiled	[CE]  	99	None	replace
873	[BUG]  [BUGGY]  if(n.getType()  ==  Token.GETPROP  ||  n.getType()  ==  Token.SETPROP)  {  return  true;  }  [CE]  [FE]                        IllegalStateException      [CONTEXT]      case  Token.LE:  case  Token.GE:  case  Token.IN:  case  Token.INSTANCEOF:  case  Token.NOT:  return  true;  default:      [BUGGY]  if(n.getType()  ==  Token.GETPROP  ||  n.getType()  ==  Token.SETPROP)  {  return  true;  }  [BUGGY]      }  }  [CLASS]  NodeUtil  NumbericResultPredicate  BooleanResultPredicate  MayBeStringResultPredicate  VarCollector  MatchNameNode  MatchNodeType  MatchDeclaration  MatchNotFunction  MatchShallowStatement  [METHOD]  isBooleanResultHelper  [RETURN_TYPE]  boolean  Node  n  [VARIABLES]  BooleanResultPredicate  BOOLEAN_RESULT_PREDICATE  Set  BUILTIN_FUNCTIONS_WITHOUT_SIDEEFFECTS  CONSTRUCTORS_WITHOUT_SIDE_EFFECTS  OBJECT_METHODS_WITHOUT_SIDEEFFECTS  REGEXP_METHODS  STRING_REGEXP_METHODS  defines  emptySet  knownConstants  NumbericResultPredicate  NUMBERIC_RESULT_PREDICATE  boolean  MayBeStringResultPredicate  MAY_BE_STRING_PREDICATE  Node  n  String  JSC_PROPERTY_NAME_FN  childValue  name  namespaceName  rawJsString  s  value  Map  vars  int  c  end  nextSkipSlot  nextSlot  start  type  	projects/Closure80/src/com/google/javascript/jscomp/NodeUtil.java	0.4082482904638631	1264	1264	2	replace	if(n.getType()  ==  Token.GETPROP  ||  n.getType()  ==  Token.SETPROP)  {  return  true;  }	  if(n.getType()    ==    Token.GETPROP)    {    return    true;    }    	non-compiled	[CE]  	99	None	replace
874	[BUG]  [BUGGY]  return(n.getType()  ==  Token.FUNCTION  ||  n.getType()  ==  Token.FUNCTION)?  BooleanResultPredicate.FALSE  :  BooleanResultPredicate.BOOLEAN;  [CE]  [FE]                    IllegalStateException      [CONTEXT]      case  Token.LE:  case  Token.GE:  case  Token.IN:  case  Token.INSTANCEOF:  case  Token.NOT:  return  true;  default:      [BUGGY]  return(n.getType()  ==  Token.FUNCTION  ||  n.getType()  ==  Token.FUNCTION)?  BooleanResultPredicate.FALSE  :  BooleanResultPredicate.BOOLEAN;  [BUGGY]      }  }  [CLASS]  NodeUtil  NumbericResultPredicate  BooleanResultPredicate  MayBeStringResultPredicate  VarCollector  MatchNameNode  MatchNodeType  MatchDeclaration  MatchNotFunction  MatchShallowStatement  [METHOD]  isBooleanResultHelper  [RETURN_TYPE]  boolean  Node  n  [VARIABLES]  BooleanResultPredicate  BOOLEAN_RESULT_PREDICATE  Set  BUILTIN_FUNCTIONS_WITHOUT_SIDEEFFECTS  CONSTRUCTORS_WITHOUT_SIDE_EFFECTS  OBJECT_METHODS_WITHOUT_SIDEEFFECTS  REGEXP_METHODS  STRING_REGEXP_METHODS  defines  emptySet  knownConstants  NumbericResultPredicate  NUMBERIC_RESULT_PREDICATE  boolean  MayBeStringResultPredicate  MAY_BE_STRING_PREDICATE  Node  n  String  JSC_PROPERTY_NAME_FN  childValue  name  namespaceName  rawJsString  s  value  Map  vars  int  c  end  nextSkipSlot  nextSlot  start  type  	projects/Closure80/src/com/google/javascript/jscomp/NodeUtil.java	0.4082482904638631	1264	1264	2	replace	return(n.getType()  ==  Token.FUNCTION  ||  n.getType()  ==  Token.FUNCTION)?  BooleanResultPredicate.FALSE  :  BooleanResultPredicate.BOOLEAN;	  return(n.getType()    ==    Token.FUNCTION)?    BooleanResultPredicate.FALSE    :    BooleanResultPredicate.BOOLEAN;    	non-compiled	[CE]  	46	None	replace
875	[BUG]  [BUGGY]  if(NodeUtil.isVarDeclaration(n)||  NodeUtil.isFunctionDeclaration(n))  {  return  false;  }  [CE]  [FE]                          IllegalStateException      [CONTEXT]      case  Token.LE:  case  Token.GE:  case  Token.IN:  case  Token.INSTANCEOF:  case  Token.NOT:  return  true;  default:      [BUGGY]  if(NodeUtil.isVarDeclaration(n)||  NodeUtil.isFunctionDeclaration(n))  {  return  false;  }  [BUGGY]      }  }  [CLASS]  NodeUtil  NumbericResultPredicate  BooleanResultPredicate  MayBeStringResultPredicate  VarCollector  MatchNameNode  MatchNodeType  MatchDeclaration  MatchNotFunction  MatchShallowStatement  [METHOD]  isBooleanResultHelper  [RETURN_TYPE]  boolean  Node  n  [VARIABLES]  BooleanResultPredicate  BOOLEAN_RESULT_PREDICATE  Set  BUILTIN_FUNCTIONS_WITHOUT_SIDEEFFECTS  CONSTRUCTORS_WITHOUT_SIDE_EFFECTS  OBJECT_METHODS_WITHOUT_SIDEEFFECTS  REGEXP_METHODS  STRING_REGEXP_METHODS  defines  emptySet  knownConstants  NumbericResultPredicate  NUMBERIC_RESULT_PREDICATE  boolean  MayBeStringResultPredicate  MAY_BE_STRING_PREDICATE  Node  n  String  JSC_PROPERTY_NAME_FN  childValue  name  namespaceName  rawJsString  s  value  Map  vars  int  c  end  nextSkipSlot  nextSlot  start  type  	projects/Closure80/src/com/google/javascript/jscomp/NodeUtil.java	0.4082482904638631	1264	1264	2	replace	if(NodeUtil.isVarDeclaration(n)||  NodeUtil.isFunctionDeclaration(n))  {  return  false;  }	  if(NodeUtil.isFunctionDeclaration(n)||    NodeUtil.isVarDeclaration(n))    {    return    false;    }    	non-compiled	[CE]  	11	None	replace
876	[BUG]  [BUGGY]  if(NodeUtil.isFunctionDeclaration(n)||  NodeUtil.isVarDeclaration(n))  {  return  true;  }  [CE]  [FE]                            IllegalStateException      [CONTEXT]      case  Token.LE:  case  Token.GE:  case  Token.IN:  case  Token.INSTANCEOF:  case  Token.NOT:  return  true;  default:      [BUGGY]  if(NodeUtil.isFunctionDeclaration(n)||  NodeUtil.isVarDeclaration(n))  {  return  true;  }  [BUGGY]      }  }  [CLASS]  NodeUtil  NumbericResultPredicate  BooleanResultPredicate  MayBeStringResultPredicate  VarCollector  MatchNameNode  MatchNodeType  MatchDeclaration  MatchNotFunction  MatchShallowStatement  [METHOD]  isBooleanResultHelper  [RETURN_TYPE]  boolean  Node  n  [VARIABLES]  BooleanResultPredicate  BOOLEAN_RESULT_PREDICATE  Set  BUILTIN_FUNCTIONS_WITHOUT_SIDEEFFECTS  CONSTRUCTORS_WITHOUT_SIDE_EFFECTS  OBJECT_METHODS_WITHOUT_SIDEEFFECTS  REGEXP_METHODS  STRING_REGEXP_METHODS  defines  emptySet  knownConstants  NumbericResultPredicate  NUMBERIC_RESULT_PREDICATE  boolean  MayBeStringResultPredicate  MAY_BE_STRING_PREDICATE  Node  n  String  JSC_PROPERTY_NAME_FN  childValue  name  namespaceName  rawJsString  s  value  Map  vars  int  c  end  nextSkipSlot  nextSlot  start  type  	projects/Closure80/src/com/google/javascript/jscomp/NodeUtil.java	0.4082482904638631	1264	1264	2	replace	if(NodeUtil.isFunctionDeclaration(n)||  NodeUtil.isVarDeclaration(n))  {  return  true;  }	  if(NodeUtil.isFunctionDeclaration(n)||    NodeUtil.isVarDeclaration(n))    {    return    false;    }    	non-compiled	[CE]  	11	None	replace
877	[BUG]  [BUGGY]  NodeUtil.mayEffectMutableStatements(n)&&  NodeUtil.isFunctionAnonymous(n))  {  return  true;  }  [CE]  [FE]                IllegalStateException      [CONTEXT]      case  Token.LE:  case  Token.GE:  case  Token.IN:  case  Token.INSTANCEOF:  case  Token.NOT:  return  true;  default:      [BUGGY]  NodeUtil.mayEffectMutableStatements(n)&&  NodeUtil.isFunctionAnonymous(n))  {  return  true;  }  [BUGGY]      }  }  [CLASS]  NodeUtil  NumbericResultPredicate  BooleanResultPredicate  MayBeStringResultPredicate  VarCollector  MatchNameNode  MatchNodeType  MatchDeclaration  MatchNotFunction  MatchShallowStatement  [METHOD]  isBooleanResultHelper  [RETURN_TYPE]  boolean  Node  n  [VARIABLES]  BooleanResultPredicate  BOOLEAN_RESULT_PREDICATE  Set  BUILTIN_FUNCTIONS_WITHOUT_SIDEEFFECTS  CONSTRUCTORS_WITHOUT_SIDE_EFFECTS  OBJECT_METHODS_WITHOUT_SIDEEFFECTS  REGEXP_METHODS  STRING_REGEXP_METHODS  defines  emptySet  knownConstants  NumbericResultPredicate  NUMBERIC_RESULT_PREDICATE  boolean  MayBeStringResultPredicate  MAY_BE_STRING_PREDICATE  Node  n  String  JSC_PROPERTY_NAME_FN  childValue  name  namespaceName  rawJsString  s  value  Map  vars  int  c  end  nextSkipSlot  nextSlot  start  type  	projects/Closure80/src/com/google/javascript/jscomp/NodeUtil.java	0.4082482904638631	1264	1264	2	replace	NodeUtil.mayEffectMutableStatements(n)&&  NodeUtil.isFunctionAnonymous(n))  {  return  true;  }	  NodeUtil.mayHaveSideEffects(n)&&    NodeUtil.isFunctionAnonymous(n))    {    return    true;    }    	non-compiled	[CE]  	111	None	replace
878	[BUG]  [BUGGY]  NodeUtil.mayHaveSideEffects(n)&&  NodeUtil.isFunctionAnonymous(n);  [CE]  [FE]                  IllegalStateException      [CONTEXT]      case  Token.LE:  case  Token.GE:  case  Token.IN:  case  Token.INSTANCEOF:  case  Token.NOT:  return  true;  default:      [BUGGY]  NodeUtil.mayHaveSideEffects(n)&&  NodeUtil.isFunctionAnonymous(n);  [BUGGY]      }  }  [CLASS]  NodeUtil  NumbericResultPredicate  BooleanResultPredicate  MayBeStringResultPredicate  VarCollector  MatchNameNode  MatchNodeType  MatchDeclaration  MatchNotFunction  MatchShallowStatement  [METHOD]  isBooleanResultHelper  [RETURN_TYPE]  boolean  Node  n  [VARIABLES]  BooleanResultPredicate  BOOLEAN_RESULT_PREDICATE  Set  BUILTIN_FUNCTIONS_WITHOUT_SIDEEFFECTS  CONSTRUCTORS_WITHOUT_SIDE_EFFECTS  OBJECT_METHODS_WITHOUT_SIDEEFFECTS  REGEXP_METHODS  STRING_REGEXP_METHODS  defines  emptySet  knownConstants  NumbericResultPredicate  NUMBERIC_RESULT_PREDICATE  boolean  MayBeStringResultPredicate  MAY_BE_STRING_PREDICATE  Node  n  String  JSC_PROPERTY_NAME_FN  childValue  name  namespaceName  rawJsString  s  value  Map  vars  int  c  end  nextSkipSlot  nextSlot  start  type  	projects/Closure80/src/com/google/javascript/jscomp/NodeUtil.java	0.4082482904638631	1264	1264	2	replace	NodeUtil.mayHaveSideEffects(n)&&  NodeUtil.isFunctionAnonymous(n);	  NodeUtil.mayHaveSideEffects(n)&&    NodeUtil.isFunctionAnonymous(n))    {    return    true;    }    	non-compiled	[CE]  	111	None	replace
879	[BUG]  [BUGGY]  ||  n.getFirstChild().getType()  ==  Token.NAME)  {  return  false;  }  [CE]  [FE]                      IllegalStateException      [CONTEXT]      case  Token.LE:  case  Token.GE:  case  Token.IN:  case  Token.INSTANCEOF:  case  Token.NOT:  return  true;  default:      [BUGGY]  ||  n.getFirstChild().getType()  ==  Token.NAME)  {  return  false;  }  [BUGGY]      }  }  [CLASS]  NodeUtil  NumbericResultPredicate  BooleanResultPredicate  MayBeStringResultPredicate  VarCollector  MatchNameNode  MatchNodeType  MatchDeclaration  MatchNotFunction  MatchShallowStatement  [METHOD]  isBooleanResultHelper  [RETURN_TYPE]  boolean  Node  n  [VARIABLES]  BooleanResultPredicate  BOOLEAN_RESULT_PREDICATE  Set  BUILTIN_FUNCTIONS_WITHOUT_SIDEEFFECTS  CONSTRUCTORS_WITHOUT_SIDE_EFFECTS  OBJECT_METHODS_WITHOUT_SIDEEFFECTS  REGEXP_METHODS  STRING_REGEXP_METHODS  defines  emptySet  knownConstants  NumbericResultPredicate  NUMBERIC_RESULT_PREDICATE  boolean  MayBeStringResultPredicate  MAY_BE_STRING_PREDICATE  Node  n  String  JSC_PROPERTY_NAME_FN  childValue  name  namespaceName  rawJsString  s  value  Map  vars  int  c  end  nextSkipSlot  nextSlot  start  type  	projects/Closure80/src/com/google/javascript/jscomp/NodeUtil.java	0.4082482904638631	1264	1264	2	replace	||  n.getFirstChild().getType()  ==  Token.NAME)  {  return  false;  }	  ||    n.getType()    ==    Token.NAME)    {    return    false;    }    	non-compiled	[CE]  	67	None	replace
880	[BUG]  [BUGGY]  ||  n.getType()  >=  Token.NAME)  {  return  true;  }  [CE]  [FE]                        IllegalStateException      [CONTEXT]      case  Token.LE:  case  Token.GE:  case  Token.IN:  case  Token.INSTANCEOF:  case  Token.NOT:  return  true;  default:      [BUGGY]  ||  n.getType()  >=  Token.NAME)  {  return  true;  }  [BUGGY]      }  }  [CLASS]  NodeUtil  NumbericResultPredicate  BooleanResultPredicate  MayBeStringResultPredicate  VarCollector  MatchNameNode  MatchNodeType  MatchDeclaration  MatchNotFunction  MatchShallowStatement  [METHOD]  isBooleanResultHelper  [RETURN_TYPE]  boolean  Node  n  [VARIABLES]  BooleanResultPredicate  BOOLEAN_RESULT_PREDICATE  Set  BUILTIN_FUNCTIONS_WITHOUT_SIDEEFFECTS  CONSTRUCTORS_WITHOUT_SIDE_EFFECTS  OBJECT_METHODS_WITHOUT_SIDEEFFECTS  REGEXP_METHODS  STRING_REGEXP_METHODS  defines  emptySet  knownConstants  NumbericResultPredicate  NUMBERIC_RESULT_PREDICATE  boolean  MayBeStringResultPredicate  MAY_BE_STRING_PREDICATE  Node  n  String  JSC_PROPERTY_NAME_FN  childValue  name  namespaceName  rawJsString  s  value  Map  vars  int  c  end  nextSkipSlot  nextSlot  start  type  	projects/Closure80/src/com/google/javascript/jscomp/NodeUtil.java	0.4082482904638631	1264	1264	2	replace	||  n.getType()  >=  Token.NAME)  {  return  true;  }	  ||    n.getType()    ==    Token.NAME)    {    return    false;    }    	non-compiled	[CE]  	67	None	replace
881	[BUG]  [BUGGY]  Preconditions.checkArgument(NodeUtil.isFunctionAnonymous(n)||  NodeUtil.isExpressionNode(n))  {  return  false;  }  [CE]  [FE]                  IllegalStateException      [CONTEXT]      case  Token.LE:  case  Token.GE:  case  Token.IN:  case  Token.INSTANCEOF:  case  Token.NOT:  return  true;  default:      [BUGGY]  Preconditions.checkArgument(NodeUtil.isFunctionAnonymous(n)||  NodeUtil.isExpressionNode(n))  {  return  false;  }  [BUGGY]      }  }  [CLASS]  NodeUtil  NumbericResultPredicate  BooleanResultPredicate  MayBeStringResultPredicate  VarCollector  MatchNameNode  MatchNodeType  MatchDeclaration  MatchNotFunction  MatchShallowStatement  [METHOD]  isBooleanResultHelper  [RETURN_TYPE]  boolean  Node  n  [VARIABLES]  BooleanResultPredicate  BOOLEAN_RESULT_PREDICATE  Set  BUILTIN_FUNCTIONS_WITHOUT_SIDEEFFECTS  CONSTRUCTORS_WITHOUT_SIDE_EFFECTS  OBJECT_METHODS_WITHOUT_SIDEEFFECTS  REGEXP_METHODS  STRING_REGEXP_METHODS  defines  emptySet  knownConstants  NumbericResultPredicate  NUMBERIC_RESULT_PREDICATE  boolean  MayBeStringResultPredicate  MAY_BE_STRING_PREDICATE  Node  n  String  JSC_PROPERTY_NAME_FN  childValue  name  namespaceName  rawJsString  s  value  Map  vars  int  c  end  nextSkipSlot  nextSlot  start  type  	projects/Closure80/src/com/google/javascript/jscomp/NodeUtil.java	0.4082482904638631	1264	1264	2	replace	Preconditions.checkArgument(NodeUtil.isFunctionAnonymous(n)||  NodeUtil.isExpressionNode(n))  {  return  false;  }	  Preconditions.checkState(NodeUtil.isFunctionAnonymous(n)||    NodeUtil.isExpressionNode(n))    {    return    false;    }    	non-compiled	[CE]  	85	None	replace
882	[BUG]  [BUGGY]  if(n.getType()!=  Token.NAME  ||  n.getType()!=  Token.FUNCTION)  {  return  true;  }  [CE]  [FE]                  IllegalStateException      [CONTEXT]      case  Token.LE:  case  Token.GE:  case  Token.IN:  case  Token.INSTANCEOF:  case  Token.NOT:  return  true;  default:      [BUGGY]  if(n.getType()!=  Token.NAME  ||  n.getType()!=  Token.FUNCTION)  {  return  true;  }  [BUGGY]      }  }  [CLASS]  NodeUtil  NumbericResultPredicate  BooleanResultPredicate  MayBeStringResultPredicate  VarCollector  MatchNameNode  MatchNodeType  MatchDeclaration  MatchNotFunction  MatchShallowStatement  [METHOD]  isBooleanResultHelper  [RETURN_TYPE]  boolean  Node  n  [VARIABLES]  BooleanResultPredicate  BOOLEAN_RESULT_PREDICATE  Set  BUILTIN_FUNCTIONS_WITHOUT_SIDEEFFECTS  CONSTRUCTORS_WITHOUT_SIDE_EFFECTS  OBJECT_METHODS_WITHOUT_SIDEEFFECTS  REGEXP_METHODS  STRING_REGEXP_METHODS  defines  emptySet  knownConstants  NumbericResultPredicate  NUMBERIC_RESULT_PREDICATE  boolean  MayBeStringResultPredicate  MAY_BE_STRING_PREDICATE  Node  n  String  JSC_PROPERTY_NAME_FN  childValue  name  namespaceName  rawJsString  s  value  Map  vars  int  c  end  nextSkipSlot  nextSlot  start  type  	projects/Closure80/src/com/google/javascript/jscomp/NodeUtil.java	0.4082482904638631	1264	1264	2	replace	if(n.getType()!=  Token.NAME  ||  n.getType()!=  Token.FUNCTION)  {  return  true;  }	  if(n.getType()!=    Token.NAME)    {    return    true;    }    	non-compiled	[CE]  	122	None	replace
883	[BUG]  [BUGGY]  if(n.getType()!=  Token.NAME  ||  n.getType()!=  Token.VAR)  {  return  true;  }  [CE]  [FE]                    IllegalStateException      [CONTEXT]      case  Token.LE:  case  Token.GE:  case  Token.IN:  case  Token.INSTANCEOF:  case  Token.NOT:  return  true;  default:      [BUGGY]  if(n.getType()!=  Token.NAME  ||  n.getType()!=  Token.VAR)  {  return  true;  }  [BUGGY]      }  }  [CLASS]  NodeUtil  NumbericResultPredicate  BooleanResultPredicate  MayBeStringResultPredicate  VarCollector  MatchNameNode  MatchNodeType  MatchDeclaration  MatchNotFunction  MatchShallowStatement  [METHOD]  isBooleanResultHelper  [RETURN_TYPE]  boolean  Node  n  [VARIABLES]  BooleanResultPredicate  BOOLEAN_RESULT_PREDICATE  Set  BUILTIN_FUNCTIONS_WITHOUT_SIDEEFFECTS  CONSTRUCTORS_WITHOUT_SIDE_EFFECTS  OBJECT_METHODS_WITHOUT_SIDEEFFECTS  REGEXP_METHODS  STRING_REGEXP_METHODS  defines  emptySet  knownConstants  NumbericResultPredicate  NUMBERIC_RESULT_PREDICATE  boolean  MayBeStringResultPredicate  MAY_BE_STRING_PREDICATE  Node  n  String  JSC_PROPERTY_NAME_FN  childValue  name  namespaceName  rawJsString  s  value  Map  vars  int  c  end  nextSkipSlot  nextSlot  start  type  	projects/Closure80/src/com/google/javascript/jscomp/NodeUtil.java	0.4082482904638631	1264	1264	2	replace	if(n.getType()!=  Token.NAME  ||  n.getType()!=  Token.VAR)  {  return  true;  }	  if(n.getType()!=    Token.NAME)    {    return    true;    }    	non-compiled	[CE]  	122	None	replace
884	[BUG]  [BUGGY]  if(n.getType()!=  Token.NAME  ||  n.getString().equals( "name "))  {  return  true;  }  [CE]  [FE]                      IllegalStateException      [CONTEXT]      case  Token.LE:  case  Token.GE:  case  Token.IN:  case  Token.INSTANCEOF:  case  Token.NOT:  return  true;  default:      [BUGGY]  if(n.getType()!=  Token.NAME  ||  n.getString().equals( "name "))  {  return  true;  }  [BUGGY]      }  }  [CLASS]  NodeUtil  NumbericResultPredicate  BooleanResultPredicate  MayBeStringResultPredicate  VarCollector  MatchNameNode  MatchNodeType  MatchDeclaration  MatchNotFunction  MatchShallowStatement  [METHOD]  isBooleanResultHelper  [RETURN_TYPE]  boolean  Node  n  [VARIABLES]  BooleanResultPredicate  BOOLEAN_RESULT_PREDICATE  Set  BUILTIN_FUNCTIONS_WITHOUT_SIDEEFFECTS  CONSTRUCTORS_WITHOUT_SIDE_EFFECTS  OBJECT_METHODS_WITHOUT_SIDEEFFECTS  REGEXP_METHODS  STRING_REGEXP_METHODS  defines  emptySet  knownConstants  NumbericResultPredicate  NUMBERIC_RESULT_PREDICATE  boolean  MayBeStringResultPredicate  MAY_BE_STRING_PREDICATE  Node  n  String  JSC_PROPERTY_NAME_FN  childValue  name  namespaceName  rawJsString  s  value  Map  vars  int  c  end  nextSkipSlot  nextSlot  start  type  	projects/Closure80/src/com/google/javascript/jscomp/NodeUtil.java	0.4082482904638631	1264	1264	2	replace	if(n.getType()!=  Token.NAME  ||  n.getString().equals( "name "))  {  return  true;  }	  if(n.getType()!=    Token.NAME)    {    return    true;    }    	non-compiled	[CE]  	122	None	replace
885	[BUG]  [BUGGY]  if(n.getType()!=  Token.NAME)return  false;  }  [CE]  [FE]                        IllegalStateException      [CONTEXT]      case  Token.LE:  case  Token.GE:  case  Token.IN:  case  Token.INSTANCEOF:  case  Token.NOT:  return  true;  default:      [BUGGY]  if(n.getType()!=  Token.NAME)return  false;  }  [BUGGY]      }  }  [CLASS]  NodeUtil  NumbericResultPredicate  BooleanResultPredicate  MayBeStringResultPredicate  VarCollector  MatchNameNode  MatchNodeType  MatchDeclaration  MatchNotFunction  MatchShallowStatement  [METHOD]  isBooleanResultHelper  [RETURN_TYPE]  boolean  Node  n  [VARIABLES]  BooleanResultPredicate  BOOLEAN_RESULT_PREDICATE  Set  BUILTIN_FUNCTIONS_WITHOUT_SIDEEFFECTS  CONSTRUCTORS_WITHOUT_SIDE_EFFECTS  OBJECT_METHODS_WITHOUT_SIDEEFFECTS  REGEXP_METHODS  STRING_REGEXP_METHODS  defines  emptySet  knownConstants  NumbericResultPredicate  NUMBERIC_RESULT_PREDICATE  boolean  MayBeStringResultPredicate  MAY_BE_STRING_PREDICATE  Node  n  String  JSC_PROPERTY_NAME_FN  childValue  name  namespaceName  rawJsString  s  value  Map  vars  int  c  end  nextSkipSlot  nextSlot  start  type  	projects/Closure80/src/com/google/javascript/jscomp/NodeUtil.java	0.4082482904638631	1264	1264	2	replace	if(n.getType()!=  Token.NAME)return  false;  }	  if(n.getType()!=    Token.NAME)    {    return    true;    }    	non-compiled	[CE]  	122	None	replace
886	[BUG]  [BUGGY]  if(NodeUtil.isLhs(n)||  NodeUtil.isFunctionAnonymous(n))  {  return  false;  }  [CE]  [FE]                  IllegalStateException      [CONTEXT]      case  Token.LE:  case  Token.GE:  case  Token.IN:  case  Token.INSTANCEOF:  case  Token.NOT:  return  true;  default:      [BUGGY]  if(NodeUtil.isLhs(n)||  NodeUtil.isFunctionAnonymous(n))  {  return  false;  }  [BUGGY]      }  }  [CLASS]  NodeUtil  NumbericResultPredicate  BooleanResultPredicate  MayBeStringResultPredicate  VarCollector  MatchNameNode  MatchNodeType  MatchDeclaration  MatchNotFunction  MatchShallowStatement  [METHOD]  isBooleanResultHelper  [RETURN_TYPE]  boolean  Node  n  [VARIABLES]  BooleanResultPredicate  BOOLEAN_RESULT_PREDICATE  Set  BUILTIN_FUNCTIONS_WITHOUT_SIDEEFFECTS  CONSTRUCTORS_WITHOUT_SIDE_EFFECTS  OBJECT_METHODS_WITHOUT_SIDEEFFECTS  REGEXP_METHODS  STRING_REGEXP_METHODS  defines  emptySet  knownConstants  NumbericResultPredicate  NUMBERIC_RESULT_PREDICATE  boolean  MayBeStringResultPredicate  MAY_BE_STRING_PREDICATE  Node  n  String  JSC_PROPERTY_NAME_FN  childValue  name  namespaceName  rawJsString  s  value  Map  vars  int  c  end  nextSkipSlot  nextSlot  start  type  	projects/Closure80/src/com/google/javascript/jscomp/NodeUtil.java	0.4082482904638631	1264	1264	2	replace	if(NodeUtil.isLhs(n)||  NodeUtil.isFunctionAnonymous(n))  {  return  false;  }	  if(NodeUtil.isFunctionAnonymous(n)||    NodeUtil.isLhs(n))    {    return    false;    }    	non-compiled	[CE]  	138	None	replace
887	[BUG]  [BUGGY]  if(NodeUtil.isFunctionAnonymous(n)||  NodeUtil.isLhs(n,  1))  {  return  false;  }  [CE]  [FE]                    IllegalStateException      [CONTEXT]      case  Token.LE:  case  Token.GE:  case  Token.IN:  case  Token.INSTANCEOF:  case  Token.NOT:  return  true;  default:      [BUGGY]  if(NodeUtil.isFunctionAnonymous(n)||  NodeUtil.isLhs(n,  1))  {  return  false;  }  [BUGGY]      }  }  [CLASS]  NodeUtil  NumbericResultPredicate  BooleanResultPredicate  MayBeStringResultPredicate  VarCollector  MatchNameNode  MatchNodeType  MatchDeclaration  MatchNotFunction  MatchShallowStatement  [METHOD]  isBooleanResultHelper  [RETURN_TYPE]  boolean  Node  n  [VARIABLES]  BooleanResultPredicate  BOOLEAN_RESULT_PREDICATE  Set  BUILTIN_FUNCTIONS_WITHOUT_SIDEEFFECTS  CONSTRUCTORS_WITHOUT_SIDE_EFFECTS  OBJECT_METHODS_WITHOUT_SIDEEFFECTS  REGEXP_METHODS  STRING_REGEXP_METHODS  defines  emptySet  knownConstants  NumbericResultPredicate  NUMBERIC_RESULT_PREDICATE  boolean  MayBeStringResultPredicate  MAY_BE_STRING_PREDICATE  Node  n  String  JSC_PROPERTY_NAME_FN  childValue  name  namespaceName  rawJsString  s  value  Map  vars  int  c  end  nextSkipSlot  nextSlot  start  type  	projects/Closure80/src/com/google/javascript/jscomp/NodeUtil.java	0.4082482904638631	1264	1264	2	replace	if(NodeUtil.isFunctionAnonymous(n)||  NodeUtil.isLhs(n,  1))  {  return  false;  }	  if(NodeUtil.isFunctionAnonymous(n)||    NodeUtil.isLhs(n))    {    return    false;    }    	non-compiled	[CE]  	138	None	replace
888	[BUG]  [BUGGY]  if(NodeUtil.isFunctionAnonymous(n)||  NodeUtil.isLhs(n,  2))  {  return  false;  }  [CE]  [FE]                      IllegalStateException      [CONTEXT]      case  Token.LE:  case  Token.GE:  case  Token.IN:  case  Token.INSTANCEOF:  case  Token.NOT:  return  true;  default:      [BUGGY]  if(NodeUtil.isFunctionAnonymous(n)||  NodeUtil.isLhs(n,  2))  {  return  false;  }  [BUGGY]      }  }  [CLASS]  NodeUtil  NumbericResultPredicate  BooleanResultPredicate  MayBeStringResultPredicate  VarCollector  MatchNameNode  MatchNodeType  MatchDeclaration  MatchNotFunction  MatchShallowStatement  [METHOD]  isBooleanResultHelper  [RETURN_TYPE]  boolean  Node  n  [VARIABLES]  BooleanResultPredicate  BOOLEAN_RESULT_PREDICATE  Set  BUILTIN_FUNCTIONS_WITHOUT_SIDEEFFECTS  CONSTRUCTORS_WITHOUT_SIDE_EFFECTS  OBJECT_METHODS_WITHOUT_SIDEEFFECTS  REGEXP_METHODS  STRING_REGEXP_METHODS  defines  emptySet  knownConstants  NumbericResultPredicate  NUMBERIC_RESULT_PREDICATE  boolean  MayBeStringResultPredicate  MAY_BE_STRING_PREDICATE  Node  n  String  JSC_PROPERTY_NAME_FN  childValue  name  namespaceName  rawJsString  s  value  Map  vars  int  c  end  nextSkipSlot  nextSlot  start  type  	projects/Closure80/src/com/google/javascript/jscomp/NodeUtil.java	0.4082482904638631	1264	1264	2	replace	if(NodeUtil.isFunctionAnonymous(n)||  NodeUtil.isLhs(n,  2))  {  return  false;  }	  if(NodeUtil.isFunctionAnonymous(n)||    NodeUtil.isLhs(n))    {    return    false;    }    	non-compiled	[CE]  	138	None	replace
889	[BUG]  [BUGGY]  if(NodeUtil.isFunctionAnonymous(n)||  NodeUtil.isLhs(node))  {  return  false;  }  [CE]  [FE]                        IllegalStateException      [CONTEXT]      case  Token.LE:  case  Token.GE:  case  Token.IN:  case  Token.INSTANCEOF:  case  Token.NOT:  return  true;  default:      [BUGGY]  if(NodeUtil.isFunctionAnonymous(n)||  NodeUtil.isLhs(node))  {  return  false;  }  [BUGGY]      }  }  [CLASS]  NodeUtil  NumbericResultPredicate  BooleanResultPredicate  MayBeStringResultPredicate  VarCollector  MatchNameNode  MatchNodeType  MatchDeclaration  MatchNotFunction  MatchShallowStatement  [METHOD]  isBooleanResultHelper  [RETURN_TYPE]  boolean  Node  n  [VARIABLES]  BooleanResultPredicate  BOOLEAN_RESULT_PREDICATE  Set  BUILTIN_FUNCTIONS_WITHOUT_SIDEEFFECTS  CONSTRUCTORS_WITHOUT_SIDE_EFFECTS  OBJECT_METHODS_WITHOUT_SIDEEFFECTS  REGEXP_METHODS  STRING_REGEXP_METHODS  defines  emptySet  knownConstants  NumbericResultPredicate  NUMBERIC_RESULT_PREDICATE  boolean  MayBeStringResultPredicate  MAY_BE_STRING_PREDICATE  Node  n  String  JSC_PROPERTY_NAME_FN  childValue  name  namespaceName  rawJsString  s  value  Map  vars  int  c  end  nextSkipSlot  nextSlot  start  type  	projects/Closure80/src/com/google/javascript/jscomp/NodeUtil.java	0.4082482904638631	1264	1264	2	replace	if(NodeUtil.isFunctionAnonymous(n)||  NodeUtil.isLhs(node))  {  return  false;  }	  if(NodeUtil.isFunctionAnonymous(n)||    NodeUtil.isLhs(n))    {    return    false;    }    	non-compiled	[CE]  	138	None	replace
890	[BUG]  [BUGGY]  if(NodeUtil.isFunctionAnonymous(n)||  NodeUtil.isLhs(n)||  NodeUtil.mayHaveSideEffects(n))  {  return  false;  }  [CE]  [FE]                          IllegalStateException      [CONTEXT]      case  Token.LE:  case  Token.GE:  case  Token.IN:  case  Token.INSTANCEOF:  case  Token.NOT:  return  true;  default:      [BUGGY]  if(NodeUtil.isFunctionAnonymous(n)||  NodeUtil.isLhs(n)||  NodeUtil.mayHaveSideEffects(n))  {  return  false;  }  [BUGGY]      }  }  [CLASS]  NodeUtil  NumbericResultPredicate  BooleanResultPredicate  MayBeStringResultPredicate  VarCollector  MatchNameNode  MatchNodeType  MatchDeclaration  MatchNotFunction  MatchShallowStatement  [METHOD]  isBooleanResultHelper  [RETURN_TYPE]  boolean  Node  n  [VARIABLES]  BooleanResultPredicate  BOOLEAN_RESULT_PREDICATE  Set  BUILTIN_FUNCTIONS_WITHOUT_SIDEEFFECTS  CONSTRUCTORS_WITHOUT_SIDE_EFFECTS  OBJECT_METHODS_WITHOUT_SIDEEFFECTS  REGEXP_METHODS  STRING_REGEXP_METHODS  defines  emptySet  knownConstants  NumbericResultPredicate  NUMBERIC_RESULT_PREDICATE  boolean  MayBeStringResultPredicate  MAY_BE_STRING_PREDICATE  Node  n  String  JSC_PROPERTY_NAME_FN  childValue  name  namespaceName  rawJsString  s  value  Map  vars  int  c  end  nextSkipSlot  nextSlot  start  type  	projects/Closure80/src/com/google/javascript/jscomp/NodeUtil.java	0.4082482904638631	1264	1264	2	replace	if(NodeUtil.isFunctionAnonymous(n)||  NodeUtil.isLhs(n)||  NodeUtil.mayHaveSideEffects(n))  {  return  false;  }	  if(NodeUtil.isFunctionAnonymous(n)||    NodeUtil.isLhs(n))    {    return    false;    }    	non-compiled	[CE]  	138	None	replace
891	[BUG]  [BUGGY]  if(n.getType()!=  Token.GETPROP  ||  n.getType()  ==  Token.FUNCTION)  {  return  false;  }  [CE]  [FE]                            IllegalStateException      [CONTEXT]      case  Token.LE:  case  Token.GE:  case  Token.IN:  case  Token.INSTANCEOF:  case  Token.NOT:  return  true;  default:      [BUGGY]  if(n.getType()!=  Token.GETPROP  ||  n.getType()  ==  Token.FUNCTION)  {  return  false;  }  [BUGGY]      }  }  [CLASS]  NodeUtil  NumbericResultPredicate  BooleanResultPredicate  MayBeStringResultPredicate  VarCollector  MatchNameNode  MatchNodeType  MatchDeclaration  MatchNotFunction  MatchShallowStatement  [METHOD]  isBooleanResultHelper  [RETURN_TYPE]  boolean  Node  n  [VARIABLES]  BooleanResultPredicate  BOOLEAN_RESULT_PREDICATE  Set  BUILTIN_FUNCTIONS_WITHOUT_SIDEEFFECTS  CONSTRUCTORS_WITHOUT_SIDE_EFFECTS  OBJECT_METHODS_WITHOUT_SIDEEFFECTS  REGEXP_METHODS  STRING_REGEXP_METHODS  defines  emptySet  knownConstants  NumbericResultPredicate  NUMBERIC_RESULT_PREDICATE  boolean  MayBeStringResultPredicate  MAY_BE_STRING_PREDICATE  Node  n  String  JSC_PROPERTY_NAME_FN  childValue  name  namespaceName  rawJsString  s  value  Map  vars  int  c  end  nextSkipSlot  nextSlot  start  type  	projects/Closure80/src/com/google/javascript/jscomp/NodeUtil.java	0.4082482904638631	1264	1264	2	replace	if(n.getType()!=  Token.GETPROP  ||  n.getType()  ==  Token.FUNCTION)  {  return  false;  }	  if(n.getType()    ==    Token.GETPROP    ||    n.getType()    ==    Token.FUNCTION)    {    return    false;    }    	non-compiled	[CE]  	63	None	replace
892	[BUG]  [BUGGY]  if(n.getType()!=  Token.GETPROP  &&  n.getType()  ==  Token.FUNCTION)  {  return  false;  }  [CE]  [FE]                              IllegalStateException      [CONTEXT]      case  Token.LE:  case  Token.GE:  case  Token.IN:  case  Token.INSTANCEOF:  case  Token.NOT:  return  true;  default:      [BUGGY]  if(n.getType()!=  Token.GETPROP  &&  n.getType()  ==  Token.FUNCTION)  {  return  false;  }  [BUGGY]      }  }  [CLASS]  NodeUtil  NumbericResultPredicate  BooleanResultPredicate  MayBeStringResultPredicate  VarCollector  MatchNameNode  MatchNodeType  MatchDeclaration  MatchNotFunction  MatchShallowStatement  [METHOD]  isBooleanResultHelper  [RETURN_TYPE]  boolean  Node  n  [VARIABLES]  BooleanResultPredicate  BOOLEAN_RESULT_PREDICATE  Set  BUILTIN_FUNCTIONS_WITHOUT_SIDEEFFECTS  CONSTRUCTORS_WITHOUT_SIDE_EFFECTS  OBJECT_METHODS_WITHOUT_SIDEEFFECTS  REGEXP_METHODS  STRING_REGEXP_METHODS  defines  emptySet  knownConstants  NumbericResultPredicate  NUMBERIC_RESULT_PREDICATE  boolean  MayBeStringResultPredicate  MAY_BE_STRING_PREDICATE  Node  n  String  JSC_PROPERTY_NAME_FN  childValue  name  namespaceName  rawJsString  s  value  Map  vars  int  c  end  nextSkipSlot  nextSlot  start  type  	projects/Closure80/src/com/google/javascript/jscomp/NodeUtil.java	0.4082482904638631	1264	1264	2	replace	if(n.getType()!=  Token.GETPROP  &&  n.getType()  ==  Token.FUNCTION)  {  return  false;  }	  if(n.getType()    ==    Token.GETPROP    ||    n.getType()    ==    Token.FUNCTION)    {    return    false;    }    	non-compiled	[CE]  	63	None	replace
893	[BUG]  [BUGGY]  return(n.getFirstChild()!=  n)?  BooleanResultPredicate.TRUE  :  BooleanResultPredicate.FALSE;  [CE]  [FE]                    IllegalStateException      [CONTEXT]      case  Token.LE:  case  Token.GE:  case  Token.IN:  case  Token.INSTANCEOF:  case  Token.NOT:  return  true;  default:      [BUGGY]  return(n.getFirstChild()!=  n)?  BooleanResultPredicate.TRUE  :  BooleanResultPredicate.FALSE;  [BUGGY]      }  }  [CLASS]  NodeUtil  NumbericResultPredicate  BooleanResultPredicate  MayBeStringResultPredicate  VarCollector  MatchNameNode  MatchNodeType  MatchDeclaration  MatchNotFunction  MatchShallowStatement  [METHOD]  isBooleanResultHelper  [RETURN_TYPE]  boolean  Node  n  [VARIABLES]  BooleanResultPredicate  BOOLEAN_RESULT_PREDICATE  Set  BUILTIN_FUNCTIONS_WITHOUT_SIDEEFFECTS  CONSTRUCTORS_WITHOUT_SIDE_EFFECTS  OBJECT_METHODS_WITHOUT_SIDEEFFECTS  REGEXP_METHODS  STRING_REGEXP_METHODS  defines  emptySet  knownConstants  NumbericResultPredicate  NUMBERIC_RESULT_PREDICATE  boolean  MayBeStringResultPredicate  MAY_BE_STRING_PREDICATE  Node  n  String  JSC_PROPERTY_NAME_FN  childValue  name  namespaceName  rawJsString  s  value  Map  vars  int  c  end  nextSkipSlot  nextSlot  start  type  	projects/Closure80/src/com/google/javascript/jscomp/NodeUtil.java	0.4082482904638631	1264	1264	2	replace	return(n.getFirstChild()!=  n)?  BooleanResultPredicate.TRUE  :  BooleanResultPredicate.FALSE;	  return(n.getType()!=    Token.NAME)?    BooleanResultPredicate.TRUE    :    BooleanResultPredicate.FALSE;    	non-compiled	[CE]  	84	None	replace
894	[BUG]  [BUGGY]  return(n.getString()!=  null)?  BooleanResultPredicate.TRUE  :  BooleanResultPredicate.FALSE;  [CE]  [FE]                      IllegalStateException      [CONTEXT]      case  Token.LE:  case  Token.GE:  case  Token.IN:  case  Token.INSTANCEOF:  case  Token.NOT:  return  true;  default:      [BUGGY]  return(n.getString()!=  null)?  BooleanResultPredicate.TRUE  :  BooleanResultPredicate.FALSE;  [BUGGY]      }  }  [CLASS]  NodeUtil  NumbericResultPredicate  BooleanResultPredicate  MayBeStringResultPredicate  VarCollector  MatchNameNode  MatchNodeType  MatchDeclaration  MatchNotFunction  MatchShallowStatement  [METHOD]  isBooleanResultHelper  [RETURN_TYPE]  boolean  Node  n  [VARIABLES]  BooleanResultPredicate  BOOLEAN_RESULT_PREDICATE  Set  BUILTIN_FUNCTIONS_WITHOUT_SIDEEFFECTS  CONSTRUCTORS_WITHOUT_SIDE_EFFECTS  OBJECT_METHODS_WITHOUT_SIDEEFFECTS  REGEXP_METHODS  STRING_REGEXP_METHODS  defines  emptySet  knownConstants  NumbericResultPredicate  NUMBERIC_RESULT_PREDICATE  boolean  MayBeStringResultPredicate  MAY_BE_STRING_PREDICATE  Node  n  String  JSC_PROPERTY_NAME_FN  childValue  name  namespaceName  rawJsString  s  value  Map  vars  int  c  end  nextSkipSlot  nextSlot  start  type  	projects/Closure80/src/com/google/javascript/jscomp/NodeUtil.java	0.4082482904638631	1264	1264	2	replace	return(n.getString()!=  null)?  BooleanResultPredicate.TRUE  :  BooleanResultPredicate.FALSE;	  return(n.getType()!=    Token.NAME)?    BooleanResultPredicate.TRUE    :    BooleanResultPredicate.FALSE;    	non-compiled	[CE]  	84	None	replace
895	[BUG]  [BUGGY]  return(n.getType()!=  Token.NAME)?  BooleanResultPredicate.FALSE  :  BooleanResultPredicate.FALSE;  [CE]  [FE]                        IllegalStateException      [CONTEXT]      case  Token.LE:  case  Token.GE:  case  Token.IN:  case  Token.INSTANCEOF:  case  Token.NOT:  return  true;  default:      [BUGGY]  return(n.getType()!=  Token.NAME)?  BooleanResultPredicate.FALSE  :  BooleanResultPredicate.FALSE;  [BUGGY]      }  }  [CLASS]  NodeUtil  NumbericResultPredicate  BooleanResultPredicate  MayBeStringResultPredicate  VarCollector  MatchNameNode  MatchNodeType  MatchDeclaration  MatchNotFunction  MatchShallowStatement  [METHOD]  isBooleanResultHelper  [RETURN_TYPE]  boolean  Node  n  [VARIABLES]  BooleanResultPredicate  BOOLEAN_RESULT_PREDICATE  Set  BUILTIN_FUNCTIONS_WITHOUT_SIDEEFFECTS  CONSTRUCTORS_WITHOUT_SIDE_EFFECTS  OBJECT_METHODS_WITHOUT_SIDEEFFECTS  REGEXP_METHODS  STRING_REGEXP_METHODS  defines  emptySet  knownConstants  NumbericResultPredicate  NUMBERIC_RESULT_PREDICATE  boolean  MayBeStringResultPredicate  MAY_BE_STRING_PREDICATE  Node  n  String  JSC_PROPERTY_NAME_FN  childValue  name  namespaceName  rawJsString  s  value  Map  vars  int  c  end  nextSkipSlot  nextSlot  start  type  	projects/Closure80/src/com/google/javascript/jscomp/NodeUtil.java	0.4082482904638631	1264	1264	2	replace	return(n.getType()!=  Token.NAME)?  BooleanResultPredicate.FALSE  :  BooleanResultPredicate.FALSE;	  return(n.getType()!=    Token.NAME)?    BooleanResultPredicate.TRUE    :    BooleanResultPredicate.FALSE;    	non-compiled	[CE]  	84	None	replace
896	[BUG]  [BUGGY]  if(n.getType()!=  Token.FUNCTION  ||  n.getType()!=  Token.NAME)return  false;  }  [CE]  [FE]                  IllegalStateException      [CONTEXT]      case  Token.LE:  case  Token.GE:  case  Token.IN:  case  Token.INSTANCEOF:  case  Token.NOT:  return  true;  default:      [BUGGY]  if(n.getType()!=  Token.FUNCTION  ||  n.getType()!=  Token.NAME)return  false;  }  [BUGGY]      }  }  [CLASS]  NodeUtil  NumbericResultPredicate  BooleanResultPredicate  MayBeStringResultPredicate  VarCollector  MatchNameNode  MatchNodeType  MatchDeclaration  MatchNotFunction  MatchShallowStatement  [METHOD]  isBooleanResultHelper  [RETURN_TYPE]  boolean  Node  n  [VARIABLES]  BooleanResultPredicate  BOOLEAN_RESULT_PREDICATE  Set  BUILTIN_FUNCTIONS_WITHOUT_SIDEEFFECTS  CONSTRUCTORS_WITHOUT_SIDE_EFFECTS  OBJECT_METHODS_WITHOUT_SIDEEFFECTS  REGEXP_METHODS  STRING_REGEXP_METHODS  defines  emptySet  knownConstants  NumbericResultPredicate  NUMBERIC_RESULT_PREDICATE  boolean  MayBeStringResultPredicate  MAY_BE_STRING_PREDICATE  Node  n  String  JSC_PROPERTY_NAME_FN  childValue  name  namespaceName  rawJsString  s  value  Map  vars  int  c  end  nextSkipSlot  nextSlot  start  type  	projects/Closure80/src/com/google/javascript/jscomp/NodeUtil.java	0.4082482904638631	1264	1264	2	replace	if(n.getType()!=  Token.FUNCTION  ||  n.getType()!=  Token.NAME)return  false;  }	  if(n.getType()    ==    Token.FUNCTION    ||    n.getType()!=    Token.NAME)    {    return    false;    }    	non-compiled	[CE]  	42	None	replace
897	[BUG]  [BUGGY]  NodeUtil.isLhs(n)&&  NodeUtil.isFunctionBoolean(n))  {  return  false;  }  [CE]  [FE]                  IllegalStateException      [CONTEXT]      case  Token.LE:  case  Token.GE:  case  Token.IN:  case  Token.INSTANCEOF:  case  Token.NOT:  return  true;  default:      [BUGGY]  NodeUtil.isLhs(n)&&  NodeUtil.isFunctionBoolean(n))  {  return  false;  }  [BUGGY]      }  }  [CLASS]  NodeUtil  NumbericResultPredicate  BooleanResultPredicate  MayBeStringResultPredicate  VarCollector  MatchNameNode  MatchNodeType  MatchDeclaration  MatchNotFunction  MatchShallowStatement  [METHOD]  isBooleanResultHelper  [RETURN_TYPE]  boolean  Node  n  [VARIABLES]  BooleanResultPredicate  BOOLEAN_RESULT_PREDICATE  Set  BUILTIN_FUNCTIONS_WITHOUT_SIDEEFFECTS  CONSTRUCTORS_WITHOUT_SIDE_EFFECTS  OBJECT_METHODS_WITHOUT_SIDEEFFECTS  REGEXP_METHODS  STRING_REGEXP_METHODS  defines  emptySet  knownConstants  NumbericResultPredicate  NUMBERIC_RESULT_PREDICATE  boolean  MayBeStringResultPredicate  MAY_BE_STRING_PREDICATE  Node  n  String  JSC_PROPERTY_NAME_FN  childValue  name  namespaceName  rawJsString  s  value  Map  vars  int  c  end  nextSkipSlot  nextSlot  start  type  	projects/Closure80/src/com/google/javascript/jscomp/NodeUtil.java	0.4082482904638631	1264	1264	2	replace	NodeUtil.isLhs(n)&&  NodeUtil.isFunctionBoolean(n))  {  return  false;  }	  NodeUtil.isFunctionAnonymous(n)&&    NodeUtil.isFunctionBoolean(n))    {    return    false;    }    	non-compiled	[CE]  	77	None	replace
898	[BUG]  [BUGGY]  if(NodeUtil.isVarDeclaration(n)&&  NodeUtil.isFunctionAnonymous(n))  {  return  true;  }  [CE]  [FE]                    IllegalStateException      [CONTEXT]      case  Token.LE:  case  Token.GE:  case  Token.IN:  case  Token.INSTANCEOF:  case  Token.NOT:  return  true;  default:      [BUGGY]  if(NodeUtil.isVarDeclaration(n)&&  NodeUtil.isFunctionAnonymous(n))  {  return  true;  }  [BUGGY]      }  }  [CLASS]  NodeUtil  NumbericResultPredicate  BooleanResultPredicate  MayBeStringResultPredicate  VarCollector  MatchNameNode  MatchNodeType  MatchDeclaration  MatchNotFunction  MatchShallowStatement  [METHOD]  isBooleanResultHelper  [RETURN_TYPE]  boolean  Node  n  [VARIABLES]  BooleanResultPredicate  BOOLEAN_RESULT_PREDICATE  Set  BUILTIN_FUNCTIONS_WITHOUT_SIDEEFFECTS  CONSTRUCTORS_WITHOUT_SIDE_EFFECTS  OBJECT_METHODS_WITHOUT_SIDEEFFECTS  REGEXP_METHODS  STRING_REGEXP_METHODS  defines  emptySet  knownConstants  NumbericResultPredicate  NUMBERIC_RESULT_PREDICATE  boolean  MayBeStringResultPredicate  MAY_BE_STRING_PREDICATE  Node  n  String  JSC_PROPERTY_NAME_FN  childValue  name  namespaceName  rawJsString  s  value  Map  vars  int  c  end  nextSkipSlot  nextSlot  start  type  	projects/Closure80/src/com/google/javascript/jscomp/NodeUtil.java	0.4082482904638631	1264	1264	2	replace	if(NodeUtil.isVarDeclaration(n)&&  NodeUtil.isFunctionAnonymous(n))  {  return  true;  }	  if(NodeUtil.isFunctionAnonymous(n)&&    NodeUtil.isFunctionAnonymous(n))    {    return    true;    }    	non-compiled	[CE]  	35	None	replace
899	[BUG]  [BUGGY]  if(NodeUtil.isLiteralValue(n)||  NodeUtil.isFunctionAnonymous(n))  {  return  true;  }  [CE]  [FE]                      IllegalStateException      [CONTEXT]      case  Token.LE:  case  Token.GE:  case  Token.IN:  case  Token.INSTANCEOF:  case  Token.NOT:  return  true;  default:      [BUGGY]  if(NodeUtil.isLiteralValue(n)||  NodeUtil.isFunctionAnonymous(n))  {  return  true;  }  [BUGGY]      }  }  [CLASS]  NodeUtil  NumbericResultPredicate  BooleanResultPredicate  MayBeStringResultPredicate  VarCollector  MatchNameNode  MatchNodeType  MatchDeclaration  MatchNotFunction  MatchShallowStatement  [METHOD]  isBooleanResultHelper  [RETURN_TYPE]  boolean  Node  n  [VARIABLES]  BooleanResultPredicate  BOOLEAN_RESULT_PREDICATE  Set  BUILTIN_FUNCTIONS_WITHOUT_SIDEEFFECTS  CONSTRUCTORS_WITHOUT_SIDE_EFFECTS  OBJECT_METHODS_WITHOUT_SIDEEFFECTS  REGEXP_METHODS  STRING_REGEXP_METHODS  defines  emptySet  knownConstants  NumbericResultPredicate  NUMBERIC_RESULT_PREDICATE  boolean  MayBeStringResultPredicate  MAY_BE_STRING_PREDICATE  Node  n  String  JSC_PROPERTY_NAME_FN  childValue  name  namespaceName  rawJsString  s  value  Map  vars  int  c  end  nextSkipSlot  nextSlot  start  type  	projects/Closure80/src/com/google/javascript/jscomp/NodeUtil.java	0.4082482904638631	1264	1264	2	replace	if(NodeUtil.isLiteralValue(n)||  NodeUtil.isFunctionAnonymous(n))  {  return  true;  }	  if(NodeUtil.isFunctionAnonymous(n)&&    NodeUtil.isFunctionAnonymous(n))    {    return    true;    }    	non-compiled	[CE]  	35	None	replace
900	[BUG]  [BUGGY]  if(n.getType()!=  Token.GETPROP  ||  n.getType()  ==  Token.NAME)  {  return  false;  }  [CE]  [FE]                    IllegalStateException      [CONTEXT]      case  Token.LE:  case  Token.GE:  case  Token.IN:  case  Token.INSTANCEOF:  case  Token.NOT:  return  true;  default:      [BUGGY]  if(n.getType()!=  Token.GETPROP  ||  n.getType()  ==  Token.NAME)  {  return  false;  }  [BUGGY]      }  }  [CLASS]  NodeUtil  NumbericResultPredicate  BooleanResultPredicate  MayBeStringResultPredicate  VarCollector  MatchNameNode  MatchNodeType  MatchDeclaration  MatchNotFunction  MatchShallowStatement  [METHOD]  isBooleanResultHelper  [RETURN_TYPE]  boolean  Node  n  [VARIABLES]  BooleanResultPredicate  BOOLEAN_RESULT_PREDICATE  Set  BUILTIN_FUNCTIONS_WITHOUT_SIDEEFFECTS  CONSTRUCTORS_WITHOUT_SIDE_EFFECTS  OBJECT_METHODS_WITHOUT_SIDEEFFECTS  REGEXP_METHODS  STRING_REGEXP_METHODS  defines  emptySet  knownConstants  NumbericResultPredicate  NUMBERIC_RESULT_PREDICATE  boolean  MayBeStringResultPredicate  MAY_BE_STRING_PREDICATE  Node  n  String  JSC_PROPERTY_NAME_FN  childValue  name  namespaceName  rawJsString  s  value  Map  vars  int  c  end  nextSkipSlot  nextSlot  start  type  	projects/Closure80/src/com/google/javascript/jscomp/NodeUtil.java	0.4082482904638631	1264	1264	2	replace	if(n.getType()!=  Token.GETPROP  ||  n.getType()  ==  Token.NAME)  {  return  false;  }	  if(n.getType()    ==    Token.GETPROP    ||    n.getType()    ==    Token.NAME)    {    return    false;    }    	non-compiled	[CE]  	59	None	replace
901	[BUG]  [BUGGY]  if(n.getType()  ==  Token.GETPROP  ||  n.getType()!=  Token.NAME)  {  return  false;  }  [CE]  [FE]                      IllegalStateException      [CONTEXT]      case  Token.LE:  case  Token.GE:  case  Token.IN:  case  Token.INSTANCEOF:  case  Token.NOT:  return  true;  default:      [BUGGY]  if(n.getType()  ==  Token.GETPROP  ||  n.getType()!=  Token.NAME)  {  return  false;  }  [BUGGY]      }  }  [CLASS]  NodeUtil  NumbericResultPredicate  BooleanResultPredicate  MayBeStringResultPredicate  VarCollector  MatchNameNode  MatchNodeType  MatchDeclaration  MatchNotFunction  MatchShallowStatement  [METHOD]  isBooleanResultHelper  [RETURN_TYPE]  boolean  Node  n  [VARIABLES]  BooleanResultPredicate  BOOLEAN_RESULT_PREDICATE  Set  BUILTIN_FUNCTIONS_WITHOUT_SIDEEFFECTS  CONSTRUCTORS_WITHOUT_SIDE_EFFECTS  OBJECT_METHODS_WITHOUT_SIDEEFFECTS  REGEXP_METHODS  STRING_REGEXP_METHODS  defines  emptySet  knownConstants  NumbericResultPredicate  NUMBERIC_RESULT_PREDICATE  boolean  MayBeStringResultPredicate  MAY_BE_STRING_PREDICATE  Node  n  String  JSC_PROPERTY_NAME_FN  childValue  name  namespaceName  rawJsString  s  value  Map  vars  int  c  end  nextSkipSlot  nextSlot  start  type  	projects/Closure80/src/com/google/javascript/jscomp/NodeUtil.java	0.4082482904638631	1264	1264	2	replace	if(n.getType()  ==  Token.GETPROP  ||  n.getType()!=  Token.NAME)  {  return  false;  }	  if(n.getType()    ==    Token.GETPROP    ||    n.getType()    ==    Token.NAME)    {    return    false;    }    	non-compiled	[CE]  	59	None	replace
902	[BUG]  [BUGGY]  return(n.getType()  ==  Token.NAME)&  BooleanResultPredicate.UNKNOWN;  [CE]  [FE]                  IllegalStateException      [CONTEXT]      case  Token.LE:  case  Token.GE:  case  Token.IN:  case  Token.INSTANCEOF:  case  Token.NOT:  return  true;  default:      [BUGGY]  return(n.getType()  ==  Token.NAME)&  BooleanResultPredicate.UNKNOWN;  [BUGGY]      }  }  [CLASS]  NodeUtil  NumbericResultPredicate  BooleanResultPredicate  MayBeStringResultPredicate  VarCollector  MatchNameNode  MatchNodeType  MatchDeclaration  MatchNotFunction  MatchShallowStatement  [METHOD]  isBooleanResultHelper  [RETURN_TYPE]  boolean  Node  n  [VARIABLES]  BooleanResultPredicate  BOOLEAN_RESULT_PREDICATE  Set  BUILTIN_FUNCTIONS_WITHOUT_SIDEEFFECTS  CONSTRUCTORS_WITHOUT_SIDE_EFFECTS  OBJECT_METHODS_WITHOUT_SIDEEFFECTS  REGEXP_METHODS  STRING_REGEXP_METHODS  defines  emptySet  knownConstants  NumbericResultPredicate  NUMBERIC_RESULT_PREDICATE  boolean  MayBeStringResultPredicate  MAY_BE_STRING_PREDICATE  Node  n  String  JSC_PROPERTY_NAME_FN  childValue  name  namespaceName  rawJsString  s  value  Map  vars  int  c  end  nextSkipSlot  nextSlot  start  type  	projects/Closure80/src/com/google/javascript/jscomp/NodeUtil.java	0.4082482904638631	1264	1264	2	replace	return(n.getType()  ==  Token.NAME)&  BooleanResultPredicate.UNKNOWN;	  return(n.getType()    ==    Token.NAME)&    BooleanResultPredicate.UNKNOWN    :    BooleanResultPredicate.UNKNOWN;    	non-compiled	[CE]  	114	None	replace
903	[BUG]  [BUGGY]  return(n.getType()  ==  Token.NAME)&  BooleanResultPredicate.BOOLEAN_RESULT_PREDICATE  :  BooleanResultPredicate.BOOLEAN;  [CE]  [FE]                    IllegalStateException      [CONTEXT]      case  Token.LE:  case  Token.GE:  case  Token.IN:  case  Token.INSTANCEOF:  case  Token.NOT:  return  true;  default:      [BUGGY]  return(n.getType()  ==  Token.NAME)&  BooleanResultPredicate.BOOLEAN_RESULT_PREDICATE  :  BooleanResultPredicate.BOOLEAN;  [BUGGY]      }  }  [CLASS]  NodeUtil  NumbericResultPredicate  BooleanResultPredicate  MayBeStringResultPredicate  VarCollector  MatchNameNode  MatchNodeType  MatchDeclaration  MatchNotFunction  MatchShallowStatement  [METHOD]  isBooleanResultHelper  [RETURN_TYPE]  boolean  Node  n  [VARIABLES]  BooleanResultPredicate  BOOLEAN_RESULT_PREDICATE  Set  BUILTIN_FUNCTIONS_WITHOUT_SIDEEFFECTS  CONSTRUCTORS_WITHOUT_SIDE_EFFECTS  OBJECT_METHODS_WITHOUT_SIDEEFFECTS  REGEXP_METHODS  STRING_REGEXP_METHODS  defines  emptySet  knownConstants  NumbericResultPredicate  NUMBERIC_RESULT_PREDICATE  boolean  MayBeStringResultPredicate  MAY_BE_STRING_PREDICATE  Node  n  String  JSC_PROPERTY_NAME_FN  childValue  name  namespaceName  rawJsString  s  value  Map  vars  int  c  end  nextSkipSlot  nextSlot  start  type  	projects/Closure80/src/com/google/javascript/jscomp/NodeUtil.java	0.4082482904638631	1264	1264	2	replace	return(n.getType()  ==  Token.NAME)&  BooleanResultPredicate.BOOLEAN_RESULT_PREDICATE  :  BooleanResultPredicate.BOOLEAN;	  return(n.getType()    ==    Token.NAME)&    BooleanResultPredicate.UNKNOWN    :    BooleanResultPredicate.UNKNOWN;    	non-compiled	[CE]  	114	None	replace
904	[BUG]  [BUGGY]  return(n.getType()  ==  Token.NAME)&&  BooleanResultPredicate.FALSE  :  BooleanResultPredicate.EMPTY;  [CE]  [FE]                  IllegalStateException      [CONTEXT]      case  Token.LE:  case  Token.GE:  case  Token.IN:  case  Token.INSTANCEOF:  case  Token.NOT:  return  true;  default:      [BUGGY]  return(n.getType()  ==  Token.NAME)&&  BooleanResultPredicate.FALSE  :  BooleanResultPredicate.EMPTY;  [BUGGY]      }  }  [CLASS]  NodeUtil  NumbericResultPredicate  BooleanResultPredicate  MayBeStringResultPredicate  VarCollector  MatchNameNode  MatchNodeType  MatchDeclaration  MatchNotFunction  MatchShallowStatement  [METHOD]  isBooleanResultHelper  [RETURN_TYPE]  boolean  Node  n  [VARIABLES]  BooleanResultPredicate  BOOLEAN_RESULT_PREDICATE  Set  BUILTIN_FUNCTIONS_WITHOUT_SIDEEFFECTS  CONSTRUCTORS_WITHOUT_SIDE_EFFECTS  OBJECT_METHODS_WITHOUT_SIDEEFFECTS  REGEXP_METHODS  STRING_REGEXP_METHODS  defines  emptySet  knownConstants  NumbericResultPredicate  NUMBERIC_RESULT_PREDICATE  boolean  MayBeStringResultPredicate  MAY_BE_STRING_PREDICATE  Node  n  String  JSC_PROPERTY_NAME_FN  childValue  name  namespaceName  rawJsString  s  value  Map  vars  int  c  end  nextSkipSlot  nextSlot  start  type  	projects/Closure80/src/com/google/javascript/jscomp/NodeUtil.java	0.4082482904638631	1264	1264	2	replace	return(n.getType()  ==  Token.NAME)&&  BooleanResultPredicate.FALSE  :  BooleanResultPredicate.EMPTY;	  return(n.getType()    ==    Token.NAME)?    BooleanResultPredicate.FALSE    :    BooleanResultPredicate.EMPTY;    	non-compiled	[CE]  	74	None	replace
905	[BUG]  [BUGGY]  if(NodeUtil.isVarDeclaration(n)||  NodeUtil.isStatementBlock(n))  {  return  false;  }  [CE]  [FE]                  IllegalStateException      [CONTEXT]      case  Token.LE:  case  Token.GE:  case  Token.IN:  case  Token.INSTANCEOF:  case  Token.NOT:  return  true;  default:      [BUGGY]  if(NodeUtil.isVarDeclaration(n)||  NodeUtil.isStatementBlock(n))  {  return  false;  }  [BUGGY]      }  }  [CLASS]  NodeUtil  NumbericResultPredicate  BooleanResultPredicate  MayBeStringResultPredicate  VarCollector  MatchNameNode  MatchNodeType  MatchDeclaration  MatchNotFunction  MatchShallowStatement  [METHOD]  isBooleanResultHelper  [RETURN_TYPE]  boolean  Node  n  [VARIABLES]  BooleanResultPredicate  BOOLEAN_RESULT_PREDICATE  Set  BUILTIN_FUNCTIONS_WITHOUT_SIDEEFFECTS  CONSTRUCTORS_WITHOUT_SIDE_EFFECTS  OBJECT_METHODS_WITHOUT_SIDEEFFECTS  REGEXP_METHODS  STRING_REGEXP_METHODS  defines  emptySet  knownConstants  NumbericResultPredicate  NUMBERIC_RESULT_PREDICATE  boolean  MayBeStringResultPredicate  MAY_BE_STRING_PREDICATE  Node  n  String  JSC_PROPERTY_NAME_FN  childValue  name  namespaceName  rawJsString  s  value  Map  vars  int  c  end  nextSkipSlot  nextSlot  start  type  	projects/Closure80/src/com/google/javascript/jscomp/NodeUtil.java	0.4082482904638631	1264	1264	2	replace	if(NodeUtil.isVarDeclaration(n)||  NodeUtil.isStatementBlock(n))  {  return  false;  }	  if(NodeUtil.isFunctionDeclaration(n)||    NodeUtil.isStatementBlock(n))    {    return    false;    }    	non-compiled	[CE]  	106	None	replace
906	[BUG]  [BUGGY]  if(NodeUtil.isFunctionDeclaration(n)||  NodeUtil.isStatementBlock(n))  {  return  true;  }  [CE]  [FE]                    IllegalStateException      [CONTEXT]      case  Token.LE:  case  Token.GE:  case  Token.IN:  case  Token.INSTANCEOF:  case  Token.NOT:  return  true;  default:      [BUGGY]  if(NodeUtil.isFunctionDeclaration(n)||  NodeUtil.isStatementBlock(n))  {  return  true;  }  [BUGGY]      }  }  [CLASS]  NodeUtil  NumbericResultPredicate  BooleanResultPredicate  MayBeStringResultPredicate  VarCollector  MatchNameNode  MatchNodeType  MatchDeclaration  MatchNotFunction  MatchShallowStatement  [METHOD]  isBooleanResultHelper  [RETURN_TYPE]  boolean  Node  n  [VARIABLES]  BooleanResultPredicate  BOOLEAN_RESULT_PREDICATE  Set  BUILTIN_FUNCTIONS_WITHOUT_SIDEEFFECTS  CONSTRUCTORS_WITHOUT_SIDE_EFFECTS  OBJECT_METHODS_WITHOUT_SIDEEFFECTS  REGEXP_METHODS  STRING_REGEXP_METHODS  defines  emptySet  knownConstants  NumbericResultPredicate  NUMBERIC_RESULT_PREDICATE  boolean  MayBeStringResultPredicate  MAY_BE_STRING_PREDICATE  Node  n  String  JSC_PROPERTY_NAME_FN  childValue  name  namespaceName  rawJsString  s  value  Map  vars  int  c  end  nextSkipSlot  nextSlot  start  type  	projects/Closure80/src/com/google/javascript/jscomp/NodeUtil.java	0.4082482904638631	1264	1264	2	replace	if(NodeUtil.isFunctionDeclaration(n)||  NodeUtil.isStatementBlock(n))  {  return  true;  }	  if(NodeUtil.isFunctionDeclaration(n)||    NodeUtil.isStatementBlock(n))    {    return    false;    }    	non-compiled	[CE]  	106	None	replace
907	[BUG]  [BUGGY]  if(NodeUtil.isFunctionDeclaration(n)||!NodeUtil.isFunctionDeclaration(n))  {  return  true;  }  [CE]  [FE]                IllegalStateException      [CONTEXT]      case  Token.LE:  case  Token.GE:  case  Token.IN:  case  Token.INSTANCEOF:  case  Token.NOT:  return  true;  default:      [BUGGY]  if(NodeUtil.isFunctionDeclaration(n)||!NodeUtil.isFunctionDeclaration(n))  {  return  true;  }  [BUGGY]      }  }  [CLASS]  NodeUtil  NumbericResultPredicate  BooleanResultPredicate  MayBeStringResultPredicate  VarCollector  MatchNameNode  MatchNodeType  MatchDeclaration  MatchNotFunction  MatchShallowStatement  [METHOD]  isBooleanResultHelper  [RETURN_TYPE]  boolean  Node  n  [VARIABLES]  BooleanResultPredicate  BOOLEAN_RESULT_PREDICATE  Set  BUILTIN_FUNCTIONS_WITHOUT_SIDEEFFECTS  CONSTRUCTORS_WITHOUT_SIDE_EFFECTS  OBJECT_METHODS_WITHOUT_SIDEEFFECTS  REGEXP_METHODS  STRING_REGEXP_METHODS  defines  emptySet  knownConstants  NumbericResultPredicate  NUMBERIC_RESULT_PREDICATE  boolean  MayBeStringResultPredicate  MAY_BE_STRING_PREDICATE  Node  n  String  JSC_PROPERTY_NAME_FN  childValue  name  namespaceName  rawJsString  s  value  Map  vars  int  c  end  nextSkipSlot  nextSlot  start  type  	projects/Closure80/src/com/google/javascript/jscomp/NodeUtil.java	0.4082482904638631	1264	1264	2	replace	if(NodeUtil.isFunctionDeclaration(n)||!NodeUtil.isFunctionDeclaration(n))  {  return  true;  }	  if(!NodeUtil.isFunctionDeclaration(n))    {    return    false;    }    	non-compiled	[CE]  	154	None	replace
908	[BUG]  [BUGGY]  if(!NodeUtil.isFunctionDeclaration(n)||!NodeUtil.isStatementBlock(n))  {  return  false;  }  [CE]  [FE]                  IllegalStateException      [CONTEXT]      case  Token.LE:  case  Token.GE:  case  Token.IN:  case  Token.INSTANCEOF:  case  Token.NOT:  return  true;  default:      [BUGGY]  if(!NodeUtil.isFunctionDeclaration(n)||!NodeUtil.isStatementBlock(n))  {  return  false;  }  [BUGGY]      }  }  [CLASS]  NodeUtil  NumbericResultPredicate  BooleanResultPredicate  MayBeStringResultPredicate  VarCollector  MatchNameNode  MatchNodeType  MatchDeclaration  MatchNotFunction  MatchShallowStatement  [METHOD]  isBooleanResultHelper  [RETURN_TYPE]  boolean  Node  n  [VARIABLES]  BooleanResultPredicate  BOOLEAN_RESULT_PREDICATE  Set  BUILTIN_FUNCTIONS_WITHOUT_SIDEEFFECTS  CONSTRUCTORS_WITHOUT_SIDE_EFFECTS  OBJECT_METHODS_WITHOUT_SIDEEFFECTS  REGEXP_METHODS  STRING_REGEXP_METHODS  defines  emptySet  knownConstants  NumbericResultPredicate  NUMBERIC_RESULT_PREDICATE  boolean  MayBeStringResultPredicate  MAY_BE_STRING_PREDICATE  Node  n  String  JSC_PROPERTY_NAME_FN  childValue  name  namespaceName  rawJsString  s  value  Map  vars  int  c  end  nextSkipSlot  nextSlot  start  type  	projects/Closure80/src/com/google/javascript/jscomp/NodeUtil.java	0.4082482904638631	1264	1264	2	replace	if(!NodeUtil.isFunctionDeclaration(n)||!NodeUtil.isStatementBlock(n))  {  return  false;  }	  if(!NodeUtil.isFunctionDeclaration(n))    {    return    false;    }    	non-compiled	[CE]  	154	None	replace
909	[BUG]  [BUGGY]  if(n.getType()!=  Token.CALL)  {  return  false;  }  [CE]  [FE]                IllegalStateException      [CONTEXT]      case  Token.LE:  case  Token.GE:  case  Token.IN:  case  Token.INSTANCEOF:  case  Token.NOT:  return  true;  default:      [BUGGY]  if(n.getType()!=  Token.CALL)  {  return  false;  }  [BUGGY]      }  }  [CLASS]  NodeUtil  NumbericResultPredicate  BooleanResultPredicate  MayBeStringResultPredicate  VarCollector  MatchNameNode  MatchNodeType  MatchDeclaration  MatchNotFunction  MatchShallowStatement  [METHOD]  isBooleanResultHelper  [RETURN_TYPE]  boolean  Node  n  [VARIABLES]  BooleanResultPredicate  BOOLEAN_RESULT_PREDICATE  Set  BUILTIN_FUNCTIONS_WITHOUT_SIDEEFFECTS  CONSTRUCTORS_WITHOUT_SIDE_EFFECTS  OBJECT_METHODS_WITHOUT_SIDEEFFECTS  REGEXP_METHODS  STRING_REGEXP_METHODS  defines  emptySet  knownConstants  NumbericResultPredicate  NUMBERIC_RESULT_PREDICATE  boolean  MayBeStringResultPredicate  MAY_BE_STRING_PREDICATE  Node  n  String  JSC_PROPERTY_NAME_FN  childValue  name  namespaceName  rawJsString  s  value  Map  vars  int  c  end  nextSkipSlot  nextSlot  start  type  	projects/Closure80/src/com/google/javascript/jscomp/NodeUtil.java	0.4082482904638631	1264	1264	2	replace	if(n.getType()!=  Token.CALL)  {  return  false;  }	  if(n.getType()    ==    Token.CALL)    {    return    false;    }    	non-compiled	[CE]  	136	None	replace
910	[BUG]  [BUGGY]  if(n.getType()!=  Token.CALL)return  false;  }  [CE]  [FE]                  IllegalStateException      [CONTEXT]      case  Token.LE:  case  Token.GE:  case  Token.IN:  case  Token.INSTANCEOF:  case  Token.NOT:  return  true;  default:      [BUGGY]  if(n.getType()!=  Token.CALL)return  false;  }  [BUGGY]      }  }  [CLASS]  NodeUtil  NumbericResultPredicate  BooleanResultPredicate  MayBeStringResultPredicate  VarCollector  MatchNameNode  MatchNodeType  MatchDeclaration  MatchNotFunction  MatchShallowStatement  [METHOD]  isBooleanResultHelper  [RETURN_TYPE]  boolean  Node  n  [VARIABLES]  BooleanResultPredicate  BOOLEAN_RESULT_PREDICATE  Set  BUILTIN_FUNCTIONS_WITHOUT_SIDEEFFECTS  CONSTRUCTORS_WITHOUT_SIDE_EFFECTS  OBJECT_METHODS_WITHOUT_SIDEEFFECTS  REGEXP_METHODS  STRING_REGEXP_METHODS  defines  emptySet  knownConstants  NumbericResultPredicate  NUMBERIC_RESULT_PREDICATE  boolean  MayBeStringResultPredicate  MAY_BE_STRING_PREDICATE  Node  n  String  JSC_PROPERTY_NAME_FN  childValue  name  namespaceName  rawJsString  s  value  Map  vars  int  c  end  nextSkipSlot  nextSlot  start  type  	projects/Closure80/src/com/google/javascript/jscomp/NodeUtil.java	0.4082482904638631	1264	1264	2	replace	if(n.getType()!=  Token.CALL)return  false;  }	  if(n.getType()    ==    Token.CALL)    {    return    false;    }    	non-compiled	[CE]  	136	None	replace
911	[BUG]  [BUGGY]  if(n.getType()  ==  Token.CALL  ||  n.getType()  ==  Token.VAR)  {  return  false;  }  [CE]  [FE]                    IllegalStateException      [CONTEXT]      case  Token.LE:  case  Token.GE:  case  Token.IN:  case  Token.INSTANCEOF:  case  Token.NOT:  return  true;  default:      [BUGGY]  if(n.getType()  ==  Token.CALL  ||  n.getType()  ==  Token.VAR)  {  return  false;  }  [BUGGY]      }  }  [CLASS]  NodeUtil  NumbericResultPredicate  BooleanResultPredicate  MayBeStringResultPredicate  VarCollector  MatchNameNode  MatchNodeType  MatchDeclaration  MatchNotFunction  MatchShallowStatement  [METHOD]  isBooleanResultHelper  [RETURN_TYPE]  boolean  Node  n  [VARIABLES]  BooleanResultPredicate  BOOLEAN_RESULT_PREDICATE  Set  BUILTIN_FUNCTIONS_WITHOUT_SIDEEFFECTS  CONSTRUCTORS_WITHOUT_SIDE_EFFECTS  OBJECT_METHODS_WITHOUT_SIDEEFFECTS  REGEXP_METHODS  STRING_REGEXP_METHODS  defines  emptySet  knownConstants  NumbericResultPredicate  NUMBERIC_RESULT_PREDICATE  boolean  MayBeStringResultPredicate  MAY_BE_STRING_PREDICATE  Node  n  String  JSC_PROPERTY_NAME_FN  childValue  name  namespaceName  rawJsString  s  value  Map  vars  int  c  end  nextSkipSlot  nextSlot  start  type  	projects/Closure80/src/com/google/javascript/jscomp/NodeUtil.java	0.4082482904638631	1264	1264	2	replace	if(n.getType()  ==  Token.CALL  ||  n.getType()  ==  Token.VAR)  {  return  false;  }	  if(n.getType()    ==    Token.CALL)    {    return    false;    }    	non-compiled	[CE]  	136	None	replace
912	[BUG]  [BUGGY]  if(n.getType()  ==  Token.CALL  ||  n.getType()  ==  Token.BLOCK)  {  return  false;  }  [CE]  [FE]                      IllegalStateException      [CONTEXT]      case  Token.LE:  case  Token.GE:  case  Token.IN:  case  Token.INSTANCEOF:  case  Token.NOT:  return  true;  default:      [BUGGY]  if(n.getType()  ==  Token.CALL  ||  n.getType()  ==  Token.BLOCK)  {  return  false;  }  [BUGGY]      }  }  [CLASS]  NodeUtil  NumbericResultPredicate  BooleanResultPredicate  MayBeStringResultPredicate  VarCollector  MatchNameNode  MatchNodeType  MatchDeclaration  MatchNotFunction  MatchShallowStatement  [METHOD]  isBooleanResultHelper  [RETURN_TYPE]  boolean  Node  n  [VARIABLES]  BooleanResultPredicate  BOOLEAN_RESULT_PREDICATE  Set  BUILTIN_FUNCTIONS_WITHOUT_SIDEEFFECTS  CONSTRUCTORS_WITHOUT_SIDE_EFFECTS  OBJECT_METHODS_WITHOUT_SIDEEFFECTS  REGEXP_METHODS  STRING_REGEXP_METHODS  defines  emptySet  knownConstants  NumbericResultPredicate  NUMBERIC_RESULT_PREDICATE  boolean  MayBeStringResultPredicate  MAY_BE_STRING_PREDICATE  Node  n  String  JSC_PROPERTY_NAME_FN  childValue  name  namespaceName  rawJsString  s  value  Map  vars  int  c  end  nextSkipSlot  nextSlot  start  type  	projects/Closure80/src/com/google/javascript/jscomp/NodeUtil.java	0.4082482904638631	1264	1264	2	replace	if(n.getType()  ==  Token.CALL  ||  n.getType()  ==  Token.BLOCK)  {  return  false;  }	  if(n.getType()    ==    Token.CALL)    {    return    false;    }    	non-compiled	[CE]  	136	None	replace
913	[BUG]  [BUGGY]  if(n.getType()!=  Token.FUNCTION  ||  n.getType()  ==  Token.VAR)  {  return  true;  }  [CE]  [FE]                        IllegalStateException      [CONTEXT]      case  Token.LE:  case  Token.GE:  case  Token.IN:  case  Token.INSTANCEOF:  case  Token.NOT:  return  true;  default:      [BUGGY]  if(n.getType()!=  Token.FUNCTION  ||  n.getType()  ==  Token.VAR)  {  return  true;  }  [BUGGY]      }  }  [CLASS]  NodeUtil  NumbericResultPredicate  BooleanResultPredicate  MayBeStringResultPredicate  VarCollector  MatchNameNode  MatchNodeType  MatchDeclaration  MatchNotFunction  MatchShallowStatement  [METHOD]  isBooleanResultHelper  [RETURN_TYPE]  boolean  Node  n  [VARIABLES]  BooleanResultPredicate  BOOLEAN_RESULT_PREDICATE  Set  BUILTIN_FUNCTIONS_WITHOUT_SIDEEFFECTS  CONSTRUCTORS_WITHOUT_SIDE_EFFECTS  OBJECT_METHODS_WITHOUT_SIDEEFFECTS  REGEXP_METHODS  STRING_REGEXP_METHODS  defines  emptySet  knownConstants  NumbericResultPredicate  NUMBERIC_RESULT_PREDICATE  boolean  MayBeStringResultPredicate  MAY_BE_STRING_PREDICATE  Node  n  String  JSC_PROPERTY_NAME_FN  childValue  name  namespaceName  rawJsString  s  value  Map  vars  int  c  end  nextSkipSlot  nextSlot  start  type  	projects/Closure80/src/com/google/javascript/jscomp/NodeUtil.java	0.4082482904638631	1264	1264	2	replace	if(n.getType()!=  Token.FUNCTION  ||  n.getType()  ==  Token.VAR)  {  return  true;  }	  if(n.getType()    ==    Token.FUNCTION    ||    n.getType()    ==    Token.VAR)    {    return    true;    }    	non-compiled	[CE]  	171	None	replace
914	[BUG]  [BUGGY]  if(n.getType()  ==  Token.VAR  ||  n.getType()  ==  Token.FUNCTION)  {  return  true;  }  [CE]  [FE]                          IllegalStateException      [CONTEXT]      case  Token.LE:  case  Token.GE:  case  Token.IN:  case  Token.INSTANCEOF:  case  Token.NOT:  return  true;  default:      [BUGGY]  if(n.getType()  ==  Token.VAR  ||  n.getType()  ==  Token.FUNCTION)  {  return  true;  }  [BUGGY]      }  }  [CLASS]  NodeUtil  NumbericResultPredicate  BooleanResultPredicate  MayBeStringResultPredicate  VarCollector  MatchNameNode  MatchNodeType  MatchDeclaration  MatchNotFunction  MatchShallowStatement  [METHOD]  isBooleanResultHelper  [RETURN_TYPE]  boolean  Node  n  [VARIABLES]  BooleanResultPredicate  BOOLEAN_RESULT_PREDICATE  Set  BUILTIN_FUNCTIONS_WITHOUT_SIDEEFFECTS  CONSTRUCTORS_WITHOUT_SIDE_EFFECTS  OBJECT_METHODS_WITHOUT_SIDEEFFECTS  REGEXP_METHODS  STRING_REGEXP_METHODS  defines  emptySet  knownConstants  NumbericResultPredicate  NUMBERIC_RESULT_PREDICATE  boolean  MayBeStringResultPredicate  MAY_BE_STRING_PREDICATE  Node  n  String  JSC_PROPERTY_NAME_FN  childValue  name  namespaceName  rawJsString  s  value  Map  vars  int  c  end  nextSkipSlot  nextSlot  start  type  	projects/Closure80/src/com/google/javascript/jscomp/NodeUtil.java	0.4082482904638631	1264	1264	2	replace	if(n.getType()  ==  Token.VAR  ||  n.getType()  ==  Token.FUNCTION)  {  return  true;  }	  if(n.getType()    ==    Token.FUNCTION    ||    n.getType()    ==    Token.VAR)    {    return    true;    }    	non-compiled	[CE]  	171	None	replace
915	[BUG]  [BUGGY]  if(n.getType()  ==  Token.FUNCTION  ||  n.getType()  ==  Token.VAR)return  false;  }  [CE]  [FE]                            IllegalStateException      [CONTEXT]      case  Token.LE:  case  Token.GE:  case  Token.IN:  case  Token.INSTANCEOF:  case  Token.NOT:  return  true;  default:      [BUGGY]  if(n.getType()  ==  Token.FUNCTION  ||  n.getType()  ==  Token.VAR)return  false;  }  [BUGGY]      }  }  [CLASS]  NodeUtil  NumbericResultPredicate  BooleanResultPredicate  MayBeStringResultPredicate  VarCollector  MatchNameNode  MatchNodeType  MatchDeclaration  MatchNotFunction  MatchShallowStatement  [METHOD]  isBooleanResultHelper  [RETURN_TYPE]  boolean  Node  n  [VARIABLES]  BooleanResultPredicate  BOOLEAN_RESULT_PREDICATE  Set  BUILTIN_FUNCTIONS_WITHOUT_SIDEEFFECTS  CONSTRUCTORS_WITHOUT_SIDE_EFFECTS  OBJECT_METHODS_WITHOUT_SIDEEFFECTS  REGEXP_METHODS  STRING_REGEXP_METHODS  defines  emptySet  knownConstants  NumbericResultPredicate  NUMBERIC_RESULT_PREDICATE  boolean  MayBeStringResultPredicate  MAY_BE_STRING_PREDICATE  Node  n  String  JSC_PROPERTY_NAME_FN  childValue  name  namespaceName  rawJsString  s  value  Map  vars  int  c  end  nextSkipSlot  nextSlot  start  type  	projects/Closure80/src/com/google/javascript/jscomp/NodeUtil.java	0.4082482904638631	1264	1264	2	replace	if(n.getType()  ==  Token.FUNCTION  ||  n.getType()  ==  Token.VAR)return  false;  }	  if(n.getType()    ==    Token.FUNCTION    ||    n.getType()    ==    Token.VAR)    {    return    true;    }    	non-compiled	[CE]  	171	None	replace
916	[BUG]  [BUGGY]  if(NodeUtil.isFunctionAnonymous(n)||  NodeUtil.isMatchBlock(n))  {  return  true;  }  [CE]  [FE]                      IllegalStateException      [CONTEXT]      case  Token.LE:  case  Token.GE:  case  Token.IN:  case  Token.INSTANCEOF:  case  Token.NOT:  return  true;  default:      [BUGGY]  if(NodeUtil.isFunctionAnonymous(n)||  NodeUtil.isMatchBlock(n))  {  return  true;  }  [BUGGY]      }  }  [CLASS]  NodeUtil  NumbericResultPredicate  BooleanResultPredicate  MayBeStringResultPredicate  VarCollector  MatchNameNode  MatchNodeType  MatchDeclaration  MatchNotFunction  MatchShallowStatement  [METHOD]  isBooleanResultHelper  [RETURN_TYPE]  boolean  Node  n  [VARIABLES]  BooleanResultPredicate  BOOLEAN_RESULT_PREDICATE  Set  BUILTIN_FUNCTIONS_WITHOUT_SIDEEFFECTS  CONSTRUCTORS_WITHOUT_SIDE_EFFECTS  OBJECT_METHODS_WITHOUT_SIDEEFFECTS  REGEXP_METHODS  STRING_REGEXP_METHODS  defines  emptySet  knownConstants  NumbericResultPredicate  NUMBERIC_RESULT_PREDICATE  boolean  MayBeStringResultPredicate  MAY_BE_STRING_PREDICATE  Node  n  String  JSC_PROPERTY_NAME_FN  childValue  name  namespaceName  rawJsString  s  value  Map  vars  int  c  end  nextSkipSlot  nextSlot  start  type  	projects/Closure80/src/com/google/javascript/jscomp/NodeUtil.java	0.4082482904638631	1264	1264	2	replace	if(NodeUtil.isFunctionAnonymous(n)||  NodeUtil.isMatchBlock(n))  {  return  true;  }	  if(NodeUtil.isFunctionAnonymous(n)||    NodeUtil.isMatchBlock(n))    {    return    false;    }    	non-compiled	[CE]  	169	None	replace
917	[BUG]  [BUGGY]  Preconditions.checkArgument(n.getType()  ==  Token.NAME);  [CE]  [FE]                          IllegalStateException      [CONTEXT]      case  Token.LE:  case  Token.GE:  case  Token.IN:  case  Token.INSTANCEOF:  case  Token.NOT:  return  true;  default:      [BUGGY]  Preconditions.checkArgument(n.getType()  ==  Token.NAME);  [BUGGY]      }  }  [CLASS]  NodeUtil  NumbericResultPredicate  BooleanResultPredicate  MayBeStringResultPredicate  VarCollector  MatchNameNode  MatchNodeType  MatchDeclaration  MatchNotFunction  MatchShallowStatement  [METHOD]  isBooleanResultHelper  [RETURN_TYPE]  boolean  Node  n  [VARIABLES]  BooleanResultPredicate  BOOLEAN_RESULT_PREDICATE  Set  BUILTIN_FUNCTIONS_WITHOUT_SIDEEFFECTS  CONSTRUCTORS_WITHOUT_SIDE_EFFECTS  OBJECT_METHODS_WITHOUT_SIDEEFFECTS  REGEXP_METHODS  STRING_REGEXP_METHODS  defines  emptySet  knownConstants  NumbericResultPredicate  NUMBERIC_RESULT_PREDICATE  boolean  MayBeStringResultPredicate  MAY_BE_STRING_PREDICATE  Node  n  String  JSC_PROPERTY_NAME_FN  childValue  name  namespaceName  rawJsString  s  value  Map  vars  int  c  end  nextSkipSlot  nextSlot  start  type  	projects/Closure80/src/com/google/javascript/jscomp/NodeUtil.java	0.4082482904638631	1264	1264	2	replace	Preconditions.checkArgument(n.getType()  ==  Token.NAME);	  Preconditions.checkState(n.getType()    ==    Token.NAME);    	non-compiled	[CE]  	95	None	replace
918	[BUG]  [BUGGY]  if(n.getType()  ==  Token.GETPROP  &&  n.getFirstChild()  ==  null)  {  return  false;  }  [CE]  [FE]                          IllegalStateException      [CONTEXT]      case  Token.LE:  case  Token.GE:  case  Token.IN:  case  Token.INSTANCEOF:  case  Token.NOT:  return  true;  default:      [BUGGY]  if(n.getType()  ==  Token.GETPROP  &&  n.getFirstChild()  ==  null)  {  return  false;  }  [BUGGY]      }  }  [CLASS]  NodeUtil  NumbericResultPredicate  BooleanResultPredicate  MayBeStringResultPredicate  VarCollector  MatchNameNode  MatchNodeType  MatchDeclaration  MatchNotFunction  MatchShallowStatement  [METHOD]  isBooleanResultHelper  [RETURN_TYPE]  boolean  Node  n  [VARIABLES]  BooleanResultPredicate  BOOLEAN_RESULT_PREDICATE  Set  BUILTIN_FUNCTIONS_WITHOUT_SIDEEFFECTS  CONSTRUCTORS_WITHOUT_SIDE_EFFECTS  OBJECT_METHODS_WITHOUT_SIDEEFFECTS  REGEXP_METHODS  STRING_REGEXP_METHODS  defines  emptySet  knownConstants  NumbericResultPredicate  NUMBERIC_RESULT_PREDICATE  boolean  MayBeStringResultPredicate  MAY_BE_STRING_PREDICATE  Node  n  String  JSC_PROPERTY_NAME_FN  childValue  name  namespaceName  rawJsString  s  value  Map  vars  int  c  end  nextSkipSlot  nextSlot  start  type  	projects/Closure80/src/com/google/javascript/jscomp/NodeUtil.java	0.4082482904638631	1264	1264	2	replace	if(n.getType()  ==  Token.GETPROP  &&  n.getFirstChild()  ==  null)  {  return  false;  }	  if(n.getType()    ==    Token.GETPROP    &&    n.getFirstChild()!=    null)    {    return    false;    }    	non-compiled	[CE]  	133	None	replace
919	[BUG]  [BUGGY]  if(n.getType()  ==  Token.GETPROP  &&  n.getFirstChild()  ==  null)return  false;  }  [CE]  [FE]                            IllegalStateException      [CONTEXT]      case  Token.LE:  case  Token.GE:  case  Token.IN:  case  Token.INSTANCEOF:  case  Token.NOT:  return  true;  default:      [BUGGY]  if(n.getType()  ==  Token.GETPROP  &&  n.getFirstChild()  ==  null)return  false;  }  [BUGGY]      }  }  [CLASS]  NodeUtil  NumbericResultPredicate  BooleanResultPredicate  MayBeStringResultPredicate  VarCollector  MatchNameNode  MatchNodeType  MatchDeclaration  MatchNotFunction  MatchShallowStatement  [METHOD]  isBooleanResultHelper  [RETURN_TYPE]  boolean  Node  n  [VARIABLES]  BooleanResultPredicate  BOOLEAN_RESULT_PREDICATE  Set  BUILTIN_FUNCTIONS_WITHOUT_SIDEEFFECTS  CONSTRUCTORS_WITHOUT_SIDE_EFFECTS  OBJECT_METHODS_WITHOUT_SIDEEFFECTS  REGEXP_METHODS  STRING_REGEXP_METHODS  defines  emptySet  knownConstants  NumbericResultPredicate  NUMBERIC_RESULT_PREDICATE  boolean  MayBeStringResultPredicate  MAY_BE_STRING_PREDICATE  Node  n  String  JSC_PROPERTY_NAME_FN  childValue  name  namespaceName  rawJsString  s  value  Map  vars  int  c  end  nextSkipSlot  nextSlot  start  type  	projects/Closure80/src/com/google/javascript/jscomp/NodeUtil.java	0.4082482904638631	1264	1264	2	replace	if(n.getType()  ==  Token.GETPROP  &&  n.getFirstChild()  ==  null)return  false;  }	  if(n.getType()    ==    Token.GETPROP    &&    n.getFirstChild()!=    null)    {    return    false;    }    	non-compiled	[CE]  	133	None	replace
920	[BUG]  [BUGGY]  if(n.getType()  ==  Token.GETPROP  &&  n.getFirstChild()!=  null)return  false;  }  [CE]  [FE]                              IllegalStateException      [CONTEXT]      case  Token.LE:  case  Token.GE:  case  Token.IN:  case  Token.INSTANCEOF:  case  Token.NOT:  return  true;  default:      [BUGGY]  if(n.getType()  ==  Token.GETPROP  &&  n.getFirstChild()!=  null)return  false;  }  [BUGGY]      }  }  [CLASS]  NodeUtil  NumbericResultPredicate  BooleanResultPredicate  MayBeStringResultPredicate  VarCollector  MatchNameNode  MatchNodeType  MatchDeclaration  MatchNotFunction  MatchShallowStatement  [METHOD]  isBooleanResultHelper  [RETURN_TYPE]  boolean  Node  n  [VARIABLES]  BooleanResultPredicate  BOOLEAN_RESULT_PREDICATE  Set  BUILTIN_FUNCTIONS_WITHOUT_SIDEEFFECTS  CONSTRUCTORS_WITHOUT_SIDE_EFFECTS  OBJECT_METHODS_WITHOUT_SIDEEFFECTS  REGEXP_METHODS  STRING_REGEXP_METHODS  defines  emptySet  knownConstants  NumbericResultPredicate  NUMBERIC_RESULT_PREDICATE  boolean  MayBeStringResultPredicate  MAY_BE_STRING_PREDICATE  Node  n  String  JSC_PROPERTY_NAME_FN  childValue  name  namespaceName  rawJsString  s  value  Map  vars  int  c  end  nextSkipSlot  nextSlot  start  type  	projects/Closure80/src/com/google/javascript/jscomp/NodeUtil.java	0.4082482904638631	1264	1264	2	replace	if(n.getType()  ==  Token.GETPROP  &&  n.getFirstChild()!=  null)return  false;  }	  if(n.getType()    ==    Token.GETPROP    &&    n.getFirstChild()!=    null)    {    return    false;    }    	non-compiled	[CE]  	133	None	replace
921	[BUG]  [BUGGY]  if(NodeUtil.isFunctionAnonymous(n)||  NodeUtil.isGetProp(n)||  n!=  null)  {  return  false;  }  [CE]  [FE]            IllegalStateException      [CONTEXT]      case  Token.LE:  case  Token.GE:  case  Token.IN:  case  Token.INSTANCEOF:  case  Token.NOT:  return  true;  default:      [BUGGY]  if(NodeUtil.isFunctionAnonymous(n)||  NodeUtil.isGetProp(n)||  n!=  null)  {  return  false;  }  [BUGGY]      }  }  [CLASS]  NodeUtil  NumbericResultPredicate  BooleanResultPredicate  MayBeStringResultPredicate  VarCollector  MatchNameNode  MatchNodeType  MatchDeclaration  MatchNotFunction  MatchShallowStatement  [METHOD]  isBooleanResultHelper  [RETURN_TYPE]  boolean  Node  n  [VARIABLES]  BooleanResultPredicate  BOOLEAN_RESULT_PREDICATE  Set  BUILTIN_FUNCTIONS_WITHOUT_SIDEEFFECTS  CONSTRUCTORS_WITHOUT_SIDE_EFFECTS  OBJECT_METHODS_WITHOUT_SIDEEFFECTS  REGEXP_METHODS  STRING_REGEXP_METHODS  defines  emptySet  knownConstants  NumbericResultPredicate  NUMBERIC_RESULT_PREDICATE  boolean  MayBeStringResultPredicate  MAY_BE_STRING_PREDICATE  Node  n  String  JSC_PROPERTY_NAME_FN  childValue  name  namespaceName  rawJsString  s  value  Map  vars  int  c  end  nextSkipSlot  nextSlot  start  type  	projects/Closure80/src/com/google/javascript/jscomp/NodeUtil.java	0.4082482904638631	1264	1264	2	replace	if(NodeUtil.isFunctionAnonymous(n)||  NodeUtil.isGetProp(n)||  n!=  null)  {  return  false;  }	  if(NodeUtil.isFunctionAnonymous(n)||    NodeUtil.isGetProp(n))    {    return    false;    }    	non-compiled	[CE]  	93	None	replace
922	[BUG]  [BUGGY]  if(n.getType()!=  Token.GETPROP)return  false;  }  [CE]  [FE]                        IllegalStateException      [CONTEXT]      case  Token.LE:  case  Token.GE:  case  Token.IN:  case  Token.INSTANCEOF:  case  Token.NOT:  return  true;  default:      [BUGGY]  if(n.getType()!=  Token.GETPROP)return  false;  }  [BUGGY]      }  }  [CLASS]  NodeUtil  NumbericResultPredicate  BooleanResultPredicate  MayBeStringResultPredicate  VarCollector  MatchNameNode  MatchNodeType  MatchDeclaration  MatchNotFunction  MatchShallowStatement  [METHOD]  isBooleanResultHelper  [RETURN_TYPE]  boolean  Node  n  [VARIABLES]  BooleanResultPredicate  BOOLEAN_RESULT_PREDICATE  Set  BUILTIN_FUNCTIONS_WITHOUT_SIDEEFFECTS  CONSTRUCTORS_WITHOUT_SIDE_EFFECTS  OBJECT_METHODS_WITHOUT_SIDEEFFECTS  REGEXP_METHODS  STRING_REGEXP_METHODS  defines  emptySet  knownConstants  NumbericResultPredicate  NUMBERIC_RESULT_PREDICATE  boolean  MayBeStringResultPredicate  MAY_BE_STRING_PREDICATE  Node  n  String  JSC_PROPERTY_NAME_FN  childValue  name  namespaceName  rawJsString  s  value  Map  vars  int  c  end  nextSkipSlot  nextSlot  start  type  	projects/Closure80/src/com/google/javascript/jscomp/NodeUtil.java	0.4082482904638631	1264	1264	2	replace	if(n.getType()!=  Token.GETPROP)return  false;  }	  if(n.getType()!=    Token.GETPROP)    {    return    false;    }    	non-compiled	[CE]  	61	None	replace
923	[BUG]  [BUGGY]  if(n.getType()!=  Token.GETPROP  ||  n.getType()!=  Token.NAME)  {  return  false;  }  [CE]  [FE]                          IllegalStateException      [CONTEXT]      case  Token.LE:  case  Token.GE:  case  Token.IN:  case  Token.INSTANCEOF:  case  Token.NOT:  return  true;  default:      [BUGGY]  if(n.getType()!=  Token.GETPROP  ||  n.getType()!=  Token.NAME)  {  return  false;  }  [BUGGY]      }  }  [CLASS]  NodeUtil  NumbericResultPredicate  BooleanResultPredicate  MayBeStringResultPredicate  VarCollector  MatchNameNode  MatchNodeType  MatchDeclaration  MatchNotFunction  MatchShallowStatement  [METHOD]  isBooleanResultHelper  [RETURN_TYPE]  boolean  Node  n  [VARIABLES]  BooleanResultPredicate  BOOLEAN_RESULT_PREDICATE  Set  BUILTIN_FUNCTIONS_WITHOUT_SIDEEFFECTS  CONSTRUCTORS_WITHOUT_SIDE_EFFECTS  OBJECT_METHODS_WITHOUT_SIDEEFFECTS  REGEXP_METHODS  STRING_REGEXP_METHODS  defines  emptySet  knownConstants  NumbericResultPredicate  NUMBERIC_RESULT_PREDICATE  boolean  MayBeStringResultPredicate  MAY_BE_STRING_PREDICATE  Node  n  String  JSC_PROPERTY_NAME_FN  childValue  name  namespaceName  rawJsString  s  value  Map  vars  int  c  end  nextSkipSlot  nextSlot  start  type  	projects/Closure80/src/com/google/javascript/jscomp/NodeUtil.java	0.4082482904638631	1264	1264	2	replace	if(n.getType()!=  Token.GETPROP  ||  n.getType()!=  Token.NAME)  {  return  false;  }	  if(n.getType()!=    Token.GETPROP)    {    return    false;    }    	non-compiled	[CE]  	61	None	replace
924	[BUG]  [BUGGY]  if(n.getType()!=  Token.GETPROP  &&  n.getFirstChild()  ==  n)  {  return  false;  }  [CE]  [FE]                            IllegalStateException      [CONTEXT]      case  Token.LE:  case  Token.GE:  case  Token.IN:  case  Token.INSTANCEOF:  case  Token.NOT:  return  true;  default:      [BUGGY]  if(n.getType()!=  Token.GETPROP  &&  n.getFirstChild()  ==  n)  {  return  false;  }  [BUGGY]      }  }  [CLASS]  NodeUtil  NumbericResultPredicate  BooleanResultPredicate  MayBeStringResultPredicate  VarCollector  MatchNameNode  MatchNodeType  MatchDeclaration  MatchNotFunction  MatchShallowStatement  [METHOD]  isBooleanResultHelper  [RETURN_TYPE]  boolean  Node  n  [VARIABLES]  BooleanResultPredicate  BOOLEAN_RESULT_PREDICATE  Set  BUILTIN_FUNCTIONS_WITHOUT_SIDEEFFECTS  CONSTRUCTORS_WITHOUT_SIDE_EFFECTS  OBJECT_METHODS_WITHOUT_SIDEEFFECTS  REGEXP_METHODS  STRING_REGEXP_METHODS  defines  emptySet  knownConstants  NumbericResultPredicate  NUMBERIC_RESULT_PREDICATE  boolean  MayBeStringResultPredicate  MAY_BE_STRING_PREDICATE  Node  n  String  JSC_PROPERTY_NAME_FN  childValue  name  namespaceName  rawJsString  s  value  Map  vars  int  c  end  nextSkipSlot  nextSlot  start  type  	projects/Closure80/src/com/google/javascript/jscomp/NodeUtil.java	0.4082482904638631	1264	1264	2	replace	if(n.getType()!=  Token.GETPROP  &&  n.getFirstChild()  ==  n)  {  return  false;  }	  if(n.getType()!=    Token.GETPROP)    {    return    false;    }    	non-compiled	[CE]  	61	None	replace
925	[BUG]  [BUGGY]  if(n.getType()!=  Token.GETPROP  ||  n.getType()!=  Token.VAR)  {  return  false;  }  [CE]  [FE]                              IllegalStateException      [CONTEXT]      case  Token.LE:  case  Token.GE:  case  Token.IN:  case  Token.INSTANCEOF:  case  Token.NOT:  return  true;  default:      [BUGGY]  if(n.getType()!=  Token.GETPROP  ||  n.getType()!=  Token.VAR)  {  return  false;  }  [BUGGY]      }  }  [CLASS]  NodeUtil  NumbericResultPredicate  BooleanResultPredicate  MayBeStringResultPredicate  VarCollector  MatchNameNode  MatchNodeType  MatchDeclaration  MatchNotFunction  MatchShallowStatement  [METHOD]  isBooleanResultHelper  [RETURN_TYPE]  boolean  Node  n  [VARIABLES]  BooleanResultPredicate  BOOLEAN_RESULT_PREDICATE  Set  BUILTIN_FUNCTIONS_WITHOUT_SIDEEFFECTS  CONSTRUCTORS_WITHOUT_SIDE_EFFECTS  OBJECT_METHODS_WITHOUT_SIDEEFFECTS  REGEXP_METHODS  STRING_REGEXP_METHODS  defines  emptySet  knownConstants  NumbericResultPredicate  NUMBERIC_RESULT_PREDICATE  boolean  MayBeStringResultPredicate  MAY_BE_STRING_PREDICATE  Node  n  String  JSC_PROPERTY_NAME_FN  childValue  name  namespaceName  rawJsString  s  value  Map  vars  int  c  end  nextSkipSlot  nextSlot  start  type  	projects/Closure80/src/com/google/javascript/jscomp/NodeUtil.java	0.4082482904638631	1264	1264	2	replace	if(n.getType()!=  Token.GETPROP  ||  n.getType()!=  Token.VAR)  {  return  false;  }	  if(n.getType()!=    Token.GETPROP)    {    return    false;    }    	non-compiled	[CE]  	61	None	replace
926	[BUG]  [BUGGY]  if(NodeUtil.isVarDeclaration(n)&&  NodeUtil.isFunctionAnonymous(n))  {  return  false;  }  [CE]  [FE]              IllegalStateException      [CONTEXT]      case  Token.LE:  case  Token.GE:  case  Token.IN:  case  Token.INSTANCEOF:  case  Token.NOT:  return  true;  default:      [BUGGY]  if(NodeUtil.isVarDeclaration(n)&&  NodeUtil.isFunctionAnonymous(n))  {  return  false;  }  [BUGGY]      }  }  [CLASS]  NodeUtil  NumbericResultPredicate  BooleanResultPredicate  MayBeStringResultPredicate  VarCollector  MatchNameNode  MatchNodeType  MatchDeclaration  MatchNotFunction  MatchShallowStatement  [METHOD]  isBooleanResultHelper  [RETURN_TYPE]  boolean  Node  n  [VARIABLES]  BooleanResultPredicate  BOOLEAN_RESULT_PREDICATE  Set  BUILTIN_FUNCTIONS_WITHOUT_SIDEEFFECTS  CONSTRUCTORS_WITHOUT_SIDE_EFFECTS  OBJECT_METHODS_WITHOUT_SIDEEFFECTS  REGEXP_METHODS  STRING_REGEXP_METHODS  defines  emptySet  knownConstants  NumbericResultPredicate  NUMBERIC_RESULT_PREDICATE  boolean  MayBeStringResultPredicate  MAY_BE_STRING_PREDICATE  Node  n  String  JSC_PROPERTY_NAME_FN  childValue  name  namespaceName  rawJsString  s  value  Map  vars  int  c  end  nextSkipSlot  nextSlot  start  type  	projects/Closure80/src/com/google/javascript/jscomp/NodeUtil.java	0.4082482904638631	1264	1264	2	replace	if(NodeUtil.isVarDeclaration(n)&&  NodeUtil.isFunctionAnonymous(n))  {  return  false;  }	  if(NodeUtil.isFunctionAnonymous(n)&&    NodeUtil.isFunctionAnonymous(n))    {    return    false;    }    	non-compiled	[CE]  	23	None	replace
927	[BUG]  [BUGGY]  if(!NodeUtil.isFunctionAnonymous(n)&&  NodeUtil.isFunctionAnonymous(n))  {  return  false;  }  [CE]  [FE]                IllegalStateException      [CONTEXT]      case  Token.LE:  case  Token.GE:  case  Token.IN:  case  Token.INSTANCEOF:  case  Token.NOT:  return  true;  default:      [BUGGY]  if(!NodeUtil.isFunctionAnonymous(n)&&  NodeUtil.isFunctionAnonymous(n))  {  return  false;  }  [BUGGY]      }  }  [CLASS]  NodeUtil  NumbericResultPredicate  BooleanResultPredicate  MayBeStringResultPredicate  VarCollector  MatchNameNode  MatchNodeType  MatchDeclaration  MatchNotFunction  MatchShallowStatement  [METHOD]  isBooleanResultHelper  [RETURN_TYPE]  boolean  Node  n  [VARIABLES]  BooleanResultPredicate  BOOLEAN_RESULT_PREDICATE  Set  BUILTIN_FUNCTIONS_WITHOUT_SIDEEFFECTS  CONSTRUCTORS_WITHOUT_SIDE_EFFECTS  OBJECT_METHODS_WITHOUT_SIDEEFFECTS  REGEXP_METHODS  STRING_REGEXP_METHODS  defines  emptySet  knownConstants  NumbericResultPredicate  NUMBERIC_RESULT_PREDICATE  boolean  MayBeStringResultPredicate  MAY_BE_STRING_PREDICATE  Node  n  String  JSC_PROPERTY_NAME_FN  childValue  name  namespaceName  rawJsString  s  value  Map  vars  int  c  end  nextSkipSlot  nextSlot  start  type  	projects/Closure80/src/com/google/javascript/jscomp/NodeUtil.java	0.4082482904638631	1264	1264	2	replace	if(!NodeUtil.isFunctionAnonymous(n)&&  NodeUtil.isFunctionAnonymous(n))  {  return  false;  }	  if(NodeUtil.isFunctionAnonymous(n)&&    NodeUtil.isFunctionAnonymous(n))    {    return    false;    }    	non-compiled	[CE]  	23	None	replace
928	[BUG]  [BUGGY]  if(NodeUtil.isVar(n)||  NodeUtil.isFunctionAnonymous(n))  {  return  false;  }  [CE]  [FE]                      IllegalStateException      [CONTEXT]      case  Token.LE:  case  Token.GE:  case  Token.IN:  case  Token.INSTANCEOF:  case  Token.NOT:  return  true;  default:      [BUGGY]  if(NodeUtil.isVar(n)||  NodeUtil.isFunctionAnonymous(n))  {  return  false;  }  [BUGGY]      }  }  [CLASS]  NodeUtil  NumbericResultPredicate  BooleanResultPredicate  MayBeStringResultPredicate  VarCollector  MatchNameNode  MatchNodeType  MatchDeclaration  MatchNotFunction  MatchShallowStatement  [METHOD]  isBooleanResultHelper  [RETURN_TYPE]  boolean  Node  n  [VARIABLES]  BooleanResultPredicate  BOOLEAN_RESULT_PREDICATE  Set  BUILTIN_FUNCTIONS_WITHOUT_SIDEEFFECTS  CONSTRUCTORS_WITHOUT_SIDE_EFFECTS  OBJECT_METHODS_WITHOUT_SIDEEFFECTS  REGEXP_METHODS  STRING_REGEXP_METHODS  defines  emptySet  knownConstants  NumbericResultPredicate  NUMBERIC_RESULT_PREDICATE  boolean  MayBeStringResultPredicate  MAY_BE_STRING_PREDICATE  Node  n  String  JSC_PROPERTY_NAME_FN  childValue  name  namespaceName  rawJsString  s  value  Map  vars  int  c  end  nextSkipSlot  nextSlot  start  type  	projects/Closure80/src/com/google/javascript/jscomp/NodeUtil.java	0.4082482904638631	1264	1264	2	replace	if(NodeUtil.isVar(n)||  NodeUtil.isFunctionAnonymous(n))  {  return  false;  }	  if(NodeUtil.isFunctionAnonymous(n)||    NodeUtil.isVar(n))    {    return    false;    }    	non-compiled	[CE]  	140	None	replace
929	[BUG]  [BUGGY]  if(n.getType()  ==  Token.GETPROP  &&  n.getString().equals( "prototype "))  {  return  true;  }  [CE]  [FE]                      IllegalStateException      [CONTEXT]      case  Token.LE:  case  Token.GE:  case  Token.IN:  case  Token.INSTANCEOF:  case  Token.NOT:  return  true;  default:      [BUGGY]  if(n.getType()  ==  Token.GETPROP  &&  n.getString().equals( "prototype "))  {  return  true;  }  [BUGGY]      }  }  [CLASS]  NodeUtil  NumbericResultPredicate  BooleanResultPredicate  MayBeStringResultPredicate  VarCollector  MatchNameNode  MatchNodeType  MatchDeclaration  MatchNotFunction  MatchShallowStatement  [METHOD]  isBooleanResultHelper  [RETURN_TYPE]  boolean  Node  n  [VARIABLES]  BooleanResultPredicate  BOOLEAN_RESULT_PREDICATE  Set  BUILTIN_FUNCTIONS_WITHOUT_SIDEEFFECTS  CONSTRUCTORS_WITHOUT_SIDE_EFFECTS  OBJECT_METHODS_WITHOUT_SIDEEFFECTS  REGEXP_METHODS  STRING_REGEXP_METHODS  defines  emptySet  knownConstants  NumbericResultPredicate  NUMBERIC_RESULT_PREDICATE  boolean  MayBeStringResultPredicate  MAY_BE_STRING_PREDICATE  Node  n  String  JSC_PROPERTY_NAME_FN  childValue  name  namespaceName  rawJsString  s  value  Map  vars  int  c  end  nextSkipSlot  nextSlot  start  type  	projects/Closure80/src/com/google/javascript/jscomp/NodeUtil.java	0.4082482904638631	1264	1264	2	replace	if(n.getType()  ==  Token.GETPROP  &&  n.getString().equals( "prototype "))  {  return  true;  }	  if(n.getType()    ==    Token.GETPROP    &&    n.getString().equals(   "prototype   "))    {    return    false;    }    	non-compiled	[CE]  	131	None	replace
930	[BUG]  [BUGGY]  n.getType()  ==  Token.NAME  ||  n.getString().equals( "name "))  {  return  false;  }  [CE]  [FE]                          IllegalStateException      [CONTEXT]      case  Token.LE:  case  Token.GE:  case  Token.IN:  case  Token.INSTANCEOF:  case  Token.NOT:  return  true;  default:      [BUGGY]  n.getType()  ==  Token.NAME  ||  n.getString().equals( "name "))  {  return  false;  }  [BUGGY]      }  }  [CLASS]  NodeUtil  NumbericResultPredicate  BooleanResultPredicate  MayBeStringResultPredicate  VarCollector  MatchNameNode  MatchNodeType  MatchDeclaration  MatchNotFunction  MatchShallowStatement  [METHOD]  isBooleanResultHelper  [RETURN_TYPE]  boolean  Node  n  [VARIABLES]  BooleanResultPredicate  BOOLEAN_RESULT_PREDICATE  Set  BUILTIN_FUNCTIONS_WITHOUT_SIDEEFFECTS  CONSTRUCTORS_WITHOUT_SIDE_EFFECTS  OBJECT_METHODS_WITHOUT_SIDEEFFECTS  REGEXP_METHODS  STRING_REGEXP_METHODS  defines  emptySet  knownConstants  NumbericResultPredicate  NUMBERIC_RESULT_PREDICATE  boolean  MayBeStringResultPredicate  MAY_BE_STRING_PREDICATE  Node  n  String  JSC_PROPERTY_NAME_FN  childValue  name  namespaceName  rawJsString  s  value  Map  vars  int  c  end  nextSkipSlot  nextSlot  start  type  	projects/Closure80/src/com/google/javascript/jscomp/NodeUtil.java	0.4082482904638631	1264	1264	2	replace	n.getType()  ==  Token.NAME  ||  n.getString().equals( "name "))  {  return  false;  }	  if(n.getType()    ==    Token.NAME    ||    n.getString().equals(   "name   "))    {    return    false;    }    	non-compiled	[CE]  	126	None	replace
931	[BUG]  [BUGGY]  if(n.getType()  ==  Token.FUNCTION  ||  n.getType()  ==  Token.NAME)return  false;  }  [CE]  [FE]                    IllegalStateException      [CONTEXT]      case  Token.LE:  case  Token.GE:  case  Token.IN:  case  Token.INSTANCEOF:  case  Token.NOT:  return  true;  default:      [BUGGY]  if(n.getType()  ==  Token.FUNCTION  ||  n.getType()  ==  Token.NAME)return  false;  }  [BUGGY]      }  }  [CLASS]  NodeUtil  NumbericResultPredicate  BooleanResultPredicate  MayBeStringResultPredicate  VarCollector  MatchNameNode  MatchNodeType  MatchDeclaration  MatchNotFunction  MatchShallowStatement  [METHOD]  isBooleanResultHelper  [RETURN_TYPE]  boolean  Node  n  [VARIABLES]  BooleanResultPredicate  BOOLEAN_RESULT_PREDICATE  Set  BUILTIN_FUNCTIONS_WITHOUT_SIDEEFFECTS  CONSTRUCTORS_WITHOUT_SIDE_EFFECTS  OBJECT_METHODS_WITHOUT_SIDEEFFECTS  REGEXP_METHODS  STRING_REGEXP_METHODS  defines  emptySet  knownConstants  NumbericResultPredicate  NUMBERIC_RESULT_PREDICATE  boolean  MayBeStringResultPredicate  MAY_BE_STRING_PREDICATE  Node  n  String  JSC_PROPERTY_NAME_FN  childValue  name  namespaceName  rawJsString  s  value  Map  vars  int  c  end  nextSkipSlot  nextSlot  start  type  	projects/Closure80/src/com/google/javascript/jscomp/NodeUtil.java	0.4082482904638631	1264	1264	2	replace	if(n.getType()  ==  Token.FUNCTION  ||  n.getType()  ==  Token.NAME)return  false;  }	  if(n.getType()    ==    Token.FUNCTION    ||    n.getType()    ==    Token.NAME)    {    return    false;    }    	non-compiled	[CE]  	43	None	replace
932	[BUG]  [BUGGY]  if(n.getType()  ==  Token.STRING  ||  n.getString().equals( "string "))  {  return  false;  }  [CE]  [FE]              IllegalStateException      [CONTEXT]      case  Token.LE:  case  Token.GE:  case  Token.IN:  case  Token.INSTANCEOF:  case  Token.NOT:  return  true;  default:      [BUGGY]  if(n.getType()  ==  Token.STRING  ||  n.getString().equals( "string "))  {  return  false;  }  [BUGGY]      }  }  [CLASS]  NodeUtil  NumbericResultPredicate  BooleanResultPredicate  MayBeStringResultPredicate  VarCollector  MatchNameNode  MatchNodeType  MatchDeclaration  MatchNotFunction  MatchShallowStatement  [METHOD]  isBooleanResultHelper  [RETURN_TYPE]  boolean  Node  n  [VARIABLES]  BooleanResultPredicate  BOOLEAN_RESULT_PREDICATE  Set  BUILTIN_FUNCTIONS_WITHOUT_SIDEEFFECTS  CONSTRUCTORS_WITHOUT_SIDE_EFFECTS  OBJECT_METHODS_WITHOUT_SIDEEFFECTS  REGEXP_METHODS  STRING_REGEXP_METHODS  defines  emptySet  knownConstants  NumbericResultPredicate  NUMBERIC_RESULT_PREDICATE  boolean  MayBeStringResultPredicate  MAY_BE_STRING_PREDICATE  Node  n  String  JSC_PROPERTY_NAME_FN  childValue  name  namespaceName  rawJsString  s  value  Map  vars  int  c  end  nextSkipSlot  nextSlot  start  type  	projects/Closure80/src/com/google/javascript/jscomp/NodeUtil.java	0.4082482904638631	1264	1264	2	replace	if(n.getType()  ==  Token.STRING  ||  n.getString().equals( "string "))  {  return  false;  }	  if(n.getType()    ==    Token.STRING)    {    return    false;    }    	non-compiled	[CE]  	135	None	replace
933	[BUG]  [BUGGY]  if(n.getType()  ==  Token.STRING  ||  n.getType()  ==  Token.GETPROP)  {  return  false;  }  [CE]  [FE]                IllegalStateException      [CONTEXT]      case  Token.LE:  case  Token.GE:  case  Token.IN:  case  Token.INSTANCEOF:  case  Token.NOT:  return  true;  default:      [BUGGY]  if(n.getType()  ==  Token.STRING  ||  n.getType()  ==  Token.GETPROP)  {  return  false;  }  [BUGGY]      }  }  [CLASS]  NodeUtil  NumbericResultPredicate  BooleanResultPredicate  MayBeStringResultPredicate  VarCollector  MatchNameNode  MatchNodeType  MatchDeclaration  MatchNotFunction  MatchShallowStatement  [METHOD]  isBooleanResultHelper  [RETURN_TYPE]  boolean  Node  n  [VARIABLES]  BooleanResultPredicate  BOOLEAN_RESULT_PREDICATE  Set  BUILTIN_FUNCTIONS_WITHOUT_SIDEEFFECTS  CONSTRUCTORS_WITHOUT_SIDE_EFFECTS  OBJECT_METHODS_WITHOUT_SIDEEFFECTS  REGEXP_METHODS  STRING_REGEXP_METHODS  defines  emptySet  knownConstants  NumbericResultPredicate  NUMBERIC_RESULT_PREDICATE  boolean  MayBeStringResultPredicate  MAY_BE_STRING_PREDICATE  Node  n  String  JSC_PROPERTY_NAME_FN  childValue  name  namespaceName  rawJsString  s  value  Map  vars  int  c  end  nextSkipSlot  nextSlot  start  type  	projects/Closure80/src/com/google/javascript/jscomp/NodeUtil.java	0.4082482904638631	1264	1264	2	replace	if(n.getType()  ==  Token.STRING  ||  n.getType()  ==  Token.GETPROP)  {  return  false;  }	  if(n.getType()    ==    Token.STRING)    {    return    false;    }    	non-compiled	[CE]  	135	None	replace
934	[BUG]  [BUGGY]  if(n.getType()  ==  Token.STRING)return  true;  }  [CE]  [FE]                  IllegalStateException      [CONTEXT]      case  Token.LE:  case  Token.GE:  case  Token.IN:  case  Token.INSTANCEOF:  case  Token.NOT:  return  true;  default:      [BUGGY]  if(n.getType()  ==  Token.STRING)return  true;  }  [BUGGY]      }  }  [CLASS]  NodeUtil  NumbericResultPredicate  BooleanResultPredicate  MayBeStringResultPredicate  VarCollector  MatchNameNode  MatchNodeType  MatchDeclaration  MatchNotFunction  MatchShallowStatement  [METHOD]  isBooleanResultHelper  [RETURN_TYPE]  boolean  Node  n  [VARIABLES]  BooleanResultPredicate  BOOLEAN_RESULT_PREDICATE  Set  BUILTIN_FUNCTIONS_WITHOUT_SIDEEFFECTS  CONSTRUCTORS_WITHOUT_SIDE_EFFECTS  OBJECT_METHODS_WITHOUT_SIDEEFFECTS  REGEXP_METHODS  STRING_REGEXP_METHODS  defines  emptySet  knownConstants  NumbericResultPredicate  NUMBERIC_RESULT_PREDICATE  boolean  MayBeStringResultPredicate  MAY_BE_STRING_PREDICATE  Node  n  String  JSC_PROPERTY_NAME_FN  childValue  name  namespaceName  rawJsString  s  value  Map  vars  int  c  end  nextSkipSlot  nextSlot  start  type  	projects/Closure80/src/com/google/javascript/jscomp/NodeUtil.java	0.4082482904638631	1264	1264	2	replace	if(n.getType()  ==  Token.STRING)return  true;  }	  if(n.getType()    ==    Token.STRING)    {    return    false;    }    	non-compiled	[CE]  	135	None	replace
935	[BUG]  [BUGGY]  return(n.getType()!=  Token.BLOCK)?  BooleanResultPredicate.FALSE  :  BooleanResultPredicate.TRUE;  [CE]  [FE]                          IllegalStateException      [CONTEXT]      case  Token.LE:  case  Token.GE:  case  Token.IN:  case  Token.INSTANCEOF:  case  Token.NOT:  return  true;  default:      [BUGGY]  return(n.getType()!=  Token.BLOCK)?  BooleanResultPredicate.FALSE  :  BooleanResultPredicate.TRUE;  [BUGGY]      }  }  [CLASS]  NodeUtil  NumbericResultPredicate  BooleanResultPredicate  MayBeStringResultPredicate  VarCollector  MatchNameNode  MatchNodeType  MatchDeclaration  MatchNotFunction  MatchShallowStatement  [METHOD]  isBooleanResultHelper  [RETURN_TYPE]  boolean  Node  n  [VARIABLES]  BooleanResultPredicate  BOOLEAN_RESULT_PREDICATE  Set  BUILTIN_FUNCTIONS_WITHOUT_SIDEEFFECTS  CONSTRUCTORS_WITHOUT_SIDE_EFFECTS  OBJECT_METHODS_WITHOUT_SIDEEFFECTS  REGEXP_METHODS  STRING_REGEXP_METHODS  defines  emptySet  knownConstants  NumbericResultPredicate  NUMBERIC_RESULT_PREDICATE  boolean  MayBeStringResultPredicate  MAY_BE_STRING_PREDICATE  Node  n  String  JSC_PROPERTY_NAME_FN  childValue  name  namespaceName  rawJsString  s  value  Map  vars  int  c  end  nextSkipSlot  nextSlot  start  type  	projects/Closure80/src/com/google/javascript/jscomp/NodeUtil.java	0.4082482904638631	1264	1264	2	replace	return(n.getType()!=  Token.BLOCK)?  BooleanResultPredicate.FALSE  :  BooleanResultPredicate.TRUE;	  return(n.getType()    ==    Token.BLOCK)?    BooleanResultPredicate.FALSE    :    BooleanResultPredicate.TRUE;    	non-compiled	[CE]  	57	None	replace
936	[BUG]  [BUGGY]  if(NodeUtil.isName(n)||  NodeUtil.isVar(n))  {  return  false;  }  [CE]  [FE]              IllegalStateException      [CONTEXT]      case  Token.LE:  case  Token.GE:  case  Token.IN:  case  Token.INSTANCEOF:  case  Token.NOT:  return  true;  default:      [BUGGY]  if(NodeUtil.isName(n)||  NodeUtil.isVar(n))  {  return  false;  }  [BUGGY]      }  }  [CLASS]  NodeUtil  NumbericResultPredicate  BooleanResultPredicate  MayBeStringResultPredicate  VarCollector  MatchNameNode  MatchNodeType  MatchDeclaration  MatchNotFunction  MatchShallowStatement  [METHOD]  isBooleanResultHelper  [RETURN_TYPE]  boolean  Node  n  [VARIABLES]  BooleanResultPredicate  BOOLEAN_RESULT_PREDICATE  Set  BUILTIN_FUNCTIONS_WITHOUT_SIDEEFFECTS  CONSTRUCTORS_WITHOUT_SIDE_EFFECTS  OBJECT_METHODS_WITHOUT_SIDEEFFECTS  REGEXP_METHODS  STRING_REGEXP_METHODS  defines  emptySet  knownConstants  NumbericResultPredicate  NUMBERIC_RESULT_PREDICATE  boolean  MayBeStringResultPredicate  MAY_BE_STRING_PREDICATE  Node  n  String  JSC_PROPERTY_NAME_FN  childValue  name  namespaceName  rawJsString  s  value  Map  vars  int  c  end  nextSkipSlot  nextSlot  start  type  	projects/Closure80/src/com/google/javascript/jscomp/NodeUtil.java	0.4082482904638631	1264	1264	2	replace	if(NodeUtil.isName(n)||  NodeUtil.isVar(n))  {  return  false;  }	  if(NodeUtil.isName(n)||    NodeUtil.isFunctionAnonymous(n))    {    return    false;    }    	non-compiled	[CE]  	167	None	replace
937	[BUG]  [BUGGY]  if(NodeUtil.isName(n)||  NodeUtil.isLhs(n))  {  return  false;  }  [CE]  [FE]                IllegalStateException      [CONTEXT]      case  Token.LE:  case  Token.GE:  case  Token.IN:  case  Token.INSTANCEOF:  case  Token.NOT:  return  true;  default:      [BUGGY]  if(NodeUtil.isName(n)||  NodeUtil.isLhs(n))  {  return  false;  }  [BUGGY]      }  }  [CLASS]  NodeUtil  NumbericResultPredicate  BooleanResultPredicate  MayBeStringResultPredicate  VarCollector  MatchNameNode  MatchNodeType  MatchDeclaration  MatchNotFunction  MatchShallowStatement  [METHOD]  isBooleanResultHelper  [RETURN_TYPE]  boolean  Node  n  [VARIABLES]  BooleanResultPredicate  BOOLEAN_RESULT_PREDICATE  Set  BUILTIN_FUNCTIONS_WITHOUT_SIDEEFFECTS  CONSTRUCTORS_WITHOUT_SIDE_EFFECTS  OBJECT_METHODS_WITHOUT_SIDEEFFECTS  REGEXP_METHODS  STRING_REGEXP_METHODS  defines  emptySet  knownConstants  NumbericResultPredicate  NUMBERIC_RESULT_PREDICATE  boolean  MayBeStringResultPredicate  MAY_BE_STRING_PREDICATE  Node  n  String  JSC_PROPERTY_NAME_FN  childValue  name  namespaceName  rawJsString  s  value  Map  vars  int  c  end  nextSkipSlot  nextSlot  start  type  	projects/Closure80/src/com/google/javascript/jscomp/NodeUtil.java	0.4082482904638631	1264	1264	2	replace	if(NodeUtil.isName(n)||  NodeUtil.isLhs(n))  {  return  false;  }	  if(NodeUtil.isName(n)||    NodeUtil.isFunctionAnonymous(n))    {    return    false;    }    	non-compiled	[CE]  	167	None	replace
938	[BUG]  [BUGGY]  if(NodeUtil.isAssignmentOp(n)&&  NodeUtil.isFunctionDeclaration(n))  {  return  false;  }  [CE]  [FE]                  IllegalStateException      [CONTEXT]      case  Token.LE:  case  Token.GE:  case  Token.IN:  case  Token.INSTANCEOF:  case  Token.NOT:  return  true;  default:      [BUGGY]  if(NodeUtil.isAssignmentOp(n)&&  NodeUtil.isFunctionDeclaration(n))  {  return  false;  }  [BUGGY]      }  }  [CLASS]  NodeUtil  NumbericResultPredicate  BooleanResultPredicate  MayBeStringResultPredicate  VarCollector  MatchNameNode  MatchNodeType  MatchDeclaration  MatchNotFunction  MatchShallowStatement  [METHOD]  isBooleanResultHelper  [RETURN_TYPE]  boolean  Node  n  [VARIABLES]  BooleanResultPredicate  BOOLEAN_RESULT_PREDICATE  Set  BUILTIN_FUNCTIONS_WITHOUT_SIDEEFFECTS  CONSTRUCTORS_WITHOUT_SIDE_EFFECTS  OBJECT_METHODS_WITHOUT_SIDEEFFECTS  REGEXP_METHODS  STRING_REGEXP_METHODS  defines  emptySet  knownConstants  NumbericResultPredicate  NUMBERIC_RESULT_PREDICATE  boolean  MayBeStringResultPredicate  MAY_BE_STRING_PREDICATE  Node  n  String  JSC_PROPERTY_NAME_FN  childValue  name  namespaceName  rawJsString  s  value  Map  vars  int  c  end  nextSkipSlot  nextSlot  start  type  	projects/Closure80/src/com/google/javascript/jscomp/NodeUtil.java	0.4082482904638631	1264	1264	2	replace	if(NodeUtil.isAssignmentOp(n)&&  NodeUtil.isFunctionDeclaration(n))  {  return  false;  }	  if(NodeUtil.isFunctionDeclaration(n)&&    NodeUtil.isFunctionDeclaration(n))    {    return    false;    }    	non-compiled	[CE]  	7	None	replace
939	[BUG]  [BUGGY]  if(NodeUtil.isLiteralValue(n)&&  NodeUtil.isFunctionDeclaration(n))  {  return  false;  }  [CE]  [FE]                    IllegalStateException      [CONTEXT]      case  Token.LE:  case  Token.GE:  case  Token.IN:  case  Token.INSTANCEOF:  case  Token.NOT:  return  true;  default:      [BUGGY]  if(NodeUtil.isLiteralValue(n)&&  NodeUtil.isFunctionDeclaration(n))  {  return  false;  }  [BUGGY]      }  }  [CLASS]  NodeUtil  NumbericResultPredicate  BooleanResultPredicate  MayBeStringResultPredicate  VarCollector  MatchNameNode  MatchNodeType  MatchDeclaration  MatchNotFunction  MatchShallowStatement  [METHOD]  isBooleanResultHelper  [RETURN_TYPE]  boolean  Node  n  [VARIABLES]  BooleanResultPredicate  BOOLEAN_RESULT_PREDICATE  Set  BUILTIN_FUNCTIONS_WITHOUT_SIDEEFFECTS  CONSTRUCTORS_WITHOUT_SIDE_EFFECTS  OBJECT_METHODS_WITHOUT_SIDEEFFECTS  REGEXP_METHODS  STRING_REGEXP_METHODS  defines  emptySet  knownConstants  NumbericResultPredicate  NUMBERIC_RESULT_PREDICATE  boolean  MayBeStringResultPredicate  MAY_BE_STRING_PREDICATE  Node  n  String  JSC_PROPERTY_NAME_FN  childValue  name  namespaceName  rawJsString  s  value  Map  vars  int  c  end  nextSkipSlot  nextSlot  start  type  	projects/Closure80/src/com/google/javascript/jscomp/NodeUtil.java	0.4082482904638631	1264	1264	2	replace	if(NodeUtil.isLiteralValue(n)&&  NodeUtil.isFunctionDeclaration(n))  {  return  false;  }	  if(NodeUtil.isFunctionDeclaration(n)&&    NodeUtil.isFunctionDeclaration(n))    {    return    false;    }    	non-compiled	[CE]  	7	None	replace
940	[BUG]  [BUGGY]  return(n.getType()  ==  Token.VAR)?  BooleanResultPredicate.FUNCTION  :  BooleanResultPredicate.BOOLEAN;  [CE]  [FE]                    IllegalStateException      [CONTEXT]      case  Token.LE:  case  Token.GE:  case  Token.IN:  case  Token.INSTANCEOF:  case  Token.NOT:  return  true;  default:      [BUGGY]  return(n.getType()  ==  Token.VAR)?  BooleanResultPredicate.FUNCTION  :  BooleanResultPredicate.BOOLEAN;  [BUGGY]      }  }  [CLASS]  NodeUtil  NumbericResultPredicate  BooleanResultPredicate  MayBeStringResultPredicate  VarCollector  MatchNameNode  MatchNodeType  MatchDeclaration  MatchNotFunction  MatchShallowStatement  [METHOD]  isBooleanResultHelper  [RETURN_TYPE]  boolean  Node  n  [VARIABLES]  BooleanResultPredicate  BOOLEAN_RESULT_PREDICATE  Set  BUILTIN_FUNCTIONS_WITHOUT_SIDEEFFECTS  CONSTRUCTORS_WITHOUT_SIDE_EFFECTS  OBJECT_METHODS_WITHOUT_SIDEEFFECTS  REGEXP_METHODS  STRING_REGEXP_METHODS  defines  emptySet  knownConstants  NumbericResultPredicate  NUMBERIC_RESULT_PREDICATE  boolean  MayBeStringResultPredicate  MAY_BE_STRING_PREDICATE  Node  n  String  JSC_PROPERTY_NAME_FN  childValue  name  namespaceName  rawJsString  s  value  Map  vars  int  c  end  nextSkipSlot  nextSlot  start  type  	projects/Closure80/src/com/google/javascript/jscomp/NodeUtil.java	0.4082482904638631	1264	1264	2	replace	return(n.getType()  ==  Token.VAR)?  BooleanResultPredicate.FUNCTION  :  BooleanResultPredicate.BOOLEAN;	  return(n.getType()    ==    Token.NAME)?    BooleanResultPredicate.FUNCTION    :    BooleanResultPredicate.BOOLEAN;    	non-compiled	[CE]  	151	None	replace
941	[BUG]  [BUGGY]  return(n.getType()  ==  Token.BLOCK)?  BooleanResultPredicate.FUNCTION  :  BooleanResultPredicate.BOOLEAN;  [CE]  [FE]                      IllegalStateException      [CONTEXT]      case  Token.LE:  case  Token.GE:  case  Token.IN:  case  Token.INSTANCEOF:  case  Token.NOT:  return  true;  default:      [BUGGY]  return(n.getType()  ==  Token.BLOCK)?  BooleanResultPredicate.FUNCTION  :  BooleanResultPredicate.BOOLEAN;  [BUGGY]      }  }  [CLASS]  NodeUtil  NumbericResultPredicate  BooleanResultPredicate  MayBeStringResultPredicate  VarCollector  MatchNameNode  MatchNodeType  MatchDeclaration  MatchNotFunction  MatchShallowStatement  [METHOD]  isBooleanResultHelper  [RETURN_TYPE]  boolean  Node  n  [VARIABLES]  BooleanResultPredicate  BOOLEAN_RESULT_PREDICATE  Set  BUILTIN_FUNCTIONS_WITHOUT_SIDEEFFECTS  CONSTRUCTORS_WITHOUT_SIDE_EFFECTS  OBJECT_METHODS_WITHOUT_SIDEEFFECTS  REGEXP_METHODS  STRING_REGEXP_METHODS  defines  emptySet  knownConstants  NumbericResultPredicate  NUMBERIC_RESULT_PREDICATE  boolean  MayBeStringResultPredicate  MAY_BE_STRING_PREDICATE  Node  n  String  JSC_PROPERTY_NAME_FN  childValue  name  namespaceName  rawJsString  s  value  Map  vars  int  c  end  nextSkipSlot  nextSlot  start  type  	projects/Closure80/src/com/google/javascript/jscomp/NodeUtil.java	0.4082482904638631	1264	1264	2	replace	return(n.getType()  ==  Token.BLOCK)?  BooleanResultPredicate.FUNCTION  :  BooleanResultPredicate.BOOLEAN;	  return(n.getType()    ==    Token.NAME)?    BooleanResultPredicate.FUNCTION    :    BooleanResultPredicate.BOOLEAN;    	non-compiled	[CE]  	151	None	replace
942	[BUG]  [BUGGY]  n.setString(JASC_PROPERTY_NAME_FN);  return  false;  [CE]  [FE]                              IllegalStateException      [CONTEXT]      case  Token.LE:  case  Token.GE:  case  Token.IN:  case  Token.INSTANCEOF:  case  Token.NOT:  return  true;  default:      [BUGGY]  n.setString(JASC_PROPERTY_NAME_FN);  return  false;  [BUGGY]      }  }  [CLASS]  NodeUtil  NumbericResultPredicate  BooleanResultPredicate  MayBeStringResultPredicate  VarCollector  MatchNameNode  MatchNodeType  MatchDeclaration  MatchNotFunction  MatchShallowStatement  [METHOD]  isBooleanResultHelper  [RETURN_TYPE]  boolean  Node  n  [VARIABLES]  BooleanResultPredicate  BOOLEAN_RESULT_PREDICATE  Set  BUILTIN_FUNCTIONS_WITHOUT_SIDEEFFECTS  CONSTRUCTORS_WITHOUT_SIDE_EFFECTS  OBJECT_METHODS_WITHOUT_SIDEEFFECTS  REGEXP_METHODS  STRING_REGEXP_METHODS  defines  emptySet  knownConstants  NumbericResultPredicate  NUMBERIC_RESULT_PREDICATE  boolean  MayBeStringResultPredicate  MAY_BE_STRING_PREDICATE  Node  n  String  JSC_PROPERTY_NAME_FN  childValue  name  namespaceName  rawJsString  s  value  Map  vars  int  c  end  nextSkipSlot  nextSlot  start  type  	projects/Closure80/src/com/google/javascript/jscomp/NodeUtil.java	0.4082482904638631	1264	1264	2	replace	n.setString(JASC_PROPERTY_NAME_FN);  return  false;	  n.setString(JSC_PROPERTY_NAME_FN);    return    true;    	non-compiled	[CE]  	70	None	replace
943	[BUG]  [BUGGY]  return(n.getType()  ==  Token.NAME)&&  BooleanResultPredicate.TRUE  :  BooleanResultPredicate.TRUE;  [CE]  [FE]                        IllegalStateException      [CONTEXT]      case  Token.LE:  case  Token.GE:  case  Token.IN:  case  Token.INSTANCEOF:  case  Token.NOT:  return  true;  default:      [BUGGY]  return(n.getType()  ==  Token.NAME)&&  BooleanResultPredicate.TRUE  :  BooleanResultPredicate.TRUE;  [BUGGY]      }  }  [CLASS]  NodeUtil  NumbericResultPredicate  BooleanResultPredicate  MayBeStringResultPredicate  VarCollector  MatchNameNode  MatchNodeType  MatchDeclaration  MatchNotFunction  MatchShallowStatement  [METHOD]  isBooleanResultHelper  [RETURN_TYPE]  boolean  Node  n  [VARIABLES]  BooleanResultPredicate  BOOLEAN_RESULT_PREDICATE  Set  BUILTIN_FUNCTIONS_WITHOUT_SIDEEFFECTS  CONSTRUCTORS_WITHOUT_SIDE_EFFECTS  OBJECT_METHODS_WITHOUT_SIDEEFFECTS  REGEXP_METHODS  STRING_REGEXP_METHODS  defines  emptySet  knownConstants  NumbericResultPredicate  NUMBERIC_RESULT_PREDICATE  boolean  MayBeStringResultPredicate  MAY_BE_STRING_PREDICATE  Node  n  String  JSC_PROPERTY_NAME_FN  childValue  name  namespaceName  rawJsString  s  value  Map  vars  int  c  end  nextSkipSlot  nextSlot  start  type  	projects/Closure80/src/com/google/javascript/jscomp/NodeUtil.java	0.4082482904638631	1264	1264	2	replace	return(n.getType()  ==  Token.NAME)&&  BooleanResultPredicate.TRUE  :  BooleanResultPredicate.TRUE;	  return(n.getType()    ==    Token.NAME)&&    BooleanResultPredicate.FALSE    :    BooleanResultPredicate.TRUE;    	non-compiled	[CE]  	143	None	replace
944	[BUG]  [BUGGY]  return(n.getType()  ==  Token.NAME)&&  BooleanResultPredicate.FALSE  }  :  BooleanResultPredicate.TRUE;  [CE]  [FE]                          IllegalStateException      [CONTEXT]      case  Token.LE:  case  Token.GE:  case  Token.IN:  case  Token.INSTANCEOF:  case  Token.NOT:  return  true;  default:      [BUGGY]  return(n.getType()  ==  Token.NAME)&&  BooleanResultPredicate.FALSE  }  :  BooleanResultPredicate.TRUE;  [BUGGY]      }  }  [CLASS]  NodeUtil  NumbericResultPredicate  BooleanResultPredicate  MayBeStringResultPredicate  VarCollector  MatchNameNode  MatchNodeType  MatchDeclaration  MatchNotFunction  MatchShallowStatement  [METHOD]  isBooleanResultHelper  [RETURN_TYPE]  boolean  Node  n  [VARIABLES]  BooleanResultPredicate  BOOLEAN_RESULT_PREDICATE  Set  BUILTIN_FUNCTIONS_WITHOUT_SIDEEFFECTS  CONSTRUCTORS_WITHOUT_SIDE_EFFECTS  OBJECT_METHODS_WITHOUT_SIDEEFFECTS  REGEXP_METHODS  STRING_REGEXP_METHODS  defines  emptySet  knownConstants  NumbericResultPredicate  NUMBERIC_RESULT_PREDICATE  boolean  MayBeStringResultPredicate  MAY_BE_STRING_PREDICATE  Node  n  String  JSC_PROPERTY_NAME_FN  childValue  name  namespaceName  rawJsString  s  value  Map  vars  int  c  end  nextSkipSlot  nextSlot  start  type  	projects/Closure80/src/com/google/javascript/jscomp/NodeUtil.java	0.4082482904638631	1264	1264	2	replace	return(n.getType()  ==  Token.NAME)&&  BooleanResultPredicate.FALSE  }  :  BooleanResultPredicate.TRUE;	  return(n.getType()    ==    Token.NAME)&&    BooleanResultPredicate.FALSE    :    BooleanResultPredicate.TRUE;    	non-compiled	[CE]  	143	None	replace
945	[BUG]  [BUGGY]  if(n.getType()!=  Token.NAME  ||  n.getFirstChild()!=  null)  {  return  false;  }  [CE]  [FE]                    IllegalStateException      [CONTEXT]      case  Token.LE:  case  Token.GE:  case  Token.IN:  case  Token.INSTANCEOF:  case  Token.NOT:  return  true;  default:      [BUGGY]  if(n.getType()!=  Token.NAME  ||  n.getFirstChild()!=  null)  {  return  false;  }  [BUGGY]      }  }  [CLASS]  NodeUtil  NumbericResultPredicate  BooleanResultPredicate  MayBeStringResultPredicate  VarCollector  MatchNameNode  MatchNodeType  MatchDeclaration  MatchNotFunction  MatchShallowStatement  [METHOD]  isBooleanResultHelper  [RETURN_TYPE]  boolean  Node  n  [VARIABLES]  BooleanResultPredicate  BOOLEAN_RESULT_PREDICATE  Set  BUILTIN_FUNCTIONS_WITHOUT_SIDEEFFECTS  CONSTRUCTORS_WITHOUT_SIDE_EFFECTS  OBJECT_METHODS_WITHOUT_SIDEEFFECTS  REGEXP_METHODS  STRING_REGEXP_METHODS  defines  emptySet  knownConstants  NumbericResultPredicate  NUMBERIC_RESULT_PREDICATE  boolean  MayBeStringResultPredicate  MAY_BE_STRING_PREDICATE  Node  n  String  JSC_PROPERTY_NAME_FN  childValue  name  namespaceName  rawJsString  s  value  Map  vars  int  c  end  nextSkipSlot  nextSlot  start  type  	projects/Closure80/src/com/google/javascript/jscomp/NodeUtil.java	0.4082482904638631	1264	1264	2	replace	if(n.getType()!=  Token.NAME  ||  n.getFirstChild()!=  null)  {  return  false;  }	  if(n.getType()    ==    Token.NAME    ||    n.getFirstChild()!=    null)    {    return    false;    }    	non-compiled	[CE]  	164	None	replace
946	[BUG]  [BUGGY]  if(n.getType()  ==  Token.NAME  ||  n.getFirstChild()  ==  null)  {  return  false;  }  [CE]  [FE]                      IllegalStateException      [CONTEXT]      case  Token.LE:  case  Token.GE:  case  Token.IN:  case  Token.INSTANCEOF:  case  Token.NOT:  return  true;  default:      [BUGGY]  if(n.getType()  ==  Token.NAME  ||  n.getFirstChild()  ==  null)  {  return  false;  }  [BUGGY]      }  }  [CLASS]  NodeUtil  NumbericResultPredicate  BooleanResultPredicate  MayBeStringResultPredicate  VarCollector  MatchNameNode  MatchNodeType  MatchDeclaration  MatchNotFunction  MatchShallowStatement  [METHOD]  isBooleanResultHelper  [RETURN_TYPE]  boolean  Node  n  [VARIABLES]  BooleanResultPredicate  BOOLEAN_RESULT_PREDICATE  Set  BUILTIN_FUNCTIONS_WITHOUT_SIDEEFFECTS  CONSTRUCTORS_WITHOUT_SIDE_EFFECTS  OBJECT_METHODS_WITHOUT_SIDEEFFECTS  REGEXP_METHODS  STRING_REGEXP_METHODS  defines  emptySet  knownConstants  NumbericResultPredicate  NUMBERIC_RESULT_PREDICATE  boolean  MayBeStringResultPredicate  MAY_BE_STRING_PREDICATE  Node  n  String  JSC_PROPERTY_NAME_FN  childValue  name  namespaceName  rawJsString  s  value  Map  vars  int  c  end  nextSkipSlot  nextSlot  start  type  	projects/Closure80/src/com/google/javascript/jscomp/NodeUtil.java	0.4082482904638631	1264	1264	2	replace	if(n.getType()  ==  Token.NAME  ||  n.getFirstChild()  ==  null)  {  return  false;  }	  if(n.getType()    ==    Token.NAME    ||    n.getFirstChild()!=    null)    {    return    false;    }    	non-compiled	[CE]  	164	None	replace
947	[BUG]  [BUGGY]  if(n.getType()!=  Token.NAME  ||  n.getFirstChild()!=  null)return  false;  }  [CE]  [FE]                        IllegalStateException      [CONTEXT]      case  Token.LE:  case  Token.GE:  case  Token.IN:  case  Token.INSTANCEOF:  case  Token.NOT:  return  true;  default:      [BUGGY]  if(n.getType()!=  Token.NAME  ||  n.getFirstChild()!=  null)return  false;  }  [BUGGY]      }  }  [CLASS]  NodeUtil  NumbericResultPredicate  BooleanResultPredicate  MayBeStringResultPredicate  VarCollector  MatchNameNode  MatchNodeType  MatchDeclaration  MatchNotFunction  MatchShallowStatement  [METHOD]  isBooleanResultHelper  [RETURN_TYPE]  boolean  Node  n  [VARIABLES]  BooleanResultPredicate  BOOLEAN_RESULT_PREDICATE  Set  BUILTIN_FUNCTIONS_WITHOUT_SIDEEFFECTS  CONSTRUCTORS_WITHOUT_SIDE_EFFECTS  OBJECT_METHODS_WITHOUT_SIDEEFFECTS  REGEXP_METHODS  STRING_REGEXP_METHODS  defines  emptySet  knownConstants  NumbericResultPredicate  NUMBERIC_RESULT_PREDICATE  boolean  MayBeStringResultPredicate  MAY_BE_STRING_PREDICATE  Node  n  String  JSC_PROPERTY_NAME_FN  childValue  name  namespaceName  rawJsString  s  value  Map  vars  int  c  end  nextSkipSlot  nextSlot  start  type  	projects/Closure80/src/com/google/javascript/jscomp/NodeUtil.java	0.4082482904638631	1264	1264	2	replace	if(n.getType()!=  Token.NAME  ||  n.getFirstChild()!=  null)return  false;  }	  if(n.getType()    ==    Token.NAME    ||    n.getFirstChild()!=    null)    {    return    false;    }    	non-compiled	[CE]  	164	None	replace
948	[BUG]  [BUGGY]  NodeUtil.isLiteralValue(n)||  NodeUtil.isFunctionAnonymous(n))  {  return  false;  }  [CE]  [FE]            IllegalStateException      [CONTEXT]      case  Token.LE:  case  Token.GE:  case  Token.IN:  case  Token.INSTANCEOF:  case  Token.NOT:  return  true;  default:      [BUGGY]  NodeUtil.isLiteralValue(n)||  NodeUtil.isFunctionAnonymous(n))  {  return  false;  }  [BUGGY]      }  }  [CLASS]  NodeUtil  NumbericResultPredicate  BooleanResultPredicate  MayBeStringResultPredicate  VarCollector  MatchNameNode  MatchNodeType  MatchDeclaration  MatchNotFunction  MatchShallowStatement  [METHOD]  isBooleanResultHelper  [RETURN_TYPE]  boolean  Node  n  [VARIABLES]  BooleanResultPredicate  BOOLEAN_RESULT_PREDICATE  Set  BUILTIN_FUNCTIONS_WITHOUT_SIDEEFFECTS  CONSTRUCTORS_WITHOUT_SIDE_EFFECTS  OBJECT_METHODS_WITHOUT_SIDEEFFECTS  REGEXP_METHODS  STRING_REGEXP_METHODS  defines  emptySet  knownConstants  NumbericResultPredicate  NUMBERIC_RESULT_PREDICATE  boolean  MayBeStringResultPredicate  MAY_BE_STRING_PREDICATE  Node  n  String  JSC_PROPERTY_NAME_FN  childValue  name  namespaceName  rawJsString  s  value  Map  vars  int  c  end  nextSkipSlot  nextSlot  start  type  	projects/Closure80/src/com/google/javascript/jscomp/NodeUtil.java	0.4082482904638631	1264	1264	2	replace	NodeUtil.isLiteralValue(n)||  NodeUtil.isFunctionAnonymous(n))  {  return  false;  }	  NodeUtil.isFunctionAnonymous(n)||    NodeUtil.isFunctionAnonymous(n))    {    return    false;    }    	non-compiled	[CE]  	22	None	replace
949	[BUG]  [BUGGY]  return(n.getType()  ==  Token.NAME)?  BooleanResultPredicate.NOT  :  BooleanResultPredicate.FALSE;  [CE]  [FE]                    IllegalStateException      [CONTEXT]      case  Token.LE:  case  Token.GE:  case  Token.IN:  case  Token.INSTANCEOF:  case  Token.NOT:  return  true;  default:      [BUGGY]  return(n.getType()  ==  Token.NAME)?  BooleanResultPredicate.NOT  :  BooleanResultPredicate.FALSE;  [BUGGY]      }  }  [CLASS]  NodeUtil  NumbericResultPredicate  BooleanResultPredicate  MayBeStringResultPredicate  VarCollector  MatchNameNode  MatchNodeType  MatchDeclaration  MatchNotFunction  MatchShallowStatement  [METHOD]  isBooleanResultHelper  [RETURN_TYPE]  boolean  Node  n  [VARIABLES]  BooleanResultPredicate  BOOLEAN_RESULT_PREDICATE  Set  BUILTIN_FUNCTIONS_WITHOUT_SIDEEFFECTS  CONSTRUCTORS_WITHOUT_SIDE_EFFECTS  OBJECT_METHODS_WITHOUT_SIDEEFFECTS  REGEXP_METHODS  STRING_REGEXP_METHODS  defines  emptySet  knownConstants  NumbericResultPredicate  NUMBERIC_RESULT_PREDICATE  boolean  MayBeStringResultPredicate  MAY_BE_STRING_PREDICATE  Node  n  String  JSC_PROPERTY_NAME_FN  childValue  name  namespaceName  rawJsString  s  value  Map  vars  int  c  end  nextSkipSlot  nextSlot  start  type  	projects/Closure80/src/com/google/javascript/jscomp/NodeUtil.java	0.4082482904638631	1264	1264	2	replace	return(n.getType()  ==  Token.NAME)?  BooleanResultPredicate.NOT  :  BooleanResultPredicate.FALSE;	  return(n.getType()    ==    Token.NAME)?    BooleanResultPredicate.FALSE    :    BooleanResultPredicate.NOT;    	non-compiled	[CE]  	75	None	replace
950	[BUG]  [BUGGY]  return(n.getType()!=  Token.NAME)?  BooleanResultPredicate.FALSE  :  BooleanResultPredicate.NOT;  [CE]  [FE]                      IllegalStateException      [CONTEXT]      case  Token.LE:  case  Token.GE:  case  Token.IN:  case  Token.INSTANCEOF:  case  Token.NOT:  return  true;  default:      [BUGGY]  return(n.getType()!=  Token.NAME)?  BooleanResultPredicate.FALSE  :  BooleanResultPredicate.NOT;  [BUGGY]      }  }  [CLASS]  NodeUtil  NumbericResultPredicate  BooleanResultPredicate  MayBeStringResultPredicate  VarCollector  MatchNameNode  MatchNodeType  MatchDeclaration  MatchNotFunction  MatchShallowStatement  [METHOD]  isBooleanResultHelper  [RETURN_TYPE]  boolean  Node  n  [VARIABLES]  BooleanResultPredicate  BOOLEAN_RESULT_PREDICATE  Set  BUILTIN_FUNCTIONS_WITHOUT_SIDEEFFECTS  CONSTRUCTORS_WITHOUT_SIDE_EFFECTS  OBJECT_METHODS_WITHOUT_SIDEEFFECTS  REGEXP_METHODS  STRING_REGEXP_METHODS  defines  emptySet  knownConstants  NumbericResultPredicate  NUMBERIC_RESULT_PREDICATE  boolean  MayBeStringResultPredicate  MAY_BE_STRING_PREDICATE  Node  n  String  JSC_PROPERTY_NAME_FN  childValue  name  namespaceName  rawJsString  s  value  Map  vars  int  c  end  nextSkipSlot  nextSlot  start  type  	projects/Closure80/src/com/google/javascript/jscomp/NodeUtil.java	0.4082482904638631	1264	1264	2	replace	return(n.getType()!=  Token.NAME)?  BooleanResultPredicate.FALSE  :  BooleanResultPredicate.NOT;	  return(n.getType()    ==    Token.NAME)?    BooleanResultPredicate.FALSE    :    BooleanResultPredicate.NOT;    	non-compiled	[CE]  	75	None	replace
951	[BUG]  [BUGGY]  return(n.getType()  ==  Token.BLOCK)?  BooleanResultPredicate.FALSE  :  BooleanResultPredicate.NOT;  [CE]  [FE]                        IllegalStateException      [CONTEXT]      case  Token.LE:  case  Token.GE:  case  Token.IN:  case  Token.INSTANCEOF:  case  Token.NOT:  return  true;  default:      [BUGGY]  return(n.getType()  ==  Token.BLOCK)?  BooleanResultPredicate.FALSE  :  BooleanResultPredicate.NOT;  [BUGGY]      }  }  [CLASS]  NodeUtil  NumbericResultPredicate  BooleanResultPredicate  MayBeStringResultPredicate  VarCollector  MatchNameNode  MatchNodeType  MatchDeclaration  MatchNotFunction  MatchShallowStatement  [METHOD]  isBooleanResultHelper  [RETURN_TYPE]  boolean  Node  n  [VARIABLES]  BooleanResultPredicate  BOOLEAN_RESULT_PREDICATE  Set  BUILTIN_FUNCTIONS_WITHOUT_SIDEEFFECTS  CONSTRUCTORS_WITHOUT_SIDE_EFFECTS  OBJECT_METHODS_WITHOUT_SIDEEFFECTS  REGEXP_METHODS  STRING_REGEXP_METHODS  defines  emptySet  knownConstants  NumbericResultPredicate  NUMBERIC_RESULT_PREDICATE  boolean  MayBeStringResultPredicate  MAY_BE_STRING_PREDICATE  Node  n  String  JSC_PROPERTY_NAME_FN  childValue  name  namespaceName  rawJsString  s  value  Map  vars  int  c  end  nextSkipSlot  nextSlot  start  type  	projects/Closure80/src/com/google/javascript/jscomp/NodeUtil.java	0.4082482904638631	1264	1264	2	replace	return(n.getType()  ==  Token.BLOCK)?  BooleanResultPredicate.FALSE  :  BooleanResultPredicate.NOT;	  return(n.getType()    ==    Token.NAME)?    BooleanResultPredicate.FALSE    :    BooleanResultPredicate.NOT;    	non-compiled	[CE]  	75	None	replace
952	[BUG]  [BUGGY]  return(n.getType()  ==  Token.NAME)?  BooleanResultPredicate.FUNCTION  :  BooleanResultPredicate.NOT;  [CE]  [FE]                          IllegalStateException      [CONTEXT]      case  Token.LE:  case  Token.GE:  case  Token.IN:  case  Token.INSTANCEOF:  case  Token.NOT:  return  true;  default:      [BUGGY]  return(n.getType()  ==  Token.NAME)?  BooleanResultPredicate.FUNCTION  :  BooleanResultPredicate.NOT;  [BUGGY]      }  }  [CLASS]  NodeUtil  NumbericResultPredicate  BooleanResultPredicate  MayBeStringResultPredicate  VarCollector  MatchNameNode  MatchNodeType  MatchDeclaration  MatchNotFunction  MatchShallowStatement  [METHOD]  isBooleanResultHelper  [RETURN_TYPE]  boolean  Node  n  [VARIABLES]  BooleanResultPredicate  BOOLEAN_RESULT_PREDICATE  Set  BUILTIN_FUNCTIONS_WITHOUT_SIDEEFFECTS  CONSTRUCTORS_WITHOUT_SIDE_EFFECTS  OBJECT_METHODS_WITHOUT_SIDEEFFECTS  REGEXP_METHODS  STRING_REGEXP_METHODS  defines  emptySet  knownConstants  NumbericResultPredicate  NUMBERIC_RESULT_PREDICATE  boolean  MayBeStringResultPredicate  MAY_BE_STRING_PREDICATE  Node  n  String  JSC_PROPERTY_NAME_FN  childValue  name  namespaceName  rawJsString  s  value  Map  vars  int  c  end  nextSkipSlot  nextSlot  start  type  	projects/Closure80/src/com/google/javascript/jscomp/NodeUtil.java	0.4082482904638631	1264	1264	2	replace	return(n.getType()  ==  Token.NAME)?  BooleanResultPredicate.FUNCTION  :  BooleanResultPredicate.NOT;	  return(n.getType()    ==    Token.NAME)?    BooleanResultPredicate.FALSE    :    BooleanResultPredicate.NOT;    	non-compiled	[CE]  	75	None	replace
953	[BUG]  [BUGGY]  n.setType(Token.BLOCK);  [CE]  [FE]                      IllegalStateException      [CONTEXT]      case  Token.LE:  case  Token.GE:  case  Token.IN:  case  Token.INSTANCEOF:  case  Token.NOT:  return  true;  default:      [BUGGY]  n.setType(Token.BLOCK);  [BUGGY]      }  }  [CLASS]  NodeUtil  NumbericResultPredicate  BooleanResultPredicate  MayBeStringResultPredicate  VarCollector  MatchNameNode  MatchNodeType  MatchDeclaration  MatchNotFunction  MatchShallowStatement  [METHOD]  isBooleanResultHelper  [RETURN_TYPE]  boolean  Node  n  [VARIABLES]  BooleanResultPredicate  BOOLEAN_RESULT_PREDICATE  Set  BUILTIN_FUNCTIONS_WITHOUT_SIDEEFFECTS  CONSTRUCTORS_WITHOUT_SIDE_EFFECTS  OBJECT_METHODS_WITHOUT_SIDEEFFECTS  REGEXP_METHODS  STRING_REGEXP_METHODS  defines  emptySet  knownConstants  NumbericResultPredicate  NUMBERIC_RESULT_PREDICATE  boolean  MayBeStringResultPredicate  MAY_BE_STRING_PREDICATE  Node  n  String  JSC_PROPERTY_NAME_FN  childValue  name  namespaceName  rawJsString  s  value  Map  vars  int  c  end  nextSkipSlot  nextSlot  start  type  	projects/Closure80/src/com/google/javascript/jscomp/NodeUtil.java	0.4082482904638631	1264	1264	2	replace	n.setType(Token.BLOCK);	  n.setType(Token.GETPROP);    	non-compiled	[CE]  	100	None	replace
954	[BUG]  [BUGGY]  n.setType(Token.ASSIGN);  [CE]  [FE]                        IllegalStateException      [CONTEXT]      case  Token.LE:  case  Token.GE:  case  Token.IN:  case  Token.INSTANCEOF:  case  Token.NOT:  return  true;  default:      [BUGGY]  n.setType(Token.ASSIGN);  [BUGGY]      }  }  [CLASS]  NodeUtil  NumbericResultPredicate  BooleanResultPredicate  MayBeStringResultPredicate  VarCollector  MatchNameNode  MatchNodeType  MatchDeclaration  MatchNotFunction  MatchShallowStatement  [METHOD]  isBooleanResultHelper  [RETURN_TYPE]  boolean  Node  n  [VARIABLES]  BooleanResultPredicate  BOOLEAN_RESULT_PREDICATE  Set  BUILTIN_FUNCTIONS_WITHOUT_SIDEEFFECTS  CONSTRUCTORS_WITHOUT_SIDE_EFFECTS  OBJECT_METHODS_WITHOUT_SIDEEFFECTS  REGEXP_METHODS  STRING_REGEXP_METHODS  defines  emptySet  knownConstants  NumbericResultPredicate  NUMBERIC_RESULT_PREDICATE  boolean  MayBeStringResultPredicate  MAY_BE_STRING_PREDICATE  Node  n  String  JSC_PROPERTY_NAME_FN  childValue  name  namespaceName  rawJsString  s  value  Map  vars  int  c  end  nextSkipSlot  nextSlot  start  type  	projects/Closure80/src/com/google/javascript/jscomp/NodeUtil.java	0.4082482904638631	1264	1264	2	replace	n.setType(Token.ASSIGN);	  n.setType(Token.GETPROP);    	non-compiled	[CE]  	100	None	replace
955	[BUG]  [BUGGY]  n.setType(Token.VAR);  [CE]  [FE]                          IllegalStateException      [CONTEXT]      case  Token.LE:  case  Token.GE:  case  Token.IN:  case  Token.INSTANCEOF:  case  Token.NOT:  return  true;  default:      [BUGGY]  n.setType(Token.VAR);  [BUGGY]      }  }  [CLASS]  NodeUtil  NumbericResultPredicate  BooleanResultPredicate  MayBeStringResultPredicate  VarCollector  MatchNameNode  MatchNodeType  MatchDeclaration  MatchNotFunction  MatchShallowStatement  [METHOD]  isBooleanResultHelper  [RETURN_TYPE]  boolean  Node  n  [VARIABLES]  BooleanResultPredicate  BOOLEAN_RESULT_PREDICATE  Set  BUILTIN_FUNCTIONS_WITHOUT_SIDEEFFECTS  CONSTRUCTORS_WITHOUT_SIDE_EFFECTS  OBJECT_METHODS_WITHOUT_SIDEEFFECTS  REGEXP_METHODS  STRING_REGEXP_METHODS  defines  emptySet  knownConstants  NumbericResultPredicate  NUMBERIC_RESULT_PREDICATE  boolean  MayBeStringResultPredicate  MAY_BE_STRING_PREDICATE  Node  n  String  JSC_PROPERTY_NAME_FN  childValue  name  namespaceName  rawJsString  s  value  Map  vars  int  c  end  nextSkipSlot  nextSlot  start  type  	projects/Closure80/src/com/google/javascript/jscomp/NodeUtil.java	0.4082482904638631	1264	1264	2	replace	n.setType(Token.VAR);	  n.setType(Token.GETPROP);    	non-compiled	[CE]  	100	None	replace
956	[BUG]  [BUGGY]  return(n.getFirstChild()!=  n)?  BooleanResultPredicate.FALSE  :  BooleanResultPredicate.UNKNOWN;  [CE]  [FE]                IllegalStateException      [CONTEXT]      case  Token.LE:  case  Token.GE:  case  Token.IN:  case  Token.INSTANCEOF:  case  Token.NOT:  return  true;  default:      [BUGGY]  return(n.getFirstChild()!=  n)?  BooleanResultPredicate.FALSE  :  BooleanResultPredicate.UNKNOWN;  [BUGGY]      }  }  [CLASS]  NodeUtil  NumbericResultPredicate  BooleanResultPredicate  MayBeStringResultPredicate  VarCollector  MatchNameNode  MatchNodeType  MatchDeclaration  MatchNotFunction  MatchShallowStatement  [METHOD]  isBooleanResultHelper  [RETURN_TYPE]  boolean  Node  n  [VARIABLES]  BooleanResultPredicate  BOOLEAN_RESULT_PREDICATE  Set  BUILTIN_FUNCTIONS_WITHOUT_SIDEEFFECTS  CONSTRUCTORS_WITHOUT_SIDE_EFFECTS  OBJECT_METHODS_WITHOUT_SIDEEFFECTS  REGEXP_METHODS  STRING_REGEXP_METHODS  defines  emptySet  knownConstants  NumbericResultPredicate  NUMBERIC_RESULT_PREDICATE  boolean  MayBeStringResultPredicate  MAY_BE_STRING_PREDICATE  Node  n  String  JSC_PROPERTY_NAME_FN  childValue  name  namespaceName  rawJsString  s  value  Map  vars  int  c  end  nextSkipSlot  nextSlot  start  type  	projects/Closure80/src/com/google/javascript/jscomp/NodeUtil.java	0.4082482904638631	1264	1264	2	replace	return(n.getFirstChild()!=  n)?  BooleanResultPredicate.FALSE  :  BooleanResultPredicate.UNKNOWN;	  return(n.getType()!=    Token.NAME)?    BooleanResultPredicate.FALSE    :    BooleanResultPredicate.UNKNOWN;    	non-compiled	[CE]  	128	None	replace
957	[BUG]  [BUGGY]  return(n.getType()  ==  Token.VAR)?  BooleanResultPredicate.FALSE  :  BooleanResultPredicate.FALSE;  [CE]  [FE]            IllegalStateException      [CONTEXT]      case  Token.LE:  case  Token.GE:  case  Token.IN:  case  Token.INSTANCEOF:  case  Token.NOT:  return  true;  default:      [BUGGY]  return(n.getType()  ==  Token.VAR)?  BooleanResultPredicate.FALSE  :  BooleanResultPredicate.FALSE;  [BUGGY]      }  }  [CLASS]  NodeUtil  NumbericResultPredicate  BooleanResultPredicate  MayBeStringResultPredicate  VarCollector  MatchNameNode  MatchNodeType  MatchDeclaration  MatchNotFunction  MatchShallowStatement  [METHOD]  isBooleanResultHelper  [RETURN_TYPE]  boolean  Node  n  [VARIABLES]  BooleanResultPredicate  BOOLEAN_RESULT_PREDICATE  Set  BUILTIN_FUNCTIONS_WITHOUT_SIDEEFFECTS  CONSTRUCTORS_WITHOUT_SIDE_EFFECTS  OBJECT_METHODS_WITHOUT_SIDEEFFECTS  REGEXP_METHODS  STRING_REGEXP_METHODS  defines  emptySet  knownConstants  NumbericResultPredicate  NUMBERIC_RESULT_PREDICATE  boolean  MayBeStringResultPredicate  MAY_BE_STRING_PREDICATE  Node  n  String  JSC_PROPERTY_NAME_FN  childValue  name  namespaceName  rawJsString  s  value  Map  vars  int  c  end  nextSkipSlot  nextSlot  start  type  	projects/Closure80/src/com/google/javascript/jscomp/NodeUtil.java	0.4082482904638631	1264	1264	2	replace	return(n.getType()  ==  Token.VAR)?  BooleanResultPredicate.FALSE  :  BooleanResultPredicate.FALSE;	  return(n.getType()    ==    Token.VAR)?    BooleanResultPredicate.TRUE    :    BooleanResultPredicate.FALSE;    	non-compiled	[CE]  	137	None	replace
958	[BUG]  [BUGGY]  return(n.getType()!=  Token.VAR)?  BooleanResultPredicate.TRUE  :  BooleanResultPredicate.FALSE;  [CE]  [FE]              IllegalStateException      [CONTEXT]      case  Token.LE:  case  Token.GE:  case  Token.IN:  case  Token.INSTANCEOF:  case  Token.NOT:  return  true;  default:      [BUGGY]  return(n.getType()!=  Token.VAR)?  BooleanResultPredicate.TRUE  :  BooleanResultPredicate.FALSE;  [BUGGY]      }  }  [CLASS]  NodeUtil  NumbericResultPredicate  BooleanResultPredicate  MayBeStringResultPredicate  VarCollector  MatchNameNode  MatchNodeType  MatchDeclaration  MatchNotFunction  MatchShallowStatement  [METHOD]  isBooleanResultHelper  [RETURN_TYPE]  boolean  Node  n  [VARIABLES]  BooleanResultPredicate  BOOLEAN_RESULT_PREDICATE  Set  BUILTIN_FUNCTIONS_WITHOUT_SIDEEFFECTS  CONSTRUCTORS_WITHOUT_SIDE_EFFECTS  OBJECT_METHODS_WITHOUT_SIDEEFFECTS  REGEXP_METHODS  STRING_REGEXP_METHODS  defines  emptySet  knownConstants  NumbericResultPredicate  NUMBERIC_RESULT_PREDICATE  boolean  MayBeStringResultPredicate  MAY_BE_STRING_PREDICATE  Node  n  String  JSC_PROPERTY_NAME_FN  childValue  name  namespaceName  rawJsString  s  value  Map  vars  int  c  end  nextSkipSlot  nextSlot  start  type  	projects/Closure80/src/com/google/javascript/jscomp/NodeUtil.java	0.4082482904638631	1264	1264	2	replace	return(n.getType()!=  Token.VAR)?  BooleanResultPredicate.TRUE  :  BooleanResultPredicate.FALSE;	  return(n.getType()    ==    Token.VAR)?    BooleanResultPredicate.TRUE    :    BooleanResultPredicate.FALSE;    	non-compiled	[CE]  	137	None	replace
959	[BUG]  [BUGGY]  Preconditions.checkArgument(NodeUtil.isFunctionAnonymous(n)||  NodeUtil.isFunctionAnonymous(n))  {  return  false;  }  [CE]  [FE]                IllegalStateException      [CONTEXT]      case  Token.LE:  case  Token.GE:  case  Token.IN:  case  Token.INSTANCEOF:  case  Token.NOT:  return  true;  default:      [BUGGY]  Preconditions.checkArgument(NodeUtil.isFunctionAnonymous(n)||  NodeUtil.isFunctionAnonymous(n))  {  return  false;  }  [BUGGY]      }  }  [CLASS]  NodeUtil  NumbericResultPredicate  BooleanResultPredicate  MayBeStringResultPredicate  VarCollector  MatchNameNode  MatchNodeType  MatchDeclaration  MatchNotFunction  MatchShallowStatement  [METHOD]  isBooleanResultHelper  [RETURN_TYPE]  boolean  Node  n  [VARIABLES]  BooleanResultPredicate  BOOLEAN_RESULT_PREDICATE  Set  BUILTIN_FUNCTIONS_WITHOUT_SIDEEFFECTS  CONSTRUCTORS_WITHOUT_SIDE_EFFECTS  OBJECT_METHODS_WITHOUT_SIDEEFFECTS  REGEXP_METHODS  STRING_REGEXP_METHODS  defines  emptySet  knownConstants  NumbericResultPredicate  NUMBERIC_RESULT_PREDICATE  boolean  MayBeStringResultPredicate  MAY_BE_STRING_PREDICATE  Node  n  String  JSC_PROPERTY_NAME_FN  childValue  name  namespaceName  rawJsString  s  value  Map  vars  int  c  end  nextSkipSlot  nextSlot  start  type  	projects/Closure80/src/com/google/javascript/jscomp/NodeUtil.java	0.4082482904638631	1264	1264	2	replace	Preconditions.checkArgument(NodeUtil.isFunctionAnonymous(n)||  NodeUtil.isFunctionAnonymous(n))  {  return  false;  }	  Preconditions.checkState(NodeUtil.isFunctionAnonymous(n)||    NodeUtil.isFunctionAnonymous(n))    {    return    false;    }    	non-compiled	[CE]  	24	None	replace
960	[BUG]  [BUGGY]  Preconditions.checkState(NodeUtil.isVarDeclaration(n)||  NodeUtil.isFunctionAnonymous(n))  {  return  false;  }  [CE]  [FE]                  IllegalStateException      [CONTEXT]      case  Token.LE:  case  Token.GE:  case  Token.IN:  case  Token.INSTANCEOF:  case  Token.NOT:  return  true;  default:      [BUGGY]  Preconditions.checkState(NodeUtil.isVarDeclaration(n)||  NodeUtil.isFunctionAnonymous(n))  {  return  false;  }  [BUGGY]      }  }  [CLASS]  NodeUtil  NumbericResultPredicate  BooleanResultPredicate  MayBeStringResultPredicate  VarCollector  MatchNameNode  MatchNodeType  MatchDeclaration  MatchNotFunction  MatchShallowStatement  [METHOD]  isBooleanResultHelper  [RETURN_TYPE]  boolean  Node  n  [VARIABLES]  BooleanResultPredicate  BOOLEAN_RESULT_PREDICATE  Set  BUILTIN_FUNCTIONS_WITHOUT_SIDEEFFECTS  CONSTRUCTORS_WITHOUT_SIDE_EFFECTS  OBJECT_METHODS_WITHOUT_SIDEEFFECTS  REGEXP_METHODS  STRING_REGEXP_METHODS  defines  emptySet  knownConstants  NumbericResultPredicate  NUMBERIC_RESULT_PREDICATE  boolean  MayBeStringResultPredicate  MAY_BE_STRING_PREDICATE  Node  n  String  JSC_PROPERTY_NAME_FN  childValue  name  namespaceName  rawJsString  s  value  Map  vars  int  c  end  nextSkipSlot  nextSlot  start  type  	projects/Closure80/src/com/google/javascript/jscomp/NodeUtil.java	0.4082482904638631	1264	1264	2	replace	Preconditions.checkState(NodeUtil.isVarDeclaration(n)||  NodeUtil.isFunctionAnonymous(n))  {  return  false;  }	  Preconditions.checkState(NodeUtil.isFunctionAnonymous(n)||    NodeUtil.isFunctionAnonymous(n))    {    return    false;    }    	non-compiled	[CE]  	24	None	replace
961	[BUG]  [BUGGY]  Preconditions.checkArgument(NodeUtil.isFunctionAnonymous(n)||  NodeUtil.isFunctionAnonymous(n))  {  return  true;  }  [CE]  [FE]                IllegalStateException      [CONTEXT]      case  Token.LE:  case  Token.GE:  case  Token.IN:  case  Token.INSTANCEOF:  case  Token.NOT:  return  true;  default:      [BUGGY]  Preconditions.checkArgument(NodeUtil.isFunctionAnonymous(n)||  NodeUtil.isFunctionAnonymous(n))  {  return  true;  }  [BUGGY]      }  }  [CLASS]  NodeUtil  NumbericResultPredicate  BooleanResultPredicate  MayBeStringResultPredicate  VarCollector  MatchNameNode  MatchNodeType  MatchDeclaration  MatchNotFunction  MatchShallowStatement  [METHOD]  isBooleanResultHelper  [RETURN_TYPE]  boolean  Node  n  [VARIABLES]  BooleanResultPredicate  BOOLEAN_RESULT_PREDICATE  Set  BUILTIN_FUNCTIONS_WITHOUT_SIDEEFFECTS  CONSTRUCTORS_WITHOUT_SIDE_EFFECTS  OBJECT_METHODS_WITHOUT_SIDEEFFECTS  REGEXP_METHODS  STRING_REGEXP_METHODS  defines  emptySet  knownConstants  NumbericResultPredicate  NUMBERIC_RESULT_PREDICATE  boolean  MayBeStringResultPredicate  MAY_BE_STRING_PREDICATE  Node  n  String  JSC_PROPERTY_NAME_FN  childValue  name  namespaceName  rawJsString  s  value  Map  vars  int  c  end  nextSkipSlot  nextSlot  start  type  	projects/Closure80/src/com/google/javascript/jscomp/NodeUtil.java	0.4082482904638631	1264	1264	2	replace	Preconditions.checkArgument(NodeUtil.isFunctionAnonymous(n)||  NodeUtil.isFunctionAnonymous(n))  {  return  true;  }	  Preconditions.checkState(NodeUtil.isFunctionAnonymous(n)||    NodeUtil.isFunctionAnonymous(n))    {    return    true;    }    	non-compiled	[CE]  	33	None	replace
962	[BUG]  [BUGGY]  Preconditions.checkState(NodeUtil.isVarDeclaration(n)||  NodeUtil.isFunctionAnonymous(n))  {  return  true;  }  [CE]  [FE]                  IllegalStateException      [CONTEXT]      case  Token.LE:  case  Token.GE:  case  Token.IN:  case  Token.INSTANCEOF:  case  Token.NOT:  return  true;  default:      [BUGGY]  Preconditions.checkState(NodeUtil.isVarDeclaration(n)||  NodeUtil.isFunctionAnonymous(n))  {  return  true;  }  [BUGGY]      }  }  [CLASS]  NodeUtil  NumbericResultPredicate  BooleanResultPredicate  MayBeStringResultPredicate  VarCollector  MatchNameNode  MatchNodeType  MatchDeclaration  MatchNotFunction  MatchShallowStatement  [METHOD]  isBooleanResultHelper  [RETURN_TYPE]  boolean  Node  n  [VARIABLES]  BooleanResultPredicate  BOOLEAN_RESULT_PREDICATE  Set  BUILTIN_FUNCTIONS_WITHOUT_SIDEEFFECTS  CONSTRUCTORS_WITHOUT_SIDE_EFFECTS  OBJECT_METHODS_WITHOUT_SIDEEFFECTS  REGEXP_METHODS  STRING_REGEXP_METHODS  defines  emptySet  knownConstants  NumbericResultPredicate  NUMBERIC_RESULT_PREDICATE  boolean  MayBeStringResultPredicate  MAY_BE_STRING_PREDICATE  Node  n  String  JSC_PROPERTY_NAME_FN  childValue  name  namespaceName  rawJsString  s  value  Map  vars  int  c  end  nextSkipSlot  nextSlot  start  type  	projects/Closure80/src/com/google/javascript/jscomp/NodeUtil.java	0.4082482904638631	1264	1264	2	replace	Preconditions.checkState(NodeUtil.isVarDeclaration(n)||  NodeUtil.isFunctionAnonymous(n))  {  return  true;  }	  Preconditions.checkState(NodeUtil.isFunctionAnonymous(n)||    NodeUtil.isFunctionAnonymous(n))    {    return    true;    }    	non-compiled	[CE]  	33	None	replace
963	[BUG]  [BUGGY]  if(NodeUtil.isFunctionDeclaration(n)||  n.getType()  ==  Token.FUNCTION)return  false;  }  [CE]  [FE]                        IllegalStateException      [CONTEXT]      case  Token.LE:  case  Token.GE:  case  Token.IN:  case  Token.INSTANCEOF:  case  Token.NOT:  return  true;  default:      [BUGGY]  if(NodeUtil.isFunctionDeclaration(n)||  n.getType()  ==  Token.FUNCTION)return  false;  }  [BUGGY]      }  }  [CLASS]  NodeUtil  NumbericResultPredicate  BooleanResultPredicate  MayBeStringResultPredicate  VarCollector  MatchNameNode  MatchNodeType  MatchDeclaration  MatchNotFunction  MatchShallowStatement  [METHOD]  isBooleanResultHelper  [RETURN_TYPE]  boolean  Node  n  [VARIABLES]  BooleanResultPredicate  BOOLEAN_RESULT_PREDICATE  Set  BUILTIN_FUNCTIONS_WITHOUT_SIDEEFFECTS  CONSTRUCTORS_WITHOUT_SIDE_EFFECTS  OBJECT_METHODS_WITHOUT_SIDEEFFECTS  REGEXP_METHODS  STRING_REGEXP_METHODS  defines  emptySet  knownConstants  NumbericResultPredicate  NUMBERIC_RESULT_PREDICATE  boolean  MayBeStringResultPredicate  MAY_BE_STRING_PREDICATE  Node  n  String  JSC_PROPERTY_NAME_FN  childValue  name  namespaceName  rawJsString  s  value  Map  vars  int  c  end  nextSkipSlot  nextSlot  start  type  	projects/Closure80/src/com/google/javascript/jscomp/NodeUtil.java	0.4082482904638631	1264	1264	2	replace	if(NodeUtil.isFunctionDeclaration(n)||  n.getType()  ==  Token.FUNCTION)return  false;  }	  if(NodeUtil.isFunctionDeclaration(n)||    n.getType()    ==    Token.FUNCTION)    {    return    false;    }    	non-compiled	[CE]  	10	None	replace
964	[BUG]  [BUGGY]  if(NodeUtil.isFunctionDeclaration(n)||  n.getFirstChild().getType()  ==  Token.FUNCTION)  {  return  false;  }  [CE]  [FE]                          IllegalStateException      [CONTEXT]      case  Token.LE:  case  Token.GE:  case  Token.IN:  case  Token.INSTANCEOF:  case  Token.NOT:  return  true;  default:      [BUGGY]  if(NodeUtil.isFunctionDeclaration(n)||  n.getFirstChild().getType()  ==  Token.FUNCTION)  {  return  false;  }  [BUGGY]      }  }  [CLASS]  NodeUtil  NumbericResultPredicate  BooleanResultPredicate  MayBeStringResultPredicate  VarCollector  MatchNameNode  MatchNodeType  MatchDeclaration  MatchNotFunction  MatchShallowStatement  [METHOD]  isBooleanResultHelper  [RETURN_TYPE]  boolean  Node  n  [VARIABLES]  BooleanResultPredicate  BOOLEAN_RESULT_PREDICATE  Set  BUILTIN_FUNCTIONS_WITHOUT_SIDEEFFECTS  CONSTRUCTORS_WITHOUT_SIDE_EFFECTS  OBJECT_METHODS_WITHOUT_SIDEEFFECTS  REGEXP_METHODS  STRING_REGEXP_METHODS  defines  emptySet  knownConstants  NumbericResultPredicate  NUMBERIC_RESULT_PREDICATE  boolean  MayBeStringResultPredicate  MAY_BE_STRING_PREDICATE  Node  n  String  JSC_PROPERTY_NAME_FN  childValue  name  namespaceName  rawJsString  s  value  Map  vars  int  c  end  nextSkipSlot  nextSlot  start  type  	projects/Closure80/src/com/google/javascript/jscomp/NodeUtil.java	0.4082482904638631	1264	1264	2	replace	if(NodeUtil.isFunctionDeclaration(n)||  n.getFirstChild().getType()  ==  Token.FUNCTION)  {  return  false;  }	  if(NodeUtil.isFunctionDeclaration(n)||    n.getType()    ==    Token.FUNCTION)    {    return    false;    }    	non-compiled	[CE]  	10	None	replace
965	[BUG]  [BUGGY]  if(NodeUtil.isFunctionDeclaration(n)||  n.getType()  ==  Token.FUNCTION)  {  return  true;  }  [CE]  [FE]                            IllegalStateException      [CONTEXT]      case  Token.LE:  case  Token.GE:  case  Token.IN:  case  Token.INSTANCEOF:  case  Token.NOT:  return  true;  default:      [BUGGY]  if(NodeUtil.isFunctionDeclaration(n)||  n.getType()  ==  Token.FUNCTION)  {  return  true;  }  [BUGGY]      }  }  [CLASS]  NodeUtil  NumbericResultPredicate  BooleanResultPredicate  MayBeStringResultPredicate  VarCollector  MatchNameNode  MatchNodeType  MatchDeclaration  MatchNotFunction  MatchShallowStatement  [METHOD]  isBooleanResultHelper  [RETURN_TYPE]  boolean  Node  n  [VARIABLES]  BooleanResultPredicate  BOOLEAN_RESULT_PREDICATE  Set  BUILTIN_FUNCTIONS_WITHOUT_SIDEEFFECTS  CONSTRUCTORS_WITHOUT_SIDE_EFFECTS  OBJECT_METHODS_WITHOUT_SIDEEFFECTS  REGEXP_METHODS  STRING_REGEXP_METHODS  defines  emptySet  knownConstants  NumbericResultPredicate  NUMBERIC_RESULT_PREDICATE  boolean  MayBeStringResultPredicate  MAY_BE_STRING_PREDICATE  Node  n  String  JSC_PROPERTY_NAME_FN  childValue  name  namespaceName  rawJsString  s  value  Map  vars  int  c  end  nextSkipSlot  nextSlot  start  type  	projects/Closure80/src/com/google/javascript/jscomp/NodeUtil.java	0.4082482904638631	1264	1264	2	replace	if(NodeUtil.isFunctionDeclaration(n)||  n.getType()  ==  Token.FUNCTION)  {  return  true;  }	  if(NodeUtil.isFunctionDeclaration(n)||    n.getType()    ==    Token.FUNCTION)    {    return    false;    }    	non-compiled	[CE]  	10	None	replace
966	[BUG]  [BUGGY]  if(n.getType()!=  Token.NAME  ||  n.getType()!=  Token.VAR)  {  return  false;  }  [CE]  [FE]                      IllegalStateException      [CONTEXT]      case  Token.LE:  case  Token.GE:  case  Token.IN:  case  Token.INSTANCEOF:  case  Token.NOT:  return  true;  default:      [BUGGY]  if(n.getType()!=  Token.NAME  ||  n.getType()!=  Token.VAR)  {  return  false;  }  [BUGGY]      }  }  [CLASS]  NodeUtil  NumbericResultPredicate  BooleanResultPredicate  MayBeStringResultPredicate  VarCollector  MatchNameNode  MatchNodeType  MatchDeclaration  MatchNotFunction  MatchShallowStatement  [METHOD]  isBooleanResultHelper  [RETURN_TYPE]  boolean  Node  n  [VARIABLES]  BooleanResultPredicate  BOOLEAN_RESULT_PREDICATE  Set  BUILTIN_FUNCTIONS_WITHOUT_SIDEEFFECTS  CONSTRUCTORS_WITHOUT_SIDE_EFFECTS  OBJECT_METHODS_WITHOUT_SIDEEFFECTS  REGEXP_METHODS  STRING_REGEXP_METHODS  defines  emptySet  knownConstants  NumbericResultPredicate  NUMBERIC_RESULT_PREDICATE  boolean  MayBeStringResultPredicate  MAY_BE_STRING_PREDICATE  Node  n  String  JSC_PROPERTY_NAME_FN  childValue  name  namespaceName  rawJsString  s  value  Map  vars  int  c  end  nextSkipSlot  nextSlot  start  type  	projects/Closure80/src/com/google/javascript/jscomp/NodeUtil.java	0.4082482904638631	1264	1264	2	replace	if(n.getType()!=  Token.NAME  ||  n.getType()!=  Token.VAR)  {  return  false;  }	  if(n.getType()!=    Token.NAME)    {    return    false;    }    	non-compiled	[CE]  	16	None	replace
967	[BUG]  [BUGGY]  if(n.getType()!=  Token.NAME)return  true;  }  [CE]  [FE]                        IllegalStateException      [CONTEXT]      case  Token.LE:  case  Token.GE:  case  Token.IN:  case  Token.INSTANCEOF:  case  Token.NOT:  return  true;  default:      [BUGGY]  if(n.getType()!=  Token.NAME)return  true;  }  [BUGGY]      }  }  [CLASS]  NodeUtil  NumbericResultPredicate  BooleanResultPredicate  MayBeStringResultPredicate  VarCollector  MatchNameNode  MatchNodeType  MatchDeclaration  MatchNotFunction  MatchShallowStatement  [METHOD]  isBooleanResultHelper  [RETURN_TYPE]  boolean  Node  n  [VARIABLES]  BooleanResultPredicate  BOOLEAN_RESULT_PREDICATE  Set  BUILTIN_FUNCTIONS_WITHOUT_SIDEEFFECTS  CONSTRUCTORS_WITHOUT_SIDE_EFFECTS  OBJECT_METHODS_WITHOUT_SIDEEFFECTS  REGEXP_METHODS  STRING_REGEXP_METHODS  defines  emptySet  knownConstants  NumbericResultPredicate  NUMBERIC_RESULT_PREDICATE  boolean  MayBeStringResultPredicate  MAY_BE_STRING_PREDICATE  Node  n  String  JSC_PROPERTY_NAME_FN  childValue  name  namespaceName  rawJsString  s  value  Map  vars  int  c  end  nextSkipSlot  nextSlot  start  type  	projects/Closure80/src/com/google/javascript/jscomp/NodeUtil.java	0.4082482904638631	1264	1264	2	replace	if(n.getType()!=  Token.NAME)return  true;  }	  if(n.getType()!=    Token.NAME)    {    return    false;    }    	non-compiled	[CE]  	16	None	replace
968	[BUG]  [BUGGY]  if(NodeUtil.isFunctionDeclaration(n)||  NodeUtil.mayHaveSideEffects(n))  {  return  false;  }  [CE]  [FE]                    IllegalStateException      [CONTEXT]      case  Token.LE:  case  Token.GE:  case  Token.IN:  case  Token.INSTANCEOF:  case  Token.NOT:  return  true;  default:      [BUGGY]  if(NodeUtil.isFunctionDeclaration(n)||  NodeUtil.mayHaveSideEffects(n))  {  return  false;  }  [BUGGY]      }  }  [CLASS]  NodeUtil  NumbericResultPredicate  BooleanResultPredicate  MayBeStringResultPredicate  VarCollector  MatchNameNode  MatchNodeType  MatchDeclaration  MatchNotFunction  MatchShallowStatement  [METHOD]  isBooleanResultHelper  [RETURN_TYPE]  boolean  Node  n  [VARIABLES]  BooleanResultPredicate  BOOLEAN_RESULT_PREDICATE  Set  BUILTIN_FUNCTIONS_WITHOUT_SIDEEFFECTS  CONSTRUCTORS_WITHOUT_SIDE_EFFECTS  OBJECT_METHODS_WITHOUT_SIDEEFFECTS  REGEXP_METHODS  STRING_REGEXP_METHODS  defines  emptySet  knownConstants  NumbericResultPredicate  NUMBERIC_RESULT_PREDICATE  boolean  MayBeStringResultPredicate  MAY_BE_STRING_PREDICATE  Node  n  String  JSC_PROPERTY_NAME_FN  childValue  name  namespaceName  rawJsString  s  value  Map  vars  int  c  end  nextSkipSlot  nextSlot  start  type  	projects/Closure80/src/com/google/javascript/jscomp/NodeUtil.java	0.4082482904638631	1264	1264	2	replace	if(NodeUtil.isFunctionDeclaration(n)||  NodeUtil.mayHaveSideEffects(n))  {  return  false;  }	  if(NodeUtil.isFunctionDeclaration(n)||    NodeUtil.isMatchNotFunction(n))    {    return    false;    }    	non-compiled	[CE]  	107	None	replace
969	[BUG]  [BUGGY]  if(NodeUtil.isFunctionDeclaration(n)||  NodeUtil.isMatchNotFunction(n))  {  return  true;  }  [CE]  [FE]                      IllegalStateException      [CONTEXT]      case  Token.LE:  case  Token.GE:  case  Token.IN:  case  Token.INSTANCEOF:  case  Token.NOT:  return  true;  default:      [BUGGY]  if(NodeUtil.isFunctionDeclaration(n)||  NodeUtil.isMatchNotFunction(n))  {  return  true;  }  [BUGGY]      }  }  [CLASS]  NodeUtil  NumbericResultPredicate  BooleanResultPredicate  MayBeStringResultPredicate  VarCollector  MatchNameNode  MatchNodeType  MatchDeclaration  MatchNotFunction  MatchShallowStatement  [METHOD]  isBooleanResultHelper  [RETURN_TYPE]  boolean  Node  n  [VARIABLES]  BooleanResultPredicate  BOOLEAN_RESULT_PREDICATE  Set  BUILTIN_FUNCTIONS_WITHOUT_SIDEEFFECTS  CONSTRUCTORS_WITHOUT_SIDE_EFFECTS  OBJECT_METHODS_WITHOUT_SIDEEFFECTS  REGEXP_METHODS  STRING_REGEXP_METHODS  defines  emptySet  knownConstants  NumbericResultPredicate  NUMBERIC_RESULT_PREDICATE  boolean  MayBeStringResultPredicate  MAY_BE_STRING_PREDICATE  Node  n  String  JSC_PROPERTY_NAME_FN  childValue  name  namespaceName  rawJsString  s  value  Map  vars  int  c  end  nextSkipSlot  nextSlot  start  type  	projects/Closure80/src/com/google/javascript/jscomp/NodeUtil.java	0.4082482904638631	1264	1264	2	replace	if(NodeUtil.isFunctionDeclaration(n)||  NodeUtil.isMatchNotFunction(n))  {  return  true;  }	  if(NodeUtil.isFunctionDeclaration(n)||    NodeUtil.isMatchNotFunction(n))    {    return    false;    }    	non-compiled	[CE]  	107	None	replace
970	[BUG]  [BUGGY]  if(NodeUtil.isVarDeclaration(n)||  NodeUtil.isFunctionAnonymous(n))  {  return  false;  }  [CE]  [FE]                        IllegalStateException      [CONTEXT]      case  Token.LE:  case  Token.GE:  case  Token.IN:  case  Token.INSTANCEOF:  case  Token.NOT:  return  true;  default:      [BUGGY]  if(NodeUtil.isVarDeclaration(n)||  NodeUtil.isFunctionAnonymous(n))  {  return  false;  }  [BUGGY]      }  }  [CLASS]  NodeUtil  NumbericResultPredicate  BooleanResultPredicate  MayBeStringResultPredicate  VarCollector  MatchNameNode  MatchNodeType  MatchDeclaration  MatchNotFunction  MatchShallowStatement  [METHOD]  isBooleanResultHelper  [RETURN_TYPE]  boolean  Node  n  [VARIABLES]  BooleanResultPredicate  BOOLEAN_RESULT_PREDICATE  Set  BUILTIN_FUNCTIONS_WITHOUT_SIDEEFFECTS  CONSTRUCTORS_WITHOUT_SIDE_EFFECTS  OBJECT_METHODS_WITHOUT_SIDEEFFECTS  REGEXP_METHODS  STRING_REGEXP_METHODS  defines  emptySet  knownConstants  NumbericResultPredicate  NUMBERIC_RESULT_PREDICATE  boolean  MayBeStringResultPredicate  MAY_BE_STRING_PREDICATE  Node  n  String  JSC_PROPERTY_NAME_FN  childValue  name  namespaceName  rawJsString  s  value  Map  vars  int  c  end  nextSkipSlot  nextSlot  start  type  	projects/Closure80/src/com/google/javascript/jscomp/NodeUtil.java	0.4082482904638631	1264	1264	2	replace	if(NodeUtil.isVarDeclaration(n)||  NodeUtil.isFunctionAnonymous(n))  {  return  false;  }	  if(NodeUtil.isFunctionAnonymous(n)||    NodeUtil.isVarDeclaration(n))    {    return    false;    }    	non-compiled	[CE]  	141	None	replace
971	[BUG]  [BUGGY]  if(NodeUtil.isFunctionAnonymous(n)||  NodeUtil.isVarDeclaration(n))  {  return  true;  }  [CE]  [FE]                          IllegalStateException      [CONTEXT]      case  Token.LE:  case  Token.GE:  case  Token.IN:  case  Token.INSTANCEOF:  case  Token.NOT:  return  true;  default:      [BUGGY]  if(NodeUtil.isFunctionAnonymous(n)||  NodeUtil.isVarDeclaration(n))  {  return  true;  }  [BUGGY]      }  }  [CLASS]  NodeUtil  NumbericResultPredicate  BooleanResultPredicate  MayBeStringResultPredicate  VarCollector  MatchNameNode  MatchNodeType  MatchDeclaration  MatchNotFunction  MatchShallowStatement  [METHOD]  isBooleanResultHelper  [RETURN_TYPE]  boolean  Node  n  [VARIABLES]  BooleanResultPredicate  BOOLEAN_RESULT_PREDICATE  Set  BUILTIN_FUNCTIONS_WITHOUT_SIDEEFFECTS  CONSTRUCTORS_WITHOUT_SIDE_EFFECTS  OBJECT_METHODS_WITHOUT_SIDEEFFECTS  REGEXP_METHODS  STRING_REGEXP_METHODS  defines  emptySet  knownConstants  NumbericResultPredicate  NUMBERIC_RESULT_PREDICATE  boolean  MayBeStringResultPredicate  MAY_BE_STRING_PREDICATE  Node  n  String  JSC_PROPERTY_NAME_FN  childValue  name  namespaceName  rawJsString  s  value  Map  vars  int  c  end  nextSkipSlot  nextSlot  start  type  	projects/Closure80/src/com/google/javascript/jscomp/NodeUtil.java	0.4082482904638631	1264	1264	2	replace	if(NodeUtil.isFunctionAnonymous(n)||  NodeUtil.isVarDeclaration(n))  {  return  true;  }	  if(NodeUtil.isFunctionAnonymous(n)||    NodeUtil.isVarDeclaration(n))    {    return    false;    }    	non-compiled	[CE]  	141	None	replace
972	[BUG]  [BUGGY]  if(n.getType()!=  Token.FUNCTION  ||  n.getType()!=  Token.GETPROP)return  false;  }  [CE]  [FE]                      IllegalStateException      [CONTEXT]      case  Token.LE:  case  Token.GE:  case  Token.IN:  case  Token.INSTANCEOF:  case  Token.NOT:  return  true;  default:      [BUGGY]  if(n.getType()!=  Token.FUNCTION  ||  n.getType()!=  Token.GETPROP)return  false;  }  [BUGGY]      }  }  [CLASS]  NodeUtil  NumbericResultPredicate  BooleanResultPredicate  MayBeStringResultPredicate  VarCollector  MatchNameNode  MatchNodeType  MatchDeclaration  MatchNotFunction  MatchShallowStatement  [METHOD]  isBooleanResultHelper  [RETURN_TYPE]  boolean  Node  n  [VARIABLES]  BooleanResultPredicate  BOOLEAN_RESULT_PREDICATE  Set  BUILTIN_FUNCTIONS_WITHOUT_SIDEEFFECTS  CONSTRUCTORS_WITHOUT_SIDE_EFFECTS  OBJECT_METHODS_WITHOUT_SIDEEFFECTS  REGEXP_METHODS  STRING_REGEXP_METHODS  defines  emptySet  knownConstants  NumbericResultPredicate  NUMBERIC_RESULT_PREDICATE  boolean  MayBeStringResultPredicate  MAY_BE_STRING_PREDICATE  Node  n  String  JSC_PROPERTY_NAME_FN  childValue  name  namespaceName  rawJsString  s  value  Map  vars  int  c  end  nextSkipSlot  nextSlot  start  type  	projects/Closure80/src/com/google/javascript/jscomp/NodeUtil.java	0.4082482904638631	1264	1264	2	replace	if(n.getType()!=  Token.FUNCTION  ||  n.getType()!=  Token.GETPROP)return  false;  }	  if(n.getType()    ==    Token.FUNCTION    ||    n.getType()!=    Token.GETPROP)    {    return    false;    }    	non-compiled	[CE]  	44	None	replace
973	[BUG]  [BUGGY]  if(n.getType()  ==  Token.FUNCTION  ||  n.getType()!=  Token.GETPROP)return  false;  }  [CE]  [FE]                        IllegalStateException      [CONTEXT]      case  Token.LE:  case  Token.GE:  case  Token.IN:  case  Token.INSTANCEOF:  case  Token.NOT:  return  true;  default:      [BUGGY]  if(n.getType()  ==  Token.FUNCTION  ||  n.getType()!=  Token.GETPROP)return  false;  }  [BUGGY]      }  }  [CLASS]  NodeUtil  NumbericResultPredicate  BooleanResultPredicate  MayBeStringResultPredicate  VarCollector  MatchNameNode  MatchNodeType  MatchDeclaration  MatchNotFunction  MatchShallowStatement  [METHOD]  isBooleanResultHelper  [RETURN_TYPE]  boolean  Node  n  [VARIABLES]  BooleanResultPredicate  BOOLEAN_RESULT_PREDICATE  Set  BUILTIN_FUNCTIONS_WITHOUT_SIDEEFFECTS  CONSTRUCTORS_WITHOUT_SIDE_EFFECTS  OBJECT_METHODS_WITHOUT_SIDEEFFECTS  REGEXP_METHODS  STRING_REGEXP_METHODS  defines  emptySet  knownConstants  NumbericResultPredicate  NUMBERIC_RESULT_PREDICATE  boolean  MayBeStringResultPredicate  MAY_BE_STRING_PREDICATE  Node  n  String  JSC_PROPERTY_NAME_FN  childValue  name  namespaceName  rawJsString  s  value  Map  vars  int  c  end  nextSkipSlot  nextSlot  start  type  	projects/Closure80/src/com/google/javascript/jscomp/NodeUtil.java	0.4082482904638631	1264	1264	2	replace	if(n.getType()  ==  Token.FUNCTION  ||  n.getType()!=  Token.GETPROP)return  false;  }	  if(n.getType()    ==    Token.FUNCTION    ||    n.getType()!=    Token.GETPROP)    {    return    false;    }    	non-compiled	[CE]  	44	None	replace
974	[BUG]  [BUGGY]  for(Node  c  =  n.getFirstChild();  c!=  null;  c  =  c.getNext())  {  String  name  =  c.getString();  if(name.equals( "* "))  {  return  false;  }  [CE]  [FE]                                    IllegalStateException      [CONTEXT]      case  Token.LE:  case  Token.GE:  case  Token.IN:  case  Token.INSTANCEOF:  case  Token.NOT:  return  true;  default:      [BUGGY]  for(Node  c  =  n.getFirstChild();  c!=  null;  c  =  c.getNext())  {  String  name  =  c.getString();  if(name.equals( "* "))  {  return  false;  }  [BUGGY]      }  }  [CLASS]  NodeUtil  NumbericResultPredicate  BooleanResultPredicate  MayBeStringResultPredicate  VarCollector  MatchNameNode  MatchNodeType  MatchDeclaration  MatchNotFunction  MatchShallowStatement  [METHOD]  isBooleanResultHelper  [RETURN_TYPE]  boolean  Node  n  [VARIABLES]  BooleanResultPredicate  BOOLEAN_RESULT_PREDICATE  Set  BUILTIN_FUNCTIONS_WITHOUT_SIDEEFFECTS  CONSTRUCTORS_WITHOUT_SIDE_EFFECTS  OBJECT_METHODS_WITHOUT_SIDEEFFECTS  REGEXP_METHODS  STRING_REGEXP_METHODS  defines  emptySet  knownConstants  NumbericResultPredicate  NUMBERIC_RESULT_PREDICATE  boolean  MayBeStringResultPredicate  MAY_BE_STRING_PREDICATE  Node  n  String  JSC_PROPERTY_NAME_FN  childValue  name  namespaceName  rawJsString  s  value  Map  vars  int  c  end  nextSkipSlot  nextSlot  start  type  	projects/Closure80/src/com/google/javascript/jscomp/NodeUtil.java	0.4082482904638631	1264	1264	2	replace	for(Node  c  =  n.getFirstChild();  c!=  null;  c  =  c.getNext())  {  String  name  =  c.getString();  if(name.equals( "* "))  {  return  false;  }	  for(Node    c    =    n.getFirstChild();    c!=    null;    c    =    c.getNext())    {    String    name    =    c.getString();    if(name.equals(   "   "))    {    return    false;    }    	non-compiled	[CE]  	149	None	replace
975	[BUG]  [BUGGY]  if(n.getType()  ==  Token.FUNCTION  ||  n.getType()  ==  Token.GETPROP)return  false;  }  [CE]  [FE]                        IllegalStateException      [CONTEXT]      case  Token.LE:  case  Token.GE:  case  Token.IN:  case  Token.INSTANCEOF:  case  Token.NOT:  return  true;  default:      [BUGGY]  if(n.getType()  ==  Token.FUNCTION  ||  n.getType()  ==  Token.GETPROP)return  false;  }  [BUGGY]      }  }  [CLASS]  NodeUtil  NumbericResultPredicate  BooleanResultPredicate  MayBeStringResultPredicate  VarCollector  MatchNameNode  MatchNodeType  MatchDeclaration  MatchNotFunction  MatchShallowStatement  [METHOD]  isBooleanResultHelper  [RETURN_TYPE]  boolean  Node  n  [VARIABLES]  BooleanResultPredicate  BOOLEAN_RESULT_PREDICATE  Set  BUILTIN_FUNCTIONS_WITHOUT_SIDEEFFECTS  CONSTRUCTORS_WITHOUT_SIDE_EFFECTS  OBJECT_METHODS_WITHOUT_SIDEEFFECTS  REGEXP_METHODS  STRING_REGEXP_METHODS  defines  emptySet  knownConstants  NumbericResultPredicate  NUMBERIC_RESULT_PREDICATE  boolean  MayBeStringResultPredicate  MAY_BE_STRING_PREDICATE  Node  n  String  JSC_PROPERTY_NAME_FN  childValue  name  namespaceName  rawJsString  s  value  Map  vars  int  c  end  nextSkipSlot  nextSlot  start  type  	projects/Closure80/src/com/google/javascript/jscomp/NodeUtil.java	0.4082482904638631	1264	1264	2	replace	if(n.getType()  ==  Token.FUNCTION  ||  n.getType()  ==  Token.GETPROP)return  false;  }	  if(n.getType()    ==    Token.FUNCTION    ||    n.getType()    ==    Token.GETPROP)    {    return    false;    }    	non-compiled	[CE]  	45	None	replace
976	[BUG]  [BUGGY]  return(n.getType()  ==  Token.NAME)?  BooleanResultPredicate.BOOLEAN_RESULT_PREDICATE  :  BooleanResultPredicate.BOOLEAN_RESULT_PREDICATE;  [CE]  [FE]                        IllegalStateException      [CONTEXT]      case  Token.LE:  case  Token.GE:  case  Token.IN:  case  Token.INSTANCEOF:  case  Token.NOT:  return  true;  default:      [BUGGY]  return(n.getType()  ==  Token.NAME)?  BooleanResultPredicate.BOOLEAN_RESULT_PREDICATE  :  BooleanResultPredicate.BOOLEAN_RESULT_PREDICATE;  [BUGGY]      }  }  [CLASS]  NodeUtil  NumbericResultPredicate  BooleanResultPredicate  MayBeStringResultPredicate  VarCollector  MatchNameNode  MatchNodeType  MatchDeclaration  MatchNotFunction  MatchShallowStatement  [METHOD]  isBooleanResultHelper  [RETURN_TYPE]  boolean  Node  n  [VARIABLES]  BooleanResultPredicate  BOOLEAN_RESULT_PREDICATE  Set  BUILTIN_FUNCTIONS_WITHOUT_SIDEEFFECTS  CONSTRUCTORS_WITHOUT_SIDE_EFFECTS  OBJECT_METHODS_WITHOUT_SIDEEFFECTS  REGEXP_METHODS  STRING_REGEXP_METHODS  defines  emptySet  knownConstants  NumbericResultPredicate  NUMBERIC_RESULT_PREDICATE  boolean  MayBeStringResultPredicate  MAY_BE_STRING_PREDICATE  Node  n  String  JSC_PROPERTY_NAME_FN  childValue  name  namespaceName  rawJsString  s  value  Map  vars  int  c  end  nextSkipSlot  nextSlot  start  type  	projects/Closure80/src/com/google/javascript/jscomp/NodeUtil.java	0.4082482904638631	1264	1264	2	replace	return(n.getType()  ==  Token.NAME)?  BooleanResultPredicate.BOOLEAN_RESULT_PREDICATE  :  BooleanResultPredicate.BOOLEAN_RESULT_PREDICATE;	  return(n.getType()    ==    Token.NAME)?    BooleanResultPredicate.FALSE    :    BooleanResultPredicate.BOOLEAN_RESULT_PREDICATE;    	non-compiled	[CE]  	48	None	replace
977	[BUG]  [BUGGY]  return(n.getType()  ==  Token.NAME)?  BOOLEAN_RESULT_PREDICATE  :  BooleanResultPredicate.BOOLEAN_RESULT_PREDICATE;  [CE]  [FE]                          IllegalStateException      [CONTEXT]      case  Token.LE:  case  Token.GE:  case  Token.IN:  case  Token.INSTANCEOF:  case  Token.NOT:  return  true;  default:      [BUGGY]  return(n.getType()  ==  Token.NAME)?  BOOLEAN_RESULT_PREDICATE  :  BooleanResultPredicate.BOOLEAN_RESULT_PREDICATE;  [BUGGY]      }  }  [CLASS]  NodeUtil  NumbericResultPredicate  BooleanResultPredicate  MayBeStringResultPredicate  VarCollector  MatchNameNode  MatchNodeType  MatchDeclaration  MatchNotFunction  MatchShallowStatement  [METHOD]  isBooleanResultHelper  [RETURN_TYPE]  boolean  Node  n  [VARIABLES]  BooleanResultPredicate  BOOLEAN_RESULT_PREDICATE  Set  BUILTIN_FUNCTIONS_WITHOUT_SIDEEFFECTS  CONSTRUCTORS_WITHOUT_SIDE_EFFECTS  OBJECT_METHODS_WITHOUT_SIDEEFFECTS  REGEXP_METHODS  STRING_REGEXP_METHODS  defines  emptySet  knownConstants  NumbericResultPredicate  NUMBERIC_RESULT_PREDICATE  boolean  MayBeStringResultPredicate  MAY_BE_STRING_PREDICATE  Node  n  String  JSC_PROPERTY_NAME_FN  childValue  name  namespaceName  rawJsString  s  value  Map  vars  int  c  end  nextSkipSlot  nextSlot  start  type  	projects/Closure80/src/com/google/javascript/jscomp/NodeUtil.java	0.4082482904638631	1264	1264	2	replace	return(n.getType()  ==  Token.NAME)?  BOOLEAN_RESULT_PREDICATE  :  BooleanResultPredicate.BOOLEAN_RESULT_PREDICATE;	  return(n.getType()    ==    Token.NAME)?    BooleanResultPredicate.FALSE    :    BooleanResultPredicate.BOOLEAN_RESULT_PREDICATE;    	non-compiled	[CE]  	48	None	replace
978	[BUG]  [BUGGY]  if(n.getType()!=  Token.NAME  ||  n.getType()  ==  Token.GETPROP)  {  return  true;  }  [CE]  [FE]                            IllegalStateException      [CONTEXT]      case  Token.LE:  case  Token.GE:  case  Token.IN:  case  Token.INSTANCEOF:  case  Token.NOT:  return  true;  default:      [BUGGY]  if(n.getType()!=  Token.NAME  ||  n.getType()  ==  Token.GETPROP)  {  return  true;  }  [BUGGY]      }  }  [CLASS]  NodeUtil  NumbericResultPredicate  BooleanResultPredicate  MayBeStringResultPredicate  VarCollector  MatchNameNode  MatchNodeType  MatchDeclaration  MatchNotFunction  MatchShallowStatement  [METHOD]  isBooleanResultHelper  [RETURN_TYPE]  boolean  Node  n  [VARIABLES]  BooleanResultPredicate  BOOLEAN_RESULT_PREDICATE  Set  BUILTIN_FUNCTIONS_WITHOUT_SIDEEFFECTS  CONSTRUCTORS_WITHOUT_SIDE_EFFECTS  OBJECT_METHODS_WITHOUT_SIDEEFFECTS  REGEXP_METHODS  STRING_REGEXP_METHODS  defines  emptySet  knownConstants  NumbericResultPredicate  NUMBERIC_RESULT_PREDICATE  boolean  MayBeStringResultPredicate  MAY_BE_STRING_PREDICATE  Node  n  String  JSC_PROPERTY_NAME_FN  childValue  name  namespaceName  rawJsString  s  value  Map  vars  int  c  end  nextSkipSlot  nextSlot  start  type  	projects/Closure80/src/com/google/javascript/jscomp/NodeUtil.java	0.4082482904638631	1264	1264	2	replace	if(n.getType()!=  Token.NAME  ||  n.getType()  ==  Token.GETPROP)  {  return  true;  }	  if(n.getType()    ==    Token.NAME    ||    n.getType()    ==    Token.GETPROP)    {    return    true;    }    	non-compiled	[CE]  	19	None	replace
979	[BUG]  [BUGGY]  if(n.getType()  ==  Token.NAME  ||  n.getType()  ==  Token.GETPROP)return  true;  }  [CE]  [FE]                              IllegalStateException      [CONTEXT]      case  Token.LE:  case  Token.GE:  case  Token.IN:  case  Token.INSTANCEOF:  case  Token.NOT:  return  true;  default:      [BUGGY]  if(n.getType()  ==  Token.NAME  ||  n.getType()  ==  Token.GETPROP)return  true;  }  [BUGGY]      }  }  [CLASS]  NodeUtil  NumbericResultPredicate  BooleanResultPredicate  MayBeStringResultPredicate  VarCollector  MatchNameNode  MatchNodeType  MatchDeclaration  MatchNotFunction  MatchShallowStatement  [METHOD]  isBooleanResultHelper  [RETURN_TYPE]  boolean  Node  n  [VARIABLES]  BooleanResultPredicate  BOOLEAN_RESULT_PREDICATE  Set  BUILTIN_FUNCTIONS_WITHOUT_SIDEEFFECTS  CONSTRUCTORS_WITHOUT_SIDE_EFFECTS  OBJECT_METHODS_WITHOUT_SIDEEFFECTS  REGEXP_METHODS  STRING_REGEXP_METHODS  defines  emptySet  knownConstants  NumbericResultPredicate  NUMBERIC_RESULT_PREDICATE  boolean  MayBeStringResultPredicate  MAY_BE_STRING_PREDICATE  Node  n  String  JSC_PROPERTY_NAME_FN  childValue  name  namespaceName  rawJsString  s  value  Map  vars  int  c  end  nextSkipSlot  nextSlot  start  type  	projects/Closure80/src/com/google/javascript/jscomp/NodeUtil.java	0.4082482904638631	1264	1264	2	replace	if(n.getType()  ==  Token.NAME  ||  n.getType()  ==  Token.GETPROP)return  true;  }	  if(n.getType()    ==    Token.NAME    ||    n.getType()    ==    Token.GETPROP)    {    return    true;    }    	non-compiled	[CE]  	19	None	replace
980	[BUG]  [BUGGY]  if(NodeUtil.isFunctionAnonymous(n)||  NodeUtil.isVar(n))  {  return  true;  }  [CE]  [FE]                IllegalStateException      [CONTEXT]      case  Token.LE:  case  Token.GE:  case  Token.IN:  case  Token.INSTANCEOF:  case  Token.NOT:  return  true;  default:      [BUGGY]  if(NodeUtil.isFunctionAnonymous(n)||  NodeUtil.isVar(n))  {  return  true;  }  [BUGGY]      }  }  [CLASS]  NodeUtil  NumbericResultPredicate  BooleanResultPredicate  MayBeStringResultPredicate  VarCollector  MatchNameNode  MatchNodeType  MatchDeclaration  MatchNotFunction  MatchShallowStatement  [METHOD]  isBooleanResultHelper  [RETURN_TYPE]  boolean  Node  n  [VARIABLES]  BooleanResultPredicate  BOOLEAN_RESULT_PREDICATE  Set  BUILTIN_FUNCTIONS_WITHOUT_SIDEEFFECTS  CONSTRUCTORS_WITHOUT_SIDE_EFFECTS  OBJECT_METHODS_WITHOUT_SIDEEFFECTS  REGEXP_METHODS  STRING_REGEXP_METHODS  defines  emptySet  knownConstants  NumbericResultPredicate  NUMBERIC_RESULT_PREDICATE  boolean  MayBeStringResultPredicate  MAY_BE_STRING_PREDICATE  Node  n  String  JSC_PROPERTY_NAME_FN  childValue  name  namespaceName  rawJsString  s  value  Map  vars  int  c  end  nextSkipSlot  nextSlot  start  type  	projects/Closure80/src/com/google/javascript/jscomp/NodeUtil.java	0.4082482904638631	1264	1264	2	replace	if(NodeUtil.isFunctionAnonymous(n)||  NodeUtil.isVar(n))  {  return  true;  }	  if(NodeUtil.isFunctionAnonymous(n)||    NodeUtil.isStatementBlock(n))    {    return    true;    }    	non-compiled	[CE]  	159	None	replace
981	[BUG]  [BUGGY]  if(n.getType()!=  Token.FUNCTION)return  false;  }  [CE]  [FE]                            IllegalStateException      [CONTEXT]      case  Token.LE:  case  Token.GE:  case  Token.IN:  case  Token.INSTANCEOF:  case  Token.NOT:  return  true;  default:      [BUGGY]  if(n.getType()!=  Token.FUNCTION)return  false;  }  [BUGGY]      }  }  [CLASS]  NodeUtil  NumbericResultPredicate  BooleanResultPredicate  MayBeStringResultPredicate  VarCollector  MatchNameNode  MatchNodeType  MatchDeclaration  MatchNotFunction  MatchShallowStatement  [METHOD]  isBooleanResultHelper  [RETURN_TYPE]  boolean  Node  n  [VARIABLES]  BooleanResultPredicate  BOOLEAN_RESULT_PREDICATE  Set  BUILTIN_FUNCTIONS_WITHOUT_SIDEEFFECTS  CONSTRUCTORS_WITHOUT_SIDE_EFFECTS  OBJECT_METHODS_WITHOUT_SIDEEFFECTS  REGEXP_METHODS  STRING_REGEXP_METHODS  defines  emptySet  knownConstants  NumbericResultPredicate  NUMBERIC_RESULT_PREDICATE  boolean  MayBeStringResultPredicate  MAY_BE_STRING_PREDICATE  Node  n  String  JSC_PROPERTY_NAME_FN  childValue  name  namespaceName  rawJsString  s  value  Map  vars  int  c  end  nextSkipSlot  nextSlot  start  type  	projects/Closure80/src/com/google/javascript/jscomp/NodeUtil.java	0.4082482904638631	1264	1264	2	replace	if(n.getType()!=  Token.FUNCTION)return  false;  }	  if(n.getType()!=    Token.FUNCTION)    {    return    false;    }    	non-compiled	[CE]  	29	None	replace
982	[BUG]  [BUGGY]  if(n.getType()!=  Token.FUNCTION  ||  n.getType()!=  Token.EXPR_RESULT)  {  return  false;  }  [CE]  [FE]                              IllegalStateException      [CONTEXT]      case  Token.LE:  case  Token.GE:  case  Token.IN:  case  Token.INSTANCEOF:  case  Token.NOT:  return  true;  default:      [BUGGY]  if(n.getType()!=  Token.FUNCTION  ||  n.getType()!=  Token.EXPR_RESULT)  {  return  false;  }  [BUGGY]      }  }  [CLASS]  NodeUtil  NumbericResultPredicate  BooleanResultPredicate  MayBeStringResultPredicate  VarCollector  MatchNameNode  MatchNodeType  MatchDeclaration  MatchNotFunction  MatchShallowStatement  [METHOD]  isBooleanResultHelper  [RETURN_TYPE]  boolean  Node  n  [VARIABLES]  BooleanResultPredicate  BOOLEAN_RESULT_PREDICATE  Set  BUILTIN_FUNCTIONS_WITHOUT_SIDEEFFECTS  CONSTRUCTORS_WITHOUT_SIDE_EFFECTS  OBJECT_METHODS_WITHOUT_SIDEEFFECTS  REGEXP_METHODS  STRING_REGEXP_METHODS  defines  emptySet  knownConstants  NumbericResultPredicate  NUMBERIC_RESULT_PREDICATE  boolean  MayBeStringResultPredicate  MAY_BE_STRING_PREDICATE  Node  n  String  JSC_PROPERTY_NAME_FN  childValue  name  namespaceName  rawJsString  s  value  Map  vars  int  c  end  nextSkipSlot  nextSlot  start  type  	projects/Closure80/src/com/google/javascript/jscomp/NodeUtil.java	0.4082482904638631	1264	1264	2	replace	if(n.getType()!=  Token.FUNCTION  ||  n.getType()!=  Token.EXPR_RESULT)  {  return  false;  }	  if(n.getType()!=    Token.FUNCTION)    {    return    false;    }    	non-compiled	[CE]  	29	None	replace
983	[BUG]  [BUGGY]  Preconditions.checkState(n.getType()  ==  Token.NAME,  n.getString());  return  true;  [CE]  [FE]                            IllegalStateException      [CONTEXT]      case  Token.LE:  case  Token.GE:  case  Token.IN:  case  Token.INSTANCEOF:  case  Token.NOT:  return  true;  default:      [BUGGY]  Preconditions.checkState(n.getType()  ==  Token.NAME,  n.getString());  return  true;  [BUGGY]      }  }  [CLASS]  NodeUtil  NumbericResultPredicate  BooleanResultPredicate  MayBeStringResultPredicate  VarCollector  MatchNameNode  MatchNodeType  MatchDeclaration  MatchNotFunction  MatchShallowStatement  [METHOD]  isBooleanResultHelper  [RETURN_TYPE]  boolean  Node  n  [VARIABLES]  BooleanResultPredicate  BOOLEAN_RESULT_PREDICATE  Set  BUILTIN_FUNCTIONS_WITHOUT_SIDEEFFECTS  CONSTRUCTORS_WITHOUT_SIDE_EFFECTS  OBJECT_METHODS_WITHOUT_SIDEEFFECTS  REGEXP_METHODS  STRING_REGEXP_METHODS  defines  emptySet  knownConstants  NumbericResultPredicate  NUMBERIC_RESULT_PREDICATE  boolean  MayBeStringResultPredicate  MAY_BE_STRING_PREDICATE  Node  n  String  JSC_PROPERTY_NAME_FN  childValue  name  namespaceName  rawJsString  s  value  Map  vars  int  c  end  nextSkipSlot  nextSlot  start  type  	projects/Closure80/src/com/google/javascript/jscomp/NodeUtil.java	0.4082482904638631	1264	1264	2	replace	Preconditions.checkState(n.getType()  ==  Token.NAME,  n.getString());  return  true;	  Preconditions.checkState(n.getType()    ==    Token.NAME);    return    false;    	non-compiled	[CE]  	96	None	replace
984	[BUG]  [BUGGY]  Preconditions.checkArgument(n.getType()  ==  Token.NAME);  return  true;  [CE]  [FE]                              IllegalStateException      [CONTEXT]      case  Token.LE:  case  Token.GE:  case  Token.IN:  case  Token.INSTANCEOF:  case  Token.NOT:  return  true;  default:      [BUGGY]  Preconditions.checkArgument(n.getType()  ==  Token.NAME);  return  true;  [BUGGY]      }  }  [CLASS]  NodeUtil  NumbericResultPredicate  BooleanResultPredicate  MayBeStringResultPredicate  VarCollector  MatchNameNode  MatchNodeType  MatchDeclaration  MatchNotFunction  MatchShallowStatement  [METHOD]  isBooleanResultHelper  [RETURN_TYPE]  boolean  Node  n  [VARIABLES]  BooleanResultPredicate  BOOLEAN_RESULT_PREDICATE  Set  BUILTIN_FUNCTIONS_WITHOUT_SIDEEFFECTS  CONSTRUCTORS_WITHOUT_SIDE_EFFECTS  OBJECT_METHODS_WITHOUT_SIDEEFFECTS  REGEXP_METHODS  STRING_REGEXP_METHODS  defines  emptySet  knownConstants  NumbericResultPredicate  NUMBERIC_RESULT_PREDICATE  boolean  MayBeStringResultPredicate  MAY_BE_STRING_PREDICATE  Node  n  String  JSC_PROPERTY_NAME_FN  childValue  name  namespaceName  rawJsString  s  value  Map  vars  int  c  end  nextSkipSlot  nextSlot  start  type  	projects/Closure80/src/com/google/javascript/jscomp/NodeUtil.java	0.4082482904638631	1264	1264	2	replace	Preconditions.checkArgument(n.getType()  ==  Token.NAME);  return  true;	  Preconditions.checkState(n.getType()    ==    Token.NAME);    return    false;    	non-compiled	[CE]  	96	None	replace
985	[BUG]  [BUGGY]  Preconditions.checkState(n.getType()  ==  Token.NAME,  n.getFirstChild());  return  true;  [CE]  [FE]                                IllegalStateException      [CONTEXT]      case  Token.LE:  case  Token.GE:  case  Token.IN:  case  Token.INSTANCEOF:  case  Token.NOT:  return  true;  default:      [BUGGY]  Preconditions.checkState(n.getType()  ==  Token.NAME,  n.getFirstChild());  return  true;  [BUGGY]      }  }  [CLASS]  NodeUtil  NumbericResultPredicate  BooleanResultPredicate  MayBeStringResultPredicate  VarCollector  MatchNameNode  MatchNodeType  MatchDeclaration  MatchNotFunction  MatchShallowStatement  [METHOD]  isBooleanResultHelper  [RETURN_TYPE]  boolean  Node  n  [VARIABLES]  BooleanResultPredicate  BOOLEAN_RESULT_PREDICATE  Set  BUILTIN_FUNCTIONS_WITHOUT_SIDEEFFECTS  CONSTRUCTORS_WITHOUT_SIDE_EFFECTS  OBJECT_METHODS_WITHOUT_SIDEEFFECTS  REGEXP_METHODS  STRING_REGEXP_METHODS  defines  emptySet  knownConstants  NumbericResultPredicate  NUMBERIC_RESULT_PREDICATE  boolean  MayBeStringResultPredicate  MAY_BE_STRING_PREDICATE  Node  n  String  JSC_PROPERTY_NAME_FN  childValue  name  namespaceName  rawJsString  s  value  Map  vars  int  c  end  nextSkipSlot  nextSlot  start  type  	projects/Closure80/src/com/google/javascript/jscomp/NodeUtil.java	0.4082482904638631	1264	1264	2	replace	Preconditions.checkState(n.getType()  ==  Token.NAME,  n.getFirstChild());  return  true;	  Preconditions.checkState(n.getType()    ==    Token.NAME);    return    false;    	non-compiled	[CE]  	96	None	replace
986	[BUG]  [BUGGY]  if(n.getType()!=  Token.GETPROP  ||  n.getType()  ==  Token.GETPROP)  {  return  false;  }  [CE]  [FE]                          IllegalStateException      [CONTEXT]      case  Token.LE:  case  Token.GE:  case  Token.IN:  case  Token.INSTANCEOF:  case  Token.NOT:  return  true;  default:      [BUGGY]  if(n.getType()!=  Token.GETPROP  ||  n.getType()  ==  Token.GETPROP)  {  return  false;  }  [BUGGY]      }  }  [CLASS]  NodeUtil  NumbericResultPredicate  BooleanResultPredicate  MayBeStringResultPredicate  VarCollector  MatchNameNode  MatchNodeType  MatchDeclaration  MatchNotFunction  MatchShallowStatement  [METHOD]  isBooleanResultHelper  [RETURN_TYPE]  boolean  Node  n  [VARIABLES]  BooleanResultPredicate  BOOLEAN_RESULT_PREDICATE  Set  BUILTIN_FUNCTIONS_WITHOUT_SIDEEFFECTS  CONSTRUCTORS_WITHOUT_SIDE_EFFECTS  OBJECT_METHODS_WITHOUT_SIDEEFFECTS  REGEXP_METHODS  STRING_REGEXP_METHODS  defines  emptySet  knownConstants  NumbericResultPredicate  NUMBERIC_RESULT_PREDICATE  boolean  MayBeStringResultPredicate  MAY_BE_STRING_PREDICATE  Node  n  String  JSC_PROPERTY_NAME_FN  childValue  name  namespaceName  rawJsString  s  value  Map  vars  int  c  end  nextSkipSlot  nextSlot  start  type  	projects/Closure80/src/com/google/javascript/jscomp/NodeUtil.java	0.4082482904638631	1264	1264	2	replace	if(n.getType()!=  Token.GETPROP  ||  n.getType()  ==  Token.GETPROP)  {  return  false;  }	  if(n.getType()    ==    Token.GETPROP    ||    n.getType()    ==    Token.GETPROP)    {    return    false;    }    	non-compiled	[CE]  	62	None	replace
987	[BUG]  [BUGGY]  if(n.getType()  ==  Token.GETPROP  ||  n.getType()!=  Token.GETPROP)  {  return  false;  }  [CE]  [FE]                            IllegalStateException      [CONTEXT]      case  Token.LE:  case  Token.GE:  case  Token.IN:  case  Token.INSTANCEOF:  case  Token.NOT:  return  true;  default:      [BUGGY]  if(n.getType()  ==  Token.GETPROP  ||  n.getType()!=  Token.GETPROP)  {  return  false;  }  [BUGGY]      }  }  [CLASS]  NodeUtil  NumbericResultPredicate  BooleanResultPredicate  MayBeStringResultPredicate  VarCollector  MatchNameNode  MatchNodeType  MatchDeclaration  MatchNotFunction  MatchShallowStatement  [METHOD]  isBooleanResultHelper  [RETURN_TYPE]  boolean  Node  n  [VARIABLES]  BooleanResultPredicate  BOOLEAN_RESULT_PREDICATE  Set  BUILTIN_FUNCTIONS_WITHOUT_SIDEEFFECTS  CONSTRUCTORS_WITHOUT_SIDE_EFFECTS  OBJECT_METHODS_WITHOUT_SIDEEFFECTS  REGEXP_METHODS  STRING_REGEXP_METHODS  defines  emptySet  knownConstants  NumbericResultPredicate  NUMBERIC_RESULT_PREDICATE  boolean  MayBeStringResultPredicate  MAY_BE_STRING_PREDICATE  Node  n  String  JSC_PROPERTY_NAME_FN  childValue  name  namespaceName  rawJsString  s  value  Map  vars  int  c  end  nextSkipSlot  nextSlot  start  type  	projects/Closure80/src/com/google/javascript/jscomp/NodeUtil.java	0.4082482904638631	1264	1264	2	replace	if(n.getType()  ==  Token.GETPROP  ||  n.getType()!=  Token.GETPROP)  {  return  false;  }	  if(n.getType()    ==    Token.GETPROP    ||    n.getType()    ==    Token.GETPROP)    {    return    false;    }    	non-compiled	[CE]  	62	None	replace
988	[BUG]  [BUGGY]  ||  NodeUtil.isStatementBlock(n)||!NodeUtil.mayHaveSideEffects(n))  {  return  false;  }  [CE]  [FE]                          IllegalStateException      [CONTEXT]      case  Token.LE:  case  Token.GE:  case  Token.IN:  case  Token.INSTANCEOF:  case  Token.NOT:  return  true;  default:      [BUGGY]  ||  NodeUtil.isStatementBlock(n)||!NodeUtil.mayHaveSideEffects(n))  {  return  false;  }  [BUGGY]      }  }  [CLASS]  NodeUtil  NumbericResultPredicate  BooleanResultPredicate  MayBeStringResultPredicate  VarCollector  MatchNameNode  MatchNodeType  MatchDeclaration  MatchNotFunction  MatchShallowStatement  [METHOD]  isBooleanResultHelper  [RETURN_TYPE]  boolean  Node  n  [VARIABLES]  BooleanResultPredicate  BOOLEAN_RESULT_PREDICATE  Set  BUILTIN_FUNCTIONS_WITHOUT_SIDEEFFECTS  CONSTRUCTORS_WITHOUT_SIDE_EFFECTS  OBJECT_METHODS_WITHOUT_SIDEEFFECTS  REGEXP_METHODS  STRING_REGEXP_METHODS  defines  emptySet  knownConstants  NumbericResultPredicate  NUMBERIC_RESULT_PREDICATE  boolean  MayBeStringResultPredicate  MAY_BE_STRING_PREDICATE  Node  n  String  JSC_PROPERTY_NAME_FN  childValue  name  namespaceName  rawJsString  s  value  Map  vars  int  c  end  nextSkipSlot  nextSlot  start  type  	projects/Closure80/src/com/google/javascript/jscomp/NodeUtil.java	0.4082482904638631	1264	1264	2	replace	||  NodeUtil.isStatementBlock(n)||!NodeUtil.mayHaveSideEffects(n))  {  return  false;  }	  ||    NodeUtil.isStatementBlock(n))    {    return    false;    }    	non-compiled	[CE]  	15	None	replace
989	[BUG]  [BUGGY]  ||  NodeUtil.isStatementBlock(n)&&!NodeUtil.isFunctionDeclaration(n))  {  return  false;  }  [CE]  [FE]                            IllegalStateException      [CONTEXT]      case  Token.LE:  case  Token.GE:  case  Token.IN:  case  Token.INSTANCEOF:  case  Token.NOT:  return  true;  default:      [BUGGY]  ||  NodeUtil.isStatementBlock(n)&&!NodeUtil.isFunctionDeclaration(n))  {  return  false;  }  [BUGGY]      }  }  [CLASS]  NodeUtil  NumbericResultPredicate  BooleanResultPredicate  MayBeStringResultPredicate  VarCollector  MatchNameNode  MatchNodeType  MatchDeclaration  MatchNotFunction  MatchShallowStatement  [METHOD]  isBooleanResultHelper  [RETURN_TYPE]  boolean  Node  n  [VARIABLES]  BooleanResultPredicate  BOOLEAN_RESULT_PREDICATE  Set  BUILTIN_FUNCTIONS_WITHOUT_SIDEEFFECTS  CONSTRUCTORS_WITHOUT_SIDE_EFFECTS  OBJECT_METHODS_WITHOUT_SIDEEFFECTS  REGEXP_METHODS  STRING_REGEXP_METHODS  defines  emptySet  knownConstants  NumbericResultPredicate  NUMBERIC_RESULT_PREDICATE  boolean  MayBeStringResultPredicate  MAY_BE_STRING_PREDICATE  Node  n  String  JSC_PROPERTY_NAME_FN  childValue  name  namespaceName  rawJsString  s  value  Map  vars  int  c  end  nextSkipSlot  nextSlot  start  type  	projects/Closure80/src/com/google/javascript/jscomp/NodeUtil.java	0.4082482904638631	1264	1264	2	replace	||  NodeUtil.isStatementBlock(n)&&!NodeUtil.isFunctionDeclaration(n))  {  return  false;  }	  ||    NodeUtil.isStatementBlock(n))    {    return    false;    }    	non-compiled	[CE]  	15	None	replace
990	[BUG]  [BUGGY]  ||  NodeUtil.isVar(n))  {  return  false;  }  [CE]  [FE]                              IllegalStateException      [CONTEXT]      case  Token.LE:  case  Token.GE:  case  Token.IN:  case  Token.INSTANCEOF:  case  Token.NOT:  return  true;  default:      [BUGGY]  ||  NodeUtil.isVar(n))  {  return  false;  }  [BUGGY]      }  }  [CLASS]  NodeUtil  NumbericResultPredicate  BooleanResultPredicate  MayBeStringResultPredicate  VarCollector  MatchNameNode  MatchNodeType  MatchDeclaration  MatchNotFunction  MatchShallowStatement  [METHOD]  isBooleanResultHelper  [RETURN_TYPE]  boolean  Node  n  [VARIABLES]  BooleanResultPredicate  BOOLEAN_RESULT_PREDICATE  Set  BUILTIN_FUNCTIONS_WITHOUT_SIDEEFFECTS  CONSTRUCTORS_WITHOUT_SIDE_EFFECTS  OBJECT_METHODS_WITHOUT_SIDEEFFECTS  REGEXP_METHODS  STRING_REGEXP_METHODS  defines  emptySet  knownConstants  NumbericResultPredicate  NUMBERIC_RESULT_PREDICATE  boolean  MayBeStringResultPredicate  MAY_BE_STRING_PREDICATE  Node  n  String  JSC_PROPERTY_NAME_FN  childValue  name  namespaceName  rawJsString  s  value  Map  vars  int  c  end  nextSkipSlot  nextSlot  start  type  	projects/Closure80/src/com/google/javascript/jscomp/NodeUtil.java	0.4082482904638631	1264	1264	2	replace	||  NodeUtil.isVar(n))  {  return  false;  }	  ||    NodeUtil.isStatementBlock(n))    {    return    false;    }    	non-compiled	[CE]  	15	None	replace
991	[BUG]  [BUGGY]  if(NodeUtil.isExpressionNode(n)||  NodeUtil.isFunctionAnonymous(n))  {  return  false;  }  [CE]  [FE]            IllegalStateException      [CONTEXT]      case  Token.LE:  case  Token.GE:  case  Token.IN:  case  Token.INSTANCEOF:  case  Token.NOT:  return  true;  default:      [BUGGY]  if(NodeUtil.isExpressionNode(n)||  NodeUtil.isFunctionAnonymous(n))  {  return  false;  }  [BUGGY]      }  }  [CLASS]  NodeUtil  NumbericResultPredicate  BooleanResultPredicate  MayBeStringResultPredicate  VarCollector  MatchNameNode  MatchNodeType  MatchDeclaration  MatchNotFunction  MatchShallowStatement  [METHOD]  isBooleanResultHelper  [RETURN_TYPE]  boolean  Node  n  [VARIABLES]  BooleanResultPredicate  BOOLEAN_RESULT_PREDICATE  Set  BUILTIN_FUNCTIONS_WITHOUT_SIDEEFFECTS  CONSTRUCTORS_WITHOUT_SIDE_EFFECTS  OBJECT_METHODS_WITHOUT_SIDEEFFECTS  REGEXP_METHODS  STRING_REGEXP_METHODS  defines  emptySet  knownConstants  NumbericResultPredicate  NUMBERIC_RESULT_PREDICATE  boolean  MayBeStringResultPredicate  MAY_BE_STRING_PREDICATE  Node  n  String  JSC_PROPERTY_NAME_FN  childValue  name  namespaceName  rawJsString  s  value  Map  vars  int  c  end  nextSkipSlot  nextSlot  start  type  	projects/Closure80/src/com/google/javascript/jscomp/NodeUtil.java	0.4082482904638631	1264	1264	2	replace	if(NodeUtil.isExpressionNode(n)||  NodeUtil.isFunctionAnonymous(n))  {  return  false;  }	  if(NodeUtil.isAssignmentOp(n)||    NodeUtil.isFunctionAnonymous(n))    {    return    false;    }    	non-compiled	[CE]  	166	None	replace
992	[BUG]  [BUGGY]  if(NodeUtil.isFunctionAnonymous(n)||  NodeUtil.isAssignmentOp(n))  {  return  false;  }  [CE]  [FE]              IllegalStateException      [CONTEXT]      case  Token.LE:  case  Token.GE:  case  Token.IN:  case  Token.INSTANCEOF:  case  Token.NOT:  return  true;  default:      [BUGGY]  if(NodeUtil.isFunctionAnonymous(n)||  NodeUtil.isAssignmentOp(n))  {  return  false;  }  [BUGGY]      }  }  [CLASS]  NodeUtil  NumbericResultPredicate  BooleanResultPredicate  MayBeStringResultPredicate  VarCollector  MatchNameNode  MatchNodeType  MatchDeclaration  MatchNotFunction  MatchShallowStatement  [METHOD]  isBooleanResultHelper  [RETURN_TYPE]  boolean  Node  n  [VARIABLES]  BooleanResultPredicate  BOOLEAN_RESULT_PREDICATE  Set  BUILTIN_FUNCTIONS_WITHOUT_SIDEEFFECTS  CONSTRUCTORS_WITHOUT_SIDE_EFFECTS  OBJECT_METHODS_WITHOUT_SIDEEFFECTS  REGEXP_METHODS  STRING_REGEXP_METHODS  defines  emptySet  knownConstants  NumbericResultPredicate  NUMBERIC_RESULT_PREDICATE  boolean  MayBeStringResultPredicate  MAY_BE_STRING_PREDICATE  Node  n  String  JSC_PROPERTY_NAME_FN  childValue  name  namespaceName  rawJsString  s  value  Map  vars  int  c  end  nextSkipSlot  nextSlot  start  type  	projects/Closure80/src/com/google/javascript/jscomp/NodeUtil.java	0.4082482904638631	1264	1264	2	replace	if(NodeUtil.isFunctionAnonymous(n)||  NodeUtil.isAssignmentOp(n))  {  return  false;  }	  if(NodeUtil.isAssignmentOp(n)||    NodeUtil.isFunctionAnonymous(n))    {    return    false;    }    	non-compiled	[CE]  	166	None	replace
993	[BUG]  [BUGGY]  if(NodeUtil.isAssignmentOp(n)||  NodeUtil.isLhs(n))  {  return  false;  }  [CE]  [FE]                IllegalStateException      [CONTEXT]      case  Token.LE:  case  Token.GE:  case  Token.IN:  case  Token.INSTANCEOF:  case  Token.NOT:  return  true;  default:      [BUGGY]  if(NodeUtil.isAssignmentOp(n)||  NodeUtil.isLhs(n))  {  return  false;  }  [BUGGY]      }  }  [CLASS]  NodeUtil  NumbericResultPredicate  BooleanResultPredicate  MayBeStringResultPredicate  VarCollector  MatchNameNode  MatchNodeType  MatchDeclaration  MatchNotFunction  MatchShallowStatement  [METHOD]  isBooleanResultHelper  [RETURN_TYPE]  boolean  Node  n  [VARIABLES]  BooleanResultPredicate  BOOLEAN_RESULT_PREDICATE  Set  BUILTIN_FUNCTIONS_WITHOUT_SIDEEFFECTS  CONSTRUCTORS_WITHOUT_SIDE_EFFECTS  OBJECT_METHODS_WITHOUT_SIDEEFFECTS  REGEXP_METHODS  STRING_REGEXP_METHODS  defines  emptySet  knownConstants  NumbericResultPredicate  NUMBERIC_RESULT_PREDICATE  boolean  MayBeStringResultPredicate  MAY_BE_STRING_PREDICATE  Node  n  String  JSC_PROPERTY_NAME_FN  childValue  name  namespaceName  rawJsString  s  value  Map  vars  int  c  end  nextSkipSlot  nextSlot  start  type  	projects/Closure80/src/com/google/javascript/jscomp/NodeUtil.java	0.4082482904638631	1264	1264	2	replace	if(NodeUtil.isAssignmentOp(n)||  NodeUtil.isLhs(n))  {  return  false;  }	  if(NodeUtil.isAssignmentOp(n)||    NodeUtil.isFunctionAnonymous(n))    {    return    false;    }    	non-compiled	[CE]  	166	None	replace
994	[BUG]  [BUGGY]  return(n.getType()  ==  Token.FUNCTION  ||  n.getType()  ==  Token.FUNCTION)?  BooleanResultPredicate.FALSE  :  BooleanResultPredicate.TRUE;  [CE]  [FE]                      IllegalStateException      [CONTEXT]      case  Token.LE:  case  Token.GE:  case  Token.IN:  case  Token.INSTANCEOF:  case  Token.NOT:  return  true;  default:      [BUGGY]  return(n.getType()  ==  Token.FUNCTION  ||  n.getType()  ==  Token.FUNCTION)?  BooleanResultPredicate.FALSE  :  BooleanResultPredicate.TRUE;  [BUGGY]      }  }  [CLASS]  NodeUtil  NumbericResultPredicate  BooleanResultPredicate  MayBeStringResultPredicate  VarCollector  MatchNameNode  MatchNodeType  MatchDeclaration  MatchNotFunction  MatchShallowStatement  [METHOD]  isBooleanResultHelper  [RETURN_TYPE]  boolean  Node  n  [VARIABLES]  BooleanResultPredicate  BOOLEAN_RESULT_PREDICATE  Set  BUILTIN_FUNCTIONS_WITHOUT_SIDEEFFECTS  CONSTRUCTORS_WITHOUT_SIDE_EFFECTS  OBJECT_METHODS_WITHOUT_SIDEEFFECTS  REGEXP_METHODS  STRING_REGEXP_METHODS  defines  emptySet  knownConstants  NumbericResultPredicate  NUMBERIC_RESULT_PREDICATE  boolean  MayBeStringResultPredicate  MAY_BE_STRING_PREDICATE  Node  n  String  JSC_PROPERTY_NAME_FN  childValue  name  namespaceName  rawJsString  s  value  Map  vars  int  c  end  nextSkipSlot  nextSlot  start  type  	projects/Closure80/src/com/google/javascript/jscomp/NodeUtil.java	0.4082482904638631	1264	1264	2	replace	return(n.getType()  ==  Token.FUNCTION  ||  n.getType()  ==  Token.FUNCTION)?  BooleanResultPredicate.FALSE  :  BooleanResultPredicate.TRUE;	  return(n.getType()    ==    Token.FUNCTION)?    BooleanResultPredicate.FALSE    :    BooleanResultPredicate.TRUE;    	non-compiled	[CE]  	55	None	replace
995	[BUG]  [BUGGY]  if(n.getType()  ==  Token.FUNCTION  ||  n.getType()  ==  Token.EMPTY)  {  return  false;  }  [CE]  [FE]                    IllegalStateException      [CONTEXT]      case  Token.LE:  case  Token.GE:  case  Token.IN:  case  Token.INSTANCEOF:  case  Token.NOT:  return  true;  default:      [BUGGY]  if(n.getType()  ==  Token.FUNCTION  ||  n.getType()  ==  Token.EMPTY)  {  return  false;  }  [BUGGY]      }  }  [CLASS]  NodeUtil  NumbericResultPredicate  BooleanResultPredicate  MayBeStringResultPredicate  VarCollector  MatchNameNode  MatchNodeType  MatchDeclaration  MatchNotFunction  MatchShallowStatement  [METHOD]  isBooleanResultHelper  [RETURN_TYPE]  boolean  Node  n  [VARIABLES]  BooleanResultPredicate  BOOLEAN_RESULT_PREDICATE  Set  BUILTIN_FUNCTIONS_WITHOUT_SIDEEFFECTS  CONSTRUCTORS_WITHOUT_SIDE_EFFECTS  OBJECT_METHODS_WITHOUT_SIDEEFFECTS  REGEXP_METHODS  STRING_REGEXP_METHODS  defines  emptySet  knownConstants  NumbericResultPredicate  NUMBERIC_RESULT_PREDICATE  boolean  MayBeStringResultPredicate  MAY_BE_STRING_PREDICATE  Node  n  String  JSC_PROPERTY_NAME_FN  childValue  name  namespaceName  rawJsString  s  value  Map  vars  int  c  end  nextSkipSlot  nextSlot  start  type  	projects/Closure80/src/com/google/javascript/jscomp/NodeUtil.java	0.4082482904638631	1264	1264	2	replace	if(n.getType()  ==  Token.FUNCTION  ||  n.getType()  ==  Token.EMPTY)  {  return  false;  }	  if(n.getType()    ==    Token.FUNCTION    ||    n.getType()!=    Token.EMPTY)    {    return    false;    }    	non-compiled	[CE]  	121	None	replace
996	[BUG]  [BUGGY]  if(NodeUtil.isVarDeclaration(n)||  NodeUtil.isFunctionDeclaration(n))  {  return  true;  }  [CE]  [FE]              IllegalStateException      [CONTEXT]      case  Token.LE:  case  Token.GE:  case  Token.IN:  case  Token.INSTANCEOF:  case  Token.NOT:  return  true;  default:      [BUGGY]  if(NodeUtil.isVarDeclaration(n)||  NodeUtil.isFunctionDeclaration(n))  {  return  true;  }  [BUGGY]      }  }  [CLASS]  NodeUtil  NumbericResultPredicate  BooleanResultPredicate  MayBeStringResultPredicate  VarCollector  MatchNameNode  MatchNodeType  MatchDeclaration  MatchNotFunction  MatchShallowStatement  [METHOD]  isBooleanResultHelper  [RETURN_TYPE]  boolean  Node  n  [VARIABLES]  BooleanResultPredicate  BOOLEAN_RESULT_PREDICATE  Set  BUILTIN_FUNCTIONS_WITHOUT_SIDEEFFECTS  CONSTRUCTORS_WITHOUT_SIDE_EFFECTS  OBJECT_METHODS_WITHOUT_SIDEEFFECTS  REGEXP_METHODS  STRING_REGEXP_METHODS  defines  emptySet  knownConstants  NumbericResultPredicate  NUMBERIC_RESULT_PREDICATE  boolean  MayBeStringResultPredicate  MAY_BE_STRING_PREDICATE  Node  n  String  JSC_PROPERTY_NAME_FN  childValue  name  namespaceName  rawJsString  s  value  Map  vars  int  c  end  nextSkipSlot  nextSlot  start  type  	projects/Closure80/src/com/google/javascript/jscomp/NodeUtil.java	0.4082482904638631	1264	1264	2	replace	if(NodeUtil.isVarDeclaration(n)||  NodeUtil.isFunctionDeclaration(n))  {  return  true;  }	  if(NodeUtil.isFunctionDeclaration(n)||    NodeUtil.isFunctionDeclaration(n))    {    return    true;    }    	non-compiled	[CE]  	104	None	replace
997	[BUG]  [BUGGY]  if(NodeUtil.isFunctionDeclaration(n)||  NodeUtil.isGetProp(n))  {  return  true;  }  [CE]  [FE]                IllegalStateException      [CONTEXT]      case  Token.LE:  case  Token.GE:  case  Token.IN:  case  Token.INSTANCEOF:  case  Token.NOT:  return  true;  default:      [BUGGY]  if(NodeUtil.isFunctionDeclaration(n)||  NodeUtil.isGetProp(n))  {  return  true;  }  [BUGGY]      }  }  [CLASS]  NodeUtil  NumbericResultPredicate  BooleanResultPredicate  MayBeStringResultPredicate  VarCollector  MatchNameNode  MatchNodeType  MatchDeclaration  MatchNotFunction  MatchShallowStatement  [METHOD]  isBooleanResultHelper  [RETURN_TYPE]  boolean  Node  n  [VARIABLES]  BooleanResultPredicate  BOOLEAN_RESULT_PREDICATE  Set  BUILTIN_FUNCTIONS_WITHOUT_SIDEEFFECTS  CONSTRUCTORS_WITHOUT_SIDE_EFFECTS  OBJECT_METHODS_WITHOUT_SIDEEFFECTS  REGEXP_METHODS  STRING_REGEXP_METHODS  defines  emptySet  knownConstants  NumbericResultPredicate  NUMBERIC_RESULT_PREDICATE  boolean  MayBeStringResultPredicate  MAY_BE_STRING_PREDICATE  Node  n  String  JSC_PROPERTY_NAME_FN  childValue  name  namespaceName  rawJsString  s  value  Map  vars  int  c  end  nextSkipSlot  nextSlot  start  type  	projects/Closure80/src/com/google/javascript/jscomp/NodeUtil.java	0.4082482904638631	1264	1264	2	replace	if(NodeUtil.isFunctionDeclaration(n)||  NodeUtil.isGetProp(n))  {  return  true;  }	  if(NodeUtil.isFunctionDeclaration(n)||    NodeUtil.isFunctionDeclaration(n))    {    return    true;    }    	non-compiled	[CE]  	104	None	replace
998	[BUG]  [BUGGY]  return(n.getType()  ==  Token.NAME)&  BooleanResultPredicate.BOOLEAN_RESULT_PREDICATE  :  BooleanResultPredicate.FALSE;  [CE]  [FE]                    IllegalStateException      [CONTEXT]      case  Token.LE:  case  Token.GE:  case  Token.IN:  case  Token.INSTANCEOF:  case  Token.NOT:  return  true;  default:      [BUGGY]  return(n.getType()  ==  Token.NAME)&  BooleanResultPredicate.BOOLEAN_RESULT_PREDICATE  :  BooleanResultPredicate.FALSE;  [BUGGY]      }  }  [CLASS]  NodeUtil  NumbericResultPredicate  BooleanResultPredicate  MayBeStringResultPredicate  VarCollector  MatchNameNode  MatchNodeType  MatchDeclaration  MatchNotFunction  MatchShallowStatement  [METHOD]  isBooleanResultHelper  [RETURN_TYPE]  boolean  Node  n  [VARIABLES]  BooleanResultPredicate  BOOLEAN_RESULT_PREDICATE  Set  BUILTIN_FUNCTIONS_WITHOUT_SIDEEFFECTS  CONSTRUCTORS_WITHOUT_SIDE_EFFECTS  OBJECT_METHODS_WITHOUT_SIDEEFFECTS  REGEXP_METHODS  STRING_REGEXP_METHODS  defines  emptySet  knownConstants  NumbericResultPredicate  NUMBERIC_RESULT_PREDICATE  boolean  MayBeStringResultPredicate  MAY_BE_STRING_PREDICATE  Node  n  String  JSC_PROPERTY_NAME_FN  childValue  name  namespaceName  rawJsString  s  value  Map  vars  int  c  end  nextSkipSlot  nextSlot  start  type  	projects/Closure80/src/com/google/javascript/jscomp/NodeUtil.java	0.4082482904638631	1264	1264	2	replace	return(n.getType()  ==  Token.NAME)&  BooleanResultPredicate.BOOLEAN_RESULT_PREDICATE  :  BooleanResultPredicate.FALSE;	  return(n.getType()    ==    Token.NAME)&    BooleanResultPredicate.UNKNOWN    :    BooleanResultPredicate.FALSE;    	non-compiled	[CE]  	92	None	replace
999	[BUG]  [BUGGY]  return(n.getType()  ==  Token.NAME)&  BooleanResultPredicate.BOOLEAN_RESULT_PREDICATE;  [CE]  [FE]                      IllegalStateException      [CONTEXT]      case  Token.LE:  case  Token.GE:  case  Token.IN:  case  Token.INSTANCEOF:  case  Token.NOT:  return  true;  default:      [BUGGY]  return(n.getType()  ==  Token.NAME)&  BooleanResultPredicate.BOOLEAN_RESULT_PREDICATE;  [BUGGY]      }  }  [CLASS]  NodeUtil  NumbericResultPredicate  BooleanResultPredicate  MayBeStringResultPredicate  VarCollector  MatchNameNode  MatchNodeType  MatchDeclaration  MatchNotFunction  MatchShallowStatement  [METHOD]  isBooleanResultHelper  [RETURN_TYPE]  boolean  Node  n  [VARIABLES]  BooleanResultPredicate  BOOLEAN_RESULT_PREDICATE  Set  BUILTIN_FUNCTIONS_WITHOUT_SIDEEFFECTS  CONSTRUCTORS_WITHOUT_SIDE_EFFECTS  OBJECT_METHODS_WITHOUT_SIDEEFFECTS  REGEXP_METHODS  STRING_REGEXP_METHODS  defines  emptySet  knownConstants  NumbericResultPredicate  NUMBERIC_RESULT_PREDICATE  boolean  MayBeStringResultPredicate  MAY_BE_STRING_PREDICATE  Node  n  String  JSC_PROPERTY_NAME_FN  childValue  name  namespaceName  rawJsString  s  value  Map  vars  int  c  end  nextSkipSlot  nextSlot  start  type  	projects/Closure80/src/com/google/javascript/jscomp/NodeUtil.java	0.4082482904638631	1264	1264	2	replace	return(n.getType()  ==  Token.NAME)&  BooleanResultPredicate.BOOLEAN_RESULT_PREDICATE;	  return(n.getType()    ==    Token.NAME)&    BooleanResultPredicate.UNKNOWN    :    BooleanResultPredicate.FALSE;    	non-compiled	[CE]  	92	None	replace
1000	[BUG]  [BUGGY]  return(n.getType()  ==  Token.NAME)&  BooleanResultPredicate.EMPTY  :  BooleanResultPredicate.FALSE;  [CE]  [FE]                        IllegalStateException      [CONTEXT]      case  Token.LE:  case  Token.GE:  case  Token.IN:  case  Token.INSTANCEOF:  case  Token.NOT:  return  true;  default:      [BUGGY]  return(n.getType()  ==  Token.NAME)&  BooleanResultPredicate.EMPTY  :  BooleanResultPredicate.FALSE;  [BUGGY]      }  }  [CLASS]  NodeUtil  NumbericResultPredicate  BooleanResultPredicate  MayBeStringResultPredicate  VarCollector  MatchNameNode  MatchNodeType  MatchDeclaration  MatchNotFunction  MatchShallowStatement  [METHOD]  isBooleanResultHelper  [RETURN_TYPE]  boolean  Node  n  [VARIABLES]  BooleanResultPredicate  BOOLEAN_RESULT_PREDICATE  Set  BUILTIN_FUNCTIONS_WITHOUT_SIDEEFFECTS  CONSTRUCTORS_WITHOUT_SIDE_EFFECTS  OBJECT_METHODS_WITHOUT_SIDEEFFECTS  REGEXP_METHODS  STRING_REGEXP_METHODS  defines  emptySet  knownConstants  NumbericResultPredicate  NUMBERIC_RESULT_PREDICATE  boolean  MayBeStringResultPredicate  MAY_BE_STRING_PREDICATE  Node  n  String  JSC_PROPERTY_NAME_FN  childValue  name  namespaceName  rawJsString  s  value  Map  vars  int  c  end  nextSkipSlot  nextSlot  start  type  	projects/Closure80/src/com/google/javascript/jscomp/NodeUtil.java	0.4082482904638631	1264	1264	2	replace	return(n.getType()  ==  Token.NAME)&  BooleanResultPredicate.EMPTY  :  BooleanResultPredicate.FALSE;	  return(n.getType()    ==    Token.NAME)&    BooleanResultPredicate.UNKNOWN    :    BooleanResultPredicate.FALSE;    	non-compiled	[CE]  	92	None	replace
1001	[BUG]  [BUGGY]  return(n.getType()  ==  Token.NAME)&&  BooleanResultPredicate.EMPTY  :  BooleanResultPredicate.FALSE;  [CE]  [FE]                  IllegalStateException      [CONTEXT]      case  Token.LE:  case  Token.GE:  case  Token.IN:  case  Token.INSTANCEOF:  case  Token.NOT:  return  true;  default:      [BUGGY]  return(n.getType()  ==  Token.NAME)&&  BooleanResultPredicate.EMPTY  :  BooleanResultPredicate.FALSE;  [BUGGY]      }  }  [CLASS]  NodeUtil  NumbericResultPredicate  BooleanResultPredicate  MayBeStringResultPredicate  VarCollector  MatchNameNode  MatchNodeType  MatchDeclaration  MatchNotFunction  MatchShallowStatement  [METHOD]  isBooleanResultHelper  [RETURN_TYPE]  boolean  Node  n  [VARIABLES]  BooleanResultPredicate  BOOLEAN_RESULT_PREDICATE  Set  BUILTIN_FUNCTIONS_WITHOUT_SIDEEFFECTS  CONSTRUCTORS_WITHOUT_SIDE_EFFECTS  OBJECT_METHODS_WITHOUT_SIDEEFFECTS  REGEXP_METHODS  STRING_REGEXP_METHODS  defines  emptySet  knownConstants  NumbericResultPredicate  NUMBERIC_RESULT_PREDICATE  boolean  MayBeStringResultPredicate  MAY_BE_STRING_PREDICATE  Node  n  String  JSC_PROPERTY_NAME_FN  childValue  name  namespaceName  rawJsString  s  value  Map  vars  int  c  end  nextSkipSlot  nextSlot  start  type  	projects/Closure80/src/com/google/javascript/jscomp/NodeUtil.java	0.4082482904638631	1264	1264	2	replace	return(n.getType()  ==  Token.NAME)&&  BooleanResultPredicate.EMPTY  :  BooleanResultPredicate.FALSE;	  return(n.getType()    ==    Token.NAME)?    BooleanResultPredicate.EMPTY    :    BooleanResultPredicate.FALSE;    	non-compiled	[CE]  	162	None	replace
1002	[BUG]  [BUGGY]  return(n.getType()  ==  Token.NAME)?  BooleanResultPredicate.EMPTY  :  BooleanResultPredicate.BOOLEAN;  [CE]  [FE]                    IllegalStateException      [CONTEXT]      case  Token.LE:  case  Token.GE:  case  Token.IN:  case  Token.INSTANCEOF:  case  Token.NOT:  return  true;  default:      [BUGGY]  return(n.getType()  ==  Token.NAME)?  BooleanResultPredicate.EMPTY  :  BooleanResultPredicate.BOOLEAN;  [BUGGY]      }  }  [CLASS]  NodeUtil  NumbericResultPredicate  BooleanResultPredicate  MayBeStringResultPredicate  VarCollector  MatchNameNode  MatchNodeType  MatchDeclaration  MatchNotFunction  MatchShallowStatement  [METHOD]  isBooleanResultHelper  [RETURN_TYPE]  boolean  Node  n  [VARIABLES]  BooleanResultPredicate  BOOLEAN_RESULT_PREDICATE  Set  BUILTIN_FUNCTIONS_WITHOUT_SIDEEFFECTS  CONSTRUCTORS_WITHOUT_SIDE_EFFECTS  OBJECT_METHODS_WITHOUT_SIDEEFFECTS  REGEXP_METHODS  STRING_REGEXP_METHODS  defines  emptySet  knownConstants  NumbericResultPredicate  NUMBERIC_RESULT_PREDICATE  boolean  MayBeStringResultPredicate  MAY_BE_STRING_PREDICATE  Node  n  String  JSC_PROPERTY_NAME_FN  childValue  name  namespaceName  rawJsString  s  value  Map  vars  int  c  end  nextSkipSlot  nextSlot  start  type  	projects/Closure80/src/com/google/javascript/jscomp/NodeUtil.java	0.4082482904638631	1264	1264	2	replace	return(n.getType()  ==  Token.NAME)?  BooleanResultPredicate.EMPTY  :  BooleanResultPredicate.BOOLEAN;	  return(n.getType()    ==    Token.NAME)?    BooleanResultPredicate.EMPTY    :    BooleanResultPredicate.FALSE;    	non-compiled	[CE]  	162	None	replace
1003	[BUG]  [BUGGY]  return(n.getType()!=  Token.NAME)?  BooleanResultPredicate.EMPTY  :  BooleanResultPredicate.FALSE;  [CE]  [FE]                      IllegalStateException      [CONTEXT]      case  Token.LE:  case  Token.GE:  case  Token.IN:  case  Token.INSTANCEOF:  case  Token.NOT:  return  true;  default:      [BUGGY]  return(n.getType()!=  Token.NAME)?  BooleanResultPredicate.EMPTY  :  BooleanResultPredicate.FALSE;  [BUGGY]      }  }  [CLASS]  NodeUtil  NumbericResultPredicate  BooleanResultPredicate  MayBeStringResultPredicate  VarCollector  MatchNameNode  MatchNodeType  MatchDeclaration  MatchNotFunction  MatchShallowStatement  [METHOD]  isBooleanResultHelper  [RETURN_TYPE]  boolean  Node  n  [VARIABLES]  BooleanResultPredicate  BOOLEAN_RESULT_PREDICATE  Set  BUILTIN_FUNCTIONS_WITHOUT_SIDEEFFECTS  CONSTRUCTORS_WITHOUT_SIDE_EFFECTS  OBJECT_METHODS_WITHOUT_SIDEEFFECTS  REGEXP_METHODS  STRING_REGEXP_METHODS  defines  emptySet  knownConstants  NumbericResultPredicate  NUMBERIC_RESULT_PREDICATE  boolean  MayBeStringResultPredicate  MAY_BE_STRING_PREDICATE  Node  n  String  JSC_PROPERTY_NAME_FN  childValue  name  namespaceName  rawJsString  s  value  Map  vars  int  c  end  nextSkipSlot  nextSlot  start  type  	projects/Closure80/src/com/google/javascript/jscomp/NodeUtil.java	0.4082482904638631	1264	1264	2	replace	return(n.getType()!=  Token.NAME)?  BooleanResultPredicate.EMPTY  :  BooleanResultPredicate.FALSE;	  return(n.getType()    ==    Token.NAME)?    BooleanResultPredicate.EMPTY    :    BooleanResultPredicate.FALSE;    	non-compiled	[CE]  	162	None	replace
1004	[BUG]  [BUGGY]  return(n.getType()!=  Token.STRING)?  BooleanResultPredicate.FALSE  :  BooleanResultPredicate.TRUE;  [CE]  [FE]                        IllegalStateException      [CONTEXT]      case  Token.LE:  case  Token.GE:  case  Token.IN:  case  Token.INSTANCEOF:  case  Token.NOT:  return  true;  default:      [BUGGY]  return(n.getType()!=  Token.STRING)?  BooleanResultPredicate.FALSE  :  BooleanResultPredicate.TRUE;  [BUGGY]      }  }  [CLASS]  NodeUtil  NumbericResultPredicate  BooleanResultPredicate  MayBeStringResultPredicate  VarCollector  MatchNameNode  MatchNodeType  MatchDeclaration  MatchNotFunction  MatchShallowStatement  [METHOD]  isBooleanResultHelper  [RETURN_TYPE]  boolean  Node  n  [VARIABLES]  BooleanResultPredicate  BOOLEAN_RESULT_PREDICATE  Set  BUILTIN_FUNCTIONS_WITHOUT_SIDEEFFECTS  CONSTRUCTORS_WITHOUT_SIDE_EFFECTS  OBJECT_METHODS_WITHOUT_SIDEEFFECTS  REGEXP_METHODS  STRING_REGEXP_METHODS  defines  emptySet  knownConstants  NumbericResultPredicate  NUMBERIC_RESULT_PREDICATE  boolean  MayBeStringResultPredicate  MAY_BE_STRING_PREDICATE  Node  n  String  JSC_PROPERTY_NAME_FN  childValue  name  namespaceName  rawJsString  s  value  Map  vars  int  c  end  nextSkipSlot  nextSlot  start  type  	projects/Closure80/src/com/google/javascript/jscomp/NodeUtil.java	0.4082482904638631	1264	1264	2	replace	return(n.getType()!=  Token.STRING)?  BooleanResultPredicate.FALSE  :  BooleanResultPredicate.TRUE;	  return(n.getType()    ==    Token.STRING)?    BooleanResultPredicate.FALSE    :    BooleanResultPredicate.TRUE;    	non-compiled	[CE]  	56	None	replace
1005	[BUG]  [BUGGY]  return(n.getType()  ==  Token.STRING)&&  BooleanResultPredicate.FALSE  <=  BooleanResultPredicate.TRUE;  [CE]  [FE]                          IllegalStateException      [CONTEXT]      case  Token.LE:  case  Token.GE:  case  Token.IN:  case  Token.INSTANCEOF:  case  Token.NOT:  return  true;  default:      [BUGGY]  return(n.getType()  ==  Token.STRING)&&  BooleanResultPredicate.FALSE  <=  BooleanResultPredicate.TRUE;  [BUGGY]      }  }  [CLASS]  NodeUtil  NumbericResultPredicate  BooleanResultPredicate  MayBeStringResultPredicate  VarCollector  MatchNameNode  MatchNodeType  MatchDeclaration  MatchNotFunction  MatchShallowStatement  [METHOD]  isBooleanResultHelper  [RETURN_TYPE]  boolean  Node  n  [VARIABLES]  BooleanResultPredicate  BOOLEAN_RESULT_PREDICATE  Set  BUILTIN_FUNCTIONS_WITHOUT_SIDEEFFECTS  CONSTRUCTORS_WITHOUT_SIDE_EFFECTS  OBJECT_METHODS_WITHOUT_SIDEEFFECTS  REGEXP_METHODS  STRING_REGEXP_METHODS  defines  emptySet  knownConstants  NumbericResultPredicate  NUMBERIC_RESULT_PREDICATE  boolean  MayBeStringResultPredicate  MAY_BE_STRING_PREDICATE  Node  n  String  JSC_PROPERTY_NAME_FN  childValue  name  namespaceName  rawJsString  s  value  Map  vars  int  c  end  nextSkipSlot  nextSlot  start  type  	projects/Closure80/src/com/google/javascript/jscomp/NodeUtil.java	0.4082482904638631	1264	1264	2	replace	return(n.getType()  ==  Token.STRING)&&  BooleanResultPredicate.FALSE  <=  BooleanResultPredicate.TRUE;	  return(n.getType()    ==    Token.STRING)?    BooleanResultPredicate.FALSE    :    BooleanResultPredicate.TRUE;    	non-compiled	[CE]  	56	None	replace
1006	[BUG]  [BUGGY]  n.setString(JSC_PROPERTY_NAME_FN,  JSC_PROPERTY_NAME_FN)+  1;  [CE]  [FE]                                  IllegalStateException      [CONTEXT]      case  Token.LE:  case  Token.GE:  case  Token.IN:  case  Token.INSTANCEOF:  case  Token.NOT:  return  true;  default:      [BUGGY]  n.setString(JSC_PROPERTY_NAME_FN,  JSC_PROPERTY_NAME_FN)+  1;  [BUGGY]      }  }  [CLASS]  NodeUtil  NumbericResultPredicate  BooleanResultPredicate  MayBeStringResultPredicate  VarCollector  MatchNameNode  MatchNodeType  MatchDeclaration  MatchNotFunction  MatchShallowStatement  [METHOD]  isBooleanResultHelper  [RETURN_TYPE]  boolean  Node  n  [VARIABLES]  BooleanResultPredicate  BOOLEAN_RESULT_PREDICATE  Set  BUILTIN_FUNCTIONS_WITHOUT_SIDEEFFECTS  CONSTRUCTORS_WITHOUT_SIDE_EFFECTS  OBJECT_METHODS_WITHOUT_SIDEEFFECTS  REGEXP_METHODS  STRING_REGEXP_METHODS  defines  emptySet  knownConstants  NumbericResultPredicate  NUMBERIC_RESULT_PREDICATE  boolean  MayBeStringResultPredicate  MAY_BE_STRING_PREDICATE  Node  n  String  JSC_PROPERTY_NAME_FN  childValue  name  namespaceName  rawJsString  s  value  Map  vars  int  c  end  nextSkipSlot  nextSlot  start  type  	projects/Closure80/src/com/google/javascript/jscomp/NodeUtil.java	0.4082482904638631	1264	1264	2	replace	n.setString(JSC_PROPERTY_NAME_FN,  JSC_PROPERTY_NAME_FN)+  1;	  n.setString(JSC_PROPERTY_NAME_FN,    JSC_PROPERTY_NAME_FN);    return    false;    	non-compiled	[CE]  	72	None	replace
1007	[BUG]  [BUGGY]  if(n.getType()!=  Token.FUNCTION  ||  n.getType()  ==  Token.STRING)  {  return  false;  }  [CE]  [FE]            IllegalStateException      [CONTEXT]      case  Token.LE:  case  Token.GE:  case  Token.IN:  case  Token.INSTANCEOF:  case  Token.NOT:  return  true;  default:      [BUGGY]  if(n.getType()!=  Token.FUNCTION  ||  n.getType()  ==  Token.STRING)  {  return  false;  }  [BUGGY]      }  }  [CLASS]  NodeUtil  NumbericResultPredicate  BooleanResultPredicate  MayBeStringResultPredicate  VarCollector  MatchNameNode  MatchNodeType  MatchDeclaration  MatchNotFunction  MatchShallowStatement  [METHOD]  isBooleanResultHelper  [RETURN_TYPE]  boolean  Node  n  [VARIABLES]  BooleanResultPredicate  BOOLEAN_RESULT_PREDICATE  Set  BUILTIN_FUNCTIONS_WITHOUT_SIDEEFFECTS  CONSTRUCTORS_WITHOUT_SIDE_EFFECTS  OBJECT_METHODS_WITHOUT_SIDEEFFECTS  REGEXP_METHODS  STRING_REGEXP_METHODS  defines  emptySet  knownConstants  NumbericResultPredicate  NUMBERIC_RESULT_PREDICATE  boolean  MayBeStringResultPredicate  MAY_BE_STRING_PREDICATE  Node  n  String  JSC_PROPERTY_NAME_FN  childValue  name  namespaceName  rawJsString  s  value  Map  vars  int  c  end  nextSkipSlot  nextSlot  start  type  	projects/Closure80/src/com/google/javascript/jscomp/NodeUtil.java	0.4082482904638631	1264	1264	2	replace	if(n.getType()!=  Token.FUNCTION  ||  n.getType()  ==  Token.STRING)  {  return  false;  }	  if(n.getType()    ==    Token.FUNCTION    ||    n.getType()    ==    Token.STRING)    {    return    false;    }    	non-compiled	[CE]  	102	None	replace
1008	[BUG]  [BUGGY]  if(n.getType()!=  Token.GETPROP  ||  n.getType()!=  Token.NAME)  {  return  true;  }  [CE]  [FE]                        IllegalStateException      [CONTEXT]      case  Token.LE:  case  Token.GE:  case  Token.IN:  case  Token.INSTANCEOF:  case  Token.NOT:  return  true;  default:      [BUGGY]  if(n.getType()!=  Token.GETPROP  ||  n.getType()!=  Token.NAME)  {  return  true;  }  [BUGGY]      }  }  [CLASS]  NodeUtil  NumbericResultPredicate  BooleanResultPredicate  MayBeStringResultPredicate  VarCollector  MatchNameNode  MatchNodeType  MatchDeclaration  MatchNotFunction  MatchShallowStatement  [METHOD]  isBooleanResultHelper  [RETURN_TYPE]  boolean  Node  n  [VARIABLES]  BooleanResultPredicate  BOOLEAN_RESULT_PREDICATE  Set  BUILTIN_FUNCTIONS_WITHOUT_SIDEEFFECTS  CONSTRUCTORS_WITHOUT_SIDE_EFFECTS  OBJECT_METHODS_WITHOUT_SIDEEFFECTS  REGEXP_METHODS  STRING_REGEXP_METHODS  defines  emptySet  knownConstants  NumbericResultPredicate  NUMBERIC_RESULT_PREDICATE  boolean  MayBeStringResultPredicate  MAY_BE_STRING_PREDICATE  Node  n  String  JSC_PROPERTY_NAME_FN  childValue  name  namespaceName  rawJsString  s  value  Map  vars  int  c  end  nextSkipSlot  nextSlot  start  type  	projects/Closure80/src/com/google/javascript/jscomp/NodeUtil.java	0.4082482904638631	1264	1264	2	replace	if(n.getType()!=  Token.GETPROP  ||  n.getType()!=  Token.NAME)  {  return  true;  }	  if(n.getType()!=    Token.GETPROP)    {    return    true;    }    	non-compiled	[CE]  	101	None	replace
1009	[BUG]  [BUGGY]  if(n.getType()!=  Token.GETPROP  &&  n.getFirstChild()  ==  n)  {  return  true;  }  [CE]  [FE]                          IllegalStateException      [CONTEXT]      case  Token.LE:  case  Token.GE:  case  Token.IN:  case  Token.INSTANCEOF:  case  Token.NOT:  return  true;  default:      [BUGGY]  if(n.getType()!=  Token.GETPROP  &&  n.getFirstChild()  ==  n)  {  return  true;  }  [BUGGY]      }  }  [CLASS]  NodeUtil  NumbericResultPredicate  BooleanResultPredicate  MayBeStringResultPredicate  VarCollector  MatchNameNode  MatchNodeType  MatchDeclaration  MatchNotFunction  MatchShallowStatement  [METHOD]  isBooleanResultHelper  [RETURN_TYPE]  boolean  Node  n  [VARIABLES]  BooleanResultPredicate  BOOLEAN_RESULT_PREDICATE  Set  BUILTIN_FUNCTIONS_WITHOUT_SIDEEFFECTS  CONSTRUCTORS_WITHOUT_SIDE_EFFECTS  OBJECT_METHODS_WITHOUT_SIDEEFFECTS  REGEXP_METHODS  STRING_REGEXP_METHODS  defines  emptySet  knownConstants  NumbericResultPredicate  NUMBERIC_RESULT_PREDICATE  boolean  MayBeStringResultPredicate  MAY_BE_STRING_PREDICATE  Node  n  String  JSC_PROPERTY_NAME_FN  childValue  name  namespaceName  rawJsString  s  value  Map  vars  int  c  end  nextSkipSlot  nextSlot  start  type  	projects/Closure80/src/com/google/javascript/jscomp/NodeUtil.java	0.4082482904638631	1264	1264	2	replace	if(n.getType()!=  Token.GETPROP  &&  n.getFirstChild()  ==  n)  {  return  true;  }	  if(n.getType()!=    Token.GETPROP)    {    return    true;    }    	non-compiled	[CE]  	101	None	replace
1010	[BUG]  [BUGGY]  if(n.getType()!=  Token.GETPROP  ||  n.getType()!=  Token.VAR)  {  return  true;  }  [CE]  [FE]                            IllegalStateException      [CONTEXT]      case  Token.LE:  case  Token.GE:  case  Token.IN:  case  Token.INSTANCEOF:  case  Token.NOT:  return  true;  default:      [BUGGY]  if(n.getType()!=  Token.GETPROP  ||  n.getType()!=  Token.VAR)  {  return  true;  }  [BUGGY]      }  }  [CLASS]  NodeUtil  NumbericResultPredicate  BooleanResultPredicate  MayBeStringResultPredicate  VarCollector  MatchNameNode  MatchNodeType  MatchDeclaration  MatchNotFunction  MatchShallowStatement  [METHOD]  isBooleanResultHelper  [RETURN_TYPE]  boolean  Node  n  [VARIABLES]  BooleanResultPredicate  BOOLEAN_RESULT_PREDICATE  Set  BUILTIN_FUNCTIONS_WITHOUT_SIDEEFFECTS  CONSTRUCTORS_WITHOUT_SIDE_EFFECTS  OBJECT_METHODS_WITHOUT_SIDEEFFECTS  REGEXP_METHODS  STRING_REGEXP_METHODS  defines  emptySet  knownConstants  NumbericResultPredicate  NUMBERIC_RESULT_PREDICATE  boolean  MayBeStringResultPredicate  MAY_BE_STRING_PREDICATE  Node  n  String  JSC_PROPERTY_NAME_FN  childValue  name  namespaceName  rawJsString  s  value  Map  vars  int  c  end  nextSkipSlot  nextSlot  start  type  	projects/Closure80/src/com/google/javascript/jscomp/NodeUtil.java	0.4082482904638631	1264	1264	2	replace	if(n.getType()!=  Token.GETPROP  ||  n.getType()!=  Token.VAR)  {  return  true;  }	  if(n.getType()!=    Token.GETPROP)    {    return    true;    }    	non-compiled	[CE]  	101	None	replace
1011	[BUG]  [BUGGY]  if(n.getType()!=  Token.GETPROP  ||  n.getType()!=  Token.GETPROP)  {  return  true;  }  [CE]  [FE]                              IllegalStateException      [CONTEXT]      case  Token.LE:  case  Token.GE:  case  Token.IN:  case  Token.INSTANCEOF:  case  Token.NOT:  return  true;  default:      [BUGGY]  if(n.getType()!=  Token.GETPROP  ||  n.getType()!=  Token.GETPROP)  {  return  true;  }  [BUGGY]      }  }  [CLASS]  NodeUtil  NumbericResultPredicate  BooleanResultPredicate  MayBeStringResultPredicate  VarCollector  MatchNameNode  MatchNodeType  MatchDeclaration  MatchNotFunction  MatchShallowStatement  [METHOD]  isBooleanResultHelper  [RETURN_TYPE]  boolean  Node  n  [VARIABLES]  BooleanResultPredicate  BOOLEAN_RESULT_PREDICATE  Set  BUILTIN_FUNCTIONS_WITHOUT_SIDEEFFECTS  CONSTRUCTORS_WITHOUT_SIDE_EFFECTS  OBJECT_METHODS_WITHOUT_SIDEEFFECTS  REGEXP_METHODS  STRING_REGEXP_METHODS  defines  emptySet  knownConstants  NumbericResultPredicate  NUMBERIC_RESULT_PREDICATE  boolean  MayBeStringResultPredicate  MAY_BE_STRING_PREDICATE  Node  n  String  JSC_PROPERTY_NAME_FN  childValue  name  namespaceName  rawJsString  s  value  Map  vars  int  c  end  nextSkipSlot  nextSlot  start  type  	projects/Closure80/src/com/google/javascript/jscomp/NodeUtil.java	0.4082482904638631	1264	1264	2	replace	if(n.getType()!=  Token.GETPROP  ||  n.getType()!=  Token.GETPROP)  {  return  true;  }	  if(n.getType()!=    Token.GETPROP)    {    return    true;    }    	non-compiled	[CE]  	101	None	replace
1012	[BUG]  [BUGGY]  if(n.getType()!=  Token.GETPROP  ||  n.getType()!=  Token.BLOCK)  {  return  true;  }  [CE]  [FE]                                IllegalStateException      [CONTEXT]      case  Token.LE:  case  Token.GE:  case  Token.IN:  case  Token.INSTANCEOF:  case  Token.NOT:  return  true;  default:      [BUGGY]  if(n.getType()!=  Token.GETPROP  ||  n.getType()!=  Token.BLOCK)  {  return  true;  }  [BUGGY]      }  }  [CLASS]  NodeUtil  NumbericResultPredicate  BooleanResultPredicate  MayBeStringResultPredicate  VarCollector  MatchNameNode  MatchNodeType  MatchDeclaration  MatchNotFunction  MatchShallowStatement  [METHOD]  isBooleanResultHelper  [RETURN_TYPE]  boolean  Node  n  [VARIABLES]  BooleanResultPredicate  BOOLEAN_RESULT_PREDICATE  Set  BUILTIN_FUNCTIONS_WITHOUT_SIDEEFFECTS  CONSTRUCTORS_WITHOUT_SIDE_EFFECTS  OBJECT_METHODS_WITHOUT_SIDEEFFECTS  REGEXP_METHODS  STRING_REGEXP_METHODS  defines  emptySet  knownConstants  NumbericResultPredicate  NUMBERIC_RESULT_PREDICATE  boolean  MayBeStringResultPredicate  MAY_BE_STRING_PREDICATE  Node  n  String  JSC_PROPERTY_NAME_FN  childValue  name  namespaceName  rawJsString  s  value  Map  vars  int  c  end  nextSkipSlot  nextSlot  start  type  	projects/Closure80/src/com/google/javascript/jscomp/NodeUtil.java	0.4082482904638631	1264	1264	2	replace	if(n.getType()!=  Token.GETPROP  ||  n.getType()!=  Token.BLOCK)  {  return  true;  }	  if(n.getType()!=    Token.GETPROP)    {    return    true;    }    	non-compiled	[CE]  	101	None	replace
1013	[BUG]  [BUGGY]  return(n.getFirstChild()!=  n)?  BooleanResultPredicate.UNKNOWN  :  BooleanResultPredicate.UNKNOWN;  [CE]  [FE]              IllegalStateException      [CONTEXT]      case  Token.LE:  case  Token.GE:  case  Token.IN:  case  Token.INSTANCEOF:  case  Token.NOT:  return  true;  default:      [BUGGY]  return(n.getFirstChild()!=  n)?  BooleanResultPredicate.UNKNOWN  :  BooleanResultPredicate.UNKNOWN;  [BUGGY]      }  }  [CLASS]  NodeUtil  NumbericResultPredicate  BooleanResultPredicate  MayBeStringResultPredicate  VarCollector  MatchNameNode  MatchNodeType  MatchDeclaration  MatchNotFunction  MatchShallowStatement  [METHOD]  isBooleanResultHelper  [RETURN_TYPE]  boolean  Node  n  [VARIABLES]  BooleanResultPredicate  BOOLEAN_RESULT_PREDICATE  Set  BUILTIN_FUNCTIONS_WITHOUT_SIDEEFFECTS  CONSTRUCTORS_WITHOUT_SIDE_EFFECTS  OBJECT_METHODS_WITHOUT_SIDEEFFECTS  REGEXP_METHODS  STRING_REGEXP_METHODS  defines  emptySet  knownConstants  NumbericResultPredicate  NUMBERIC_RESULT_PREDICATE  boolean  MayBeStringResultPredicate  MAY_BE_STRING_PREDICATE  Node  n  String  JSC_PROPERTY_NAME_FN  childValue  name  namespaceName  rawJsString  s  value  Map  vars  int  c  end  nextSkipSlot  nextSlot  start  type  	projects/Closure80/src/com/google/javascript/jscomp/NodeUtil.java	0.4082482904638631	1264	1264	2	replace	return(n.getFirstChild()!=  n)?  BooleanResultPredicate.UNKNOWN  :  BooleanResultPredicate.UNKNOWN;	  return(n.getType()!=    Token.NAME)?    BooleanResultPredicate.UNKNOWN    :    BooleanResultPredicate.UNKNOWN;    	non-compiled	[CE]  	36	None	replace
1014	[BUG]  [BUGGY]  return(n.getString()!=  null)?  BooleanResultPredicate.UNKNOWN  :  BooleanResultPredicate.UNKNOWN;  [CE]  [FE]                IllegalStateException      [CONTEXT]      case  Token.LE:  case  Token.GE:  case  Token.IN:  case  Token.INSTANCEOF:  case  Token.NOT:  return  true;  default:      [BUGGY]  return(n.getString()!=  null)?  BooleanResultPredicate.UNKNOWN  :  BooleanResultPredicate.UNKNOWN;  [BUGGY]      }  }  [CLASS]  NodeUtil  NumbericResultPredicate  BooleanResultPredicate  MayBeStringResultPredicate  VarCollector  MatchNameNode  MatchNodeType  MatchDeclaration  MatchNotFunction  MatchShallowStatement  [METHOD]  isBooleanResultHelper  [RETURN_TYPE]  boolean  Node  n  [VARIABLES]  BooleanResultPredicate  BOOLEAN_RESULT_PREDICATE  Set  BUILTIN_FUNCTIONS_WITHOUT_SIDEEFFECTS  CONSTRUCTORS_WITHOUT_SIDE_EFFECTS  OBJECT_METHODS_WITHOUT_SIDEEFFECTS  REGEXP_METHODS  STRING_REGEXP_METHODS  defines  emptySet  knownConstants  NumbericResultPredicate  NUMBERIC_RESULT_PREDICATE  boolean  MayBeStringResultPredicate  MAY_BE_STRING_PREDICATE  Node  n  String  JSC_PROPERTY_NAME_FN  childValue  name  namespaceName  rawJsString  s  value  Map  vars  int  c  end  nextSkipSlot  nextSlot  start  type  	projects/Closure80/src/com/google/javascript/jscomp/NodeUtil.java	0.4082482904638631	1264	1264	2	replace	return(n.getString()!=  null)?  BooleanResultPredicate.UNKNOWN  :  BooleanResultPredicate.UNKNOWN;	  return(n.getType()!=    Token.NAME)?    BooleanResultPredicate.UNKNOWN    :    BooleanResultPredicate.UNKNOWN;    	non-compiled	[CE]  	36	None	replace
1015	[BUG]  [BUGGY]  return(n.getType()  >=  Token.NAME)?  BooleanResultPredicate.UNKNOWN  :  BooleanResultPredicate.UNKNOWN;  [CE]  [FE]                  IllegalStateException      [CONTEXT]      case  Token.LE:  case  Token.GE:  case  Token.IN:  case  Token.INSTANCEOF:  case  Token.NOT:  return  true;  default:      [BUGGY]  return(n.getType()  >=  Token.NAME)?  BooleanResultPredicate.UNKNOWN  :  BooleanResultPredicate.UNKNOWN;  [BUGGY]      }  }  [CLASS]  NodeUtil  NumbericResultPredicate  BooleanResultPredicate  MayBeStringResultPredicate  VarCollector  MatchNameNode  MatchNodeType  MatchDeclaration  MatchNotFunction  MatchShallowStatement  [METHOD]  isBooleanResultHelper  [RETURN_TYPE]  boolean  Node  n  [VARIABLES]  BooleanResultPredicate  BOOLEAN_RESULT_PREDICATE  Set  BUILTIN_FUNCTIONS_WITHOUT_SIDEEFFECTS  CONSTRUCTORS_WITHOUT_SIDE_EFFECTS  OBJECT_METHODS_WITHOUT_SIDEEFFECTS  REGEXP_METHODS  STRING_REGEXP_METHODS  defines  emptySet  knownConstants  NumbericResultPredicate  NUMBERIC_RESULT_PREDICATE  boolean  MayBeStringResultPredicate  MAY_BE_STRING_PREDICATE  Node  n  String  JSC_PROPERTY_NAME_FN  childValue  name  namespaceName  rawJsString  s  value  Map  vars  int  c  end  nextSkipSlot  nextSlot  start  type  	projects/Closure80/src/com/google/javascript/jscomp/NodeUtil.java	0.4082482904638631	1264	1264	2	replace	return(n.getType()  >=  Token.NAME)?  BooleanResultPredicate.UNKNOWN  :  BooleanResultPredicate.UNKNOWN;	  return(n.getType()!=    Token.NAME)?    BooleanResultPredicate.UNKNOWN    :    BooleanResultPredicate.UNKNOWN;    	non-compiled	[CE]  	36	None	replace
1016	[BUG]  [BUGGY]  if(n.getType()  ==  Token.NAME  ||  n.getType()!=  Token.GETPROP)return  false;  }  [CE]  [FE]                    IllegalStateException      [CONTEXT]      case  Token.LE:  case  Token.GE:  case  Token.IN:  case  Token.INSTANCEOF:  case  Token.NOT:  return  true;  default:      [BUGGY]  if(n.getType()  ==  Token.NAME  ||  n.getType()!=  Token.GETPROP)return  false;  }  [BUGGY]      }  }  [CLASS]  NodeUtil  NumbericResultPredicate  BooleanResultPredicate  MayBeStringResultPredicate  VarCollector  MatchNameNode  MatchNodeType  MatchDeclaration  MatchNotFunction  MatchShallowStatement  [METHOD]  isBooleanResultHelper  [RETURN_TYPE]  boolean  Node  n  [VARIABLES]  BooleanResultPredicate  BOOLEAN_RESULT_PREDICATE  Set  BUILTIN_FUNCTIONS_WITHOUT_SIDEEFFECTS  CONSTRUCTORS_WITHOUT_SIDE_EFFECTS  OBJECT_METHODS_WITHOUT_SIDEEFFECTS  REGEXP_METHODS  STRING_REGEXP_METHODS  defines  emptySet  knownConstants  NumbericResultPredicate  NUMBERIC_RESULT_PREDICATE  boolean  MayBeStringResultPredicate  MAY_BE_STRING_PREDICATE  Node  n  String  JSC_PROPERTY_NAME_FN  childValue  name  namespaceName  rawJsString  s  value  Map  vars  int  c  end  nextSkipSlot  nextSlot  start  type  	projects/Closure80/src/com/google/javascript/jscomp/NodeUtil.java	0.4082482904638631	1264	1264	2	replace	if(n.getType()  ==  Token.NAME  ||  n.getType()!=  Token.GETPROP)return  false;  }	  if(n.getType()    ==    Token.NAME    ||    n.getType()    ==    Token.GETPROP)    {    return    false;    }    	non-compiled	[CE]  	66	None	replace
1017	[BUG]  [BUGGY]  return(n.getType()  ==  Token.NAME)&&  BooleanResultPredicate.BOOLEAN  :  BooleanResultPredicate.BOOLEAN;  [CE]  [FE]              IllegalStateException      [CONTEXT]      case  Token.LE:  case  Token.GE:  case  Token.IN:  case  Token.INSTANCEOF:  case  Token.NOT:  return  true;  default:      [BUGGY]  return(n.getType()  ==  Token.NAME)&&  BooleanResultPredicate.BOOLEAN  :  BooleanResultPredicate.BOOLEAN;  [BUGGY]      }  }  [CLASS]  NodeUtil  NumbericResultPredicate  BooleanResultPredicate  MayBeStringResultPredicate  VarCollector  MatchNameNode  MatchNodeType  MatchDeclaration  MatchNotFunction  MatchShallowStatement  [METHOD]  isBooleanResultHelper  [RETURN_TYPE]  boolean  Node  n  [VARIABLES]  BooleanResultPredicate  BOOLEAN_RESULT_PREDICATE  Set  BUILTIN_FUNCTIONS_WITHOUT_SIDEEFFECTS  CONSTRUCTORS_WITHOUT_SIDE_EFFECTS  OBJECT_METHODS_WITHOUT_SIDEEFFECTS  REGEXP_METHODS  STRING_REGEXP_METHODS  defines  emptySet  knownConstants  NumbericResultPredicate  NUMBERIC_RESULT_PREDICATE  boolean  MayBeStringResultPredicate  MAY_BE_STRING_PREDICATE  Node  n  String  JSC_PROPERTY_NAME_FN  childValue  name  namespaceName  rawJsString  s  value  Map  vars  int  c  end  nextSkipSlot  nextSlot  start  type  	projects/Closure80/src/com/google/javascript/jscomp/NodeUtil.java	0.4082482904638631	1264	1264	2	replace	return(n.getType()  ==  Token.NAME)&&  BooleanResultPredicate.BOOLEAN  :  BooleanResultPredicate.BOOLEAN;	  return(n.getType()    ==    Token.NAME)?    BooleanResultPredicate.BOOLEAN    :    BooleanResultPredicate.BOOLEAN;    	non-compiled	[CE]  	165	None	replace
1018	[BUG]  [BUGGY]  return(n.getType()  ==  Token.VAR)?  BooleanResultPredicate.BOOLEAN  :  BooleanResultPredicate.BOOLEAN;  [CE]  [FE]                IllegalStateException      [CONTEXT]      case  Token.LE:  case  Token.GE:  case  Token.IN:  case  Token.INSTANCEOF:  case  Token.NOT:  return  true;  default:      [BUGGY]  return(n.getType()  ==  Token.VAR)?  BooleanResultPredicate.BOOLEAN  :  BooleanResultPredicate.BOOLEAN;  [BUGGY]      }  }  [CLASS]  NodeUtil  NumbericResultPredicate  BooleanResultPredicate  MayBeStringResultPredicate  VarCollector  MatchNameNode  MatchNodeType  MatchDeclaration  MatchNotFunction  MatchShallowStatement  [METHOD]  isBooleanResultHelper  [RETURN_TYPE]  boolean  Node  n  [VARIABLES]  BooleanResultPredicate  BOOLEAN_RESULT_PREDICATE  Set  BUILTIN_FUNCTIONS_WITHOUT_SIDEEFFECTS  CONSTRUCTORS_WITHOUT_SIDE_EFFECTS  OBJECT_METHODS_WITHOUT_SIDEEFFECTS  REGEXP_METHODS  STRING_REGEXP_METHODS  defines  emptySet  knownConstants  NumbericResultPredicate  NUMBERIC_RESULT_PREDICATE  boolean  MayBeStringResultPredicate  MAY_BE_STRING_PREDICATE  Node  n  String  JSC_PROPERTY_NAME_FN  childValue  name  namespaceName  rawJsString  s  value  Map  vars  int  c  end  nextSkipSlot  nextSlot  start  type  	projects/Closure80/src/com/google/javascript/jscomp/NodeUtil.java	0.4082482904638631	1264	1264	2	replace	return(n.getType()  ==  Token.VAR)?  BooleanResultPredicate.BOOLEAN  :  BooleanResultPredicate.BOOLEAN;	  return(n.getType()    ==    Token.NAME)?    BooleanResultPredicate.BOOLEAN    :    BooleanResultPredicate.BOOLEAN;    	non-compiled	[CE]  	165	None	replace
1019	[BUG]  [BUGGY]  return(n.getType()  ==  Token.STRING)?  BooleanResultPredicate.BOOLEAN  :  BooleanResultPredicate.BOOLEAN;  [CE]  [FE]                  IllegalStateException      [CONTEXT]      case  Token.LE:  case  Token.GE:  case  Token.IN:  case  Token.INSTANCEOF:  case  Token.NOT:  return  true;  default:      [BUGGY]  return(n.getType()  ==  Token.STRING)?  BooleanResultPredicate.BOOLEAN  :  BooleanResultPredicate.BOOLEAN;  [BUGGY]      }  }  [CLASS]  NodeUtil  NumbericResultPredicate  BooleanResultPredicate  MayBeStringResultPredicate  VarCollector  MatchNameNode  MatchNodeType  MatchDeclaration  MatchNotFunction  MatchShallowStatement  [METHOD]  isBooleanResultHelper  [RETURN_TYPE]  boolean  Node  n  [VARIABLES]  BooleanResultPredicate  BOOLEAN_RESULT_PREDICATE  Set  BUILTIN_FUNCTIONS_WITHOUT_SIDEEFFECTS  CONSTRUCTORS_WITHOUT_SIDE_EFFECTS  OBJECT_METHODS_WITHOUT_SIDEEFFECTS  REGEXP_METHODS  STRING_REGEXP_METHODS  defines  emptySet  knownConstants  NumbericResultPredicate  NUMBERIC_RESULT_PREDICATE  boolean  MayBeStringResultPredicate  MAY_BE_STRING_PREDICATE  Node  n  String  JSC_PROPERTY_NAME_FN  childValue  name  namespaceName  rawJsString  s  value  Map  vars  int  c  end  nextSkipSlot  nextSlot  start  type  	projects/Closure80/src/com/google/javascript/jscomp/NodeUtil.java	0.4082482904638631	1264	1264	2	replace	return(n.getType()  ==  Token.STRING)?  BooleanResultPredicate.BOOLEAN  :  BooleanResultPredicate.BOOLEAN;	  return(n.getType()    ==    Token.NAME)?    BooleanResultPredicate.BOOLEAN    :    BooleanResultPredicate.BOOLEAN;    	non-compiled	[CE]  	165	None	replace
1020	[BUG]  [BUGGY]  if(NodeUtil.isFunctionAnonymous(n)||  NodeUtil.isAssignmentOp(n))  {  return  true;  }  [CE]  [FE]              IllegalStateException      [CONTEXT]      case  Token.LE:  case  Token.GE:  case  Token.IN:  case  Token.INSTANCEOF:  case  Token.NOT:  return  true;  default:      [BUGGY]  if(NodeUtil.isFunctionAnonymous(n)||  NodeUtil.isAssignmentOp(n))  {  return  true;  }  [BUGGY]      }  }  [CLASS]  NodeUtil  NumbericResultPredicate  BooleanResultPredicate  MayBeStringResultPredicate  VarCollector  MatchNameNode  MatchNodeType  MatchDeclaration  MatchNotFunction  MatchShallowStatement  [METHOD]  isBooleanResultHelper  [RETURN_TYPE]  boolean  Node  n  [VARIABLES]  BooleanResultPredicate  BOOLEAN_RESULT_PREDICATE  Set  BUILTIN_FUNCTIONS_WITHOUT_SIDEEFFECTS  CONSTRUCTORS_WITHOUT_SIDE_EFFECTS  OBJECT_METHODS_WITHOUT_SIDEEFFECTS  REGEXP_METHODS  STRING_REGEXP_METHODS  defines  emptySet  knownConstants  NumbericResultPredicate  NUMBERIC_RESULT_PREDICATE  boolean  MayBeStringResultPredicate  MAY_BE_STRING_PREDICATE  Node  n  String  JSC_PROPERTY_NAME_FN  childValue  name  namespaceName  rawJsString  s  value  Map  vars  int  c  end  nextSkipSlot  nextSlot  start  type  	projects/Closure80/src/com/google/javascript/jscomp/NodeUtil.java	0.4082482904638631	1264	1264	2	replace	if(NodeUtil.isFunctionAnonymous(n)||  NodeUtil.isAssignmentOp(n))  {  return  true;  }	  if(NodeUtil.isAssignmentOp(n)||    NodeUtil.isFunctionAnonymous(n))    {    return    true;    }    	non-compiled	[CE]  	158	None	replace
1021	[BUG]  [BUGGY]  if(NodeUtil.isAssignmentOp(n)||  NodeUtil.isLhs(n))  {  return  true;  }  [CE]  [FE]                IllegalStateException      [CONTEXT]      case  Token.LE:  case  Token.GE:  case  Token.IN:  case  Token.INSTANCEOF:  case  Token.NOT:  return  true;  default:      [BUGGY]  if(NodeUtil.isAssignmentOp(n)||  NodeUtil.isLhs(n))  {  return  true;  }  [BUGGY]      }  }  [CLASS]  NodeUtil  NumbericResultPredicate  BooleanResultPredicate  MayBeStringResultPredicate  VarCollector  MatchNameNode  MatchNodeType  MatchDeclaration  MatchNotFunction  MatchShallowStatement  [METHOD]  isBooleanResultHelper  [RETURN_TYPE]  boolean  Node  n  [VARIABLES]  BooleanResultPredicate  BOOLEAN_RESULT_PREDICATE  Set  BUILTIN_FUNCTIONS_WITHOUT_SIDEEFFECTS  CONSTRUCTORS_WITHOUT_SIDE_EFFECTS  OBJECT_METHODS_WITHOUT_SIDEEFFECTS  REGEXP_METHODS  STRING_REGEXP_METHODS  defines  emptySet  knownConstants  NumbericResultPredicate  NUMBERIC_RESULT_PREDICATE  boolean  MayBeStringResultPredicate  MAY_BE_STRING_PREDICATE  Node  n  String  JSC_PROPERTY_NAME_FN  childValue  name  namespaceName  rawJsString  s  value  Map  vars  int  c  end  nextSkipSlot  nextSlot  start  type  	projects/Closure80/src/com/google/javascript/jscomp/NodeUtil.java	0.4082482904638631	1264	1264	2	replace	if(NodeUtil.isAssignmentOp(n)||  NodeUtil.isLhs(n))  {  return  true;  }	  if(NodeUtil.isAssignmentOp(n)||    NodeUtil.isFunctionAnonymous(n))    {    return    true;    }    	non-compiled	[CE]  	158	None	replace
1022	[BUG]  [BUGGY]  if(n.getType()!=  Token.FUNCTION  ||  n.getFirstChild()!=  null)  {  return  true;  }  [CE]  [FE]                          IllegalStateException      [CONTEXT]      case  Token.LE:  case  Token.GE:  case  Token.IN:  case  Token.INSTANCEOF:  case  Token.NOT:  return  true;  default:      [BUGGY]  if(n.getType()!=  Token.FUNCTION  ||  n.getFirstChild()!=  null)  {  return  true;  }  [BUGGY]      }  }  [CLASS]  NodeUtil  NumbericResultPredicate  BooleanResultPredicate  MayBeStringResultPredicate  VarCollector  MatchNameNode  MatchNodeType  MatchDeclaration  MatchNotFunction  MatchShallowStatement  [METHOD]  isBooleanResultHelper  [RETURN_TYPE]  boolean  Node  n  [VARIABLES]  BooleanResultPredicate  BOOLEAN_RESULT_PREDICATE  Set  BUILTIN_FUNCTIONS_WITHOUT_SIDEEFFECTS  CONSTRUCTORS_WITHOUT_SIDE_EFFECTS  OBJECT_METHODS_WITHOUT_SIDEEFFECTS  REGEXP_METHODS  STRING_REGEXP_METHODS  defines  emptySet  knownConstants  NumbericResultPredicate  NUMBERIC_RESULT_PREDICATE  boolean  MayBeStringResultPredicate  MAY_BE_STRING_PREDICATE  Node  n  String  JSC_PROPERTY_NAME_FN  childValue  name  namespaceName  rawJsString  s  value  Map  vars  int  c  end  nextSkipSlot  nextSlot  start  type  	projects/Closure80/src/com/google/javascript/jscomp/NodeUtil.java	0.4082482904638631	1264	1264	2	replace	if(n.getType()!=  Token.FUNCTION  ||  n.getFirstChild()!=  null)  {  return  true;  }	  if(n.getType()    ==    Token.FUNCTION    ||    n.getFirstChild()!=    null)    {    return    true;    }    	non-compiled	[CE]  	117	None	replace
1023	[BUG]  [BUGGY]  if(n.getType()  ==  Token.FUNCTION  ||  n.getFirstChild()  ==  null)  {  return  true;  }  [CE]  [FE]                            IllegalStateException      [CONTEXT]      case  Token.LE:  case  Token.GE:  case  Token.IN:  case  Token.INSTANCEOF:  case  Token.NOT:  return  true;  default:      [BUGGY]  if(n.getType()  ==  Token.FUNCTION  ||  n.getFirstChild()  ==  null)  {  return  true;  }  [BUGGY]      }  }  [CLASS]  NodeUtil  NumbericResultPredicate  BooleanResultPredicate  MayBeStringResultPredicate  VarCollector  MatchNameNode  MatchNodeType  MatchDeclaration  MatchNotFunction  MatchShallowStatement  [METHOD]  isBooleanResultHelper  [RETURN_TYPE]  boolean  Node  n  [VARIABLES]  BooleanResultPredicate  BOOLEAN_RESULT_PREDICATE  Set  BUILTIN_FUNCTIONS_WITHOUT_SIDEEFFECTS  CONSTRUCTORS_WITHOUT_SIDE_EFFECTS  OBJECT_METHODS_WITHOUT_SIDEEFFECTS  REGEXP_METHODS  STRING_REGEXP_METHODS  defines  emptySet  knownConstants  NumbericResultPredicate  NUMBERIC_RESULT_PREDICATE  boolean  MayBeStringResultPredicate  MAY_BE_STRING_PREDICATE  Node  n  String  JSC_PROPERTY_NAME_FN  childValue  name  namespaceName  rawJsString  s  value  Map  vars  int  c  end  nextSkipSlot  nextSlot  start  type  	projects/Closure80/src/com/google/javascript/jscomp/NodeUtil.java	0.4082482904638631	1264	1264	2	replace	if(n.getType()  ==  Token.FUNCTION  ||  n.getFirstChild()  ==  null)  {  return  true;  }	  if(n.getType()    ==    Token.FUNCTION    ||    n.getFirstChild()!=    null)    {    return    true;    }    	non-compiled	[CE]  	117	None	replace
1024	[BUG]  [BUGGY]  if(n.getType()!=  Token.NAME  ||  n.getType()!=  Token.GETPROP)return  true;  }  [CE]  [FE]                      IllegalStateException      [CONTEXT]      case  Token.LE:  case  Token.GE:  case  Token.IN:  case  Token.INSTANCEOF:  case  Token.NOT:  return  true;  default:      [BUGGY]  if(n.getType()!=  Token.NAME  ||  n.getType()!=  Token.GETPROP)return  true;  }  [BUGGY]      }  }  [CLASS]  NodeUtil  NumbericResultPredicate  BooleanResultPredicate  MayBeStringResultPredicate  VarCollector  MatchNameNode  MatchNodeType  MatchDeclaration  MatchNotFunction  MatchShallowStatement  [METHOD]  isBooleanResultHelper  [RETURN_TYPE]  boolean  Node  n  [VARIABLES]  BooleanResultPredicate  BOOLEAN_RESULT_PREDICATE  Set  BUILTIN_FUNCTIONS_WITHOUT_SIDEEFFECTS  CONSTRUCTORS_WITHOUT_SIDE_EFFECTS  OBJECT_METHODS_WITHOUT_SIDEEFFECTS  REGEXP_METHODS  STRING_REGEXP_METHODS  defines  emptySet  knownConstants  NumbericResultPredicate  NUMBERIC_RESULT_PREDICATE  boolean  MayBeStringResultPredicate  MAY_BE_STRING_PREDICATE  Node  n  String  JSC_PROPERTY_NAME_FN  childValue  name  namespaceName  rawJsString  s  value  Map  vars  int  c  end  nextSkipSlot  nextSlot  start  type  	projects/Closure80/src/com/google/javascript/jscomp/NodeUtil.java	0.4082482904638631	1264	1264	2	replace	if(n.getType()!=  Token.NAME  ||  n.getType()!=  Token.GETPROP)return  true;  }	  if(n.getType()    ==    Token.NAME    ||    n.getType()!=    Token.GETPROP)    {    return    true;    }    	non-compiled	[CE]  	127	None	replace
1025	[BUG]  [BUGGY]  return(n.getType()  ==  Token.NAME)&&  BooleanResultPredicate.FALSE  }  :  BooleanResultPredicate.BOOLEAN;  [CE]  [FE]                      IllegalStateException      [CONTEXT]      case  Token.LE:  case  Token.GE:  case  Token.IN:  case  Token.INSTANCEOF:  case  Token.NOT:  return  true;  default:      [BUGGY]  return(n.getType()  ==  Token.NAME)&&  BooleanResultPredicate.FALSE  }  :  BooleanResultPredicate.BOOLEAN;  [BUGGY]      }  }  [CLASS]  NodeUtil  NumbericResultPredicate  BooleanResultPredicate  MayBeStringResultPredicate  VarCollector  MatchNameNode  MatchNodeType  MatchDeclaration  MatchNotFunction  MatchShallowStatement  [METHOD]  isBooleanResultHelper  [RETURN_TYPE]  boolean  Node  n  [VARIABLES]  BooleanResultPredicate  BOOLEAN_RESULT_PREDICATE  Set  BUILTIN_FUNCTIONS_WITHOUT_SIDEEFFECTS  CONSTRUCTORS_WITHOUT_SIDE_EFFECTS  OBJECT_METHODS_WITHOUT_SIDEEFFECTS  REGEXP_METHODS  STRING_REGEXP_METHODS  defines  emptySet  knownConstants  NumbericResultPredicate  NUMBERIC_RESULT_PREDICATE  boolean  MayBeStringResultPredicate  MAY_BE_STRING_PREDICATE  Node  n  String  JSC_PROPERTY_NAME_FN  childValue  name  namespaceName  rawJsString  s  value  Map  vars  int  c  end  nextSkipSlot  nextSlot  start  type  	projects/Closure80/src/com/google/javascript/jscomp/NodeUtil.java	0.4082482904638631	1264	1264	2	replace	return(n.getType()  ==  Token.NAME)&&  BooleanResultPredicate.FALSE  }  :  BooleanResultPredicate.BOOLEAN;	  return(n.getType()    ==    Token.NAME)&&    BooleanResultPredicate.FALSE    :    BooleanResultPredicate.BOOLEAN;    	non-compiled	[CE]  	152	None	replace
1026	[BUG]  [BUGGY]  return(n.getType()  ==  Token.NAME)&&  BooleanResultPredicate.BOOLEAN;  [CE]  [FE]                        IllegalStateException      [CONTEXT]      case  Token.LE:  case  Token.GE:  case  Token.IN:  case  Token.INSTANCEOF:  case  Token.NOT:  return  true;  default:      [BUGGY]  return(n.getType()  ==  Token.NAME)&&  BooleanResultPredicate.BOOLEAN;  [BUGGY]      }  }  [CLASS]  NodeUtil  NumbericResultPredicate  BooleanResultPredicate  MayBeStringResultPredicate  VarCollector  MatchNameNode  MatchNodeType  MatchDeclaration  MatchNotFunction  MatchShallowStatement  [METHOD]  isBooleanResultHelper  [RETURN_TYPE]  boolean  Node  n  [VARIABLES]  BooleanResultPredicate  BOOLEAN_RESULT_PREDICATE  Set  BUILTIN_FUNCTIONS_WITHOUT_SIDEEFFECTS  CONSTRUCTORS_WITHOUT_SIDE_EFFECTS  OBJECT_METHODS_WITHOUT_SIDEEFFECTS  REGEXP_METHODS  STRING_REGEXP_METHODS  defines  emptySet  knownConstants  NumbericResultPredicate  NUMBERIC_RESULT_PREDICATE  boolean  MayBeStringResultPredicate  MAY_BE_STRING_PREDICATE  Node  n  String  JSC_PROPERTY_NAME_FN  childValue  name  namespaceName  rawJsString  s  value  Map  vars  int  c  end  nextSkipSlot  nextSlot  start  type  	projects/Closure80/src/com/google/javascript/jscomp/NodeUtil.java	0.4082482904638631	1264	1264	2	replace	return(n.getType()  ==  Token.NAME)&&  BooleanResultPredicate.BOOLEAN;	  return(n.getType()    ==    Token.NAME)&&    BooleanResultPredicate.FALSE    :    BooleanResultPredicate.BOOLEAN;    	non-compiled	[CE]  	152	None	replace
1027	[BUG]  [BUGGY]  Preconditions.checkArgument(NodeUtil.isFunctionAnonymous(n)||  NodeUtil.isFunctionBoolean(n))  {  return  false;  }  [CE]  [FE]                  IllegalStateException      [CONTEXT]      case  Token.LE:  case  Token.GE:  case  Token.IN:  case  Token.INSTANCEOF:  case  Token.NOT:  return  true;  default:      [BUGGY]  Preconditions.checkArgument(NodeUtil.isFunctionAnonymous(n)||  NodeUtil.isFunctionBoolean(n))  {  return  false;  }  [BUGGY]      }  }  [CLASS]  NodeUtil  NumbericResultPredicate  BooleanResultPredicate  MayBeStringResultPredicate  VarCollector  MatchNameNode  MatchNodeType  MatchDeclaration  MatchNotFunction  MatchShallowStatement  [METHOD]  isBooleanResultHelper  [RETURN_TYPE]  boolean  Node  n  [VARIABLES]  BooleanResultPredicate  BOOLEAN_RESULT_PREDICATE  Set  BUILTIN_FUNCTIONS_WITHOUT_SIDEEFFECTS  CONSTRUCTORS_WITHOUT_SIDE_EFFECTS  OBJECT_METHODS_WITHOUT_SIDEEFFECTS  REGEXP_METHODS  STRING_REGEXP_METHODS  defines  emptySet  knownConstants  NumbericResultPredicate  NUMBERIC_RESULT_PREDICATE  boolean  MayBeStringResultPredicate  MAY_BE_STRING_PREDICATE  Node  n  String  JSC_PROPERTY_NAME_FN  childValue  name  namespaceName  rawJsString  s  value  Map  vars  int  c  end  nextSkipSlot  nextSlot  start  type  	projects/Closure80/src/com/google/javascript/jscomp/NodeUtil.java	0.4082482904638631	1264	1264	2	replace	Preconditions.checkArgument(NodeUtil.isFunctionAnonymous(n)||  NodeUtil.isFunctionBoolean(n))  {  return  false;  }	  Preconditions.checkState(NodeUtil.isFunctionAnonymous(n)||    NodeUtil.isFunctionBoolean(n))    {    return    false;    }    	non-compiled	[CE]  	88	None	replace
1028	[BUG]  [BUGGY]  if(n.getType()  ==  Token.GETPROP  &&!NodeUtil.isFunctionDeclaration(n))  {  return  true;  }  [CE]  [FE]                      IllegalStateException      [CONTEXT]      case  Token.LE:  case  Token.GE:  case  Token.IN:  case  Token.INSTANCEOF:  case  Token.NOT:  return  true;  default:      [BUGGY]  if(n.getType()  ==  Token.GETPROP  &&!NodeUtil.isFunctionDeclaration(n))  {  return  true;  }  [BUGGY]      }  }  [CLASS]  NodeUtil  NumbericResultPredicate  BooleanResultPredicate  MayBeStringResultPredicate  VarCollector  MatchNameNode  MatchNodeType  MatchDeclaration  MatchNotFunction  MatchShallowStatement  [METHOD]  isBooleanResultHelper  [RETURN_TYPE]  boolean  Node  n  [VARIABLES]  BooleanResultPredicate  BOOLEAN_RESULT_PREDICATE  Set  BUILTIN_FUNCTIONS_WITHOUT_SIDEEFFECTS  CONSTRUCTORS_WITHOUT_SIDE_EFFECTS  OBJECT_METHODS_WITHOUT_SIDEEFFECTS  REGEXP_METHODS  STRING_REGEXP_METHODS  defines  emptySet  knownConstants  NumbericResultPredicate  NUMBERIC_RESULT_PREDICATE  boolean  MayBeStringResultPredicate  MAY_BE_STRING_PREDICATE  Node  n  String  JSC_PROPERTY_NAME_FN  childValue  name  namespaceName  rawJsString  s  value  Map  vars  int  c  end  nextSkipSlot  nextSlot  start  type  	projects/Closure80/src/com/google/javascript/jscomp/NodeUtil.java	0.4082482904638631	1264	1264	2	replace	if(n.getType()  ==  Token.GETPROP  &&!NodeUtil.isFunctionDeclaration(n))  {  return  true;  }	  if(n.getType()    ==    Token.GETPROP    &&!NodeUtil.isFunctionDeclaration(n))    {    return    false;    }    	non-compiled	[CE]  	60	None	replace
1029	[BUG]  [BUGGY]  if(n.getType()  ==  Token.GETPROP  &&!NodeUtil.isFunctionProperty(n))  {  return  false;  }  [CE]  [FE]                        IllegalStateException      [CONTEXT]      case  Token.LE:  case  Token.GE:  case  Token.IN:  case  Token.INSTANCEOF:  case  Token.NOT:  return  true;  default:      [BUGGY]  if(n.getType()  ==  Token.GETPROP  &&!NodeUtil.isFunctionProperty(n))  {  return  false;  }  [BUGGY]      }  }  [CLASS]  NodeUtil  NumbericResultPredicate  BooleanResultPredicate  MayBeStringResultPredicate  VarCollector  MatchNameNode  MatchNodeType  MatchDeclaration  MatchNotFunction  MatchShallowStatement  [METHOD]  isBooleanResultHelper  [RETURN_TYPE]  boolean  Node  n  [VARIABLES]  BooleanResultPredicate  BOOLEAN_RESULT_PREDICATE  Set  BUILTIN_FUNCTIONS_WITHOUT_SIDEEFFECTS  CONSTRUCTORS_WITHOUT_SIDE_EFFECTS  OBJECT_METHODS_WITHOUT_SIDEEFFECTS  REGEXP_METHODS  STRING_REGEXP_METHODS  defines  emptySet  knownConstants  NumbericResultPredicate  NUMBERIC_RESULT_PREDICATE  boolean  MayBeStringResultPredicate  MAY_BE_STRING_PREDICATE  Node  n  String  JSC_PROPERTY_NAME_FN  childValue  name  namespaceName  rawJsString  s  value  Map  vars  int  c  end  nextSkipSlot  nextSlot  start  type  	projects/Closure80/src/com/google/javascript/jscomp/NodeUtil.java	0.4082482904638631	1264	1264	2	replace	if(n.getType()  ==  Token.GETPROP  &&!NodeUtil.isFunctionProperty(n))  {  return  false;  }	  if(n.getType()    ==    Token.GETPROP    &&!NodeUtil.isFunctionDeclaration(n))    {    return    false;    }    	non-compiled	[CE]  	60	None	replace
1030	[BUG]  [BUGGY]  return(n.getType()  ==  Token.NAME)?  BooleanResultPredicate.UNKNOWN  :  BooleanResultPredicate.UNKNOWN  *  1;  [CE]  [FE]                      IllegalStateException      [CONTEXT]      case  Token.LE:  case  Token.GE:  case  Token.IN:  case  Token.INSTANCEOF:  case  Token.NOT:  return  true;  default:      [BUGGY]  return(n.getType()  ==  Token.NAME)?  BooleanResultPredicate.UNKNOWN  :  BooleanResultPredicate.UNKNOWN  *  1;  [BUGGY]      }  }  [CLASS]  NodeUtil  NumbericResultPredicate  BooleanResultPredicate  MayBeStringResultPredicate  VarCollector  MatchNameNode  MatchNodeType  MatchDeclaration  MatchNotFunction  MatchShallowStatement  [METHOD]  isBooleanResultHelper  [RETURN_TYPE]  boolean  Node  n  [VARIABLES]  BooleanResultPredicate  BOOLEAN_RESULT_PREDICATE  Set  BUILTIN_FUNCTIONS_WITHOUT_SIDEEFFECTS  CONSTRUCTORS_WITHOUT_SIDE_EFFECTS  OBJECT_METHODS_WITHOUT_SIDEEFFECTS  REGEXP_METHODS  STRING_REGEXP_METHODS  defines  emptySet  knownConstants  NumbericResultPredicate  NUMBERIC_RESULT_PREDICATE  boolean  MayBeStringResultPredicate  MAY_BE_STRING_PREDICATE  Node  n  String  JSC_PROPERTY_NAME_FN  childValue  name  namespaceName  rawJsString  s  value  Map  vars  int  c  end  nextSkipSlot  nextSlot  start  type  	projects/Closure80/src/com/google/javascript/jscomp/NodeUtil.java	0.4082482904638631	1264	1264	2	replace	return(n.getType()  ==  Token.NAME)?  BooleanResultPredicate.UNKNOWN  :  BooleanResultPredicate.UNKNOWN  *  1;	  return(n.getType()    ==    Token.NAME)?    BooleanResultPredicate.UNKNOWN    :    BooleanResultPredicate.UNKNOWN    +    1;    	non-compiled	[CE]  	40	None	replace
1031	[BUG]  [BUGGY]  Preconditions.checkState(n.getType()  ==  Token.VAR);  [CE]  [FE]                              IllegalStateException      [CONTEXT]      case  Token.LE:  case  Token.GE:  case  Token.IN:  case  Token.INSTANCEOF:  case  Token.NOT:  return  true;  default:      [BUGGY]  Preconditions.checkState(n.getType()  ==  Token.VAR);  [BUGGY]      }  }  [CLASS]  NodeUtil  NumbericResultPredicate  BooleanResultPredicate  MayBeStringResultPredicate  VarCollector  MatchNameNode  MatchNodeType  MatchDeclaration  MatchNotFunction  MatchShallowStatement  [METHOD]  isBooleanResultHelper  [RETURN_TYPE]  boolean  Node  n  [VARIABLES]  BooleanResultPredicate  BOOLEAN_RESULT_PREDICATE  Set  BUILTIN_FUNCTIONS_WITHOUT_SIDEEFFECTS  CONSTRUCTORS_WITHOUT_SIDE_EFFECTS  OBJECT_METHODS_WITHOUT_SIDEEFFECTS  REGEXP_METHODS  STRING_REGEXP_METHODS  defines  emptySet  knownConstants  NumbericResultPredicate  NUMBERIC_RESULT_PREDICATE  boolean  MayBeStringResultPredicate  MAY_BE_STRING_PREDICATE  Node  n  String  JSC_PROPERTY_NAME_FN  childValue  name  namespaceName  rawJsString  s  value  Map  vars  int  c  end  nextSkipSlot  nextSlot  start  type  	projects/Closure80/src/com/google/javascript/jscomp/NodeUtil.java	0.4082482904638631	1264	1264	2	replace	Preconditions.checkState(n.getType()  ==  Token.VAR);	  Preconditions.checkState(n.getType()    ==    Token.FUNCTION);    	non-compiled	[CE]  	97	None	replace
1032	[BUG]  [BUGGY]  NodeUtil.mayEffectMutableStatements(n)&&  NodeUtil.isFunctionAnonymous(n))  {  return  false;  }  [CE]  [FE]                    IllegalStateException      [CONTEXT]      case  Token.LE:  case  Token.GE:  case  Token.IN:  case  Token.INSTANCEOF:  case  Token.NOT:  return  true;  default:      [BUGGY]  NodeUtil.mayEffectMutableStatements(n)&&  NodeUtil.isFunctionAnonymous(n))  {  return  false;  }  [BUGGY]      }  }  [CLASS]  NodeUtil  NumbericResultPredicate  BooleanResultPredicate  MayBeStringResultPredicate  VarCollector  MatchNameNode  MatchNodeType  MatchDeclaration  MatchNotFunction  MatchShallowStatement  [METHOD]  isBooleanResultHelper  [RETURN_TYPE]  boolean  Node  n  [VARIABLES]  BooleanResultPredicate  BOOLEAN_RESULT_PREDICATE  Set  BUILTIN_FUNCTIONS_WITHOUT_SIDEEFFECTS  CONSTRUCTORS_WITHOUT_SIDE_EFFECTS  OBJECT_METHODS_WITHOUT_SIDEEFFECTS  REGEXP_METHODS  STRING_REGEXP_METHODS  defines  emptySet  knownConstants  NumbericResultPredicate  NUMBERIC_RESULT_PREDICATE  boolean  MayBeStringResultPredicate  MAY_BE_STRING_PREDICATE  Node  n  String  JSC_PROPERTY_NAME_FN  childValue  name  namespaceName  rawJsString  s  value  Map  vars  int  c  end  nextSkipSlot  nextSlot  start  type  	projects/Closure80/src/com/google/javascript/jscomp/NodeUtil.java	0.4082482904638631	1264	1264	2	replace	NodeUtil.mayEffectMutableStatements(n)&&  NodeUtil.isFunctionAnonymous(n))  {  return  false;  }	  NodeUtil.mayHaveSideEffects(n)&&    NodeUtil.isFunctionAnonymous(n))    {    return    false;    }    	non-compiled	[CE]  	86	None	replace
1033	[BUG]  [BUGGY]  Preconditions.checkState(NodeUtil.isBoolean(n));  [CE]  [FE]                IllegalStateException      [CONTEXT]      case  Token.LE:  case  Token.GE:  case  Token.IN:  case  Token.INSTANCEOF:  case  Token.NOT:  return  true;  default:      [BUGGY]  Preconditions.checkState(NodeUtil.isBoolean(n));  [BUGGY]      }  }  [CLASS]  NodeUtil  NumbericResultPredicate  BooleanResultPredicate  MayBeStringResultPredicate  VarCollector  MatchNameNode  MatchNodeType  MatchDeclaration  MatchNotFunction  MatchShallowStatement  [METHOD]  isBooleanResultHelper  [RETURN_TYPE]  boolean  Node  n  [VARIABLES]  BooleanResultPredicate  BOOLEAN_RESULT_PREDICATE  Set  BUILTIN_FUNCTIONS_WITHOUT_SIDEEFFECTS  CONSTRUCTORS_WITHOUT_SIDE_EFFECTS  OBJECT_METHODS_WITHOUT_SIDEEFFECTS  REGEXP_METHODS  STRING_REGEXP_METHODS  defines  emptySet  knownConstants  NumbericResultPredicate  NUMBERIC_RESULT_PREDICATE  boolean  MayBeStringResultPredicate  MAY_BE_STRING_PREDICATE  Node  n  String  JSC_PROPERTY_NAME_FN  childValue  name  namespaceName  rawJsString  s  value  Map  vars  int  c  end  nextSkipSlot  nextSlot  start  type  	projects/Closure80/src/com/google/javascript/jscomp/NodeUtil.java	0.4082482904638631	1264	1264	2	replace	Preconditions.checkState(NodeUtil.isBoolean(n));	  Preconditions.checkState(NodeUtil.isFunctionDeclaration(n));    	non-compiled	[CE]  	105	None	replace
1034	[BUG]  [BUGGY]  return(n.getType()  ==  Token.NAME)?  BooleanResultPredicate.FALSE  :  BooleanResultPredicate.BOTTOM;  [CE]  [FE]                            IllegalStateException      [CONTEXT]      case  Token.LE:  case  Token.GE:  case  Token.IN:  case  Token.INSTANCEOF:  case  Token.NOT:  return  true;  default:      [BUGGY]  return(n.getType()  ==  Token.NAME)?  BooleanResultPredicate.FALSE  :  BooleanResultPredicate.BOTTOM;  [BUGGY]      }  }  [CLASS]  NodeUtil  NumbericResultPredicate  BooleanResultPredicate  MayBeStringResultPredicate  VarCollector  MatchNameNode  MatchNodeType  MatchDeclaration  MatchNotFunction  MatchShallowStatement  [METHOD]  isBooleanResultHelper  [RETURN_TYPE]  boolean  Node  n  [VARIABLES]  BooleanResultPredicate  BOOLEAN_RESULT_PREDICATE  Set  BUILTIN_FUNCTIONS_WITHOUT_SIDEEFFECTS  CONSTRUCTORS_WITHOUT_SIDE_EFFECTS  OBJECT_METHODS_WITHOUT_SIDEEFFECTS  REGEXP_METHODS  STRING_REGEXP_METHODS  defines  emptySet  knownConstants  NumbericResultPredicate  NUMBERIC_RESULT_PREDICATE  boolean  MayBeStringResultPredicate  MAY_BE_STRING_PREDICATE  Node  n  String  JSC_PROPERTY_NAME_FN  childValue  name  namespaceName  rawJsString  s  value  Map  vars  int  c  end  nextSkipSlot  nextSlot  start  type  	projects/Closure80/src/com/google/javascript/jscomp/NodeUtil.java	0.4082482904638631	1264	1264	2	replace	return(n.getType()  ==  Token.NAME)?  BooleanResultPredicate.FALSE  :  BooleanResultPredicate.BOTTOM;	  return(n.getType()    ==    Token.NAME)?    BooleanResultPredicate.FALSE    :    BooleanResultPredicate.TOP;    	non-compiled	[CE]  	58	None	replace
1035	[BUG]  [BUGGY]  if(n.getType()!=  Token.NAME  ||  n.getType()!=  Token.GETPROP)return  false;  }  [CE]  [FE]                    IllegalStateException      [CONTEXT]      case  Token.LE:  case  Token.GE:  case  Token.IN:  case  Token.INSTANCEOF:  case  Token.NOT:  return  true;  default:      [BUGGY]  if(n.getType()!=  Token.NAME  ||  n.getType()!=  Token.GETPROP)return  false;  }  [BUGGY]      }  }  [CLASS]  NodeUtil  NumbericResultPredicate  BooleanResultPredicate  MayBeStringResultPredicate  VarCollector  MatchNameNode  MatchNodeType  MatchDeclaration  MatchNotFunction  MatchShallowStatement  [METHOD]  isBooleanResultHelper  [RETURN_TYPE]  boolean  Node  n  [VARIABLES]  BooleanResultPredicate  BOOLEAN_RESULT_PREDICATE  Set  BUILTIN_FUNCTIONS_WITHOUT_SIDEEFFECTS  CONSTRUCTORS_WITHOUT_SIDE_EFFECTS  OBJECT_METHODS_WITHOUT_SIDEEFFECTS  REGEXP_METHODS  STRING_REGEXP_METHODS  defines  emptySet  knownConstants  NumbericResultPredicate  NUMBERIC_RESULT_PREDICATE  boolean  MayBeStringResultPredicate  MAY_BE_STRING_PREDICATE  Node  n  String  JSC_PROPERTY_NAME_FN  childValue  name  namespaceName  rawJsString  s  value  Map  vars  int  c  end  nextSkipSlot  nextSlot  start  type  	projects/Closure80/src/com/google/javascript/jscomp/NodeUtil.java	0.4082482904638631	1264	1264	2	replace	if(n.getType()!=  Token.NAME  ||  n.getType()!=  Token.GETPROP)return  false;  }	  if(n.getType()    ==    Token.NAME    ||    n.getType()!=    Token.GETPROP)    {    return    false;    }    	non-compiled	[CE]  	123	None	replace
1036	[BUG]  [BUGGY]  Node  c  =  n.getFirstChild();  [CE]  [FE]                              IllegalStateException      [CONTEXT]      case  Token.LE:  case  Token.GE:  case  Token.IN:  case  Token.INSTANCEOF:  case  Token.NOT:  return  true;  default:      [BUGGY]  Node  c  =  n.getFirstChild();  [BUGGY]      }  }  [CLASS]  NodeUtil  NumbericResultPredicate  BooleanResultPredicate  MayBeStringResultPredicate  VarCollector  MatchNameNode  MatchNodeType  MatchDeclaration  MatchNotFunction  MatchShallowStatement  [METHOD]  isBooleanResultHelper  [RETURN_TYPE]  boolean  Node  n  [VARIABLES]  BooleanResultPredicate  BOOLEAN_RESULT_PREDICATE  Set  BUILTIN_FUNCTIONS_WITHOUT_SIDEEFFECTS  CONSTRUCTORS_WITHOUT_SIDE_EFFECTS  OBJECT_METHODS_WITHOUT_SIDEEFFECTS  REGEXP_METHODS  STRING_REGEXP_METHODS  defines  emptySet  knownConstants  NumbericResultPredicate  NUMBERIC_RESULT_PREDICATE  boolean  MayBeStringResultPredicate  MAY_BE_STRING_PREDICATE  Node  n  String  JSC_PROPERTY_NAME_FN  childValue  name  namespaceName  rawJsString  s  value  Map  vars  int  c  end  nextSkipSlot  nextSlot  start  type  	projects/Closure80/src/com/google/javascript/jscomp/NodeUtil.java	0.4082482904638631	1264	1264	2	replace	Node  c  =  n.getFirstChild();	  for(Node    c    =    n.getFirstChild();    c!=    null;    c    =    c.getNext())    {    Node    n    =    c.getNext();    if(n.getType()    ==    Token.STRING)    {    return    false;    }    	non-compiled	[CE]  	146	None	replace
1037	[BUG]  [BUGGY]  Neighbor  c  =  n.getFirstChild();  c!=  null;  c  =  c.getNext())  {  Node  n  =  c.getNext();  if(n.getType()  ==  Token.STRING)  {  return  false;  }  [CE]  [FE]                                IllegalStateException      [CONTEXT]      case  Token.LE:  case  Token.GE:  case  Token.IN:  case  Token.INSTANCEOF:  case  Token.NOT:  return  true;  default:      [BUGGY]  Neighbor  c  =  n.getFirstChild();  c!=  null;  c  =  c.getNext())  {  Node  n  =  c.getNext();  if(n.getType()  ==  Token.STRING)  {  return  false;  }  [BUGGY]      }  }  [CLASS]  NodeUtil  NumbericResultPredicate  BooleanResultPredicate  MayBeStringResultPredicate  VarCollector  MatchNameNode  MatchNodeType  MatchDeclaration  MatchNotFunction  MatchShallowStatement  [METHOD]  isBooleanResultHelper  [RETURN_TYPE]  boolean  Node  n  [VARIABLES]  BooleanResultPredicate  BOOLEAN_RESULT_PREDICATE  Set  BUILTIN_FUNCTIONS_WITHOUT_SIDEEFFECTS  CONSTRUCTORS_WITHOUT_SIDE_EFFECTS  OBJECT_METHODS_WITHOUT_SIDEEFFECTS  REGEXP_METHODS  STRING_REGEXP_METHODS  defines  emptySet  knownConstants  NumbericResultPredicate  NUMBERIC_RESULT_PREDICATE  boolean  MayBeStringResultPredicate  MAY_BE_STRING_PREDICATE  Node  n  String  JSC_PROPERTY_NAME_FN  childValue  name  namespaceName  rawJsString  s  value  Map  vars  int  c  end  nextSkipSlot  nextSlot  start  type  	projects/Closure80/src/com/google/javascript/jscomp/NodeUtil.java	0.4082482904638631	1264	1264	2	replace	Neighbor  c  =  n.getFirstChild();  c!=  null;  c  =  c.getNext())  {  Node  n  =  c.getNext();  if(n.getType()  ==  Token.STRING)  {  return  false;  }	  for(Node    c    =    n.getFirstChild();    c!=    null;    c    =    c.getNext())    {    Node    n    =    c.getNext();    if(n.getType()    ==    Token.STRING)    {    return    false;    }    	non-compiled	[CE]  	146	None	replace
1038	[BUG]  [BUGGY]  for(Node  c  =  n.getFirstChild();  c!=  null;  c  =  c.getNext())  {  Node  n  =  c.getNext();  if(n.getType()  ==  Token.STRING)  {  return  false  [CE]  [FE]                                  IllegalStateException      [CONTEXT]      case  Token.LE:  case  Token.GE:  case  Token.IN:  case  Token.INSTANCEOF:  case  Token.NOT:  return  true;  default:      [BUGGY]  for(Node  c  =  n.getFirstChild();  c!=  null;  c  =  c.getNext())  {  Node  n  =  c.getNext();  if(n.getType()  ==  Token.STRING)  {  return  false  [BUGGY]      }  }  [CLASS]  NodeUtil  NumbericResultPredicate  BooleanResultPredicate  MayBeStringResultPredicate  VarCollector  MatchNameNode  MatchNodeType  MatchDeclaration  MatchNotFunction  MatchShallowStatement  [METHOD]  isBooleanResultHelper  [RETURN_TYPE]  boolean  Node  n  [VARIABLES]  BooleanResultPredicate  BOOLEAN_RESULT_PREDICATE  Set  BUILTIN_FUNCTIONS_WITHOUT_SIDEEFFECTS  CONSTRUCTORS_WITHOUT_SIDE_EFFECTS  OBJECT_METHODS_WITHOUT_SIDEEFFECTS  REGEXP_METHODS  STRING_REGEXP_METHODS  defines  emptySet  knownConstants  NumbericResultPredicate  NUMBERIC_RESULT_PREDICATE  boolean  MayBeStringResultPredicate  MAY_BE_STRING_PREDICATE  Node  n  String  JSC_PROPERTY_NAME_FN  childValue  name  namespaceName  rawJsString  s  value  Map  vars  int  c  end  nextSkipSlot  nextSlot  start  type  	projects/Closure80/src/com/google/javascript/jscomp/NodeUtil.java	0.4082482904638631	1264	1264	2	replace	for(Node  c  =  n.getFirstChild();  c!=  null;  c  =  c.getNext())  {  Node  n  =  c.getNext();  if(n.getType()  ==  Token.STRING)  {  return  false	  for(Node    c    =    n.getFirstChild();    c!=    null;    c    =    c.getNext())    {    Node    n    =    c.getNext();    if(n.getType()    ==    Token.STRING)    {    return    false;    }    	non-compiled	[CE]  	146	None	replace
1039	[BUG]  [BUGGY]  return(n.getType()!=  Token.VAR)?  BooleanResultPredicate.FALSE  :  BooleanResultPredicate.TRUE;  [CE]  [FE]                      IllegalStateException      [CONTEXT]      case  Token.LE:  case  Token.GE:  case  Token.IN:  case  Token.INSTANCEOF:  case  Token.NOT:  return  true;  default:      [BUGGY]  return(n.getType()!=  Token.VAR)?  BooleanResultPredicate.FALSE  :  BooleanResultPredicate.TRUE;  [BUGGY]      }  }  [CLASS]  NodeUtil  NumbericResultPredicate  BooleanResultPredicate  MayBeStringResultPredicate  VarCollector  MatchNameNode  MatchNodeType  MatchDeclaration  MatchNotFunction  MatchShallowStatement  [METHOD]  isBooleanResultHelper  [RETURN_TYPE]  boolean  Node  n  [VARIABLES]  BooleanResultPredicate  BOOLEAN_RESULT_PREDICATE  Set  BUILTIN_FUNCTIONS_WITHOUT_SIDEEFFECTS  CONSTRUCTORS_WITHOUT_SIDE_EFFECTS  OBJECT_METHODS_WITHOUT_SIDEEFFECTS  REGEXP_METHODS  STRING_REGEXP_METHODS  defines  emptySet  knownConstants  NumbericResultPredicate  NUMBERIC_RESULT_PREDICATE  boolean  MayBeStringResultPredicate  MAY_BE_STRING_PREDICATE  Node  n  String  JSC_PROPERTY_NAME_FN  childValue  name  namespaceName  rawJsString  s  value  Map  vars  int  c  end  nextSkipSlot  nextSlot  start  type  	projects/Closure80/src/com/google/javascript/jscomp/NodeUtil.java	0.4082482904638631	1264	1264	2	replace	return(n.getType()!=  Token.VAR)?  BooleanResultPredicate.FALSE  :  BooleanResultPredicate.TRUE;	  return(n.getType()    ==    Token.VAR)?    BooleanResultPredicate.FALSE    :    BooleanResultPredicate.TRUE;    	non-compiled	[CE]  	142	None	replace
1040	[BUG]  [BUGGY]  if(NodeUtil.isFunctionAnonymous(n)||  NodeUtil.isStatementBoolean(n))  {  return  true;  }  [CE]  [FE]                  IllegalStateException      [CONTEXT]      case  Token.LE:  case  Token.GE:  case  Token.IN:  case  Token.INSTANCEOF:  case  Token.NOT:  return  true;  default:      [BUGGY]  if(NodeUtil.isFunctionAnonymous(n)||  NodeUtil.isStatementBoolean(n))  {  return  true;  }  [BUGGY]      }  }  [CLASS]  NodeUtil  NumbericResultPredicate  BooleanResultPredicate  MayBeStringResultPredicate  VarCollector  MatchNameNode  MatchNodeType  MatchDeclaration  MatchNotFunction  MatchShallowStatement  [METHOD]  isBooleanResultHelper  [RETURN_TYPE]  boolean  Node  n  [VARIABLES]  BooleanResultPredicate  BOOLEAN_RESULT_PREDICATE  Set  BUILTIN_FUNCTIONS_WITHOUT_SIDEEFFECTS  CONSTRUCTORS_WITHOUT_SIDE_EFFECTS  OBJECT_METHODS_WITHOUT_SIDEEFFECTS  REGEXP_METHODS  STRING_REGEXP_METHODS  defines  emptySet  knownConstants  NumbericResultPredicate  NUMBERIC_RESULT_PREDICATE  boolean  MayBeStringResultPredicate  MAY_BE_STRING_PREDICATE  Node  n  String  JSC_PROPERTY_NAME_FN  childValue  name  namespaceName  rawJsString  s  value  Map  vars  int  c  end  nextSkipSlot  nextSlot  start  type  	projects/Closure80/src/com/google/javascript/jscomp/NodeUtil.java	0.4082482904638631	1264	1264	2	replace	if(NodeUtil.isFunctionAnonymous(n)||  NodeUtil.isStatementBoolean(n))  {  return  true;  }	  if(NodeUtil.isFunctionAnonymous(n)||    NodeUtil.isStatementBoolean(n))    {    return    false;    }    	non-compiled	[CE]  	156	None	replace
1041	[BUG]  [BUGGY]  if(NodeUtil.isStatementBoolean(n)||  NodeUtil.isStatementBoolean(n))  {  return  false;  }  [CE]  [FE]                    IllegalStateException      [CONTEXT]      case  Token.LE:  case  Token.GE:  case  Token.IN:  case  Token.INSTANCEOF:  case  Token.NOT:  return  true;  default:      [BUGGY]  if(NodeUtil.isStatementBoolean(n)||  NodeUtil.isStatementBoolean(n))  {  return  false;  }  [BUGGY]      }  }  [CLASS]  NodeUtil  NumbericResultPredicate  BooleanResultPredicate  MayBeStringResultPredicate  VarCollector  MatchNameNode  MatchNodeType  MatchDeclaration  MatchNotFunction  MatchShallowStatement  [METHOD]  isBooleanResultHelper  [RETURN_TYPE]  boolean  Node  n  [VARIABLES]  BooleanResultPredicate  BOOLEAN_RESULT_PREDICATE  Set  BUILTIN_FUNCTIONS_WITHOUT_SIDEEFFECTS  CONSTRUCTORS_WITHOUT_SIDE_EFFECTS  OBJECT_METHODS_WITHOUT_SIDEEFFECTS  REGEXP_METHODS  STRING_REGEXP_METHODS  defines  emptySet  knownConstants  NumbericResultPredicate  NUMBERIC_RESULT_PREDICATE  boolean  MayBeStringResultPredicate  MAY_BE_STRING_PREDICATE  Node  n  String  JSC_PROPERTY_NAME_FN  childValue  name  namespaceName  rawJsString  s  value  Map  vars  int  c  end  nextSkipSlot  nextSlot  start  type  	projects/Closure80/src/com/google/javascript/jscomp/NodeUtil.java	0.4082482904638631	1264	1264	2	replace	if(NodeUtil.isStatementBoolean(n)||  NodeUtil.isStatementBoolean(n))  {  return  false;  }	  if(NodeUtil.isFunctionAnonymous(n)||    NodeUtil.isStatementBoolean(n))    {    return    false;    }    	non-compiled	[CE]  	156	None	replace
1042	[BUG]  [BUGGY]  Context.checkState(NodeUtil.isVarDeclaration(n)||  NodeUtil.isFunctionAnonymous(n))  {  return  true;  }  [CE]  [FE]              IllegalStateException      [CONTEXT]      case  Token.LE:  case  Token.GE:  case  Token.IN:  case  Token.INSTANCEOF:  case  Token.NOT:  return  true;  default:      [BUGGY]  Context.checkState(NodeUtil.isVarDeclaration(n)||  NodeUtil.isFunctionAnonymous(n))  {  return  true;  }  [BUGGY]      }  }  [CLASS]  NodeUtil  NumbericResultPredicate  BooleanResultPredicate  MayBeStringResultPredicate  VarCollector  MatchNameNode  MatchNodeType  MatchDeclaration  MatchNotFunction  MatchShallowStatement  [METHOD]  isBooleanResultHelper  [RETURN_TYPE]  boolean  Node  n  [VARIABLES]  BooleanResultPredicate  BOOLEAN_RESULT_PREDICATE  Set  BUILTIN_FUNCTIONS_WITHOUT_SIDEEFFECTS  CONSTRUCTORS_WITHOUT_SIDE_EFFECTS  OBJECT_METHODS_WITHOUT_SIDEEFFECTS  REGEXP_METHODS  STRING_REGEXP_METHODS  defines  emptySet  knownConstants  NumbericResultPredicate  NUMBERIC_RESULT_PREDICATE  boolean  MayBeStringResultPredicate  MAY_BE_STRING_PREDICATE  Node  n  String  JSC_PROPERTY_NAME_FN  childValue  name  namespaceName  rawJsString  s  value  Map  vars  int  c  end  nextSkipSlot  nextSlot  start  type  	projects/Closure80/src/com/google/javascript/jscomp/NodeUtil.java	0.4082482904638631	1264	1264	2	replace	Context.checkState(NodeUtil.isVarDeclaration(n)||  NodeUtil.isFunctionAnonymous(n))  {  return  true;  }	  Context.checkState(NodeUtil.isFunctionAnonymous(n)||    NodeUtil.isFunctionAnonymous(n))    {    return    true;    }    	non-compiled	[CE]  	32	None	replace
1043	[BUG]  [BUGGY]  Context.checkState(NodeUtil.isFunctionAnonymous(n)||  NodeUtil.isVar(n))  {  return  true;  }  [CE]  [FE]                IllegalStateException      [CONTEXT]      case  Token.LE:  case  Token.GE:  case  Token.IN:  case  Token.INSTANCEOF:  case  Token.NOT:  return  true;  default:      [BUGGY]  Context.checkState(NodeUtil.isFunctionAnonymous(n)||  NodeUtil.isVar(n))  {  return  true;  }  [BUGGY]      }  }  [CLASS]  NodeUtil  NumbericResultPredicate  BooleanResultPredicate  MayBeStringResultPredicate  VarCollector  MatchNameNode  MatchNodeType  MatchDeclaration  MatchNotFunction  MatchShallowStatement  [METHOD]  isBooleanResultHelper  [RETURN_TYPE]  boolean  Node  n  [VARIABLES]  BooleanResultPredicate  BOOLEAN_RESULT_PREDICATE  Set  BUILTIN_FUNCTIONS_WITHOUT_SIDEEFFECTS  CONSTRUCTORS_WITHOUT_SIDE_EFFECTS  OBJECT_METHODS_WITHOUT_SIDEEFFECTS  REGEXP_METHODS  STRING_REGEXP_METHODS  defines  emptySet  knownConstants  NumbericResultPredicate  NUMBERIC_RESULT_PREDICATE  boolean  MayBeStringResultPredicate  MAY_BE_STRING_PREDICATE  Node  n  String  JSC_PROPERTY_NAME_FN  childValue  name  namespaceName  rawJsString  s  value  Map  vars  int  c  end  nextSkipSlot  nextSlot  start  type  	projects/Closure80/src/com/google/javascript/jscomp/NodeUtil.java	0.4082482904638631	1264	1264	2	replace	Context.checkState(NodeUtil.isFunctionAnonymous(n)||  NodeUtil.isVar(n))  {  return  true;  }	  Context.checkState(NodeUtil.isFunctionAnonymous(n)||    NodeUtil.isFunctionAnonymous(n))    {    return    true;    }    	non-compiled	[CE]  	32	None	replace
1044	[BUG]  [BUGGY]  return(n.getType()  ==  Token.FUNCTION  ||  n.getType()  ==  Token.FUNCTION)?  BooleanResultPredicate.FALSE  :  BooleanResultPredicate.UNKNOWN;  [CE]  [FE]                IllegalStateException      [CONTEXT]      case  Token.LE:  case  Token.GE:  case  Token.IN:  case  Token.INSTANCEOF:  case  Token.NOT:  return  true;  default:      [BUGGY]  return(n.getType()  ==  Token.FUNCTION  ||  n.getType()  ==  Token.FUNCTION)?  BooleanResultPredicate.FALSE  :  BooleanResultPredicate.UNKNOWN;  [BUGGY]      }  }  [CLASS]  NodeUtil  NumbericResultPredicate  BooleanResultPredicate  MayBeStringResultPredicate  VarCollector  MatchNameNode  MatchNodeType  MatchDeclaration  MatchNotFunction  MatchShallowStatement  [METHOD]  isBooleanResultHelper  [RETURN_TYPE]  boolean  Node  n  [VARIABLES]  BooleanResultPredicate  BOOLEAN_RESULT_PREDICATE  Set  BUILTIN_FUNCTIONS_WITHOUT_SIDEEFFECTS  CONSTRUCTORS_WITHOUT_SIDE_EFFECTS  OBJECT_METHODS_WITHOUT_SIDEEFFECTS  REGEXP_METHODS  STRING_REGEXP_METHODS  defines  emptySet  knownConstants  NumbericResultPredicate  NUMBERIC_RESULT_PREDICATE  boolean  MayBeStringResultPredicate  MAY_BE_STRING_PREDICATE  Node  n  String  JSC_PROPERTY_NAME_FN  childValue  name  namespaceName  rawJsString  s  value  Map  vars  int  c  end  nextSkipSlot  nextSlot  start  type  	projects/Closure80/src/com/google/javascript/jscomp/NodeUtil.java	0.4082482904638631	1264	1264	2	replace	return(n.getType()  ==  Token.FUNCTION  ||  n.getType()  ==  Token.FUNCTION)?  BooleanResultPredicate.FALSE  :  BooleanResultPredicate.UNKNOWN;	  return(n.getType()    ==    Token.FUNCTION)?    BooleanResultPredicate.FALSE    :    BooleanResultPredicate.UNKNOWN;    	non-compiled	[CE]  	73	None	replace
1045	[BUG]  [BUGGY]  n.setString(JSC_PROPERTY_NAME_FN,  JSC_PROPERTY_NAME_FACTOR);  [CE]  [FE]                                IllegalStateException      [CONTEXT]      case  Token.LE:  case  Token.GE:  case  Token.IN:  case  Token.INSTANCEOF:  case  Token.NOT:  return  true;  default:      [BUGGY]  n.setString(JSC_PROPERTY_NAME_FN,  JSC_PROPERTY_NAME_FACTOR);  [BUGGY]      }  }  [CLASS]  NodeUtil  NumbericResultPredicate  BooleanResultPredicate  MayBeStringResultPredicate  VarCollector  MatchNameNode  MatchNodeType  MatchDeclaration  MatchNotFunction  MatchShallowStatement  [METHOD]  isBooleanResultHelper  [RETURN_TYPE]  boolean  Node  n  [VARIABLES]  BooleanResultPredicate  BOOLEAN_RESULT_PREDICATE  Set  BUILTIN_FUNCTIONS_WITHOUT_SIDEEFFECTS  CONSTRUCTORS_WITHOUT_SIDE_EFFECTS  OBJECT_METHODS_WITHOUT_SIDEEFFECTS  REGEXP_METHODS  STRING_REGEXP_METHODS  defines  emptySet  knownConstants  NumbericResultPredicate  NUMBERIC_RESULT_PREDICATE  boolean  MayBeStringResultPredicate  MAY_BE_STRING_PREDICATE  Node  n  String  JSC_PROPERTY_NAME_FN  childValue  name  namespaceName  rawJsString  s  value  Map  vars  int  c  end  nextSkipSlot  nextSlot  start  type  	projects/Closure80/src/com/google/javascript/jscomp/NodeUtil.java	0.4082482904638631	1264	1264	2	replace	n.setString(JSC_PROPERTY_NAME_FN,  JSC_PROPERTY_NAME_FACTOR);	  n.setString(JSC_PROPERTY_NAME_FN,    JSC_PROPERTY_NAME_FN);    	non-compiled	[CE]  	71	None	replace
1046	[BUG]  [BUGGY]  n.setString(JSC_PROPERTY_NAME_FN,  JSC_PROPERTY_NAME_FIELD);  [CE]  [FE]                                  IllegalStateException      [CONTEXT]      case  Token.LE:  case  Token.GE:  case  Token.IN:  case  Token.INSTANCEOF:  case  Token.NOT:  return  true;  default:      [BUGGY]  n.setString(JSC_PROPERTY_NAME_FN,  JSC_PROPERTY_NAME_FIELD);  [BUGGY]      }  }  [CLASS]  NodeUtil  NumbericResultPredicate  BooleanResultPredicate  MayBeStringResultPredicate  VarCollector  MatchNameNode  MatchNodeType  MatchDeclaration  MatchNotFunction  MatchShallowStatement  [METHOD]  isBooleanResultHelper  [RETURN_TYPE]  boolean  Node  n  [VARIABLES]  BooleanResultPredicate  BOOLEAN_RESULT_PREDICATE  Set  BUILTIN_FUNCTIONS_WITHOUT_SIDEEFFECTS  CONSTRUCTORS_WITHOUT_SIDE_EFFECTS  OBJECT_METHODS_WITHOUT_SIDEEFFECTS  REGEXP_METHODS  STRING_REGEXP_METHODS  defines  emptySet  knownConstants  NumbericResultPredicate  NUMBERIC_RESULT_PREDICATE  boolean  MayBeStringResultPredicate  MAY_BE_STRING_PREDICATE  Node  n  String  JSC_PROPERTY_NAME_FN  childValue  name  namespaceName  rawJsString  s  value  Map  vars  int  c  end  nextSkipSlot  nextSlot  start  type  	projects/Closure80/src/com/google/javascript/jscomp/NodeUtil.java	0.4082482904638631	1264	1264	2	replace	n.setString(JSC_PROPERTY_NAME_FN,  JSC_PROPERTY_NAME_FIELD);	  n.setString(JSC_PROPERTY_NAME_FN,    JSC_PROPERTY_NAME_FN);    	non-compiled	[CE]  	71	None	replace
1047	[BUG]  [BUGGY]  if(n.getType()!=  Token.NAME  &&  n.getType()  ==  Token.FUNCTION)  {  return  false;  }  [CE]  [FE]                        IllegalStateException      [CONTEXT]      case  Token.LE:  case  Token.GE:  case  Token.IN:  case  Token.INSTANCEOF:  case  Token.NOT:  return  true;  default:      [BUGGY]  if(n.getType()!=  Token.NAME  &&  n.getType()  ==  Token.FUNCTION)  {  return  false;  }  [BUGGY]      }  }  [CLASS]  NodeUtil  NumbericResultPredicate  BooleanResultPredicate  MayBeStringResultPredicate  VarCollector  MatchNameNode  MatchNodeType  MatchDeclaration  MatchNotFunction  MatchShallowStatement  [METHOD]  isBooleanResultHelper  [RETURN_TYPE]  boolean  Node  n  [VARIABLES]  BooleanResultPredicate  BOOLEAN_RESULT_PREDICATE  Set  BUILTIN_FUNCTIONS_WITHOUT_SIDEEFFECTS  CONSTRUCTORS_WITHOUT_SIDE_EFFECTS  OBJECT_METHODS_WITHOUT_SIDEEFFECTS  REGEXP_METHODS  STRING_REGEXP_METHODS  defines  emptySet  knownConstants  NumbericResultPredicate  NUMBERIC_RESULT_PREDICATE  boolean  MayBeStringResultPredicate  MAY_BE_STRING_PREDICATE  Node  n  String  JSC_PROPERTY_NAME_FN  childValue  name  namespaceName  rawJsString  s  value  Map  vars  int  c  end  nextSkipSlot  nextSlot  start  type  	projects/Closure80/src/com/google/javascript/jscomp/NodeUtil.java	0.4082482904638631	1264	1264	2	replace	if(n.getType()!=  Token.NAME  &&  n.getType()  ==  Token.FUNCTION)  {  return  false;  }	  if(n.getType()!=    Token.NAME    ||    n.getType()    ==    Token.FUNCTION)    {    return    false;    }    	non-compiled	[CE]  	125	None	replace
1048	[BUG]  [BUGGY]  if(n.getType()!=  Token.NAME  ||  n.getType()  ==  Token.FUNCTION)return  false;  }  [CE]  [FE]                          IllegalStateException      [CONTEXT]      case  Token.LE:  case  Token.GE:  case  Token.IN:  case  Token.INSTANCEOF:  case  Token.NOT:  return  true;  default:      [BUGGY]  if(n.getType()!=  Token.NAME  ||  n.getType()  ==  Token.FUNCTION)return  false;  }  [BUGGY]      }  }  [CLASS]  NodeUtil  NumbericResultPredicate  BooleanResultPredicate  MayBeStringResultPredicate  VarCollector  MatchNameNode  MatchNodeType  MatchDeclaration  MatchNotFunction  MatchShallowStatement  [METHOD]  isBooleanResultHelper  [RETURN_TYPE]  boolean  Node  n  [VARIABLES]  BooleanResultPredicate  BOOLEAN_RESULT_PREDICATE  Set  BUILTIN_FUNCTIONS_WITHOUT_SIDEEFFECTS  CONSTRUCTORS_WITHOUT_SIDE_EFFECTS  OBJECT_METHODS_WITHOUT_SIDEEFFECTS  REGEXP_METHODS  STRING_REGEXP_METHODS  defines  emptySet  knownConstants  NumbericResultPredicate  NUMBERIC_RESULT_PREDICATE  boolean  MayBeStringResultPredicate  MAY_BE_STRING_PREDICATE  Node  n  String  JSC_PROPERTY_NAME_FN  childValue  name  namespaceName  rawJsString  s  value  Map  vars  int  c  end  nextSkipSlot  nextSlot  start  type  	projects/Closure80/src/com/google/javascript/jscomp/NodeUtil.java	0.4082482904638631	1264	1264	2	replace	if(n.getType()!=  Token.NAME  ||  n.getType()  ==  Token.FUNCTION)return  false;  }	  if(n.getType()!=    Token.NAME    ||    n.getType()    ==    Token.FUNCTION)    {    return    false;    }    	non-compiled	[CE]  	125	None	replace
1049	[BUG]  [BUGGY]  return(n.getType()  ==  Token.NAME)?  BooleanResultPredicate.BOOLEAN_RESULT_PREDICATE  :  BooleanResultPredicate.BLOCK_RESULT_PREDICATE;  [CE]  [FE]                IllegalStateException      [CONTEXT]      case  Token.LE:  case  Token.GE:  case  Token.IN:  case  Token.INSTANCEOF:  case  Token.NOT:  return  true;  default:      [BUGGY]  return(n.getType()  ==  Token.NAME)?  BooleanResultPredicate.BOOLEAN_RESULT_PREDICATE  :  BooleanResultPredicate.BLOCK_RESULT_PREDICATE;  [BUGGY]      }  }  [CLASS]  NodeUtil  NumbericResultPredicate  BooleanResultPredicate  MayBeStringResultPredicate  VarCollector  MatchNameNode  MatchNodeType  MatchDeclaration  MatchNotFunction  MatchShallowStatement  [METHOD]  isBooleanResultHelper  [RETURN_TYPE]  boolean  Node  n  [VARIABLES]  BooleanResultPredicate  BOOLEAN_RESULT_PREDICATE  Set  BUILTIN_FUNCTIONS_WITHOUT_SIDEEFFECTS  CONSTRUCTORS_WITHOUT_SIDE_EFFECTS  OBJECT_METHODS_WITHOUT_SIDEEFFECTS  REGEXP_METHODS  STRING_REGEXP_METHODS  defines  emptySet  knownConstants  NumbericResultPredicate  NUMBERIC_RESULT_PREDICATE  boolean  MayBeStringResultPredicate  MAY_BE_STRING_PREDICATE  Node  n  String  JSC_PROPERTY_NAME_FN  childValue  name  namespaceName  rawJsString  s  value  Map  vars  int  c  end  nextSkipSlot  nextSlot  start  type  	projects/Closure80/src/com/google/javascript/jscomp/NodeUtil.java	0.4082482904638631	1264	1264	2	replace	return(n.getType()  ==  Token.NAME)?  BooleanResultPredicate.BOOLEAN_RESULT_PREDICATE  :  BooleanResultPredicate.BLOCK_RESULT_PREDICATE;	  return(n.getType()    ==    Token.NAME)?    BooleanResultPredicate.UNKNOWN    :    BooleanResultPredicate.BOOLEAN_RESULT_PREDICATE;    	non-compiled	[CE]  	113	None	replace
1050	[BUG]  [BUGGY]  if(NodeUtil.isAssignmentOp(n)&&  NodeUtil.isFunctionBoolean(n))  {  return  false;  }  [CE]  [FE]                IllegalStateException      [CONTEXT]      case  Token.LE:  case  Token.GE:  case  Token.IN:  case  Token.INSTANCEOF:  case  Token.NOT:  return  true;  default:      [BUGGY]  if(NodeUtil.isAssignmentOp(n)&&  NodeUtil.isFunctionBoolean(n))  {  return  false;  }  [BUGGY]      }  }  [CLASS]  NodeUtil  NumbericResultPredicate  BooleanResultPredicate  MayBeStringResultPredicate  VarCollector  MatchNameNode  MatchNodeType  MatchDeclaration  MatchNotFunction  MatchShallowStatement  [METHOD]  isBooleanResultHelper  [RETURN_TYPE]  boolean  Node  n  [VARIABLES]  BooleanResultPredicate  BOOLEAN_RESULT_PREDICATE  Set  BUILTIN_FUNCTIONS_WITHOUT_SIDEEFFECTS  CONSTRUCTORS_WITHOUT_SIDE_EFFECTS  OBJECT_METHODS_WITHOUT_SIDEEFFECTS  REGEXP_METHODS  STRING_REGEXP_METHODS  defines  emptySet  knownConstants  NumbericResultPredicate  NUMBERIC_RESULT_PREDICATE  boolean  MayBeStringResultPredicate  MAY_BE_STRING_PREDICATE  Node  n  String  JSC_PROPERTY_NAME_FN  childValue  name  namespaceName  rawJsString  s  value  Map  vars  int  c  end  nextSkipSlot  nextSlot  start  type  	projects/Closure80/src/com/google/javascript/jscomp/NodeUtil.java	0.4082482904638631	1264	1264	2	replace	if(NodeUtil.isAssignmentOp(n)&&  NodeUtil.isFunctionBoolean(n))  {  return  false;  }	  if(NodeUtil.isFunctionAnonymous(n)&&    NodeUtil.isFunctionBoolean(n))    {    return    false;    }    	non-compiled	[CE]  	76	None	replace
1051	[BUG]  [BUGGY]  if(NodeUtil.isFunctionAnonymous(n)&&  NodeUtil.isFunctionBoolean(n))  {  return  true;  }  [CE]  [FE]                  IllegalStateException      [CONTEXT]      case  Token.LE:  case  Token.GE:  case  Token.IN:  case  Token.INSTANCEOF:  case  Token.NOT:  return  true;  default:      [BUGGY]  if(NodeUtil.isFunctionAnonymous(n)&&  NodeUtil.isFunctionBoolean(n))  {  return  true;  }  [BUGGY]      }  }  [CLASS]  NodeUtil  NumbericResultPredicate  BooleanResultPredicate  MayBeStringResultPredicate  VarCollector  MatchNameNode  MatchNodeType  MatchDeclaration  MatchNotFunction  MatchShallowStatement  [METHOD]  isBooleanResultHelper  [RETURN_TYPE]  boolean  Node  n  [VARIABLES]  BooleanResultPredicate  BOOLEAN_RESULT_PREDICATE  Set  BUILTIN_FUNCTIONS_WITHOUT_SIDEEFFECTS  CONSTRUCTORS_WITHOUT_SIDE_EFFECTS  OBJECT_METHODS_WITHOUT_SIDEEFFECTS  REGEXP_METHODS  STRING_REGEXP_METHODS  defines  emptySet  knownConstants  NumbericResultPredicate  NUMBERIC_RESULT_PREDICATE  boolean  MayBeStringResultPredicate  MAY_BE_STRING_PREDICATE  Node  n  String  JSC_PROPERTY_NAME_FN  childValue  name  namespaceName  rawJsString  s  value  Map  vars  int  c  end  nextSkipSlot  nextSlot  start  type  	projects/Closure80/src/com/google/javascript/jscomp/NodeUtil.java	0.4082482904638631	1264	1264	2	replace	if(NodeUtil.isFunctionAnonymous(n)&&  NodeUtil.isFunctionBoolean(n))  {  return  true;  }	  if(NodeUtil.isFunctionAnonymous(n)&&    NodeUtil.isFunctionBoolean(n))    {    return    false;    }    	non-compiled	[CE]  	76	None	replace
1052	[BUG]  [BUGGY]  return(n.getType()  ==  Token.NAME)&&  BooleanResultPredicate.BOOLEAN_RESULT_PREDICATE  :  BooleanResultPredicate.BOOLEAN;  [CE]  [FE]                  IllegalStateException      [CONTEXT]      case  Token.LE:  case  Token.GE:  case  Token.IN:  case  Token.INSTANCEOF:  case  Token.NOT:  return  true;  default:      [BUGGY]  return(n.getType()  ==  Token.NAME)&&  BooleanResultPredicate.BOOLEAN_RESULT_PREDICATE  :  BooleanResultPredicate.BOOLEAN;  [BUGGY]      }  }  [CLASS]  NodeUtil  NumbericResultPredicate  BooleanResultPredicate  MayBeStringResultPredicate  VarCollector  MatchNameNode  MatchNodeType  MatchDeclaration  MatchNotFunction  MatchShallowStatement  [METHOD]  isBooleanResultHelper  [RETURN_TYPE]  boolean  Node  n  [VARIABLES]  BooleanResultPredicate  BOOLEAN_RESULT_PREDICATE  Set  BUILTIN_FUNCTIONS_WITHOUT_SIDEEFFECTS  CONSTRUCTORS_WITHOUT_SIDE_EFFECTS  OBJECT_METHODS_WITHOUT_SIDEEFFECTS  REGEXP_METHODS  STRING_REGEXP_METHODS  defines  emptySet  knownConstants  NumbericResultPredicate  NUMBERIC_RESULT_PREDICATE  boolean  MayBeStringResultPredicate  MAY_BE_STRING_PREDICATE  Node  n  String  JSC_PROPERTY_NAME_FN  childValue  name  namespaceName  rawJsString  s  value  Map  vars  int  c  end  nextSkipSlot  nextSlot  start  type  	projects/Closure80/src/com/google/javascript/jscomp/NodeUtil.java	0.4082482904638631	1264	1264	2	replace	return(n.getType()  ==  Token.NAME)&&  BooleanResultPredicate.BOOLEAN_RESULT_PREDICATE  :  BooleanResultPredicate.BOOLEAN;	  return(n.getType()    ==    Token.NAME)&&    BooleanResultPredicate.UNKNOWN    :    BooleanResultPredicate.UNKNOWN;    	non-compiled	[CE]  	38	None	replace
1053	[BUG]  [BUGGY]  for(Node  c  =  n.getFirstChild();  c!=  null;  c  =  c.getNext())  {  Node  n  =  c.getNext();  if(n.getType()  ==  Token.VAR)  {  return  false  [CE]  [FE]                                IllegalStateException      [CONTEXT]      case  Token.LE:  case  Token.GE:  case  Token.IN:  case  Token.INSTANCEOF:  case  Token.NOT:  return  true;  default:      [BUGGY]  for(Node  c  =  n.getFirstChild();  c!=  null;  c  =  c.getNext())  {  Node  n  =  c.getNext();  if(n.getType()  ==  Token.VAR)  {  return  false  [BUGGY]      }  }  [CLASS]  NodeUtil  NumbericResultPredicate  BooleanResultPredicate  MayBeStringResultPredicate  VarCollector  MatchNameNode  MatchNodeType  MatchDeclaration  MatchNotFunction  MatchShallowStatement  [METHOD]  isBooleanResultHelper  [RETURN_TYPE]  boolean  Node  n  [VARIABLES]  BooleanResultPredicate  BOOLEAN_RESULT_PREDICATE  Set  BUILTIN_FUNCTIONS_WITHOUT_SIDEEFFECTS  CONSTRUCTORS_WITHOUT_SIDE_EFFECTS  OBJECT_METHODS_WITHOUT_SIDEEFFECTS  REGEXP_METHODS  STRING_REGEXP_METHODS  defines  emptySet  knownConstants  NumbericResultPredicate  NUMBERIC_RESULT_PREDICATE  boolean  MayBeStringResultPredicate  MAY_BE_STRING_PREDICATE  Node  n  String  JSC_PROPERTY_NAME_FN  childValue  name  namespaceName  rawJsString  s  value  Map  vars  int  c  end  nextSkipSlot  nextSlot  start  type  	projects/Closure80/src/com/google/javascript/jscomp/NodeUtil.java	0.4082482904638631	1264	1264	2	replace	for(Node  c  =  n.getFirstChild();  c!=  null;  c  =  c.getNext())  {  Node  n  =  c.getNext();  if(n.getType()  ==  Token.VAR)  {  return  false	  for(Node    c    =    n.getFirstChild();    c!=    null;    c    =    c.getNext())    {    Node    n    =    c.getNext();    if(n.getType()    ==    Token.VAR)    {    return    false;    }    	non-compiled	[CE]  	147	None	replace
1054	[BUG]  [BUGGY]  if(NodeUtil.isFunctionDeclaration(n)||  NodeUtil.isForIn(n)||  NodeUtil.mayHaveSideEffects(n))  {  return  false;  }  [CE]  [FE]                        IllegalStateException      [CONTEXT]      case  Token.LE:  case  Token.GE:  case  Token.IN:  case  Token.INSTANCEOF:  case  Token.NOT:  return  true;  default:      [BUGGY]  if(NodeUtil.isFunctionDeclaration(n)||  NodeUtil.isForIn(n)||  NodeUtil.mayHaveSideEffects(n))  {  return  false;  }  [BUGGY]      }  }  [CLASS]  NodeUtil  NumbericResultPredicate  BooleanResultPredicate  MayBeStringResultPredicate  VarCollector  MatchNameNode  MatchNodeType  MatchDeclaration  MatchNotFunction  MatchShallowStatement  [METHOD]  isBooleanResultHelper  [RETURN_TYPE]  boolean  Node  n  [VARIABLES]  BooleanResultPredicate  BOOLEAN_RESULT_PREDICATE  Set  BUILTIN_FUNCTIONS_WITHOUT_SIDEEFFECTS  CONSTRUCTORS_WITHOUT_SIDE_EFFECTS  OBJECT_METHODS_WITHOUT_SIDEEFFECTS  REGEXP_METHODS  STRING_REGEXP_METHODS  defines  emptySet  knownConstants  NumbericResultPredicate  NUMBERIC_RESULT_PREDICATE  boolean  MayBeStringResultPredicate  MAY_BE_STRING_PREDICATE  Node  n  String  JSC_PROPERTY_NAME_FN  childValue  name  namespaceName  rawJsString  s  value  Map  vars  int  c  end  nextSkipSlot  nextSlot  start  type  	projects/Closure80/src/com/google/javascript/jscomp/NodeUtil.java	0.4082482904638631	1264	1264	2	replace	if(NodeUtil.isFunctionDeclaration(n)||  NodeUtil.isForIn(n)||  NodeUtil.mayHaveSideEffects(n))  {  return  false;  }	  if(NodeUtil.isFunctionDeclaration(n)||    NodeUtil.isForIn(n))    {    return    false;    }    	non-compiled	[CE]  	109	None	replace
1055	[BUG]  [BUGGY]  if(NodeUtil.isFunctionDeclaration(n)||  NodeUtil.isLocal(n))  {  return  false;  }  [CE]  [FE]                          IllegalStateException      [CONTEXT]      case  Token.LE:  case  Token.GE:  case  Token.IN:  case  Token.INSTANCEOF:  case  Token.NOT:  return  true;  default:      [BUGGY]  if(NodeUtil.isFunctionDeclaration(n)||  NodeUtil.isLocal(n))  {  return  false;  }  [BUGGY]      }  }  [CLASS]  NodeUtil  NumbericResultPredicate  BooleanResultPredicate  MayBeStringResultPredicate  VarCollector  MatchNameNode  MatchNodeType  MatchDeclaration  MatchNotFunction  MatchShallowStatement  [METHOD]  isBooleanResultHelper  [RETURN_TYPE]  boolean  Node  n  [VARIABLES]  BooleanResultPredicate  BOOLEAN_RESULT_PREDICATE  Set  BUILTIN_FUNCTIONS_WITHOUT_SIDEEFFECTS  CONSTRUCTORS_WITHOUT_SIDE_EFFECTS  OBJECT_METHODS_WITHOUT_SIDEEFFECTS  REGEXP_METHODS  STRING_REGEXP_METHODS  defines  emptySet  knownConstants  NumbericResultPredicate  NUMBERIC_RESULT_PREDICATE  boolean  MayBeStringResultPredicate  MAY_BE_STRING_PREDICATE  Node  n  String  JSC_PROPERTY_NAME_FN  childValue  name  namespaceName  rawJsString  s  value  Map  vars  int  c  end  nextSkipSlot  nextSlot  start  type  	projects/Closure80/src/com/google/javascript/jscomp/NodeUtil.java	0.4082482904638631	1264	1264	2	replace	if(NodeUtil.isFunctionDeclaration(n)||  NodeUtil.isLocal(n))  {  return  false;  }	  if(NodeUtil.isFunctionDeclaration(n)||    NodeUtil.isForIn(n))    {    return    false;    }    	non-compiled	[CE]  	109	None	replace
1056	[BUG]  [BUGGY]  if(n.getType()!=  Token.VAR)  {  return  false;  }  [CE]  [FE]            IllegalStateException      [CONTEXT]      case  Token.LE:  case  Token.GE:  case  Token.IN:  case  Token.INSTANCEOF:  case  Token.NOT:  return  true;  default:      [BUGGY]  if(n.getType()!=  Token.VAR)  {  return  false;  }  [BUGGY]      }  }  [CLASS]  NodeUtil  NumbericResultPredicate  BooleanResultPredicate  MayBeStringResultPredicate  VarCollector  MatchNameNode  MatchNodeType  MatchDeclaration  MatchNotFunction  MatchShallowStatement  [METHOD]  isBooleanResultHelper  [RETURN_TYPE]  boolean  Node  n  [VARIABLES]  BooleanResultPredicate  BOOLEAN_RESULT_PREDICATE  Set  BUILTIN_FUNCTIONS_WITHOUT_SIDEEFFECTS  CONSTRUCTORS_WITHOUT_SIDE_EFFECTS  OBJECT_METHODS_WITHOUT_SIDEEFFECTS  REGEXP_METHODS  STRING_REGEXP_METHODS  defines  emptySet  knownConstants  NumbericResultPredicate  NUMBERIC_RESULT_PREDICATE  boolean  MayBeStringResultPredicate  MAY_BE_STRING_PREDICATE  Node  n  String  JSC_PROPERTY_NAME_FN  childValue  name  namespaceName  rawJsString  s  value  Map  vars  int  c  end  nextSkipSlot  nextSlot  start  type  	projects/Closure80/src/com/google/javascript/jscomp/NodeUtil.java	0.4082482904638631	1264	1264	2	replace	if(n.getType()!=  Token.VAR)  {  return  false;  }	  if(n.getType()    ==    Token.VAR)    {    return    false;    }    	non-compiled	[CE]  	134	None	replace
1057	[BUG]  [BUGGY]  if(n.getType()!=  Token.VAR)return  false;  }  [CE]  [FE]              IllegalStateException      [CONTEXT]      case  Token.LE:  case  Token.GE:  case  Token.IN:  case  Token.INSTANCEOF:  case  Token.NOT:  return  true;  default:      [BUGGY]  if(n.getType()!=  Token.VAR)return  false;  }  [BUGGY]      }  }  [CLASS]  NodeUtil  NumbericResultPredicate  BooleanResultPredicate  MayBeStringResultPredicate  VarCollector  MatchNameNode  MatchNodeType  MatchDeclaration  MatchNotFunction  MatchShallowStatement  [METHOD]  isBooleanResultHelper  [RETURN_TYPE]  boolean  Node  n  [VARIABLES]  BooleanResultPredicate  BOOLEAN_RESULT_PREDICATE  Set  BUILTIN_FUNCTIONS_WITHOUT_SIDEEFFECTS  CONSTRUCTORS_WITHOUT_SIDE_EFFECTS  OBJECT_METHODS_WITHOUT_SIDEEFFECTS  REGEXP_METHODS  STRING_REGEXP_METHODS  defines  emptySet  knownConstants  NumbericResultPredicate  NUMBERIC_RESULT_PREDICATE  boolean  MayBeStringResultPredicate  MAY_BE_STRING_PREDICATE  Node  n  String  JSC_PROPERTY_NAME_FN  childValue  name  namespaceName  rawJsString  s  value  Map  vars  int  c  end  nextSkipSlot  nextSlot  start  type  	projects/Closure80/src/com/google/javascript/jscomp/NodeUtil.java	0.4082482904638631	1264	1264	2	replace	if(n.getType()!=  Token.VAR)return  false;  }	  if(n.getType()    ==    Token.VAR)    {    return    false;    }    	non-compiled	[CE]  	134	None	replace
1058	[BUG]  [BUGGY]  if(n.getType()  ==  Token.VAR)return  true;  }  [CE]  [FE]                IllegalStateException      [CONTEXT]      case  Token.LE:  case  Token.GE:  case  Token.IN:  case  Token.INSTANCEOF:  case  Token.NOT:  return  true;  default:      [BUGGY]  if(n.getType()  ==  Token.VAR)return  true;  }  [BUGGY]      }  }  [CLASS]  NodeUtil  NumbericResultPredicate  BooleanResultPredicate  MayBeStringResultPredicate  VarCollector  MatchNameNode  MatchNodeType  MatchDeclaration  MatchNotFunction  MatchShallowStatement  [METHOD]  isBooleanResultHelper  [RETURN_TYPE]  boolean  Node  n  [VARIABLES]  BooleanResultPredicate  BOOLEAN_RESULT_PREDICATE  Set  BUILTIN_FUNCTIONS_WITHOUT_SIDEEFFECTS  CONSTRUCTORS_WITHOUT_SIDE_EFFECTS  OBJECT_METHODS_WITHOUT_SIDEEFFECTS  REGEXP_METHODS  STRING_REGEXP_METHODS  defines  emptySet  knownConstants  NumbericResultPredicate  NUMBERIC_RESULT_PREDICATE  boolean  MayBeStringResultPredicate  MAY_BE_STRING_PREDICATE  Node  n  String  JSC_PROPERTY_NAME_FN  childValue  name  namespaceName  rawJsString  s  value  Map  vars  int  c  end  nextSkipSlot  nextSlot  start  type  	projects/Closure80/src/com/google/javascript/jscomp/NodeUtil.java	0.4082482904638631	1264	1264	2	replace	if(n.getType()  ==  Token.VAR)return  true;  }	  if(n.getType()    ==    Token.VAR)    {    return    false;    }    	non-compiled	[CE]  	134	None	replace
1059	[BUG]  [BUGGY]  if(n.getType()  ==  Token.VAR  ||  n.getType()  ==  Token.BLOCK)  {  return  false;  }  [CE]  [FE]                  IllegalStateException      [CONTEXT]      case  Token.LE:  case  Token.GE:  case  Token.IN:  case  Token.INSTANCEOF:  case  Token.NOT:  return  true;  default:      [BUGGY]  if(n.getType()  ==  Token.VAR  ||  n.getType()  ==  Token.BLOCK)  {  return  false;  }  [BUGGY]      }  }  [CLASS]  NodeUtil  NumbericResultPredicate  BooleanResultPredicate  MayBeStringResultPredicate  VarCollector  MatchNameNode  MatchNodeType  MatchDeclaration  MatchNotFunction  MatchShallowStatement  [METHOD]  isBooleanResultHelper  [RETURN_TYPE]  boolean  Node  n  [VARIABLES]  BooleanResultPredicate  BOOLEAN_RESULT_PREDICATE  Set  BUILTIN_FUNCTIONS_WITHOUT_SIDEEFFECTS  CONSTRUCTORS_WITHOUT_SIDE_EFFECTS  OBJECT_METHODS_WITHOUT_SIDEEFFECTS  REGEXP_METHODS  STRING_REGEXP_METHODS  defines  emptySet  knownConstants  NumbericResultPredicate  NUMBERIC_RESULT_PREDICATE  boolean  MayBeStringResultPredicate  MAY_BE_STRING_PREDICATE  Node  n  String  JSC_PROPERTY_NAME_FN  childValue  name  namespaceName  rawJsString  s  value  Map  vars  int  c  end  nextSkipSlot  nextSlot  start  type  	projects/Closure80/src/com/google/javascript/jscomp/NodeUtil.java	0.4082482904638631	1264	1264	2	replace	if(n.getType()  ==  Token.VAR  ||  n.getType()  ==  Token.BLOCK)  {  return  false;  }	  if(n.getType()    ==    Token.VAR)    {    return    false;    }    	non-compiled	[CE]  	134	None	replace
1060	[BUG]  [BUGGY]  &&  NodeUtil.isAssignmentOp(n)||  NodeUtil.isFunctionBoolean(n))  {  return  false;  }  [CE]  [FE]                IllegalStateException      [CONTEXT]      case  Token.LE:  case  Token.GE:  case  Token.IN:  case  Token.INSTANCEOF:  case  Token.NOT:  return  true;  default:      [BUGGY]  &&  NodeUtil.isAssignmentOp(n)||  NodeUtil.isFunctionBoolean(n))  {  return  false;  }  [BUGGY]      }  }  [CLASS]  NodeUtil  NumbericResultPredicate  BooleanResultPredicate  MayBeStringResultPredicate  VarCollector  MatchNameNode  MatchNodeType  MatchDeclaration  MatchNotFunction  MatchShallowStatement  [METHOD]  isBooleanResultHelper  [RETURN_TYPE]  boolean  Node  n  [VARIABLES]  BooleanResultPredicate  BOOLEAN_RESULT_PREDICATE  Set  BUILTIN_FUNCTIONS_WITHOUT_SIDEEFFECTS  CONSTRUCTORS_WITHOUT_SIDE_EFFECTS  OBJECT_METHODS_WITHOUT_SIDEEFFECTS  REGEXP_METHODS  STRING_REGEXP_METHODS  defines  emptySet  knownConstants  NumbericResultPredicate  NUMBERIC_RESULT_PREDICATE  boolean  MayBeStringResultPredicate  MAY_BE_STRING_PREDICATE  Node  n  String  JSC_PROPERTY_NAME_FN  childValue  name  namespaceName  rawJsString  s  value  Map  vars  int  c  end  nextSkipSlot  nextSlot  start  type  	projects/Closure80/src/com/google/javascript/jscomp/NodeUtil.java	0.4082482904638631	1264	1264	2	replace	&&  NodeUtil.isAssignmentOp(n)||  NodeUtil.isFunctionBoolean(n))  {  return  false;  }	  &&    NodeUtil.isFunctionAnonymous(n)||    NodeUtil.isFunctionBoolean(n))    {    return    false;    }    	non-compiled	[CE]  	87	None	replace
1061	[BUG]  [BUGGY]  return(n.getType()  ==  Token.BLOCK)?  BooleanResultPredicate.FALSE  :  BooleanResultPredicate.FALSE;  [CE]  [FE]                  IllegalStateException      [CONTEXT]      case  Token.LE:  case  Token.GE:  case  Token.IN:  case  Token.INSTANCEOF:  case  Token.NOT:  return  true;  default:      [BUGGY]  return(n.getType()  ==  Token.BLOCK)?  BooleanResultPredicate.FALSE  :  BooleanResultPredicate.FALSE;  [BUGGY]      }  }  [CLASS]  NodeUtil  NumbericResultPredicate  BooleanResultPredicate  MayBeStringResultPredicate  VarCollector  MatchNameNode  MatchNodeType  MatchDeclaration  MatchNotFunction  MatchShallowStatement  [METHOD]  isBooleanResultHelper  [RETURN_TYPE]  boolean  Node  n  [VARIABLES]  BooleanResultPredicate  BOOLEAN_RESULT_PREDICATE  Set  BUILTIN_FUNCTIONS_WITHOUT_SIDEEFFECTS  CONSTRUCTORS_WITHOUT_SIDE_EFFECTS  OBJECT_METHODS_WITHOUT_SIDEEFFECTS  REGEXP_METHODS  STRING_REGEXP_METHODS  defines  emptySet  knownConstants  NumbericResultPredicate  NUMBERIC_RESULT_PREDICATE  boolean  MayBeStringResultPredicate  MAY_BE_STRING_PREDICATE  Node  n  String  JSC_PROPERTY_NAME_FN  childValue  name  namespaceName  rawJsString  s  value  Map  vars  int  c  end  nextSkipSlot  nextSlot  start  type  	projects/Closure80/src/com/google/javascript/jscomp/NodeUtil.java	0.4082482904638631	1264	1264	2	replace	return(n.getType()  ==  Token.BLOCK)?  BooleanResultPredicate.FALSE  :  BooleanResultPredicate.FALSE;	  return(n.getType()    ==    Token.BLOCK)?    BooleanResultPredicate.TRUE    :    BooleanResultPredicate.FALSE;    	non-compiled	[CE]  	83	None	replace
1062	[BUG]  [BUGGY]  if(n.getType()  ==  Token.NAME  ||  n.getType()!=  Token.VAR)return  false;  }  [CE]  [FE]                  IllegalStateException      [CONTEXT]      case  Token.LE:  case  Token.GE:  case  Token.IN:  case  Token.INSTANCEOF:  case  Token.NOT:  return  true;  default:      [BUGGY]  if(n.getType()  ==  Token.NAME  ||  n.getType()!=  Token.VAR)return  false;  }  [BUGGY]      }  }  [CLASS]  NodeUtil  NumbericResultPredicate  BooleanResultPredicate  MayBeStringResultPredicate  VarCollector  MatchNameNode  MatchNodeType  MatchDeclaration  MatchNotFunction  MatchShallowStatement  [METHOD]  isBooleanResultHelper  [RETURN_TYPE]  boolean  Node  n  [VARIABLES]  BooleanResultPredicate  BOOLEAN_RESULT_PREDICATE  Set  BUILTIN_FUNCTIONS_WITHOUT_SIDEEFFECTS  CONSTRUCTORS_WITHOUT_SIDE_EFFECTS  OBJECT_METHODS_WITHOUT_SIDEEFFECTS  REGEXP_METHODS  STRING_REGEXP_METHODS  defines  emptySet  knownConstants  NumbericResultPredicate  NUMBERIC_RESULT_PREDICATE  boolean  MayBeStringResultPredicate  MAY_BE_STRING_PREDICATE  Node  n  String  JSC_PROPERTY_NAME_FN  childValue  name  namespaceName  rawJsString  s  value  Map  vars  int  c  end  nextSkipSlot  nextSlot  start  type  	projects/Closure80/src/com/google/javascript/jscomp/NodeUtil.java	0.4082482904638631	1264	1264	2	replace	if(n.getType()  ==  Token.NAME  ||  n.getType()!=  Token.VAR)return  false;  }	  if(n.getType()    ==    Token.NAME    ||    n.getType()    ==    Token.VAR)    {    return    false;    }    	non-compiled	[CE]  	163	None	replace
1063	[BUG]  [BUGGY]  if(NodeUtil.isName(n)||  NodeUtil.isBoolean(n))  {  return  false;  }  [CE]  [FE]                    IllegalStateException      [CONTEXT]      case  Token.LE:  case  Token.GE:  case  Token.IN:  case  Token.INSTANCEOF:  case  Token.NOT:  return  true;  default:      [BUGGY]  if(NodeUtil.isName(n)||  NodeUtil.isBoolean(n))  {  return  false;  }  [BUGGY]      }  }  [CLASS]  NodeUtil  NumbericResultPredicate  BooleanResultPredicate  MayBeStringResultPredicate  VarCollector  MatchNameNode  MatchNodeType  MatchDeclaration  MatchNotFunction  MatchShallowStatement  [METHOD]  isBooleanResultHelper  [RETURN_TYPE]  boolean  Node  n  [VARIABLES]  BooleanResultPredicate  BOOLEAN_RESULT_PREDICATE  Set  BUILTIN_FUNCTIONS_WITHOUT_SIDEEFFECTS  CONSTRUCTORS_WITHOUT_SIDE_EFFECTS  OBJECT_METHODS_WITHOUT_SIDEEFFECTS  REGEXP_METHODS  STRING_REGEXP_METHODS  defines  emptySet  knownConstants  NumbericResultPredicate  NUMBERIC_RESULT_PREDICATE  boolean  MayBeStringResultPredicate  MAY_BE_STRING_PREDICATE  Node  n  String  JSC_PROPERTY_NAME_FN  childValue  name  namespaceName  rawJsString  s  value  Map  vars  int  c  end  nextSkipSlot  nextSlot  start  type  	projects/Closure80/src/com/google/javascript/jscomp/NodeUtil.java	0.4082482904638631	1264	1264	2	replace	if(NodeUtil.isName(n)||  NodeUtil.isBoolean(n))  {  return  false;  }	  if(NodeUtil.isName(n)||    NodeUtil.isFunctionBoolean(n))    {    return    false;    }    	non-compiled	[CE]  	157	None	replace
1064	[BUG]  [BUGGY]  if(NodeUtil.isName(n)||  NodeUtil.isAssignmentOp(n))  {  return  false;  }  [CE]  [FE]                      IllegalStateException      [CONTEXT]      case  Token.LE:  case  Token.GE:  case  Token.IN:  case  Token.INSTANCEOF:  case  Token.NOT:  return  true;  default:      [BUGGY]  if(NodeUtil.isName(n)||  NodeUtil.isAssignmentOp(n))  {  return  false;  }  [BUGGY]      }  }  [CLASS]  NodeUtil  NumbericResultPredicate  BooleanResultPredicate  MayBeStringResultPredicate  VarCollector  MatchNameNode  MatchNodeType  MatchDeclaration  MatchNotFunction  MatchShallowStatement  [METHOD]  isBooleanResultHelper  [RETURN_TYPE]  boolean  Node  n  [VARIABLES]  BooleanResultPredicate  BOOLEAN_RESULT_PREDICATE  Set  BUILTIN_FUNCTIONS_WITHOUT_SIDEEFFECTS  CONSTRUCTORS_WITHOUT_SIDE_EFFECTS  OBJECT_METHODS_WITHOUT_SIDEEFFECTS  REGEXP_METHODS  STRING_REGEXP_METHODS  defines  emptySet  knownConstants  NumbericResultPredicate  NUMBERIC_RESULT_PREDICATE  boolean  MayBeStringResultPredicate  MAY_BE_STRING_PREDICATE  Node  n  String  JSC_PROPERTY_NAME_FN  childValue  name  namespaceName  rawJsString  s  value  Map  vars  int  c  end  nextSkipSlot  nextSlot  start  type  	projects/Closure80/src/com/google/javascript/jscomp/NodeUtil.java	0.4082482904638631	1264	1264	2	replace	if(NodeUtil.isName(n)||  NodeUtil.isAssignmentOp(n))  {  return  false;  }	  if(NodeUtil.isName(n)||    NodeUtil.isFunctionBoolean(n))    {    return    false;    }    	non-compiled	[CE]  	157	None	replace
1065	[BUG]  [BUGGY]  if(NodeUtil.isName(n)||  NodeUtil.isFunctionBoolean(n),  false)  {  return  false;  }  [CE]  [FE]                        IllegalStateException      [CONTEXT]      case  Token.LE:  case  Token.GE:  case  Token.IN:  case  Token.INSTANCEOF:  case  Token.NOT:  return  true;  default:      [BUGGY]  if(NodeUtil.isName(n)||  NodeUtil.isFunctionBoolean(n),  false)  {  return  false;  }  [BUGGY]      }  }  [CLASS]  NodeUtil  NumbericResultPredicate  BooleanResultPredicate  MayBeStringResultPredicate  VarCollector  MatchNameNode  MatchNodeType  MatchDeclaration  MatchNotFunction  MatchShallowStatement  [METHOD]  isBooleanResultHelper  [RETURN_TYPE]  boolean  Node  n  [VARIABLES]  BooleanResultPredicate  BOOLEAN_RESULT_PREDICATE  Set  BUILTIN_FUNCTIONS_WITHOUT_SIDEEFFECTS  CONSTRUCTORS_WITHOUT_SIDE_EFFECTS  OBJECT_METHODS_WITHOUT_SIDEEFFECTS  REGEXP_METHODS  STRING_REGEXP_METHODS  defines  emptySet  knownConstants  NumbericResultPredicate  NUMBERIC_RESULT_PREDICATE  boolean  MayBeStringResultPredicate  MAY_BE_STRING_PREDICATE  Node  n  String  JSC_PROPERTY_NAME_FN  childValue  name  namespaceName  rawJsString  s  value  Map  vars  int  c  end  nextSkipSlot  nextSlot  start  type  	projects/Closure80/src/com/google/javascript/jscomp/NodeUtil.java	0.4082482904638631	1264	1264	2	replace	if(NodeUtil.isName(n)||  NodeUtil.isFunctionBoolean(n),  false)  {  return  false;  }	  if(NodeUtil.isName(n)||    NodeUtil.isFunctionBoolean(n))    {    return    false;    }    	non-compiled	[CE]  	157	None	replace
1066	[BUG]  [BUGGY]  if(NodeUtil.isFunctionAnonymous(n)||  NodeUtil.isFunctionBlock(n))  {  return  false;  }  [CE]  [FE]                    IllegalStateException      [CONTEXT]      case  Token.LE:  case  Token.GE:  case  Token.IN:  case  Token.INSTANCEOF:  case  Token.NOT:  return  true;  default:      [BUGGY]  if(NodeUtil.isFunctionAnonymous(n)||  NodeUtil.isFunctionBlock(n))  {  return  false;  }  [BUGGY]      }  }  [CLASS]  NodeUtil  NumbericResultPredicate  BooleanResultPredicate  MayBeStringResultPredicate  VarCollector  MatchNameNode  MatchNodeType  MatchDeclaration  MatchNotFunction  MatchShallowStatement  [METHOD]  isBooleanResultHelper  [RETURN_TYPE]  boolean  Node  n  [VARIABLES]  BooleanResultPredicate  BOOLEAN_RESULT_PREDICATE  Set  BUILTIN_FUNCTIONS_WITHOUT_SIDEEFFECTS  CONSTRUCTORS_WITHOUT_SIDE_EFFECTS  OBJECT_METHODS_WITHOUT_SIDEEFFECTS  REGEXP_METHODS  STRING_REGEXP_METHODS  defines  emptySet  knownConstants  NumbericResultPredicate  NUMBERIC_RESULT_PREDICATE  boolean  MayBeStringResultPredicate  MAY_BE_STRING_PREDICATE  Node  n  String  JSC_PROPERTY_NAME_FN  childValue  name  namespaceName  rawJsString  s  value  Map  vars  int  c  end  nextSkipSlot  nextSlot  start  type  	projects/Closure80/src/com/google/javascript/jscomp/NodeUtil.java	0.4082482904638631	1264	1264	2	replace	if(NodeUtil.isFunctionAnonymous(n)||  NodeUtil.isFunctionBlock(n))  {  return  false;  }	  if(NodeUtil.isFunctionAnonymous(n)||    NodeUtil.isBlock(n))    {    return    false;    }    	non-compiled	[CE]  	168	None	replace
1067	[BUG]  [BUGGY]  if(n.getType()!=  Token.FUNCTION  ||  n.getFirstChild()!=  null)  {  return  false;  }  [CE]  [FE]                  IllegalStateException      [CONTEXT]      case  Token.LE:  case  Token.GE:  case  Token.IN:  case  Token.INSTANCEOF:  case  Token.NOT:  return  true;  default:      [BUGGY]  if(n.getType()!=  Token.FUNCTION  ||  n.getFirstChild()!=  null)  {  return  false;  }  [BUGGY]      }  }  [CLASS]  NodeUtil  NumbericResultPredicate  BooleanResultPredicate  MayBeStringResultPredicate  VarCollector  MatchNameNode  MatchNodeType  MatchDeclaration  MatchNotFunction  MatchShallowStatement  [METHOD]  isBooleanResultHelper  [RETURN_TYPE]  boolean  Node  n  [VARIABLES]  BooleanResultPredicate  BOOLEAN_RESULT_PREDICATE  Set  BUILTIN_FUNCTIONS_WITHOUT_SIDEEFFECTS  CONSTRUCTORS_WITHOUT_SIDE_EFFECTS  OBJECT_METHODS_WITHOUT_SIDEEFFECTS  REGEXP_METHODS  STRING_REGEXP_METHODS  defines  emptySet  knownConstants  NumbericResultPredicate  NUMBERIC_RESULT_PREDICATE  boolean  MayBeStringResultPredicate  MAY_BE_STRING_PREDICATE  Node  n  String  JSC_PROPERTY_NAME_FN  childValue  name  namespaceName  rawJsString  s  value  Map  vars  int  c  end  nextSkipSlot  nextSlot  start  type  	projects/Closure80/src/com/google/javascript/jscomp/NodeUtil.java	0.4082482904638631	1264	1264	2	replace	if(n.getType()!=  Token.FUNCTION  ||  n.getFirstChild()!=  null)  {  return  false;  }	  if(n.getType()    ==    Token.FUNCTION    ||    n.getFirstChild()!=    null)    {    return    false;    }    	non-compiled	[CE]  	120	None	replace
1068	[BUG]  [BUGGY]  if(n.getType()  ==  Token.FUNCTION  ||  n.getFirstChild()  ==  null)return  false;  }  [CE]  [FE]                    IllegalStateException      [CONTEXT]      case  Token.LE:  case  Token.GE:  case  Token.IN:  case  Token.INSTANCEOF:  case  Token.NOT:  return  true;  default:      [BUGGY]  if(n.getType()  ==  Token.FUNCTION  ||  n.getFirstChild()  ==  null)return  false;  }  [BUGGY]      }  }  [CLASS]  NodeUtil  NumbericResultPredicate  BooleanResultPredicate  MayBeStringResultPredicate  VarCollector  MatchNameNode  MatchNodeType  MatchDeclaration  MatchNotFunction  MatchShallowStatement  [METHOD]  isBooleanResultHelper  [RETURN_TYPE]  boolean  Node  n  [VARIABLES]  BooleanResultPredicate  BOOLEAN_RESULT_PREDICATE  Set  BUILTIN_FUNCTIONS_WITHOUT_SIDEEFFECTS  CONSTRUCTORS_WITHOUT_SIDE_EFFECTS  OBJECT_METHODS_WITHOUT_SIDEEFFECTS  REGEXP_METHODS  STRING_REGEXP_METHODS  defines  emptySet  knownConstants  NumbericResultPredicate  NUMBERIC_RESULT_PREDICATE  boolean  MayBeStringResultPredicate  MAY_BE_STRING_PREDICATE  Node  n  String  JSC_PROPERTY_NAME_FN  childValue  name  namespaceName  rawJsString  s  value  Map  vars  int  c  end  nextSkipSlot  nextSlot  start  type  	projects/Closure80/src/com/google/javascript/jscomp/NodeUtil.java	0.4082482904638631	1264	1264	2	replace	if(n.getType()  ==  Token.FUNCTION  ||  n.getFirstChild()  ==  null)return  false;  }	  if(n.getType()    ==    Token.FUNCTION    ||    n.getFirstChild()!=    null)    {    return    false;    }    	non-compiled	[CE]  	120	None	replace
1069	[BUG]  [BUGGY]  if(n.getType()!=  Token.FUNCTION  ||  n.getFirstChild()!=  null)return  false;  }  [CE]  [FE]                      IllegalStateException      [CONTEXT]      case  Token.LE:  case  Token.GE:  case  Token.IN:  case  Token.INSTANCEOF:  case  Token.NOT:  return  true;  default:      [BUGGY]  if(n.getType()!=  Token.FUNCTION  ||  n.getFirstChild()!=  null)return  false;  }  [BUGGY]      }  }  [CLASS]  NodeUtil  NumbericResultPredicate  BooleanResultPredicate  MayBeStringResultPredicate  VarCollector  MatchNameNode  MatchNodeType  MatchDeclaration  MatchNotFunction  MatchShallowStatement  [METHOD]  isBooleanResultHelper  [RETURN_TYPE]  boolean  Node  n  [VARIABLES]  BooleanResultPredicate  BOOLEAN_RESULT_PREDICATE  Set  BUILTIN_FUNCTIONS_WITHOUT_SIDEEFFECTS  CONSTRUCTORS_WITHOUT_SIDE_EFFECTS  OBJECT_METHODS_WITHOUT_SIDEEFFECTS  REGEXP_METHODS  STRING_REGEXP_METHODS  defines  emptySet  knownConstants  NumbericResultPredicate  NUMBERIC_RESULT_PREDICATE  boolean  MayBeStringResultPredicate  MAY_BE_STRING_PREDICATE  Node  n  String  JSC_PROPERTY_NAME_FN  childValue  name  namespaceName  rawJsString  s  value  Map  vars  int  c  end  nextSkipSlot  nextSlot  start  type  	projects/Closure80/src/com/google/javascript/jscomp/NodeUtil.java	0.4082482904638631	1264	1264	2	replace	if(n.getType()!=  Token.FUNCTION  ||  n.getFirstChild()!=  null)return  false;  }	  if(n.getType()    ==    Token.FUNCTION    ||    n.getFirstChild()!=    null)    {    return    false;    }    	non-compiled	[CE]  	120	None	replace
1070	[BUG]  [BUGGY]  if(n.getType()  ==  Token.GETPROP  &&  n  ==  null)  {  return  false;  }  [CE]  [FE]                        IllegalStateException      [CONTEXT]      case  Token.LE:  case  Token.GE:  case  Token.IN:  case  Token.INSTANCEOF:  case  Token.NOT:  return  true;  default:      [BUGGY]  if(n.getType()  ==  Token.GETPROP  &&  n  ==  null)  {  return  false;  }  [BUGGY]      }  }  [CLASS]  NodeUtil  NumbericResultPredicate  BooleanResultPredicate  MayBeStringResultPredicate  VarCollector  MatchNameNode  MatchNodeType  MatchDeclaration  MatchNotFunction  MatchShallowStatement  [METHOD]  isBooleanResultHelper  [RETURN_TYPE]  boolean  Node  n  [VARIABLES]  BooleanResultPredicate  BOOLEAN_RESULT_PREDICATE  Set  BUILTIN_FUNCTIONS_WITHOUT_SIDEEFFECTS  CONSTRUCTORS_WITHOUT_SIDE_EFFECTS  OBJECT_METHODS_WITHOUT_SIDEEFFECTS  REGEXP_METHODS  STRING_REGEXP_METHODS  defines  emptySet  knownConstants  NumbericResultPredicate  NUMBERIC_RESULT_PREDICATE  boolean  MayBeStringResultPredicate  MAY_BE_STRING_PREDICATE  Node  n  String  JSC_PROPERTY_NAME_FN  childValue  name  namespaceName  rawJsString  s  value  Map  vars  int  c  end  nextSkipSlot  nextSlot  start  type  	projects/Closure80/src/com/google/javascript/jscomp/NodeUtil.java	0.4082482904638631	1264	1264	2	replace	if(n.getType()  ==  Token.GETPROP  &&  n  ==  null)  {  return  false;  }	  if(n.getType()    ==    Token.GETPROP    &&    n!=    null)    {    return    false;    }    	non-compiled	[CE]  	132	None	replace
1071	[BUG]  [BUGGY]  n.setString(JSC_PROPERTY_NAME_FOR);  [CE]  [FE]                            IllegalStateException      [CONTEXT]      case  Token.LE:  case  Token.GE:  case  Token.IN:  case  Token.INSTANCEOF:  case  Token.NOT:  return  true;  default:      [BUGGY]  n.setString(JSC_PROPERTY_NAME_FOR);  [BUGGY]      }  }  [CLASS]  NodeUtil  NumbericResultPredicate  BooleanResultPredicate  MayBeStringResultPredicate  VarCollector  MatchNameNode  MatchNodeType  MatchDeclaration  MatchNotFunction  MatchShallowStatement  [METHOD]  isBooleanResultHelper  [RETURN_TYPE]  boolean  Node  n  [VARIABLES]  BooleanResultPredicate  BOOLEAN_RESULT_PREDICATE  Set  BUILTIN_FUNCTIONS_WITHOUT_SIDEEFFECTS  CONSTRUCTORS_WITHOUT_SIDE_EFFECTS  OBJECT_METHODS_WITHOUT_SIDEEFFECTS  REGEXP_METHODS  STRING_REGEXP_METHODS  defines  emptySet  knownConstants  NumbericResultPredicate  NUMBERIC_RESULT_PREDICATE  boolean  MayBeStringResultPredicate  MAY_BE_STRING_PREDICATE  Node  n  String  JSC_PROPERTY_NAME_FN  childValue  name  namespaceName  rawJsString  s  value  Map  vars  int  c  end  nextSkipSlot  nextSlot  start  type  	projects/Closure80/src/com/google/javascript/jscomp/NodeUtil.java	0.4082482904638631	1264	1264	2	replace	n.setString(JSC_PROPERTY_NAME_FOR);	  n.setString(JSC_PROPERTY_NAME_FN);    	non-compiled	[CE]  	69	None	replace
1072	[BUG]  [BUGGY]  if(NodeUtil.isVarDeclaration(n)||  NodeUtil.isGetProp(n))  {  return  false;  }  [CE]  [FE]              IllegalStateException      [CONTEXT]      case  Token.LE:  case  Token.GE:  case  Token.IN:  case  Token.INSTANCEOF:  case  Token.NOT:  return  true;  default:      [BUGGY]  if(NodeUtil.isVarDeclaration(n)||  NodeUtil.isGetProp(n))  {  return  false;  }  [BUGGY]      }  }  [CLASS]  NodeUtil  NumbericResultPredicate  BooleanResultPredicate  MayBeStringResultPredicate  VarCollector  MatchNameNode  MatchNodeType  MatchDeclaration  MatchNotFunction  MatchShallowStatement  [METHOD]  isBooleanResultHelper  [RETURN_TYPE]  boolean  Node  n  [VARIABLES]  BooleanResultPredicate  BOOLEAN_RESULT_PREDICATE  Set  BUILTIN_FUNCTIONS_WITHOUT_SIDEEFFECTS  CONSTRUCTORS_WITHOUT_SIDE_EFFECTS  OBJECT_METHODS_WITHOUT_SIDEEFFECTS  REGEXP_METHODS  STRING_REGEXP_METHODS  defines  emptySet  knownConstants  NumbericResultPredicate  NUMBERIC_RESULT_PREDICATE  boolean  MayBeStringResultPredicate  MAY_BE_STRING_PREDICATE  Node  n  String  JSC_PROPERTY_NAME_FN  childValue  name  namespaceName  rawJsString  s  value  Map  vars  int  c  end  nextSkipSlot  nextSlot  start  type  	projects/Closure80/src/com/google/javascript/jscomp/NodeUtil.java	0.4082482904638631	1264	1264	2	replace	if(NodeUtil.isVarDeclaration(n)||  NodeUtil.isGetProp(n))  {  return  false;  }	  if(NodeUtil.isFunctionDeclaration(n)||    NodeUtil.isGetProp(n))    {    return    false;    }    	non-compiled	[CE]  	153	None	replace
1073	[BUG]  [BUGGY]  if(n.getType()!=  Token.FUNCTION  ||  n.getType()!=  Token.EXPR_RESULT)  {  return  true;  }  [CE]  [FE]                IllegalStateException      [CONTEXT]      case  Token.LE:  case  Token.GE:  case  Token.IN:  case  Token.INSTANCEOF:  case  Token.NOT:  return  true;  default:      [BUGGY]  if(n.getType()!=  Token.FUNCTION  ||  n.getType()!=  Token.EXPR_RESULT)  {  return  true;  }  [BUGGY]      }  }  [CLASS]  NodeUtil  NumbericResultPredicate  BooleanResultPredicate  MayBeStringResultPredicate  VarCollector  MatchNameNode  MatchNodeType  MatchDeclaration  MatchNotFunction  MatchShallowStatement  [METHOD]  isBooleanResultHelper  [RETURN_TYPE]  boolean  Node  n  [VARIABLES]  BooleanResultPredicate  BOOLEAN_RESULT_PREDICATE  Set  BUILTIN_FUNCTIONS_WITHOUT_SIDEEFFECTS  CONSTRUCTORS_WITHOUT_SIDE_EFFECTS  OBJECT_METHODS_WITHOUT_SIDEEFFECTS  REGEXP_METHODS  STRING_REGEXP_METHODS  defines  emptySet  knownConstants  NumbericResultPredicate  NUMBERIC_RESULT_PREDICATE  boolean  MayBeStringResultPredicate  MAY_BE_STRING_PREDICATE  Node  n  String  JSC_PROPERTY_NAME_FN  childValue  name  namespaceName  rawJsString  s  value  Map  vars  int  c  end  nextSkipSlot  nextSlot  start  type  	projects/Closure80/src/com/google/javascript/jscomp/NodeUtil.java	0.4082482904638631	1264	1264	2	replace	if(n.getType()!=  Token.FUNCTION  ||  n.getType()!=  Token.EXPR_RESULT)  {  return  true;  }	  if(n.getType()!=    Token.FUNCTION)    {    return    true;    }    	non-compiled	[CE]  	119	None	replace
1074	[BUG]  [BUGGY]  if(n.getType()!=  Token.FUNCTION  ||  n.getType()!=  Token.VAR)  {  return  true;  }  [CE]  [FE]                  IllegalStateException      [CONTEXT]      case  Token.LE:  case  Token.GE:  case  Token.IN:  case  Token.INSTANCEOF:  case  Token.NOT:  return  true;  default:      [BUGGY]  if(n.getType()!=  Token.FUNCTION  ||  n.getType()!=  Token.VAR)  {  return  true;  }  [BUGGY]      }  }  [CLASS]  NodeUtil  NumbericResultPredicate  BooleanResultPredicate  MayBeStringResultPredicate  VarCollector  MatchNameNode  MatchNodeType  MatchDeclaration  MatchNotFunction  MatchShallowStatement  [METHOD]  isBooleanResultHelper  [RETURN_TYPE]  boolean  Node  n  [VARIABLES]  BooleanResultPredicate  BOOLEAN_RESULT_PREDICATE  Set  BUILTIN_FUNCTIONS_WITHOUT_SIDEEFFECTS  CONSTRUCTORS_WITHOUT_SIDE_EFFECTS  OBJECT_METHODS_WITHOUT_SIDEEFFECTS  REGEXP_METHODS  STRING_REGEXP_METHODS  defines  emptySet  knownConstants  NumbericResultPredicate  NUMBERIC_RESULT_PREDICATE  boolean  MayBeStringResultPredicate  MAY_BE_STRING_PREDICATE  Node  n  String  JSC_PROPERTY_NAME_FN  childValue  name  namespaceName  rawJsString  s  value  Map  vars  int  c  end  nextSkipSlot  nextSlot  start  type  	projects/Closure80/src/com/google/javascript/jscomp/NodeUtil.java	0.4082482904638631	1264	1264	2	replace	if(n.getType()!=  Token.FUNCTION  ||  n.getType()!=  Token.VAR)  {  return  true;  }	  if(n.getType()!=    Token.FUNCTION)    {    return    true;    }    	non-compiled	[CE]  	119	None	replace
1075	[BUG]  [BUGGY]  Neighbor  c  =  n.getFirstChild();  c!=  null;  c  =  c.getNext())  {  Node  n  =  c.getNext();  if(n.getType()  ==  Token.FUNCTION)  {  return  false;  }  [CE]  [FE]                            IllegalStateException      [CONTEXT]      case  Token.LE:  case  Token.GE:  case  Token.IN:  case  Token.INSTANCEOF:  case  Token.NOT:  return  true;  default:      [BUGGY]  Neighbor  c  =  n.getFirstChild();  c!=  null;  c  =  c.getNext())  {  Node  n  =  c.getNext();  if(n.getType()  ==  Token.FUNCTION)  {  return  false;  }  [BUGGY]      }  }  [CLASS]  NodeUtil  NumbericResultPredicate  BooleanResultPredicate  MayBeStringResultPredicate  VarCollector  MatchNameNode  MatchNodeType  MatchDeclaration  MatchNotFunction  MatchShallowStatement  [METHOD]  isBooleanResultHelper  [RETURN_TYPE]  boolean  Node  n  [VARIABLES]  BooleanResultPredicate  BOOLEAN_RESULT_PREDICATE  Set  BUILTIN_FUNCTIONS_WITHOUT_SIDEEFFECTS  CONSTRUCTORS_WITHOUT_SIDE_EFFECTS  OBJECT_METHODS_WITHOUT_SIDEEFFECTS  REGEXP_METHODS  STRING_REGEXP_METHODS  defines  emptySet  knownConstants  NumbericResultPredicate  NUMBERIC_RESULT_PREDICATE  boolean  MayBeStringResultPredicate  MAY_BE_STRING_PREDICATE  Node  n  String  JSC_PROPERTY_NAME_FN  childValue  name  namespaceName  rawJsString  s  value  Map  vars  int  c  end  nextSkipSlot  nextSlot  start  type  	projects/Closure80/src/com/google/javascript/jscomp/NodeUtil.java	0.4082482904638631	1264	1264	2	replace	Neighbor  c  =  n.getFirstChild();  c!=  null;  c  =  c.getNext())  {  Node  n  =  c.getNext();  if(n.getType()  ==  Token.FUNCTION)  {  return  false;  }	  for(Node    c    =    n.getFirstChild();    c!=    null;    c    =    c.getNext())    {    Node    n    =    c.getNext();    if(n.getType()    ==    Token.FUNCTION)    {    return    false;    }    	non-compiled	[CE]  	145	None	replace
1076	[BUG]  [BUGGY]  for(Node  c  =  n.getFirstChild();  c!=  null;  c  =  c.getNext())  {  Node  n  =  c.getNext();  if(n.getType()  ==  Token.FUNCTION)  {  return  false  [CE]  [FE]                              IllegalStateException      [CONTEXT]      case  Token.LE:  case  Token.GE:  case  Token.IN:  case  Token.INSTANCEOF:  case  Token.NOT:  return  true;  default:      [BUGGY]  for(Node  c  =  n.getFirstChild();  c!=  null;  c  =  c.getNext())  {  Node  n  =  c.getNext();  if(n.getType()  ==  Token.FUNCTION)  {  return  false  [BUGGY]      }  }  [CLASS]  NodeUtil  NumbericResultPredicate  BooleanResultPredicate  MayBeStringResultPredicate  VarCollector  MatchNameNode  MatchNodeType  MatchDeclaration  MatchNotFunction  MatchShallowStatement  [METHOD]  isBooleanResultHelper  [RETURN_TYPE]  boolean  Node  n  [VARIABLES]  BooleanResultPredicate  BOOLEAN_RESULT_PREDICATE  Set  BUILTIN_FUNCTIONS_WITHOUT_SIDEEFFECTS  CONSTRUCTORS_WITHOUT_SIDE_EFFECTS  OBJECT_METHODS_WITHOUT_SIDEEFFECTS  REGEXP_METHODS  STRING_REGEXP_METHODS  defines  emptySet  knownConstants  NumbericResultPredicate  NUMBERIC_RESULT_PREDICATE  boolean  MayBeStringResultPredicate  MAY_BE_STRING_PREDICATE  Node  n  String  JSC_PROPERTY_NAME_FN  childValue  name  namespaceName  rawJsString  s  value  Map  vars  int  c  end  nextSkipSlot  nextSlot  start  type  	projects/Closure80/src/com/google/javascript/jscomp/NodeUtil.java	0.4082482904638631	1264	1264	2	replace	for(Node  c  =  n.getFirstChild();  c!=  null;  c  =  c.getNext())  {  Node  n  =  c.getNext();  if(n.getType()  ==  Token.FUNCTION)  {  return  false	  for(Node    c    =    n.getFirstChild();    c!=    null;    c    =    c.getNext())    {    Node    n    =    c.getNext();    if(n.getType()    ==    Token.FUNCTION)    {    return    false;    }    	non-compiled	[CE]  	145	None	replace
1077	[BUG]  [BUGGY]  if(NodeUtil.isFunctionAnonymous(n)||  NodeUtil.isFunctionDeclaration(n))  {  return  true;  }  [CE]  [FE]                    IllegalStateException      [CONTEXT]      case  Token.LE:  case  Token.GE:  case  Token.IN:  case  Token.INSTANCEOF:  case  Token.NOT:  return  true;  default:      [BUGGY]  if(NodeUtil.isFunctionAnonymous(n)||  NodeUtil.isFunctionDeclaration(n))  {  return  true;  }  [BUGGY]      }  }  [CLASS]  NodeUtil  NumbericResultPredicate  BooleanResultPredicate  MayBeStringResultPredicate  VarCollector  MatchNameNode  MatchNodeType  MatchDeclaration  MatchNotFunction  MatchShallowStatement  [METHOD]  isBooleanResultHelper  [RETURN_TYPE]  boolean  Node  n  [VARIABLES]  BooleanResultPredicate  BOOLEAN_RESULT_PREDICATE  Set  BUILTIN_FUNCTIONS_WITHOUT_SIDEEFFECTS  CONSTRUCTORS_WITHOUT_SIDE_EFFECTS  OBJECT_METHODS_WITHOUT_SIDEEFFECTS  REGEXP_METHODS  STRING_REGEXP_METHODS  defines  emptySet  knownConstants  NumbericResultPredicate  NUMBERIC_RESULT_PREDICATE  boolean  MayBeStringResultPredicate  MAY_BE_STRING_PREDICATE  Node  n  String  JSC_PROPERTY_NAME_FN  childValue  name  namespaceName  rawJsString  s  value  Map  vars  int  c  end  nextSkipSlot  nextSlot  start  type  	projects/Closure80/src/com/google/javascript/jscomp/NodeUtil.java	0.4082482904638631	1264	1264	2	replace	if(NodeUtil.isFunctionAnonymous(n)||  NodeUtil.isFunctionDeclaration(n))  {  return  true;  }	  if(NodeUtil.isFunctionAnonymous(n)||    NodeUtil.isFunctionDeclaration(n))    {    return    false;    }    	non-compiled	[CE]  	139	None	replace
1078	[BUG]  [BUGGY]  if(NodeUtil.isAssignmentOp(n)||  NodeUtil.isFunctionDeclaration(n))  {  return  false;  }  [CE]  [FE]                      IllegalStateException      [CONTEXT]      case  Token.LE:  case  Token.GE:  case  Token.IN:  case  Token.INSTANCEOF:  case  Token.NOT:  return  true;  default:      [BUGGY]  if(NodeUtil.isAssignmentOp(n)||  NodeUtil.isFunctionDeclaration(n))  {  return  false;  }  [BUGGY]      }  }  [CLASS]  NodeUtil  NumbericResultPredicate  BooleanResultPredicate  MayBeStringResultPredicate  VarCollector  MatchNameNode  MatchNodeType  MatchDeclaration  MatchNotFunction  MatchShallowStatement  [METHOD]  isBooleanResultHelper  [RETURN_TYPE]  boolean  Node  n  [VARIABLES]  BooleanResultPredicate  BOOLEAN_RESULT_PREDICATE  Set  BUILTIN_FUNCTIONS_WITHOUT_SIDEEFFECTS  CONSTRUCTORS_WITHOUT_SIDE_EFFECTS  OBJECT_METHODS_WITHOUT_SIDEEFFECTS  REGEXP_METHODS  STRING_REGEXP_METHODS  defines  emptySet  knownConstants  NumbericResultPredicate  NUMBERIC_RESULT_PREDICATE  boolean  MayBeStringResultPredicate  MAY_BE_STRING_PREDICATE  Node  n  String  JSC_PROPERTY_NAME_FN  childValue  name  namespaceName  rawJsString  s  value  Map  vars  int  c  end  nextSkipSlot  nextSlot  start  type  	projects/Closure80/src/com/google/javascript/jscomp/NodeUtil.java	0.4082482904638631	1264	1264	2	replace	if(NodeUtil.isAssignmentOp(n)||  NodeUtil.isFunctionDeclaration(n))  {  return  false;  }	  if(NodeUtil.isFunctionAnonymous(n)||    NodeUtil.isFunctionDeclaration(n))    {    return    false;    }    	non-compiled	[CE]  	139	None	replace
1079	[BUG]  [BUGGY]  return(n.getType()  ==  Token.NAME)&&  BooleanResultPredicate.BOOLEAN_RESULT_PREDICATE  :  BooleanResultPredicate.FALSE;  [CE]  [FE]                  IllegalStateException      [CONTEXT]      case  Token.LE:  case  Token.GE:  case  Token.IN:  case  Token.INSTANCEOF:  case  Token.NOT:  return  true;  default:      [BUGGY]  return(n.getType()  ==  Token.NAME)&&  BooleanResultPredicate.BOOLEAN_RESULT_PREDICATE  :  BooleanResultPredicate.FALSE;  [BUGGY]      }  }  [CLASS]  NodeUtil  NumbericResultPredicate  BooleanResultPredicate  MayBeStringResultPredicate  VarCollector  MatchNameNode  MatchNodeType  MatchDeclaration  MatchNotFunction  MatchShallowStatement  [METHOD]  isBooleanResultHelper  [RETURN_TYPE]  boolean  Node  n  [VARIABLES]  BooleanResultPredicate  BOOLEAN_RESULT_PREDICATE  Set  BUILTIN_FUNCTIONS_WITHOUT_SIDEEFFECTS  CONSTRUCTORS_WITHOUT_SIDE_EFFECTS  OBJECT_METHODS_WITHOUT_SIDEEFFECTS  REGEXP_METHODS  STRING_REGEXP_METHODS  defines  emptySet  knownConstants  NumbericResultPredicate  NUMBERIC_RESULT_PREDICATE  boolean  MayBeStringResultPredicate  MAY_BE_STRING_PREDICATE  Node  n  String  JSC_PROPERTY_NAME_FN  childValue  name  namespaceName  rawJsString  s  value  Map  vars  int  c  end  nextSkipSlot  nextSlot  start  type  	projects/Closure80/src/com/google/javascript/jscomp/NodeUtil.java	0.4082482904638631	1264	1264	2	replace	return(n.getType()  ==  Token.NAME)&&  BooleanResultPredicate.BOOLEAN_RESULT_PREDICATE  :  BooleanResultPredicate.FALSE;	  return(n.getType()    ==    Token.NAME)&&    BooleanResultPredicate.UNKNOWN    :    BooleanResultPredicate.FALSE;    	non-compiled	[CE]  	51	None	replace
1080	[BUG]  [BUGGY]  if(NodeUtil.isLiteralValue(n)||!NodeUtil.isFunctionDeclaration(n))  {  return  false;  }  [CE]  [FE]                      IllegalStateException      [CONTEXT]      case  Token.LE:  case  Token.GE:  case  Token.IN:  case  Token.INSTANCEOF:  case  Token.NOT:  return  true;  default:      [BUGGY]  if(NodeUtil.isLiteralValue(n)||!NodeUtil.isFunctionDeclaration(n))  {  return  false;  }  [BUGGY]      }  }  [CLASS]  NodeUtil  NumbericResultPredicate  BooleanResultPredicate  MayBeStringResultPredicate  VarCollector  MatchNameNode  MatchNodeType  MatchDeclaration  MatchNotFunction  MatchShallowStatement  [METHOD]  isBooleanResultHelper  [RETURN_TYPE]  boolean  Node  n  [VARIABLES]  BooleanResultPredicate  BOOLEAN_RESULT_PREDICATE  Set  BUILTIN_FUNCTIONS_WITHOUT_SIDEEFFECTS  CONSTRUCTORS_WITHOUT_SIDE_EFFECTS  OBJECT_METHODS_WITHOUT_SIDEEFFECTS  REGEXP_METHODS  STRING_REGEXP_METHODS  defines  emptySet  knownConstants  NumbericResultPredicate  NUMBERIC_RESULT_PREDICATE  boolean  MayBeStringResultPredicate  MAY_BE_STRING_PREDICATE  Node  n  String  JSC_PROPERTY_NAME_FN  childValue  name  namespaceName  rawJsString  s  value  Map  vars  int  c  end  nextSkipSlot  nextSlot  start  type  	projects/Closure80/src/com/google/javascript/jscomp/NodeUtil.java	0.4082482904638631	1264	1264	2	replace	if(NodeUtil.isLiteralValue(n)||!NodeUtil.isFunctionDeclaration(n))  {  return  false;  }	  if(NodeUtil.isFunctionDeclaration(n)||!NodeUtil.isFunctionDeclaration(n))    {    return    false;    }    	non-compiled	[CE]  	9	None	replace
1081	[BUG]  [BUGGY]  if(NodeUtil.isFunctionDeclaration(n)||!NodeUtil.isStatementBlock(n))  {  return  false;  }  [CE]  [FE]                        IllegalStateException      [CONTEXT]      case  Token.LE:  case  Token.GE:  case  Token.IN:  case  Token.INSTANCEOF:  case  Token.NOT:  return  true;  default:      [BUGGY]  if(NodeUtil.isFunctionDeclaration(n)||!NodeUtil.isStatementBlock(n))  {  return  false;  }  [BUGGY]      }  }  [CLASS]  NodeUtil  NumbericResultPredicate  BooleanResultPredicate  MayBeStringResultPredicate  VarCollector  MatchNameNode  MatchNodeType  MatchDeclaration  MatchNotFunction  MatchShallowStatement  [METHOD]  isBooleanResultHelper  [RETURN_TYPE]  boolean  Node  n  [VARIABLES]  BooleanResultPredicate  BOOLEAN_RESULT_PREDICATE  Set  BUILTIN_FUNCTIONS_WITHOUT_SIDEEFFECTS  CONSTRUCTORS_WITHOUT_SIDE_EFFECTS  OBJECT_METHODS_WITHOUT_SIDEEFFECTS  REGEXP_METHODS  STRING_REGEXP_METHODS  defines  emptySet  knownConstants  NumbericResultPredicate  NUMBERIC_RESULT_PREDICATE  boolean  MayBeStringResultPredicate  MAY_BE_STRING_PREDICATE  Node  n  String  JSC_PROPERTY_NAME_FN  childValue  name  namespaceName  rawJsString  s  value  Map  vars  int  c  end  nextSkipSlot  nextSlot  start  type  	projects/Closure80/src/com/google/javascript/jscomp/NodeUtil.java	0.4082482904638631	1264	1264	2	replace	if(NodeUtil.isFunctionDeclaration(n)||!NodeUtil.isStatementBlock(n))  {  return  false;  }	  if(NodeUtil.isFunctionDeclaration(n)||!NodeUtil.isFunctionDeclaration(n))    {    return    false;    }    	non-compiled	[CE]  	9	None	replace
1082	[BUG]  [BUGGY]  if(NodeUtil.isFunctionDeclaration(n)||!NodeUtil.isVarDeclaration(n))  {  return  false;  }  [CE]  [FE]                          IllegalStateException      [CONTEXT]      case  Token.LE:  case  Token.GE:  case  Token.IN:  case  Token.INSTANCEOF:  case  Token.NOT:  return  true;  default:      [BUGGY]  if(NodeUtil.isFunctionDeclaration(n)||!NodeUtil.isVarDeclaration(n))  {  return  false;  }  [BUGGY]      }  }  [CLASS]  NodeUtil  NumbericResultPredicate  BooleanResultPredicate  MayBeStringResultPredicate  VarCollector  MatchNameNode  MatchNodeType  MatchDeclaration  MatchNotFunction  MatchShallowStatement  [METHOD]  isBooleanResultHelper  [RETURN_TYPE]  boolean  Node  n  [VARIABLES]  BooleanResultPredicate  BOOLEAN_RESULT_PREDICATE  Set  BUILTIN_FUNCTIONS_WITHOUT_SIDEEFFECTS  CONSTRUCTORS_WITHOUT_SIDE_EFFECTS  OBJECT_METHODS_WITHOUT_SIDEEFFECTS  REGEXP_METHODS  STRING_REGEXP_METHODS  defines  emptySet  knownConstants  NumbericResultPredicate  NUMBERIC_RESULT_PREDICATE  boolean  MayBeStringResultPredicate  MAY_BE_STRING_PREDICATE  Node  n  String  JSC_PROPERTY_NAME_FN  childValue  name  namespaceName  rawJsString  s  value  Map  vars  int  c  end  nextSkipSlot  nextSlot  start  type  	projects/Closure80/src/com/google/javascript/jscomp/NodeUtil.java	0.4082482904638631	1264	1264	2	replace	if(NodeUtil.isFunctionDeclaration(n)||!NodeUtil.isVarDeclaration(n))  {  return  false;  }	  if(NodeUtil.isFunctionDeclaration(n)||!NodeUtil.isFunctionDeclaration(n))    {    return    false;    }    	non-compiled	[CE]  	9	None	replace
1083	[BUG]  [BUGGY]  if(NodeUtil.isVar(n)||  NodeUtil.isFunctionAnonymous(n))  {  return  true;  }  [CE]  [FE]                  IllegalStateException      [CONTEXT]      case  Token.LE:  case  Token.GE:  case  Token.IN:  case  Token.INSTANCEOF:  case  Token.NOT:  return  true;  default:      [BUGGY]  if(NodeUtil.isVar(n)||  NodeUtil.isFunctionAnonymous(n))  {  return  true;  }  [BUGGY]      }  }  [CLASS]  NodeUtil  NumbericResultPredicate  BooleanResultPredicate  MayBeStringResultPredicate  VarCollector  MatchNameNode  MatchNodeType  MatchDeclaration  MatchNotFunction  MatchShallowStatement  [METHOD]  isBooleanResultHelper  [RETURN_TYPE]  boolean  Node  n  [VARIABLES]  BooleanResultPredicate  BOOLEAN_RESULT_PREDICATE  Set  BUILTIN_FUNCTIONS_WITHOUT_SIDEEFFECTS  CONSTRUCTORS_WITHOUT_SIDE_EFFECTS  OBJECT_METHODS_WITHOUT_SIDEEFFECTS  REGEXP_METHODS  STRING_REGEXP_METHODS  defines  emptySet  knownConstants  NumbericResultPredicate  NUMBERIC_RESULT_PREDICATE  boolean  MayBeStringResultPredicate  MAY_BE_STRING_PREDICATE  Node  n  String  JSC_PROPERTY_NAME_FN  childValue  name  namespaceName  rawJsString  s  value  Map  vars  int  c  end  nextSkipSlot  nextSlot  start  type  	projects/Closure80/src/com/google/javascript/jscomp/NodeUtil.java	0.4082482904638631	1264	1264	2	replace	if(NodeUtil.isVar(n)||  NodeUtil.isFunctionAnonymous(n))  {  return  true;  }	  if(NodeUtil.isName(n)||    NodeUtil.isFunctionAnonymous(n))    {    return    true;    }    	non-compiled	[CE]  	160	None	replace
1084	[BUG]  [BUGGY]  if(NodeUtil.isName(n)||  NodeUtil.isAssignmentOp(n))  {  return  true;  }  [CE]  [FE]                    IllegalStateException      [CONTEXT]      case  Token.LE:  case  Token.GE:  case  Token.IN:  case  Token.INSTANCEOF:  case  Token.NOT:  return  true;  default:      [BUGGY]  if(NodeUtil.isName(n)||  NodeUtil.isAssignmentOp(n))  {  return  true;  }  [BUGGY]      }  }  [CLASS]  NodeUtil  NumbericResultPredicate  BooleanResultPredicate  MayBeStringResultPredicate  VarCollector  MatchNameNode  MatchNodeType  MatchDeclaration  MatchNotFunction  MatchShallowStatement  [METHOD]  isBooleanResultHelper  [RETURN_TYPE]  boolean  Node  n  [VARIABLES]  BooleanResultPredicate  BOOLEAN_RESULT_PREDICATE  Set  BUILTIN_FUNCTIONS_WITHOUT_SIDEEFFECTS  CONSTRUCTORS_WITHOUT_SIDE_EFFECTS  OBJECT_METHODS_WITHOUT_SIDEEFFECTS  REGEXP_METHODS  STRING_REGEXP_METHODS  defines  emptySet  knownConstants  NumbericResultPredicate  NUMBERIC_RESULT_PREDICATE  boolean  MayBeStringResultPredicate  MAY_BE_STRING_PREDICATE  Node  n  String  JSC_PROPERTY_NAME_FN  childValue  name  namespaceName  rawJsString  s  value  Map  vars  int  c  end  nextSkipSlot  nextSlot  start  type  	projects/Closure80/src/com/google/javascript/jscomp/NodeUtil.java	0.4082482904638631	1264	1264	2	replace	if(NodeUtil.isName(n)||  NodeUtil.isAssignmentOp(n))  {  return  true;  }	  if(NodeUtil.isName(n)||    NodeUtil.isFunctionAnonymous(n))    {    return    true;    }    	non-compiled	[CE]  	160	None	replace
1085	[BUG]  [BUGGY]  if(NodeUtil.isName(n)||  NodeUtil.isGetProp(n))  {  return  true;  }  [CE]  [FE]                      IllegalStateException      [CONTEXT]      case  Token.LE:  case  Token.GE:  case  Token.IN:  case  Token.INSTANCEOF:  case  Token.NOT:  return  true;  default:      [BUGGY]  if(NodeUtil.isName(n)||  NodeUtil.isGetProp(n))  {  return  true;  }  [BUGGY]      }  }  [CLASS]  NodeUtil  NumbericResultPredicate  BooleanResultPredicate  MayBeStringResultPredicate  VarCollector  MatchNameNode  MatchNodeType  MatchDeclaration  MatchNotFunction  MatchShallowStatement  [METHOD]  isBooleanResultHelper  [RETURN_TYPE]  boolean  Node  n  [VARIABLES]  BooleanResultPredicate  BOOLEAN_RESULT_PREDICATE  Set  BUILTIN_FUNCTIONS_WITHOUT_SIDEEFFECTS  CONSTRUCTORS_WITHOUT_SIDE_EFFECTS  OBJECT_METHODS_WITHOUT_SIDEEFFECTS  REGEXP_METHODS  STRING_REGEXP_METHODS  defines  emptySet  knownConstants  NumbericResultPredicate  NUMBERIC_RESULT_PREDICATE  boolean  MayBeStringResultPredicate  MAY_BE_STRING_PREDICATE  Node  n  String  JSC_PROPERTY_NAME_FN  childValue  name  namespaceName  rawJsString  s  value  Map  vars  int  c  end  nextSkipSlot  nextSlot  start  type  	projects/Closure80/src/com/google/javascript/jscomp/NodeUtil.java	0.4082482904638631	1264	1264	2	replace	if(NodeUtil.isName(n)||  NodeUtil.isGetProp(n))  {  return  true;  }	  if(NodeUtil.isName(n)||    NodeUtil.isFunctionAnonymous(n))    {    return    true;    }    	non-compiled	[CE]  	160	None	replace
1086	[BUG]  [BUGGY]  if(NodeUtil.isName(n)||  NodeUtil.isVar(n))  {  return  true;  }  [CE]  [FE]                        IllegalStateException      [CONTEXT]      case  Token.LE:  case  Token.GE:  case  Token.IN:  case  Token.INSTANCEOF:  case  Token.NOT:  return  true;  default:      [BUGGY]  if(NodeUtil.isName(n)||  NodeUtil.isVar(n))  {  return  true;  }  [BUGGY]      }  }  [CLASS]  NodeUtil  NumbericResultPredicate  BooleanResultPredicate  MayBeStringResultPredicate  VarCollector  MatchNameNode  MatchNodeType  MatchDeclaration  MatchNotFunction  MatchShallowStatement  [METHOD]  isBooleanResultHelper  [RETURN_TYPE]  boolean  Node  n  [VARIABLES]  BooleanResultPredicate  BOOLEAN_RESULT_PREDICATE  Set  BUILTIN_FUNCTIONS_WITHOUT_SIDEEFFECTS  CONSTRUCTORS_WITHOUT_SIDE_EFFECTS  OBJECT_METHODS_WITHOUT_SIDEEFFECTS  REGEXP_METHODS  STRING_REGEXP_METHODS  defines  emptySet  knownConstants  NumbericResultPredicate  NUMBERIC_RESULT_PREDICATE  boolean  MayBeStringResultPredicate  MAY_BE_STRING_PREDICATE  Node  n  String  JSC_PROPERTY_NAME_FN  childValue  name  namespaceName  rawJsString  s  value  Map  vars  int  c  end  nextSkipSlot  nextSlot  start  type  	projects/Closure80/src/com/google/javascript/jscomp/NodeUtil.java	0.4082482904638631	1264	1264	2	replace	if(NodeUtil.isName(n)||  NodeUtil.isVar(n))  {  return  true;  }	  if(NodeUtil.isName(n)||    NodeUtil.isFunctionAnonymous(n))    {    return    true;    }    	non-compiled	[CE]  	160	None	replace
1087	[BUG]  [BUGGY]  if(NodeUtil.isName(n)||  NodeUtil.isLhs(n))  {  return  true;  }  [CE]  [FE]                          IllegalStateException      [CONTEXT]      case  Token.LE:  case  Token.GE:  case  Token.IN:  case  Token.INSTANCEOF:  case  Token.NOT:  return  true;  default:      [BUGGY]  if(NodeUtil.isName(n)||  NodeUtil.isLhs(n))  {  return  true;  }  [BUGGY]      }  }  [CLASS]  NodeUtil  NumbericResultPredicate  BooleanResultPredicate  MayBeStringResultPredicate  VarCollector  MatchNameNode  MatchNodeType  MatchDeclaration  MatchNotFunction  MatchShallowStatement  [METHOD]  isBooleanResultHelper  [RETURN_TYPE]  boolean  Node  n  [VARIABLES]  BooleanResultPredicate  BOOLEAN_RESULT_PREDICATE  Set  BUILTIN_FUNCTIONS_WITHOUT_SIDEEFFECTS  CONSTRUCTORS_WITHOUT_SIDE_EFFECTS  OBJECT_METHODS_WITHOUT_SIDEEFFECTS  REGEXP_METHODS  STRING_REGEXP_METHODS  defines  emptySet  knownConstants  NumbericResultPredicate  NUMBERIC_RESULT_PREDICATE  boolean  MayBeStringResultPredicate  MAY_BE_STRING_PREDICATE  Node  n  String  JSC_PROPERTY_NAME_FN  childValue  name  namespaceName  rawJsString  s  value  Map  vars  int  c  end  nextSkipSlot  nextSlot  start  type  	projects/Closure80/src/com/google/javascript/jscomp/NodeUtil.java	0.4082482904638631	1264	1264	2	replace	if(NodeUtil.isName(n)||  NodeUtil.isLhs(n))  {  return  true;  }	  if(NodeUtil.isName(n)||    NodeUtil.isFunctionAnonymous(n))    {    return    true;    }    	non-compiled	[CE]  	160	None	replace
1088	[BUG]  [BUGGY]  if(n.getType()!=  Token.GETPROP  ||  n.getType()  ==  Token.VAR)  {  return  false;  }  [CE]  [FE]                    IllegalStateException      [CONTEXT]      case  Token.LE:  case  Token.GE:  case  Token.IN:  case  Token.INSTANCEOF:  case  Token.NOT:  return  true;  default:      [BUGGY]  if(n.getType()!=  Token.GETPROP  ||  n.getType()  ==  Token.VAR)  {  return  false;  }  [BUGGY]      }  }  [CLASS]  NodeUtil  NumbericResultPredicate  BooleanResultPredicate  MayBeStringResultPredicate  VarCollector  MatchNameNode  MatchNodeType  MatchDeclaration  MatchNotFunction  MatchShallowStatement  [METHOD]  isBooleanResultHelper  [RETURN_TYPE]  boolean  Node  n  [VARIABLES]  BooleanResultPredicate  BOOLEAN_RESULT_PREDICATE  Set  BUILTIN_FUNCTIONS_WITHOUT_SIDEEFFECTS  CONSTRUCTORS_WITHOUT_SIDE_EFFECTS  OBJECT_METHODS_WITHOUT_SIDEEFFECTS  REGEXP_METHODS  STRING_REGEXP_METHODS  defines  emptySet  knownConstants  NumbericResultPredicate  NUMBERIC_RESULT_PREDICATE  boolean  MayBeStringResultPredicate  MAY_BE_STRING_PREDICATE  Node  n  String  JSC_PROPERTY_NAME_FN  childValue  name  namespaceName  rawJsString  s  value  Map  vars  int  c  end  nextSkipSlot  nextSlot  start  type  	projects/Closure80/src/com/google/javascript/jscomp/NodeUtil.java	0.4082482904638631	1264	1264	2	replace	if(n.getType()!=  Token.GETPROP  ||  n.getType()  ==  Token.VAR)  {  return  false;  }	  if(n.getType()    ==    Token.GETPROP    ||    n.getType()    ==    Token.VAR)    {    return    false;    }    	non-compiled	[CE]  	130	None	replace
1089	[BUG]  [BUGGY]  if(n.getType()  ==  Token.NAME  ||  n.getType()  ==  Token.VAR)return  true;  }  [CE]  [FE]                      IllegalStateException      [CONTEXT]      case  Token.LE:  case  Token.GE:  case  Token.IN:  case  Token.INSTANCEOF:  case  Token.NOT:  return  true;  default:      [BUGGY]  if(n.getType()  ==  Token.NAME  ||  n.getType()  ==  Token.VAR)return  true;  }  [BUGGY]      }  }  [CLASS]  NodeUtil  NumbericResultPredicate  BooleanResultPredicate  MayBeStringResultPredicate  VarCollector  MatchNameNode  MatchNodeType  MatchDeclaration  MatchNotFunction  MatchShallowStatement  [METHOD]  isBooleanResultHelper  [RETURN_TYPE]  boolean  Node  n  [VARIABLES]  BooleanResultPredicate  BOOLEAN_RESULT_PREDICATE  Set  BUILTIN_FUNCTIONS_WITHOUT_SIDEEFFECTS  CONSTRUCTORS_WITHOUT_SIDE_EFFECTS  OBJECT_METHODS_WITHOUT_SIDEEFFECTS  REGEXP_METHODS  STRING_REGEXP_METHODS  defines  emptySet  knownConstants  NumbericResultPredicate  NUMBERIC_RESULT_PREDICATE  boolean  MayBeStringResultPredicate  MAY_BE_STRING_PREDICATE  Node  n  String  JSC_PROPERTY_NAME_FN  childValue  name  namespaceName  rawJsString  s  value  Map  vars  int  c  end  nextSkipSlot  nextSlot  start  type  	projects/Closure80/src/com/google/javascript/jscomp/NodeUtil.java	0.4082482904638631	1264	1264	2	replace	if(n.getType()  ==  Token.NAME  ||  n.getType()  ==  Token.VAR)return  true;  }	  if(n.getType()    ==    Token.NAME    ||    n.getType()    ==    Token.VAR)    {    return    true;    }    	non-compiled	[CE]  	170	None	replace
1090	[BUG]  [BUGGY]  return(n.getFirstChild()!=  n)?  BooleanResultPredicate.FALSE  :  BooleanResultPredicate.BOOLEAN;  [CE]  [FE]                            IllegalStateException      [CONTEXT]      case  Token.LE:  case  Token.GE:  case  Token.IN:  case  Token.INSTANCEOF:  case  Token.NOT:  return  true;  default:      [BUGGY]  return(n.getFirstChild()!=  n)?  BooleanResultPredicate.FALSE  :  BooleanResultPredicate.BOOLEAN;  [BUGGY]      }  }  [CLASS]  NodeUtil  NumbericResultPredicate  BooleanResultPredicate  MayBeStringResultPredicate  VarCollector  MatchNameNode  MatchNodeType  MatchDeclaration  MatchNotFunction  MatchShallowStatement  [METHOD]  isBooleanResultHelper  [RETURN_TYPE]  boolean  Node  n  [VARIABLES]  BooleanResultPredicate  BOOLEAN_RESULT_PREDICATE  Set  BUILTIN_FUNCTIONS_WITHOUT_SIDEEFFECTS  CONSTRUCTORS_WITHOUT_SIDE_EFFECTS  OBJECT_METHODS_WITHOUT_SIDEEFFECTS  REGEXP_METHODS  STRING_REGEXP_METHODS  defines  emptySet  knownConstants  NumbericResultPredicate  NUMBERIC_RESULT_PREDICATE  boolean  MayBeStringResultPredicate  MAY_BE_STRING_PREDICATE  Node  n  String  JSC_PROPERTY_NAME_FN  childValue  name  namespaceName  rawJsString  s  value  Map  vars  int  c  end  nextSkipSlot  nextSlot  start  type  	projects/Closure80/src/com/google/javascript/jscomp/NodeUtil.java	0.4082482904638631	1264	1264	2	replace	return(n.getFirstChild()!=  n)?  BooleanResultPredicate.FALSE  :  BooleanResultPredicate.BOOLEAN;	  return(n.getType()!=    Token.NAME)?    BooleanResultPredicate.FALSE    :    BooleanResultPredicate.BOOLEAN;    	non-compiled	[CE]  	50	None	replace
1091	[BUG]  [BUGGY]  return(n.getType()  ==  Token.NAME)?  BooleanResultPredicate.FIELD_FALSE  :  BooleanResultPredicate.BOOLEAN;  [CE]  [FE]                              IllegalStateException      [CONTEXT]      case  Token.LE:  case  Token.GE:  case  Token.IN:  case  Token.INSTANCEOF:  case  Token.NOT:  return  true;  default:      [BUGGY]  return(n.getType()  ==  Token.NAME)?  BooleanResultPredicate.FIELD_FALSE  :  BooleanResultPredicate.BOOLEAN;  [BUGGY]      }  }  [CLASS]  NodeUtil  NumbericResultPredicate  BooleanResultPredicate  MayBeStringResultPredicate  VarCollector  MatchNameNode  MatchNodeType  MatchDeclaration  MatchNotFunction  MatchShallowStatement  [METHOD]  isBooleanResultHelper  [RETURN_TYPE]  boolean  Node  n  [VARIABLES]  BooleanResultPredicate  BOOLEAN_RESULT_PREDICATE  Set  BUILTIN_FUNCTIONS_WITHOUT_SIDEEFFECTS  CONSTRUCTORS_WITHOUT_SIDE_EFFECTS  OBJECT_METHODS_WITHOUT_SIDEEFFECTS  REGEXP_METHODS  STRING_REGEXP_METHODS  defines  emptySet  knownConstants  NumbericResultPredicate  NUMBERIC_RESULT_PREDICATE  boolean  MayBeStringResultPredicate  MAY_BE_STRING_PREDICATE  Node  n  String  JSC_PROPERTY_NAME_FN  childValue  name  namespaceName  rawJsString  s  value  Map  vars  int  c  end  nextSkipSlot  nextSlot  start  type  	projects/Closure80/src/com/google/javascript/jscomp/NodeUtil.java	0.4082482904638631	1264	1264	2	replace	return(n.getType()  ==  Token.NAME)?  BooleanResultPredicate.FIELD_FALSE  :  BooleanResultPredicate.BOOLEAN;	  return(n.getType()!=    Token.NAME)?    BooleanResultPredicate.FALSE    :    BooleanResultPredicate.BOOLEAN;    	non-compiled	[CE]  	50	None	replace
1092	[BUG]  [BUGGY]  return(n.getString()!=  null)?  BooleanResultPredicate.FALSE  :  BooleanResultPredicate.BOOLEAN;  [CE]  [FE]                                IllegalStateException      [CONTEXT]      case  Token.LE:  case  Token.GE:  case  Token.IN:  case  Token.INSTANCEOF:  case  Token.NOT:  return  true;  default:      [BUGGY]  return(n.getString()!=  null)?  BooleanResultPredicate.FALSE  :  BooleanResultPredicate.BOOLEAN;  [BUGGY]      }  }  [CLASS]  NodeUtil  NumbericResultPredicate  BooleanResultPredicate  MayBeStringResultPredicate  VarCollector  MatchNameNode  MatchNodeType  MatchDeclaration  MatchNotFunction  MatchShallowStatement  [METHOD]  isBooleanResultHelper  [RETURN_TYPE]  boolean  Node  n  [VARIABLES]  BooleanResultPredicate  BOOLEAN_RESULT_PREDICATE  Set  BUILTIN_FUNCTIONS_WITHOUT_SIDEEFFECTS  CONSTRUCTORS_WITHOUT_SIDE_EFFECTS  OBJECT_METHODS_WITHOUT_SIDEEFFECTS  REGEXP_METHODS  STRING_REGEXP_METHODS  defines  emptySet  knownConstants  NumbericResultPredicate  NUMBERIC_RESULT_PREDICATE  boolean  MayBeStringResultPredicate  MAY_BE_STRING_PREDICATE  Node  n  String  JSC_PROPERTY_NAME_FN  childValue  name  namespaceName  rawJsString  s  value  Map  vars  int  c  end  nextSkipSlot  nextSlot  start  type  	projects/Closure80/src/com/google/javascript/jscomp/NodeUtil.java	0.4082482904638631	1264	1264	2	replace	return(n.getString()!=  null)?  BooleanResultPredicate.FALSE  :  BooleanResultPredicate.BOOLEAN;	  return(n.getType()!=    Token.NAME)?    BooleanResultPredicate.FALSE    :    BooleanResultPredicate.BOOLEAN;    	non-compiled	[CE]  	50	None	replace
1093	[BUG]  [BUGGY]  if(NodeUtil.isExpressionAnonymous(n)||  NodeUtil.isExpressionNode(n))  {  return  false;  }  [CE]  [FE]                  IllegalStateException      [CONTEXT]      case  Token.LE:  case  Token.GE:  case  Token.IN:  case  Token.INSTANCEOF:  case  Token.NOT:  return  true;  default:      [BUGGY]  if(NodeUtil.isExpressionAnonymous(n)||  NodeUtil.isExpressionNode(n))  {  return  false;  }  [BUGGY]      }  }  [CLASS]  NodeUtil  NumbericResultPredicate  BooleanResultPredicate  MayBeStringResultPredicate  VarCollector  MatchNameNode  MatchNodeType  MatchDeclaration  MatchNotFunction  MatchShallowStatement  [METHOD]  isBooleanResultHelper  [RETURN_TYPE]  boolean  Node  n  [VARIABLES]  BooleanResultPredicate  BOOLEAN_RESULT_PREDICATE  Set  BUILTIN_FUNCTIONS_WITHOUT_SIDEEFFECTS  CONSTRUCTORS_WITHOUT_SIDE_EFFECTS  OBJECT_METHODS_WITHOUT_SIDEEFFECTS  REGEXP_METHODS  STRING_REGEXP_METHODS  defines  emptySet  knownConstants  NumbericResultPredicate  NUMBERIC_RESULT_PREDICATE  boolean  MayBeStringResultPredicate  MAY_BE_STRING_PREDICATE  Node  n  String  JSC_PROPERTY_NAME_FN  childValue  name  namespaceName  rawJsString  s  value  Map  vars  int  c  end  nextSkipSlot  nextSlot  start  type  	projects/Closure80/src/com/google/javascript/jscomp/NodeUtil.java	0.4082482904638631	1264	1264	2	replace	if(NodeUtil.isExpressionAnonymous(n)||  NodeUtil.isExpressionNode(n))  {  return  false;  }	  if(NodeUtil.isFunctionAnonymous(n)&&    NodeUtil.isExpressionNode(n))    {    return    false;    }    	non-compiled	[CE]  	1	None	replace
1094	[BUG]  [BUGGY]  if(!NodeUtil.isFunctionAnonymous(n)&&  NodeUtil.isExpressionNode(n))  {  return  false;  }  [CE]  [FE]                    IllegalStateException      [CONTEXT]      case  Token.LE:  case  Token.GE:  case  Token.IN:  case  Token.INSTANCEOF:  case  Token.NOT:  return  true;  default:      [BUGGY]  if(!NodeUtil.isFunctionAnonymous(n)&&  NodeUtil.isExpressionNode(n))  {  return  false;  }  [BUGGY]      }  }  [CLASS]  NodeUtil  NumbericResultPredicate  BooleanResultPredicate  MayBeStringResultPredicate  VarCollector  MatchNameNode  MatchNodeType  MatchDeclaration  MatchNotFunction  MatchShallowStatement  [METHOD]  isBooleanResultHelper  [RETURN_TYPE]  boolean  Node  n  [VARIABLES]  BooleanResultPredicate  BOOLEAN_RESULT_PREDICATE  Set  BUILTIN_FUNCTIONS_WITHOUT_SIDEEFFECTS  CONSTRUCTORS_WITHOUT_SIDE_EFFECTS  OBJECT_METHODS_WITHOUT_SIDEEFFECTS  REGEXP_METHODS  STRING_REGEXP_METHODS  defines  emptySet  knownConstants  NumbericResultPredicate  NUMBERIC_RESULT_PREDICATE  boolean  MayBeStringResultPredicate  MAY_BE_STRING_PREDICATE  Node  n  String  JSC_PROPERTY_NAME_FN  childValue  name  namespaceName  rawJsString  s  value  Map  vars  int  c  end  nextSkipSlot  nextSlot  start  type  	projects/Closure80/src/com/google/javascript/jscomp/NodeUtil.java	0.4082482904638631	1264	1264	2	replace	if(!NodeUtil.isFunctionAnonymous(n)&&  NodeUtil.isExpressionNode(n))  {  return  false;  }	  if(NodeUtil.isFunctionAnonymous(n)&&    NodeUtil.isExpressionNode(n))    {    return    false;    }    	non-compiled	[CE]  	1	None	replace
1095	[BUG]  [BUGGY]  if(n.getType()!=  Token.NAME  ||  n.getType()  ==  Token.GETPROP)return  false;  }  [CE]  [FE]                      IllegalStateException      [CONTEXT]      case  Token.LE:  case  Token.GE:  case  Token.IN:  case  Token.INSTANCEOF:  case  Token.NOT:  return  true;  default:      [BUGGY]  if(n.getType()!=  Token.NAME  ||  n.getType()  ==  Token.GETPROP)return  false;  }  [BUGGY]      }  }  [CLASS]  NodeUtil  NumbericResultPredicate  BooleanResultPredicate  MayBeStringResultPredicate  VarCollector  MatchNameNode  MatchNodeType  MatchDeclaration  MatchNotFunction  MatchShallowStatement  [METHOD]  isBooleanResultHelper  [RETURN_TYPE]  boolean  Node  n  [VARIABLES]  BooleanResultPredicate  BOOLEAN_RESULT_PREDICATE  Set  BUILTIN_FUNCTIONS_WITHOUT_SIDEEFFECTS  CONSTRUCTORS_WITHOUT_SIDE_EFFECTS  OBJECT_METHODS_WITHOUT_SIDEEFFECTS  REGEXP_METHODS  STRING_REGEXP_METHODS  defines  emptySet  knownConstants  NumbericResultPredicate  NUMBERIC_RESULT_PREDICATE  boolean  MayBeStringResultPredicate  MAY_BE_STRING_PREDICATE  Node  n  String  JSC_PROPERTY_NAME_FN  childValue  name  namespaceName  rawJsString  s  value  Map  vars  int  c  end  nextSkipSlot  nextSlot  start  type  	projects/Closure80/src/com/google/javascript/jscomp/NodeUtil.java	0.4082482904638631	1264	1264	2	replace	if(n.getType()!=  Token.NAME  ||  n.getType()  ==  Token.GETPROP)return  false;  }	  if(n.getType()!=    Token.NAME    ||    n.getType()    ==    Token.GETPROP)    {    return    false;    }    	non-compiled	[CE]  	124	None	replace
1096	[BUG]  [BUGGY]  if(n.getType()!=  Token.NAME  &&  n.getType()  ==  Token.GETPROP)  {  return  false;  }  [CE]  [FE]                        IllegalStateException      [CONTEXT]      case  Token.LE:  case  Token.GE:  case  Token.IN:  case  Token.INSTANCEOF:  case  Token.NOT:  return  true;  default:      [BUGGY]  if(n.getType()!=  Token.NAME  &&  n.getType()  ==  Token.GETPROP)  {  return  false;  }  [BUGGY]      }  }  [CLASS]  NodeUtil  NumbericResultPredicate  BooleanResultPredicate  MayBeStringResultPredicate  VarCollector  MatchNameNode  MatchNodeType  MatchDeclaration  MatchNotFunction  MatchShallowStatement  [METHOD]  isBooleanResultHelper  [RETURN_TYPE]  boolean  Node  n  [VARIABLES]  BooleanResultPredicate  BOOLEAN_RESULT_PREDICATE  Set  BUILTIN_FUNCTIONS_WITHOUT_SIDEEFFECTS  CONSTRUCTORS_WITHOUT_SIDE_EFFECTS  OBJECT_METHODS_WITHOUT_SIDEEFFECTS  REGEXP_METHODS  STRING_REGEXP_METHODS  defines  emptySet  knownConstants  NumbericResultPredicate  NUMBERIC_RESULT_PREDICATE  boolean  MayBeStringResultPredicate  MAY_BE_STRING_PREDICATE  Node  n  String  JSC_PROPERTY_NAME_FN  childValue  name  namespaceName  rawJsString  s  value  Map  vars  int  c  end  nextSkipSlot  nextSlot  start  type  	projects/Closure80/src/com/google/javascript/jscomp/NodeUtil.java	0.4082482904638631	1264	1264	2	replace	if(n.getType()!=  Token.NAME  &&  n.getType()  ==  Token.GETPROP)  {  return  false;  }	  if(n.getType()!=    Token.NAME    ||    n.getType()    ==    Token.GETPROP)    {    return    false;    }    	non-compiled	[CE]  	124	None	replace
1097	[BUG]  [BUGGY]  return(n.getType()  ==  Token.VAR)?  BooleanResultPredicate.UNKNOWN  :  BooleanResultPredicate.FALSE;  [CE]  [FE]                        IllegalStateException      [CONTEXT]      case  Token.LE:  case  Token.GE:  case  Token.IN:  case  Token.INSTANCEOF:  case  Token.NOT:  return  true;  default:      [BUGGY]  return(n.getType()  ==  Token.VAR)?  BooleanResultPredicate.UNKNOWN  :  BooleanResultPredicate.FALSE;  [BUGGY]      }  }  [CLASS]  NodeUtil  NumbericResultPredicate  BooleanResultPredicate  MayBeStringResultPredicate  VarCollector  MatchNameNode  MatchNodeType  MatchDeclaration  MatchNotFunction  MatchShallowStatement  [METHOD]  isBooleanResultHelper  [RETURN_TYPE]  boolean  Node  n  [VARIABLES]  BooleanResultPredicate  BOOLEAN_RESULT_PREDICATE  Set  BUILTIN_FUNCTIONS_WITHOUT_SIDEEFFECTS  CONSTRUCTORS_WITHOUT_SIDE_EFFECTS  OBJECT_METHODS_WITHOUT_SIDEEFFECTS  REGEXP_METHODS  STRING_REGEXP_METHODS  defines  emptySet  knownConstants  NumbericResultPredicate  NUMBERIC_RESULT_PREDICATE  boolean  MayBeStringResultPredicate  MAY_BE_STRING_PREDICATE  Node  n  String  JSC_PROPERTY_NAME_FN  childValue  name  namespaceName  rawJsString  s  value  Map  vars  int  c  end  nextSkipSlot  nextSlot  start  type  	projects/Closure80/src/com/google/javascript/jscomp/NodeUtil.java	0.4082482904638631	1264	1264	2	replace	return(n.getType()  ==  Token.VAR)?  BooleanResultPredicate.UNKNOWN  :  BooleanResultPredicate.FALSE;	  return(n.getType()    ==    Token.FUNCTION)?    BooleanResultPredicate.UNKNOWN    :    BooleanResultPredicate.FALSE;    	non-compiled	[CE]  	54	None	replace
1098	[BUG]  [BUGGY]  return(n.getType()  ==  Token.FOR)?  BooleanResultPredicate.UNKNOWN  :  BooleanResultPredicate.FALSE;  [CE]  [FE]                          IllegalStateException      [CONTEXT]      case  Token.LE:  case  Token.GE:  case  Token.IN:  case  Token.INSTANCEOF:  case  Token.NOT:  return  true;  default:      [BUGGY]  return(n.getType()  ==  Token.FOR)?  BooleanResultPredicate.UNKNOWN  :  BooleanResultPredicate.FALSE;  [BUGGY]      }  }  [CLASS]  NodeUtil  NumbericResultPredicate  BooleanResultPredicate  MayBeStringResultPredicate  VarCollector  MatchNameNode  MatchNodeType  MatchDeclaration  MatchNotFunction  MatchShallowStatement  [METHOD]  isBooleanResultHelper  [RETURN_TYPE]  boolean  Node  n  [VARIABLES]  BooleanResultPredicate  BOOLEAN_RESULT_PREDICATE  Set  BUILTIN_FUNCTIONS_WITHOUT_SIDEEFFECTS  CONSTRUCTORS_WITHOUT_SIDE_EFFECTS  OBJECT_METHODS_WITHOUT_SIDEEFFECTS  REGEXP_METHODS  STRING_REGEXP_METHODS  defines  emptySet  knownConstants  NumbericResultPredicate  NUMBERIC_RESULT_PREDICATE  boolean  MayBeStringResultPredicate  MAY_BE_STRING_PREDICATE  Node  n  String  JSC_PROPERTY_NAME_FN  childValue  name  namespaceName  rawJsString  s  value  Map  vars  int  c  end  nextSkipSlot  nextSlot  start  type  	projects/Closure80/src/com/google/javascript/jscomp/NodeUtil.java	0.4082482904638631	1264	1264	2	replace	return(n.getType()  ==  Token.FOR)?  BooleanResultPredicate.UNKNOWN  :  BooleanResultPredicate.FALSE;	  return(n.getType()    ==    Token.FUNCTION)?    BooleanResultPredicate.UNKNOWN    :    BooleanResultPredicate.FALSE;    	non-compiled	[CE]  	54	None	replace
1099	[BUG]  [BUGGY]  if(n.getType()!=  Token.NAME  ||  n.getType()!=  Token.FUNCTION)return  false;  }  [CE]  [FE]                  IllegalStateException      [CONTEXT]      case  Token.LE:  case  Token.GE:  case  Token.IN:  case  Token.INSTANCEOF:  case  Token.NOT:  return  true;  default:      [BUGGY]  if(n.getType()!=  Token.NAME  ||  n.getType()!=  Token.FUNCTION)return  false;  }  [BUGGY]      }  }  [CLASS]  NodeUtil  NumbericResultPredicate  BooleanResultPredicate  MayBeStringResultPredicate  VarCollector  MatchNameNode  MatchNodeType  MatchDeclaration  MatchNotFunction  MatchShallowStatement  [METHOD]  isBooleanResultHelper  [RETURN_TYPE]  boolean  Node  n  [VARIABLES]  BooleanResultPredicate  BOOLEAN_RESULT_PREDICATE  Set  BUILTIN_FUNCTIONS_WITHOUT_SIDEEFFECTS  CONSTRUCTORS_WITHOUT_SIDE_EFFECTS  OBJECT_METHODS_WITHOUT_SIDEEFFECTS  REGEXP_METHODS  STRING_REGEXP_METHODS  defines  emptySet  knownConstants  NumbericResultPredicate  NUMBERIC_RESULT_PREDICATE  boolean  MayBeStringResultPredicate  MAY_BE_STRING_PREDICATE  Node  n  String  JSC_PROPERTY_NAME_FN  childValue  name  namespaceName  rawJsString  s  value  Map  vars  int  c  end  nextSkipSlot  nextSlot  start  type  	projects/Closure80/src/com/google/javascript/jscomp/NodeUtil.java	0.4082482904638631	1264	1264	2	replace	if(n.getType()!=  Token.NAME  ||  n.getType()!=  Token.FUNCTION)return  false;  }	  if(n.getType()    ==    Token.NAME    ||    n.getType()!=    Token.FUNCTION)    {    return    false;    }    	non-compiled	[CE]  	65	None	replace
1100	[BUG]  [BUGGY]  n.getType()  ==  Token.NAME  ||  n.getType()!=  Token.FUNCTION)  {  return  false;  }  [CE]  [FE]                    IllegalStateException      [CONTEXT]      case  Token.LE:  case  Token.GE:  case  Token.IN:  case  Token.INSTANCEOF:  case  Token.NOT:  return  true;  default:      [BUGGY]  n.getType()  ==  Token.NAME  ||  n.getType()!=  Token.FUNCTION)  {  return  false;  }  [BUGGY]      }  }  [CLASS]  NodeUtil  NumbericResultPredicate  BooleanResultPredicate  MayBeStringResultPredicate  VarCollector  MatchNameNode  MatchNodeType  MatchDeclaration  MatchNotFunction  MatchShallowStatement  [METHOD]  isBooleanResultHelper  [RETURN_TYPE]  boolean  Node  n  [VARIABLES]  BooleanResultPredicate  BOOLEAN_RESULT_PREDICATE  Set  BUILTIN_FUNCTIONS_WITHOUT_SIDEEFFECTS  CONSTRUCTORS_WITHOUT_SIDE_EFFECTS  OBJECT_METHODS_WITHOUT_SIDEEFFECTS  REGEXP_METHODS  STRING_REGEXP_METHODS  defines  emptySet  knownConstants  NumbericResultPredicate  NUMBERIC_RESULT_PREDICATE  boolean  MayBeStringResultPredicate  MAY_BE_STRING_PREDICATE  Node  n  String  JSC_PROPERTY_NAME_FN  childValue  name  namespaceName  rawJsString  s  value  Map  vars  int  c  end  nextSkipSlot  nextSlot  start  type  	projects/Closure80/src/com/google/javascript/jscomp/NodeUtil.java	0.4082482904638631	1264	1264	2	replace	n.getType()  ==  Token.NAME  ||  n.getType()!=  Token.FUNCTION)  {  return  false;  }	  if(n.getType()    ==    Token.NAME    ||    n.getType()!=    Token.FUNCTION)    {    return    false;    }    	non-compiled	[CE]  	65	None	replace
1101	[BUG]  [BUGGY]  if(n.getType()  ==  Token.NAME  ||  n.getType()!=  Token.FUNCTION)return  false;  }  [CE]  [FE]                      IllegalStateException      [CONTEXT]      case  Token.LE:  case  Token.GE:  case  Token.IN:  case  Token.INSTANCEOF:  case  Token.NOT:  return  true;  default:      [BUGGY]  if(n.getType()  ==  Token.NAME  ||  n.getType()!=  Token.FUNCTION)return  false;  }  [BUGGY]      }  }  [CLASS]  NodeUtil  NumbericResultPredicate  BooleanResultPredicate  MayBeStringResultPredicate  VarCollector  MatchNameNode  MatchNodeType  MatchDeclaration  MatchNotFunction  MatchShallowStatement  [METHOD]  isBooleanResultHelper  [RETURN_TYPE]  boolean  Node  n  [VARIABLES]  BooleanResultPredicate  BOOLEAN_RESULT_PREDICATE  Set  BUILTIN_FUNCTIONS_WITHOUT_SIDEEFFECTS  CONSTRUCTORS_WITHOUT_SIDE_EFFECTS  OBJECT_METHODS_WITHOUT_SIDEEFFECTS  REGEXP_METHODS  STRING_REGEXP_METHODS  defines  emptySet  knownConstants  NumbericResultPredicate  NUMBERIC_RESULT_PREDICATE  boolean  MayBeStringResultPredicate  MAY_BE_STRING_PREDICATE  Node  n  String  JSC_PROPERTY_NAME_FN  childValue  name  namespaceName  rawJsString  s  value  Map  vars  int  c  end  nextSkipSlot  nextSlot  start  type  	projects/Closure80/src/com/google/javascript/jscomp/NodeUtil.java	0.4082482904638631	1264	1264	2	replace	if(n.getType()  ==  Token.NAME  ||  n.getType()!=  Token.FUNCTION)return  false;  }	  if(n.getType()    ==    Token.NAME    ||    n.getType()!=    Token.FUNCTION)    {    return    false;    }    	non-compiled	[CE]  	65	None	replace
1102	[BUG]  [BUGGY]  if(!NodeUtil.isFunctionAnonymous(n)&&  NodeUtil.isStatementBlock(n))  {  return  false;  }  [CE]  [FE]                    IllegalStateException      [CONTEXT]      case  Token.LE:  case  Token.GE:  case  Token.IN:  case  Token.INSTANCEOF:  case  Token.NOT:  return  true;  default:      [BUGGY]  if(!NodeUtil.isFunctionAnonymous(n)&&  NodeUtil.isStatementBlock(n))  {  return  false;  }  [BUGGY]      }  }  [CLASS]  NodeUtil  NumbericResultPredicate  BooleanResultPredicate  MayBeStringResultPredicate  VarCollector  MatchNameNode  MatchNodeType  MatchDeclaration  MatchNotFunction  MatchShallowStatement  [METHOD]  isBooleanResultHelper  [RETURN_TYPE]  boolean  Node  n  [VARIABLES]  BooleanResultPredicate  BOOLEAN_RESULT_PREDICATE  Set  BUILTIN_FUNCTIONS_WITHOUT_SIDEEFFECTS  CONSTRUCTORS_WITHOUT_SIDE_EFFECTS  OBJECT_METHODS_WITHOUT_SIDEEFFECTS  REGEXP_METHODS  STRING_REGEXP_METHODS  defines  emptySet  knownConstants  NumbericResultPredicate  NUMBERIC_RESULT_PREDICATE  boolean  MayBeStringResultPredicate  MAY_BE_STRING_PREDICATE  Node  n  String  JSC_PROPERTY_NAME_FN  childValue  name  namespaceName  rawJsString  s  value  Map  vars  int  c  end  nextSkipSlot  nextSlot  start  type  	projects/Closure80/src/com/google/javascript/jscomp/NodeUtil.java	0.4082482904638631	1264	1264	2	replace	if(!NodeUtil.isFunctionAnonymous(n)&&  NodeUtil.isStatementBlock(n))  {  return  false;  }	  if(NodeUtil.isFunctionAnonymous(n)&&    NodeUtil.isStatementBlock(n))    {    return    false;    }    	non-compiled	[CE]  	12	None	replace
1103	[BUG]  [BUGGY]  if(NodeUtil.isAssignmentOp(n)&&  NodeUtil.isStatementBlock(n))  {  return  false;  }  [CE]  [FE]                      IllegalStateException      [CONTEXT]      case  Token.LE:  case  Token.GE:  case  Token.IN:  case  Token.INSTANCEOF:  case  Token.NOT:  return  true;  default:      [BUGGY]  if(NodeUtil.isAssignmentOp(n)&&  NodeUtil.isStatementBlock(n))  {  return  false;  }  [BUGGY]      }  }  [CLASS]  NodeUtil  NumbericResultPredicate  BooleanResultPredicate  MayBeStringResultPredicate  VarCollector  MatchNameNode  MatchNodeType  MatchDeclaration  MatchNotFunction  MatchShallowStatement  [METHOD]  isBooleanResultHelper  [RETURN_TYPE]  boolean  Node  n  [VARIABLES]  BooleanResultPredicate  BOOLEAN_RESULT_PREDICATE  Set  BUILTIN_FUNCTIONS_WITHOUT_SIDEEFFECTS  CONSTRUCTORS_WITHOUT_SIDE_EFFECTS  OBJECT_METHODS_WITHOUT_SIDEEFFECTS  REGEXP_METHODS  STRING_REGEXP_METHODS  defines  emptySet  knownConstants  NumbericResultPredicate  NUMBERIC_RESULT_PREDICATE  boolean  MayBeStringResultPredicate  MAY_BE_STRING_PREDICATE  Node  n  String  JSC_PROPERTY_NAME_FN  childValue  name  namespaceName  rawJsString  s  value  Map  vars  int  c  end  nextSkipSlot  nextSlot  start  type  	projects/Closure80/src/com/google/javascript/jscomp/NodeUtil.java	0.4082482904638631	1264	1264	2	replace	if(NodeUtil.isAssignmentOp(n)&&  NodeUtil.isStatementBlock(n))  {  return  false;  }	  if(NodeUtil.isFunctionAnonymous(n)&&    NodeUtil.isStatementBlock(n))    {    return    false;    }    	non-compiled	[CE]  	12	None	replace
1104	[BUG]  [BUGGY]  return(n.getType()  ==  Token.STRING)?  BooleanResultPredicate.BOOLEAN  :  BooleanResultPredicate.FALSE;  [CE]  [FE]                    IllegalStateException      [CONTEXT]      case  Token.LE:  case  Token.GE:  case  Token.IN:  case  Token.INSTANCEOF:  case  Token.NOT:  return  true;  default:      [BUGGY]  return(n.getType()  ==  Token.STRING)?  BooleanResultPredicate.BOOLEAN  :  BooleanResultPredicate.FALSE;  [BUGGY]      }  }  [CLASS]  NodeUtil  NumbericResultPredicate  BooleanResultPredicate  MayBeStringResultPredicate  VarCollector  MatchNameNode  MatchNodeType  MatchDeclaration  MatchNotFunction  MatchShallowStatement  [METHOD]  isBooleanResultHelper  [RETURN_TYPE]  boolean  Node  n  [VARIABLES]  BooleanResultPredicate  BOOLEAN_RESULT_PREDICATE  Set  BUILTIN_FUNCTIONS_WITHOUT_SIDEEFFECTS  CONSTRUCTORS_WITHOUT_SIDE_EFFECTS  OBJECT_METHODS_WITHOUT_SIDEEFFECTS  REGEXP_METHODS  STRING_REGEXP_METHODS  defines  emptySet  knownConstants  NumbericResultPredicate  NUMBERIC_RESULT_PREDICATE  boolean  MayBeStringResultPredicate  MAY_BE_STRING_PREDICATE  Node  n  String  JSC_PROPERTY_NAME_FN  childValue  name  namespaceName  rawJsString  s  value  Map  vars  int  c  end  nextSkipSlot  nextSlot  start  type  	projects/Closure80/src/com/google/javascript/jscomp/NodeUtil.java	0.4082482904638631	1264	1264	2	replace	return(n.getType()  ==  Token.STRING)?  BooleanResultPredicate.BOOLEAN  :  BooleanResultPredicate.FALSE;	  return(n.getType()    ==    Token.STRING)?    BooleanResultPredicate.FALSE    :    BooleanResultPredicate.BOOLEAN;    	non-compiled	[CE]  	89	None	replace
1105	[BUG]  [BUGGY]  return(n.getType()  ==  Token.STRING)?  BooleanResultPredicate.BOOLEAN_RESULT_PREDICATE  :  BooleanResultPredicate.FALSE;  [CE]  [FE]                      IllegalStateException      [CONTEXT]      case  Token.LE:  case  Token.GE:  case  Token.IN:  case  Token.INSTANCEOF:  case  Token.NOT:  return  true;  default:      [BUGGY]  return(n.getType()  ==  Token.STRING)?  BooleanResultPredicate.BOOLEAN_RESULT_PREDICATE  :  BooleanResultPredicate.FALSE;  [BUGGY]      }  }  [CLASS]  NodeUtil  NumbericResultPredicate  BooleanResultPredicate  MayBeStringResultPredicate  VarCollector  MatchNameNode  MatchNodeType  MatchDeclaration  MatchNotFunction  MatchShallowStatement  [METHOD]  isBooleanResultHelper  [RETURN_TYPE]  boolean  Node  n  [VARIABLES]  BooleanResultPredicate  BOOLEAN_RESULT_PREDICATE  Set  BUILTIN_FUNCTIONS_WITHOUT_SIDEEFFECTS  CONSTRUCTORS_WITHOUT_SIDE_EFFECTS  OBJECT_METHODS_WITHOUT_SIDEEFFECTS  REGEXP_METHODS  STRING_REGEXP_METHODS  defines  emptySet  knownConstants  NumbericResultPredicate  NUMBERIC_RESULT_PREDICATE  boolean  MayBeStringResultPredicate  MAY_BE_STRING_PREDICATE  Node  n  String  JSC_PROPERTY_NAME_FN  childValue  name  namespaceName  rawJsString  s  value  Map  vars  int  c  end  nextSkipSlot  nextSlot  start  type  	projects/Closure80/src/com/google/javascript/jscomp/NodeUtil.java	0.4082482904638631	1264	1264	2	replace	return(n.getType()  ==  Token.STRING)?  BooleanResultPredicate.BOOLEAN_RESULT_PREDICATE  :  BooleanResultPredicate.FALSE;	  return(n.getType()    ==    Token.STRING)?    BooleanResultPredicate.FALSE    :    BooleanResultPredicate.BOOLEAN;    	non-compiled	[CE]  	89	None	replace
1106	[BUG]  [BUGGY]  return(n.getType()  ==  Token.STRING)?  BooleanResultPredicate.FUNCTION  :  BooleanResultPredicate.BOOLEAN;  [CE]  [FE]                        IllegalStateException      [CONTEXT]      case  Token.LE:  case  Token.GE:  case  Token.IN:  case  Token.INSTANCEOF:  case  Token.NOT:  return  true;  default:      [BUGGY]  return(n.getType()  ==  Token.STRING)?  BooleanResultPredicate.FUNCTION  :  BooleanResultPredicate.BOOLEAN;  [BUGGY]      }  }  [CLASS]  NodeUtil  NumbericResultPredicate  BooleanResultPredicate  MayBeStringResultPredicate  VarCollector  MatchNameNode  MatchNodeType  MatchDeclaration  MatchNotFunction  MatchShallowStatement  [METHOD]  isBooleanResultHelper  [RETURN_TYPE]  boolean  Node  n  [VARIABLES]  BooleanResultPredicate  BOOLEAN_RESULT_PREDICATE  Set  BUILTIN_FUNCTIONS_WITHOUT_SIDEEFFECTS  CONSTRUCTORS_WITHOUT_SIDE_EFFECTS  OBJECT_METHODS_WITHOUT_SIDEEFFECTS  REGEXP_METHODS  STRING_REGEXP_METHODS  defines  emptySet  knownConstants  NumbericResultPredicate  NUMBERIC_RESULT_PREDICATE  boolean  MayBeStringResultPredicate  MAY_BE_STRING_PREDICATE  Node  n  String  JSC_PROPERTY_NAME_FN  childValue  name  namespaceName  rawJsString  s  value  Map  vars  int  c  end  nextSkipSlot  nextSlot  start  type  	projects/Closure80/src/com/google/javascript/jscomp/NodeUtil.java	0.4082482904638631	1264	1264	2	replace	return(n.getType()  ==  Token.STRING)?  BooleanResultPredicate.FUNCTION  :  BooleanResultPredicate.BOOLEAN;	  return(n.getType()    ==    Token.STRING)?    BooleanResultPredicate.FALSE    :    BooleanResultPredicate.BOOLEAN;    	non-compiled	[CE]  	89	None	replace
1107	[BUG]  [BUGGY]  return(n.getType()  ==  Token.STRING)?  BooleanResultPredicate.FIELD_NAME  :  BooleanResultPredicate.BOOLEAN;  [CE]  [FE]                          IllegalStateException      [CONTEXT]      case  Token.LE:  case  Token.GE:  case  Token.IN:  case  Token.INSTANCEOF:  case  Token.NOT:  return  true;  default:      [BUGGY]  return(n.getType()  ==  Token.STRING)?  BooleanResultPredicate.FIELD_NAME  :  BooleanResultPredicate.BOOLEAN;  [BUGGY]      }  }  [CLASS]  NodeUtil  NumbericResultPredicate  BooleanResultPredicate  MayBeStringResultPredicate  VarCollector  MatchNameNode  MatchNodeType  MatchDeclaration  MatchNotFunction  MatchShallowStatement  [METHOD]  isBooleanResultHelper  [RETURN_TYPE]  boolean  Node  n  [VARIABLES]  BooleanResultPredicate  BOOLEAN_RESULT_PREDICATE  Set  BUILTIN_FUNCTIONS_WITHOUT_SIDEEFFECTS  CONSTRUCTORS_WITHOUT_SIDE_EFFECTS  OBJECT_METHODS_WITHOUT_SIDEEFFECTS  REGEXP_METHODS  STRING_REGEXP_METHODS  defines  emptySet  knownConstants  NumbericResultPredicate  NUMBERIC_RESULT_PREDICATE  boolean  MayBeStringResultPredicate  MAY_BE_STRING_PREDICATE  Node  n  String  JSC_PROPERTY_NAME_FN  childValue  name  namespaceName  rawJsString  s  value  Map  vars  int  c  end  nextSkipSlot  nextSlot  start  type  	projects/Closure80/src/com/google/javascript/jscomp/NodeUtil.java	0.4082482904638631	1264	1264	2	replace	return(n.getType()  ==  Token.STRING)?  BooleanResultPredicate.FIELD_NAME  :  BooleanResultPredicate.BOOLEAN;	  return(n.getType()    ==    Token.STRING)?    BooleanResultPredicate.FALSE    :    BooleanResultPredicate.BOOLEAN;    	non-compiled	[CE]  	89	None	replace
1108	[BUG]  [BUGGY]  Neighbor  c  =  n.getFirstChild();  c!=  null;  c  =  c.getNext())  {  Node  n  =  c.getNext();  if(n.getType()  ==  Token.NAME)  {  return  false;  }  [CE]  [FE]                          IllegalStateException      [CONTEXT]      case  Token.LE:  case  Token.GE:  case  Token.IN:  case  Token.INSTANCEOF:  case  Token.NOT:  return  true;  default:      [BUGGY]  Neighbor  c  =  n.getFirstChild();  c!=  null;  c  =  c.getNext())  {  Node  n  =  c.getNext();  if(n.getType()  ==  Token.NAME)  {  return  false;  }  [BUGGY]      }  }  [CLASS]  NodeUtil  NumbericResultPredicate  BooleanResultPredicate  MayBeStringResultPredicate  VarCollector  MatchNameNode  MatchNodeType  MatchDeclaration  MatchNotFunction  MatchShallowStatement  [METHOD]  isBooleanResultHelper  [RETURN_TYPE]  boolean  Node  n  [VARIABLES]  BooleanResultPredicate  BOOLEAN_RESULT_PREDICATE  Set  BUILTIN_FUNCTIONS_WITHOUT_SIDEEFFECTS  CONSTRUCTORS_WITHOUT_SIDE_EFFECTS  OBJECT_METHODS_WITHOUT_SIDEEFFECTS  REGEXP_METHODS  STRING_REGEXP_METHODS  defines  emptySet  knownConstants  NumbericResultPredicate  NUMBERIC_RESULT_PREDICATE  boolean  MayBeStringResultPredicate  MAY_BE_STRING_PREDICATE  Node  n  String  JSC_PROPERTY_NAME_FN  childValue  name  namespaceName  rawJsString  s  value  Map  vars  int  c  end  nextSkipSlot  nextSlot  start  type  	projects/Closure80/src/com/google/javascript/jscomp/NodeUtil.java	0.4082482904638631	1264	1264	2	replace	Neighbor  c  =  n.getFirstChild();  c!=  null;  c  =  c.getNext())  {  Node  n  =  c.getNext();  if(n.getType()  ==  Token.NAME)  {  return  false;  }	  for(Node    c    =    n.getFirstChild();    c!=    null;    c    =    c.getNext())    {    Node    n    =    c.getNext();    if(n.getType()    ==    Token.NAME)    {    return    false;    }    	non-compiled	[CE]  	144	None	replace
1109	[BUG]  [BUGGY]  for(Node  c  =  n.getFirstChild();  c!=  null;  c  =  c.getNext())  {  Node  n  =  c.getNext();  if(n.getType()  ==  Token.NAME)  {  return  false  [CE]  [FE]                            IllegalStateException      [CONTEXT]      case  Token.LE:  case  Token.GE:  case  Token.IN:  case  Token.INSTANCEOF:  case  Token.NOT:  return  true;  default:      [BUGGY]  for(Node  c  =  n.getFirstChild();  c!=  null;  c  =  c.getNext())  {  Node  n  =  c.getNext();  if(n.getType()  ==  Token.NAME)  {  return  false  [BUGGY]      }  }  [CLASS]  NodeUtil  NumbericResultPredicate  BooleanResultPredicate  MayBeStringResultPredicate  VarCollector  MatchNameNode  MatchNodeType  MatchDeclaration  MatchNotFunction  MatchShallowStatement  [METHOD]  isBooleanResultHelper  [RETURN_TYPE]  boolean  Node  n  [VARIABLES]  BooleanResultPredicate  BOOLEAN_RESULT_PREDICATE  Set  BUILTIN_FUNCTIONS_WITHOUT_SIDEEFFECTS  CONSTRUCTORS_WITHOUT_SIDE_EFFECTS  OBJECT_METHODS_WITHOUT_SIDEEFFECTS  REGEXP_METHODS  STRING_REGEXP_METHODS  defines  emptySet  knownConstants  NumbericResultPredicate  NUMBERIC_RESULT_PREDICATE  boolean  MayBeStringResultPredicate  MAY_BE_STRING_PREDICATE  Node  n  String  JSC_PROPERTY_NAME_FN  childValue  name  namespaceName  rawJsString  s  value  Map  vars  int  c  end  nextSkipSlot  nextSlot  start  type  	projects/Closure80/src/com/google/javascript/jscomp/NodeUtil.java	0.4082482904638631	1264	1264	2	replace	for(Node  c  =  n.getFirstChild();  c!=  null;  c  =  c.getNext())  {  Node  n  =  c.getNext();  if(n.getType()  ==  Token.NAME)  {  return  false	  for(Node    c    =    n.getFirstChild();    c!=    null;    c    =    c.getNext())    {    Node    n    =    c.getNext();    if(n.getType()    ==    Token.NAME)    {    return    false;    }    	non-compiled	[CE]  	144	None	replace
1110	[BUG]  [BUGGY]  return(n.getType()  ==  Token.NAME)&  BooleanResultPredicate.FALSE;  [CE]  [FE]                  IllegalStateException      [CONTEXT]      case  Token.LE:  case  Token.GE:  case  Token.IN:  case  Token.INSTANCEOF:  case  Token.NOT:  return  true;  default:      [BUGGY]  return(n.getType()  ==  Token.NAME)&  BooleanResultPredicate.FALSE;  [BUGGY]      }  }  [CLASS]  NodeUtil  NumbericResultPredicate  BooleanResultPredicate  MayBeStringResultPredicate  VarCollector  MatchNameNode  MatchNodeType  MatchDeclaration  MatchNotFunction  MatchShallowStatement  [METHOD]  isBooleanResultHelper  [RETURN_TYPE]  boolean  Node  n  [VARIABLES]  BooleanResultPredicate  BOOLEAN_RESULT_PREDICATE  Set  BUILTIN_FUNCTIONS_WITHOUT_SIDEEFFECTS  CONSTRUCTORS_WITHOUT_SIDE_EFFECTS  OBJECT_METHODS_WITHOUT_SIDEEFFECTS  REGEXP_METHODS  STRING_REGEXP_METHODS  defines  emptySet  knownConstants  NumbericResultPredicate  NUMBERIC_RESULT_PREDICATE  boolean  MayBeStringResultPredicate  MAY_BE_STRING_PREDICATE  Node  n  String  JSC_PROPERTY_NAME_FN  childValue  name  namespaceName  rawJsString  s  value  Map  vars  int  c  end  nextSkipSlot  nextSlot  start  type  	projects/Closure80/src/com/google/javascript/jscomp/NodeUtil.java	0.4082482904638631	1264	1264	2	replace	return(n.getType()  ==  Token.NAME)&  BooleanResultPredicate.FALSE;	  return(n.getType()    ==    Token.NAME)&    BooleanResultPredicate.FALSE    :    BooleanResultPredicate.UNKNOWN;    	non-compiled	[CE]  	129	None	replace
1111	[BUG]  [BUGGY]  if(n.getType()!=  Token.FUNCTION  ||  n.getType()  ==  Token.NAME)  {  return  true;  }  [CE]  [FE]                          IllegalStateException      [CONTEXT]      case  Token.LE:  case  Token.GE:  case  Token.IN:  case  Token.INSTANCEOF:  case  Token.NOT:  return  true;  default:      [BUGGY]  if(n.getType()!=  Token.FUNCTION  ||  n.getType()  ==  Token.NAME)  {  return  true;  }  [BUGGY]      }  }  [CLASS]  NodeUtil  NumbericResultPredicate  BooleanResultPredicate  MayBeStringResultPredicate  VarCollector  MatchNameNode  MatchNodeType  MatchDeclaration  MatchNotFunction  MatchShallowStatement  [METHOD]  isBooleanResultHelper  [RETURN_TYPE]  boolean  Node  n  [VARIABLES]  BooleanResultPredicate  BOOLEAN_RESULT_PREDICATE  Set  BUILTIN_FUNCTIONS_WITHOUT_SIDEEFFECTS  CONSTRUCTORS_WITHOUT_SIDE_EFFECTS  OBJECT_METHODS_WITHOUT_SIDEEFFECTS  REGEXP_METHODS  STRING_REGEXP_METHODS  defines  emptySet  knownConstants  NumbericResultPredicate  NUMBERIC_RESULT_PREDICATE  boolean  MayBeStringResultPredicate  MAY_BE_STRING_PREDICATE  Node  n  String  JSC_PROPERTY_NAME_FN  childValue  name  namespaceName  rawJsString  s  value  Map  vars  int  c  end  nextSkipSlot  nextSlot  start  type  	projects/Closure80/src/com/google/javascript/jscomp/NodeUtil.java	0.4082482904638631	1264	1264	2	replace	if(n.getType()!=  Token.FUNCTION  ||  n.getType()  ==  Token.NAME)  {  return  true;  }	  if(n.getType()    ==    Token.FUNCTION    ||    n.getType()    ==    Token.NAME)    {    return    true;    }    	non-compiled	[CE]  	28	None	replace
1112	[BUG]  [BUGGY]  if(NodeUtil.isFunctionAnonymous(n)||  NodeUtil.isName(n))  {  return  true;  }  [CE]  [FE]                    IllegalStateException      [CONTEXT]      case  Token.LE:  case  Token.GE:  case  Token.IN:  case  Token.INSTANCEOF:  case  Token.NOT:  return  true;  default:      [BUGGY]  if(NodeUtil.isFunctionAnonymous(n)||  NodeUtil.isName(n))  {  return  true;  }  [BUGGY]      }  }  [CLASS]  NodeUtil  NumbericResultPredicate  BooleanResultPredicate  MayBeStringResultPredicate  VarCollector  MatchNameNode  MatchNodeType  MatchDeclaration  MatchNotFunction  MatchShallowStatement  [METHOD]  isBooleanResultHelper  [RETURN_TYPE]  boolean  Node  n  [VARIABLES]  BooleanResultPredicate  BOOLEAN_RESULT_PREDICATE  Set  BUILTIN_FUNCTIONS_WITHOUT_SIDEEFFECTS  CONSTRUCTORS_WITHOUT_SIDE_EFFECTS  OBJECT_METHODS_WITHOUT_SIDEEFFECTS  REGEXP_METHODS  STRING_REGEXP_METHODS  defines  emptySet  knownConstants  NumbericResultPredicate  NUMBERIC_RESULT_PREDICATE  boolean  MayBeStringResultPredicate  MAY_BE_STRING_PREDICATE  Node  n  String  JSC_PROPERTY_NAME_FN  childValue  name  namespaceName  rawJsString  s  value  Map  vars  int  c  end  nextSkipSlot  nextSlot  start  type  	projects/Closure80/src/com/google/javascript/jscomp/NodeUtil.java	0.4082482904638631	1264	1264	2	replace	if(NodeUtil.isFunctionAnonymous(n)||  NodeUtil.isName(n))  {  return  true;  }	  if(NodeUtil.isFunctionAnonymous(n)||    NodeUtil.isGetProp(n))    {    return    true;    }    	non-compiled	[CE]  	161	None	replace
1113	[BUG]  [BUGGY]  Preconditions.checkArgument(n.getType()  ==  Token.FUNCTION);  return  true;  [CE]  [FE]                                IllegalStateException      [CONTEXT]      case  Token.LE:  case  Token.GE:  case  Token.IN:  case  Token.INSTANCEOF:  case  Token.NOT:  return  true;  default:      [BUGGY]  Preconditions.checkArgument(n.getType()  ==  Token.FUNCTION);  return  true;  [BUGGY]      }  }  [CLASS]  NodeUtil  NumbericResultPredicate  BooleanResultPredicate  MayBeStringResultPredicate  VarCollector  MatchNameNode  MatchNodeType  MatchDeclaration  MatchNotFunction  MatchShallowStatement  [METHOD]  isBooleanResultHelper  [RETURN_TYPE]  boolean  Node  n  [VARIABLES]  BooleanResultPredicate  BOOLEAN_RESULT_PREDICATE  Set  BUILTIN_FUNCTIONS_WITHOUT_SIDEEFFECTS  CONSTRUCTORS_WITHOUT_SIDE_EFFECTS  OBJECT_METHODS_WITHOUT_SIDEEFFECTS  REGEXP_METHODS  STRING_REGEXP_METHODS  defines  emptySet  knownConstants  NumbericResultPredicate  NUMBERIC_RESULT_PREDICATE  boolean  MayBeStringResultPredicate  MAY_BE_STRING_PREDICATE  Node  n  String  JSC_PROPERTY_NAME_FN  childValue  name  namespaceName  rawJsString  s  value  Map  vars  int  c  end  nextSkipSlot  nextSlot  start  type  	projects/Closure80/src/com/google/javascript/jscomp/NodeUtil.java	0.4082482904638631	1264	1264	2	replace	Preconditions.checkArgument(n.getType()  ==  Token.FUNCTION);  return  true;	  Preconditions.checkState(n.getType()    ==    Token.FUNCTION);    return    false;    	non-compiled	[CE]  	98	None	replace
1114	[BUG]  [BUGGY]  return(n.getFirstChild()!=  n)?  BooleanResultPredicate.UNKNOWN  :  BooleanResultPredicate.FALSE;  [CE]  [FE]                    IllegalStateException      [CONTEXT]      case  Token.LE:  case  Token.GE:  case  Token.IN:  case  Token.INSTANCEOF:  case  Token.NOT:  return  true;  default:      [BUGGY]  return(n.getFirstChild()!=  n)?  BooleanResultPredicate.UNKNOWN  :  BooleanResultPredicate.FALSE;  [BUGGY]      }  }  [CLASS]  NodeUtil  NumbericResultPredicate  BooleanResultPredicate  MayBeStringResultPredicate  VarCollector  MatchNameNode  MatchNodeType  MatchDeclaration  MatchNotFunction  MatchShallowStatement  [METHOD]  isBooleanResultHelper  [RETURN_TYPE]  boolean  Node  n  [VARIABLES]  BooleanResultPredicate  BOOLEAN_RESULT_PREDICATE  Set  BUILTIN_FUNCTIONS_WITHOUT_SIDEEFFECTS  CONSTRUCTORS_WITHOUT_SIDE_EFFECTS  OBJECT_METHODS_WITHOUT_SIDEEFFECTS  REGEXP_METHODS  STRING_REGEXP_METHODS  defines  emptySet  knownConstants  NumbericResultPredicate  NUMBERIC_RESULT_PREDICATE  boolean  MayBeStringResultPredicate  MAY_BE_STRING_PREDICATE  Node  n  String  JSC_PROPERTY_NAME_FN  childValue  name  namespaceName  rawJsString  s  value  Map  vars  int  c  end  nextSkipSlot  nextSlot  start  type  	projects/Closure80/src/com/google/javascript/jscomp/NodeUtil.java	0.4082482904638631	1264	1264	2	replace	return(n.getFirstChild()!=  n)?  BooleanResultPredicate.UNKNOWN  :  BooleanResultPredicate.FALSE;	  return(n.getType()!=    Token.NAME)?    BooleanResultPredicate.UNKNOWN    :    BooleanResultPredicate.FALSE;    	non-compiled	[CE]  	52	None	replace
1115	[BUG]  [BUGGY]  return(n.getType()  ==  Token.NAME)?  BooleanResultPredicate.UnKNOWN  :  BooleanResultPredicate.FALSE;  [CE]  [FE]                      IllegalStateException      [CONTEXT]      case  Token.LE:  case  Token.GE:  case  Token.IN:  case  Token.INSTANCEOF:  case  Token.NOT:  return  true;  default:      [BUGGY]  return(n.getType()  ==  Token.NAME)?  BooleanResultPredicate.UnKNOWN  :  BooleanResultPredicate.FALSE;  [BUGGY]      }  }  [CLASS]  NodeUtil  NumbericResultPredicate  BooleanResultPredicate  MayBeStringResultPredicate  VarCollector  MatchNameNode  MatchNodeType  MatchDeclaration  MatchNotFunction  MatchShallowStatement  [METHOD]  isBooleanResultHelper  [RETURN_TYPE]  boolean  Node  n  [VARIABLES]  BooleanResultPredicate  BOOLEAN_RESULT_PREDICATE  Set  BUILTIN_FUNCTIONS_WITHOUT_SIDEEFFECTS  CONSTRUCTORS_WITHOUT_SIDE_EFFECTS  OBJECT_METHODS_WITHOUT_SIDEEFFECTS  REGEXP_METHODS  STRING_REGEXP_METHODS  defines  emptySet  knownConstants  NumbericResultPredicate  NUMBERIC_RESULT_PREDICATE  boolean  MayBeStringResultPredicate  MAY_BE_STRING_PREDICATE  Node  n  String  JSC_PROPERTY_NAME_FN  childValue  name  namespaceName  rawJsString  s  value  Map  vars  int  c  end  nextSkipSlot  nextSlot  start  type  	projects/Closure80/src/com/google/javascript/jscomp/NodeUtil.java	0.4082482904638631	1264	1264	2	replace	return(n.getType()  ==  Token.NAME)?  BooleanResultPredicate.UnKNOWN  :  BooleanResultPredicate.FALSE;	  return(n.getType()!=    Token.NAME)?    BooleanResultPredicate.UNKNOWN    :    BooleanResultPredicate.FALSE;    	non-compiled	[CE]  	52	None	replace
1116	[BUG]  [BUGGY]  return(n.getString()!=  null)?  BooleanResultPredicate.UNKNOWN  :  BooleanResultPredicate.FALSE;  [CE]  [FE]                        IllegalStateException      [CONTEXT]      case  Token.LE:  case  Token.GE:  case  Token.IN:  case  Token.INSTANCEOF:  case  Token.NOT:  return  true;  default:      [BUGGY]  return(n.getString()!=  null)?  BooleanResultPredicate.UNKNOWN  :  BooleanResultPredicate.FALSE;  [BUGGY]      }  }  [CLASS]  NodeUtil  NumbericResultPredicate  BooleanResultPredicate  MayBeStringResultPredicate  VarCollector  MatchNameNode  MatchNodeType  MatchDeclaration  MatchNotFunction  MatchShallowStatement  [METHOD]  isBooleanResultHelper  [RETURN_TYPE]  boolean  Node  n  [VARIABLES]  BooleanResultPredicate  BOOLEAN_RESULT_PREDICATE  Set  BUILTIN_FUNCTIONS_WITHOUT_SIDEEFFECTS  CONSTRUCTORS_WITHOUT_SIDE_EFFECTS  OBJECT_METHODS_WITHOUT_SIDEEFFECTS  REGEXP_METHODS  STRING_REGEXP_METHODS  defines  emptySet  knownConstants  NumbericResultPredicate  NUMBERIC_RESULT_PREDICATE  boolean  MayBeStringResultPredicate  MAY_BE_STRING_PREDICATE  Node  n  String  JSC_PROPERTY_NAME_FN  childValue  name  namespaceName  rawJsString  s  value  Map  vars  int  c  end  nextSkipSlot  nextSlot  start  type  	projects/Closure80/src/com/google/javascript/jscomp/NodeUtil.java	0.4082482904638631	1264	1264	2	replace	return(n.getString()!=  null)?  BooleanResultPredicate.UNKNOWN  :  BooleanResultPredicate.FALSE;	  return(n.getType()!=    Token.NAME)?    BooleanResultPredicate.UNKNOWN    :    BooleanResultPredicate.FALSE;    	non-compiled	[CE]  	52	None	replace
1117	[BUG]  [BUGGY]  return(n.getType()!=  Token.BLOCK)?  BooleanResultPredicate.FALSE  :  BooleanResultPredicate.BOOLEAN;  [CE]  [FE]                          IllegalStateException      [CONTEXT]      case  Token.LE:  case  Token.GE:  case  Token.IN:  case  Token.INSTANCEOF:  case  Token.NOT:  return  true;  default:      [BUGGY]  return(n.getType()!=  Token.BLOCK)?  BooleanResultPredicate.FALSE  :  BooleanResultPredicate.BOOLEAN;  [BUGGY]      }  }  [CLASS]  NodeUtil  NumbericResultPredicate  BooleanResultPredicate  MayBeStringResultPredicate  VarCollector  MatchNameNode  MatchNodeType  MatchDeclaration  MatchNotFunction  MatchShallowStatement  [METHOD]  isBooleanResultHelper  [RETURN_TYPE]  boolean  Node  n  [VARIABLES]  BooleanResultPredicate  BOOLEAN_RESULT_PREDICATE  Set  BUILTIN_FUNCTIONS_WITHOUT_SIDEEFFECTS  CONSTRUCTORS_WITHOUT_SIDE_EFFECTS  OBJECT_METHODS_WITHOUT_SIDEEFFECTS  REGEXP_METHODS  STRING_REGEXP_METHODS  defines  emptySet  knownConstants  NumbericResultPredicate  NUMBERIC_RESULT_PREDICATE  boolean  MayBeStringResultPredicate  MAY_BE_STRING_PREDICATE  Node  n  String  JSC_PROPERTY_NAME_FN  childValue  name  namespaceName  rawJsString  s  value  Map  vars  int  c  end  nextSkipSlot  nextSlot  start  type  	projects/Closure80/src/com/google/javascript/jscomp/NodeUtil.java	0.4082482904638631	1264	1264	2	replace	return(n.getType()!=  Token.BLOCK)?  BooleanResultPredicate.FALSE  :  BooleanResultPredicate.BOOLEAN;	  return(n.getType()    ==    Token.BLOCK)?    BooleanResultPredicate.FALSE    :    BooleanResultPredicate.BOOLEAN;    	non-compiled	[CE]  	49	None	replace
